/*--------------------------------*- C++ -*----------------------------------*\
  =========                 |
  \\      /  F ield         | OpenFOAM: The Open Source CFD Toolbox
   \\    /   O peration     | Website:  https://openfoam.org
    \\  /    A nd           | Version:  7
     \\/     M anipulation  |
\*---------------------------------------------------------------------------*/
FoamFile
{
    version     2.0;
    format      ascii;
    class       volVectorField;
    location    "1.3";
    object      U;
}
// * * * * * * * * * * * * * * * * * * * * * * * * * * * * * * * * * * * * * //

dimensions      [0 1 -1 0 0 0 0];

internalField   nonuniform List<vector> 
4608
(
(3 1.55139e-17 0)
(3 1.43197e-16 0)
(3 3.46154e-17 0)
(3 -1.98621e-16 0)
(3 -1.95174e-16 0)
(3 -2.91016e-16 0)
(3 -1.59963e-16 0)
(3 -2.02743e-16 0)
(3 9.77995e-16 0)
(3 1.77832e-15 0)
(3 2.14006e-15 0)
(3 2.18977e-15 0)
(3 2.38341e-15 0)
(3 1.65336e-15 0)
(3 1.36094e-15 0)
(3 5.90855e-16 0)
(3 -2.87467e-16 0)
(3 -3.25626e-16 0)
(3 -3.32695e-16 0)
(3 -5.59507e-16 0)
(3 -5.69719e-16 0)
(3 -3.43496e-16 0)
(3 7.68794e-16 0)
(3 1.95198e-15 0)
(3 -3.28259e-18 0)
(3 7.71599e-18 0)
(3 6.28699e-17 0)
(3 -6.9432e-16 0)
(3 -9.93861e-16 0)
(3 -1.18888e-15 0)
(3 -9.13478e-16 0)
(3 -7.11998e-16 0)
(3 1.04548e-15 0)
(3 2.44236e-15 0)
(3 2.03534e-15 0)
(3 1.43923e-15 0)
(3 7.63597e-16 0)
(3 5.01834e-16 0)
(3 4.51311e-16 0)
(3 6.97628e-16 0)
(3 3.39525e-16 0)
(3 -3.3251e-17 0)
(3 -6.80077e-16 0)
(3 -4.41982e-16 0)
(3 -2.34604e-16 0)
(3 7.79962e-16 0)
(3 2.09003e-15 0)
(3 1.50269e-15 0)
(3 2.43444e-18 0)
(3 1.1714e-16 0)
(3 2.00209e-16 0)
(3 -2.89575e-16 0)
(3 -9.64211e-16 0)
(3 -7.97044e-16 0)
(3 -6.15307e-16 0)
(3 -7.61405e-16 0)
(3 -5.74375e-17 0)
(3 1.05438e-15 0)
(3 1.15659e-15 0)
(3 2.81266e-16 0)
(3 -2.73611e-16 0)
(3 -5.5088e-16 0)
(3 -5.12237e-16 0)
(3 2.79709e-16 0)
(3 6.0969e-16 0)
(3 4.70249e-16 0)
(3 1.57065e-16 0)
(3 -1.56881e-16 0)
(3 5.27814e-16 0)
(3 2.37874e-15 0)
(3 3.19858e-15 0)
(3 1.20516e-15 0)
(3 9.03613e-17 0)
(3 3.52191e-16 0)
(3 2.01976e-16 0)
(3 2.36428e-16 0)
(3 6.43992e-18 0)
(3 -9.24996e-17 0)
(3 -2.67767e-17 0)
(3 -4.98786e-17 0)
(3 2.87386e-16 0)
(3 4.95155e-16 0)
(3 7.01182e-16 0)
(3 1.11372e-15 0)
(3 1.08356e-15 0)
(3 1.23045e-15 0)
(3 8.88321e-16 0)
(3 8.04538e-16 0)
(3 1.60348e-15 0)
(3 1.77677e-15 0)
(3 1.70825e-15 0)
(3 1.75207e-15 0)
(3 1.79609e-15 0)
(3 1.59972e-15 0)
(3 8.2011e-16 0)
(3 5.32246e-16 0)
(3 3.22372e-17 0)
(3 -7.51243e-17 0)
(3 -8.39733e-17 0)
(3 8.04632e-17 0)
(3 -2.07631e-17 0)
(3 -7.75504e-16 0)
(3 -1.06384e-15 0)
(3 -6.9644e-16 0)
(3 3.40521e-16 0)
(3 4.63598e-16 0)
(3 2.57209e-16 0)
(3 8.41716e-16 0)
(3 1.68665e-15 0)
(3 1.87256e-15 0)
(3 1.49243e-15 0)
(3 9.82262e-16 0)
(3 1.13313e-15 0)
(3 9.42162e-16 0)
(3 1.47299e-15 0)
(3 2.1333e-15 0)
(3 1.27793e-15 0)
(3 -1.81008e-16 0)
(3 -1.89343e-15 0)
(3 -2.42171e-15 0)
(3 -4.18139e-18 0)
(3 -1.06619e-16 0)
(3 -2.96235e-16 0)
(3 -1.5265e-16 0)
(3 -3.17951e-16 0)
(3 -4.29687e-16 0)
(3 -4.64613e-16 0)
(3 -6.98238e-16 0)
(3 -3.00802e-16 0)
(3 3.43265e-16 0)
(3 4.26906e-16 0)
(3 3.97717e-16 0)
(3 8.59083e-16 0)
(3 7.19752e-16 0)
(3 7.20735e-16 0)
(3 3.18538e-16 0)
(3 -6.65363e-16 0)
(3 -5.44843e-16 0)
(3 -4.77132e-18 0)
(3 6.59204e-16 0)
(3 2.06898e-16 0)
(3 -9.19957e-16 0)
(3 -2.48949e-15 0)
(3 -2.49744e-15 0)
(3 1.70513e-17 0)
(3 1.29122e-17 0)
(3 -1.51066e-16 0)
(3 6.35598e-17 0)
(3 5.10853e-16 0)
(3 8.91754e-16 0)
(3 1.06917e-15 0)
(3 1.06946e-15 0)
(3 4.14835e-16 0)
(3 1.21928e-16 0)
(3 1.96378e-16 0)
(3 -1.87515e-16 0)
(3 -6.75239e-16 0)
(3 -2.04601e-17 0)
(3 1.02614e-15 0)
(3 1.27317e-15 0)
(3 1.2008e-15 0)
(3 1.04767e-15 0)
(3 2.35656e-16 0)
(3 6.37145e-16 0)
(3 1.42464e-15 0)
(3 -4.93066e-17 0)
(3 -1.25934e-15 0)
(3 -8.81108e-16 0)
(3 -5.00639e-17 0)
(3 -3.36775e-17 0)
(3 4.06997e-16 0)
(3 1.28955e-15 0)
(3 1.97804e-15 0)
(3 1.564e-15 0)
(3 9.75879e-16 0)
(3 1.09911e-15 0)
(3 1.53635e-15 0)
(3 -4.29391e-17 0)
(3 -1.98292e-16 0)
(3 -8.54879e-16 0)
(3 -1.16038e-15 0)
(3 -1.57085e-15 0)
(3 -7.32938e-16 0)
(3 6.56654e-16 0)
(3 4.9796e-16 0)
(3 -5.37062e-17 0)
(3 -7.26152e-16 0)
(3 -7.48403e-16 0)
(3 -1.53622e-16 0)
(3 6.99492e-17 0)
(3 6.87281e-16 0)
(3 2.85324e-16 0)
(3 -3.39376e-17 0)
(3 1.38126e-16 0)
(3 3.97346e-16 0)
(3 5.42414e-16 0)
(3 8.52765e-16 0)
(3 7.04054e-16 0)
(3 4.83517e-16 0)
(3 2.46813e-16 0)
(3 7.54692e-16 0)
(3 6.46108e-16 0)
(3 6.3198e-16 0)
(3 8.53035e-16 0)
(3 5.34555e-16 0)
(3 -2.03542e-16 0)
(3 -7.08344e-17 0)
(3 5.39395e-16 0)
(3 -9.82749e-16 0)
(3 -2.07984e-15 0)
(3 -2.95838e-15 0)
(3 -3.10636e-15 0)
(3 -2.83042e-15 0)
(3 -2.08746e-15 0)
(3 -1.06496e-15 0)
(3 -1.02302e-15 0)
(3 6.77541e-17 0)
(3 2.02688e-16 0)
(3 -1.57943e-17 0)
(3 -3.54253e-16 0)
(3 -2.0483e-16 0)
(3 -4.40643e-17 0)
(3 1.24773e-16 0)
(3 3.404e-16 0)
(3 3.88374e-16 0)
(3 5.15098e-16 0)
(3 4.91347e-16 0)
(3 1.02726e-15 0)
(3 1.2497e-15 0)
(3 1.80501e-15 0)
(3 1.29119e-15 0)
(3 5.24121e-17 0)
(3 -6.84348e-16 0)
(3 -2.02692e-15 0)
(3 -2.29494e-15 0)
(3 -2.70288e-15 0)
(3 -2.42294e-15 0)
(3 -1.94716e-15 0)
(3 -1.30706e-15 0)
(3 -7.99569e-16 0)
(3 4.30464e-17 0)
(3 -9.41159e-17 0)
(3 -3.17479e-16 0)
(3 -7.61309e-16 0)
(3 -1.079e-15 0)
(3 -7.89978e-16 0)
(3 -9.01336e-17 0)
(3 1.93166e-16 0)
(3 -2.19424e-16 0)
(3 1.11824e-16 0)
(3 2.71668e-17 0)
(3 -1.89883e-17 0)
(3 3.13008e-16 0)
(3 1.09474e-15 0)
(3 1.05175e-15 0)
(3 -9.88783e-16 0)
(3 -1.921e-15 0)
(3 -1.7852e-15 0)
(3 -1.34463e-15 0)
(3 -7.72779e-16 0)
(3 -1.13523e-15 0)
(3 -1.39652e-15 0)
(3 -8.65589e-17 0)
(3 1.58153e-15 0)
(3 -9.48109e-17 0)
(3 -4.45724e-17 0)
(3 -1.88923e-16 0)
(3 -6.7797e-16 0)
(3 -1.11728e-15 0)
(3 -9.59876e-16 0)
(3 -5.20941e-16 0)
(3 -4.74599e-16 0)
(3 -7.99074e-16 0)
(3 1.6729e-17 0)
(3 7.38084e-16 0)
(3 7.19113e-16 0)
(3 5.14736e-16 0)
(3 6.10976e-16 0)
(3 5.39425e-16 0)
(3 1.98277e-16 0)
(3 -6.13935e-16 0)
(3 -3.73374e-16 0)
(3 -4.30643e-16 0)
(3 -6.71672e-17 0)
(3 -3.17351e-17 0)
(3 3.7345e-17 0)
(3 3.90249e-16 0)
(3 1.50996e-15 0)
(3 1.24676e-17 0)
(3 6.58097e-18 0)
(3 -1.70756e-17 0)
(3 -3.79614e-17 0)
(3 -7.86913e-17 0)
(3 -1.76996e-16 0)
(3 -7.66422e-16 0)
(3 -7.68591e-16 0)
(3 -4.13211e-16 0)
(3 -2.56022e-16 0)
(3 1.43224e-17 0)
(3 -2.42027e-16 0)
(3 1.8095e-16 0)
(3 1.16239e-15 0)
(3 1.10574e-15 0)
(3 5.04374e-16 0)
(3 -9.18585e-17 0)
(3 7.65847e-17 0)
(3 -1.24015e-16 0)
(3 -1.00361e-15 0)
(3 -2.02459e-16 0)
(3 1.26635e-15 0)
(3 1.58478e-15 0)
(3 1.72018e-15 0)
(3 8.33829e-17 0)
(3 4.82834e-17 0)
(3 4.28471e-17 0)
(3 5.35425e-17 0)
(3 -5.21274e-17 0)
(3 -1.07684e-17 0)
(3 -2.76382e-16 0)
(3 -2.95034e-16 0)
(3 2.10366e-17 0)
(3 -2.76131e-16 0)
(3 -5.79417e-16 0)
(3 -7.66734e-16 0)
(3 -5.10412e-16 0)
(3 -6.44917e-16 0)
(3 -1.53827e-16 0)
(3 -5.49252e-16 0)
(3 -7.89939e-16 0)
(3 -5.19556e-16 0)
(3 -3.32046e-16 0)
(3 -7.70339e-16 0)
(3 -1.90806e-16 0)
(3 2.42857e-16 0)
(3 5.03642e-16 0)
(3 3.97911e-16 0)
(3 -9.68213e-17 0)
(3 -1.10187e-16 0)
(3 -1.32671e-16 0)
(3 -3.23902e-16 0)
(3 5.314e-17 0)
(3 1.92286e-16 0)
(3 3.63106e-16 0)
(3 6.45429e-16 0)
(3 5.5163e-17 0)
(3 -3.19667e-16 0)
(3 -1.6429e-16 0)
(3 9.14763e-17 0)
(3 -3.00857e-17 0)
(3 -8.43437e-16 0)
(3 -5.61496e-16 0)
(3 5.49954e-16 0)
(3 1.03931e-15 0)
(3 9.11771e-16 0)
(3 1.19963e-15 0)
(3 1.65489e-15 0)
(3 1.81983e-15 0)
(3 7.48718e-16 0)
(3 5.64952e-16 0)
(3 7.9601e-16 0)
(3 -3.65501e-17 0)
(3 -7.18729e-17 0)
(3 -1.76283e-16 0)
(3 -3.73415e-17 0)
(3 3.31439e-16 0)
(3 4.24841e-16 0)
(3 4.92407e-16 0)
(3 1.79719e-16 0)
(3 -2.52983e-17 0)
(3 1.90631e-17 0)
(3 2.00514e-16 0)
(3 2.33168e-16 0)
(3 4.56147e-17 0)
(3 -1.82675e-16 0)
(3 -9.68165e-16 0)
(3 -1.12695e-15 0)
(3 1.812e-15 0)
(3 2.39228e-15 0)
(3 2.85321e-15 0)
(3 2.61686e-15 0)
(3 2.18994e-15 0)
(3 3.52573e-16 0)
(3 2.05162e-16 0)
(3 4.34494e-16 0)
(3 2.85139e-18 0)
(3 1.40032e-16 0)
(3 3.87584e-16 0)
(3 2.78711e-16 0)
(3 2.54006e-17 0)
(3 4.68054e-17 0)
(3 -4.75325e-16 0)
(3 -8.07872e-16 0)
(3 -7.25936e-16 0)
(3 -5.74576e-16 0)
(3 -1.34243e-16 0)
(3 9.95235e-16 0)
(3 1.00865e-15 0)
(3 1.01143e-16 0)
(3 -7.67241e-16 0)
(3 -3.37805e-16 0)
(3 1.48988e-15 0)
(3 3.66253e-15 0)
(3 3.37852e-15 0)
(3 3.50293e-15 0)
(3 3.04074e-15 0)
(3 2.28325e-15 0)
(3 -6.59166e-16 0)
(3 -1.19015e-15 0)
(3 -1.15455e-16 0)
(3 -1.88725e-17 0)
(3 2.32941e-16 0)
(3 2.34479e-16 0)
(3 -2.70889e-16 0)
(3 -3.94817e-16 0)
(3 -6.15159e-16 0)
(3 -7.9346e-16 0)
(3 -3.14553e-16 0)
(3 5.15021e-17 0)
(3 8.35843e-17 0)
(3 8.42588e-16 0)
(3 1.55158e-15 0)
(3 2.75073e-16 0)
(3 8.50357e-16 0)
(3 1.17354e-15 0)
(3 1.07846e-15 0)
(3 1.63204e-15 0)
(3 2.03544e-15 0)
(3 2.26898e-15 0)
(3 2.42741e-15 0)
(3 2.26578e-15 0)
(3 1.55686e-15 0)
(3 -2.67886e-16 0)
(3 7.14385e-17 0)
(3 -4.89813e-17 0)
(3 -3.25601e-16 0)
(3 -3.78869e-17 0)
(3 4.18906e-16 0)
(3 1.61604e-16 0)
(3 2.58672e-16 0)
(3 4.90985e-16 0)
(3 7.00219e-16 0)
(3 4.09363e-16 0)
(3 2.28167e-16 0)
(3 -1.54437e-16 0)
(3 -3.06374e-16 0)
(3 -3.68362e-16 0)
(3 4.5084e-16 0)
(3 4.76915e-16 0)
(3 -9.56732e-16 0)
(3 -6.82891e-16 0)
(3 7.11301e-16 0)
(3 6.9558e-16 0)
(3 5.36771e-16 0)
(3 6.22553e-16 0)
(3 1.45853e-15 0)
(3 1.52488e-15 0)
(3 1.15625e-16 0)
(3 1.112e-17 0)
(3 -3.12062e-16 0)
(3 -2.50265e-16 0)
(3 6.13373e-17 0)
(3 2.41654e-16 0)
(3 4.09094e-16 0)
(3 8.89482e-16 0)
(3 2.3919e-16 0)
(3 -3.62604e-16 0)
(3 -6.36671e-16 0)
(3 -7.21111e-16 0)
(3 -6.52726e-16 0)
(3 2.5414e-16 0)
(3 9.19515e-17 0)
(3 7.16253e-17 0)
(3 3.20235e-16 0)
(3 -3.15522e-16 0)
(3 -5.69476e-16 0)
(3 -1.53016e-16 0)
(3 4.00785e-16 0)
(3 8.7695e-16 0)
(3 9.76404e-16 0)
(3 2.18979e-15 0)
(3 1.55196e-18 0)
(3 -1.96988e-16 0)
(3 -5.21913e-16 0)
(3 -8.40495e-16 0)
(3 -1.30934e-15 0)
(3 -9.25829e-16 0)
(3 -2.33026e-16 0)
(3 1.09907e-16 0)
(3 -2.89589e-16 0)
(3 -4.58479e-16 0)
(3 -8.84804e-16 0)
(3 -9.56716e-16 0)
(3 -5.45689e-16 0)
(3 -3.03033e-16 0)
(3 -6.48436e-16 0)
(3 -5.47195e-16 0)
(3 3.38899e-16 0)
(3 2.13088e-16 0)
(3 -3.71181e-16 0)
(3 -5.77264e-17 0)
(3 5.07278e-16 0)
(3 8.61667e-16 0)
(3 6.13502e-16 0)
(3 6.46987e-16 0)
(3 -7.26979e-17 0)
(3 -1.29162e-16 0)
(3 3.7718e-17 0)
(3 -2.1128e-16 0)
(3 -6.75128e-16 0)
(3 -7.33599e-16 0)
(3 -4.39638e-16 0)
(3 -1.33212e-16 0)
(3 -5.02606e-16 0)
(3 -1.2813e-16 0)
(3 -1.08901e-15 0)
(3 -1.33378e-15 0)
(3 -1.38744e-15 0)
(3 -1.67564e-15 0)
(3 -1.36448e-15 0)
(3 -9.48141e-16 0)
(3 -7.65553e-16 0)
(3 1.11439e-16 0)
(3 2.30421e-16 0)
(3 4.38261e-16 0)
(3 6.34844e-17 0)
(3 3.74576e-16 0)
(3 4.37127e-16 0)
(3 2.63092e-16 0)
(3 1.23202e-17 0)
(3 2.70855e-16 0)
(3 6.5274e-16 0)
(3 6.54764e-16 0)
(3 2.91424e-16 0)
(3 -2.49144e-16 0)
(3 -6.74354e-16 0)
(3 -1.07693e-15 0)
(3 -1.19401e-15 0)
(3 -2.7779e-16 0)
(3 -2.26913e-16 0)
(3 -2.51358e-16 0)
(3 -4.82214e-16 0)
(3 -2.98531e-17 0)
(3 -1.27952e-16 0)
(3 -1.09198e-15 0)
(3 -2.01275e-15 0)
(3 -1.89864e-15 0)
(3 -1.36755e-15 0)
(3 -6.22987e-16 0)
(3 1.7949e-16 0)
(3 6.02343e-16 0)
(3 4.68211e-16 0)
(3 3.76295e-16 0)
(3 9.17627e-18 0)
(3 1.87277e-16 0)
(3 9.91373e-17 0)
(3 4.51679e-16 0)
(3 4.3173e-16 0)
(3 1.03504e-16 0)
(3 8.97256e-17 0)
(3 1.51674e-16 0)
(3 4.10553e-16 0)
(3 4.96203e-16 0)
(3 5.70226e-16 0)
(3 -2.0684e-16 0)
(3 -2.15032e-16 0)
(3 3.3201e-16 0)
(3 2.44803e-16 0)
(3 -1.62713e-15 0)
(3 -1.83764e-15 0)
(3 -1.79943e-15 0)
(3 -1.40578e-15 0)
(3 -6.28584e-16 0)
(3 -6.28786e-17 0)
(3 2.76675e-16 0)
(3 -4.32822e-17 0)
(3 -2.30637e-17 0)
(3 5.37901e-17 0)
(3 -1.35369e-17 0)
(3 -4.87597e-17 0)
(3 2.10071e-16 0)
(3 7.91344e-16 0)
(3 1.10571e-15 0)
(3 1.36593e-15 0)
(3 1.75662e-15 0)
(3 1.51142e-15 0)
(3 1.09232e-15 0)
(3 8.63394e-16 0)
(3 -4.41822e-17 0)
(3 -5.29976e-16 0)
(3 -7.53801e-16 0)
(3 -5.62156e-16 0)
(3 -3.94702e-16 0)
(3 -4.09615e-16 0)
(3 4.74505e-17 0)
(3 3.12475e-16 0)
(3 -8.60675e-17 0)
(3 -7.03772e-16 0)
(3 -6.27328e-16 0)
(3 -4.11045e-16 0)
(3 6.00909e-16 0)
(3 1.22775e-16 0)
(3 -3.50613e-17 0)
(3 -1.51803e-16 0)
(3 -2.27098e-17 0)
(3 4.49829e-16 0)
(3 1.03731e-15 0)
(3 8.34223e-16 0)
(3 -7.08382e-17 0)
(3 -5.91052e-16 0)
(3 -1.47622e-16 0)
(3 1.8189e-16 0)
(3 3.71595e-16 0)
(3 1.28316e-16 0)
(3 -1.81696e-16 0)
(3 5.35465e-16 0)
(3 1.25686e-15 0)
(3 7.24669e-16 0)
(3 2.53721e-16 0)
(3 -1.32623e-16 0)
(3 -4.14892e-17 0)
(3 -8.86244e-18 0)
(3 -1.43251e-16 0)
(3 -2.11498e-16 0)
(3 1.30984e-15 0)
(3 7.57489e-18 0)
(3 -1.64119e-17 0)
(3 -1.07961e-16 0)
(3 7.02323e-17 0)
(3 2.39158e-16 0)
(3 6.13056e-16 0)
(3 3.02326e-16 0)
(3 -5.01732e-16 0)
(3 -7.67037e-16 0)
(3 -9.6218e-16 0)
(3 -9.74152e-16 0)
(3 -5.29668e-16 0)
(3 5.13607e-16 0)
(3 -1.9084e-16 0)
(3 5.68233e-16 0)
(3 8.80279e-16 0)
(3 2.86965e-16 0)
(3 -1.02231e-15 0)
(3 -9.32409e-16 0)
(3 -8.79295e-16 0)
(3 -1.77373e-16 0)
(3 -4.91017e-16 0)
(3 -1.54422e-15 0)
(3 -1.64576e-15 0)
(3 -2.7403e-17 0)
(3 -5.22361e-17 0)
(3 -9.88613e-18 0)
(3 -2.35198e-16 0)
(3 1.14413e-17 0)
(3 8.2758e-16 0)
(3 7.06773e-16 0)
(3 2.20124e-16 0)
(3 -4.94633e-17 0)
(3 -2.5925e-16 0)
(3 -8.18169e-17 0)
(3 5.28622e-17 0)
(3 9.5425e-16 0)
(3 1.10756e-15 0)
(3 -8.32588e-16 0)
(3 -1.65956e-15 0)
(3 -1.29671e-15 0)
(3 -1.79137e-15 0)
(3 -1.7411e-15 0)
(3 -2.31069e-15 0)
(3 -1.77093e-15 0)
(3 -1.50252e-15 0)
(3 -1.36304e-15 0)
(3 -1.2131e-15 0)
(3 -7.75698e-17 0)
(3 -2.6856e-16 0)
(3 -3.81594e-16 0)
(3 -5.28282e-16 0)
(3 -3.3778e-16 0)
(3 1.0821e-16 0)
(3 2.71677e-16 0)
(3 8.81029e-16 0)
(3 7.45211e-16 0)
(3 3.95083e-17 0)
(3 3.61681e-16 0)
(3 3.59312e-16 0)
(3 7.93183e-16 0)
(3 2.05128e-15 0)
(3 -3.27468e-16 0)
(3 -1.0776e-15 0)
(3 -1.59665e-15 0)
(3 -1.93813e-15 0)
(3 -2.76523e-15 0)
(3 -2.63221e-15 0)
(3 -1.15907e-15 0)
(3 -6.852e-16 0)
(3 -5.91981e-16 0)
(3 -6.02184e-16 0)
(3 9.17942e-18 0)
(3 2.65051e-17 0)
(3 -9.23591e-18 0)
(3 5.74609e-17 0)
(3 -2.96706e-16 0)
(3 -8.30348e-16 0)
(3 2.35918e-16 0)
(3 1.25008e-15 0)
(3 1.33229e-15 0)
(3 7.30649e-16 0)
(3 6.21732e-16 0)
(3 1.3205e-15 0)
(3 1.33382e-15 0)
(3 9.31288e-16 0)
(3 3.63464e-16 0)
(3 5.4715e-16 0)
(3 4.75004e-17 0)
(3 -2.04629e-16 0)
(3 -8.05702e-16 0)
(3 1.92988e-17 0)
(3 -2.21884e-16 0)
(3 -8.15524e-16 0)
(3 -1.34532e-15 0)
(3 -1.4458e-15 0)
(3 5.26776e-17 0)
(3 3.27842e-16 0)
(3 4.99157e-16 0)
(3 5.88361e-16 0)
(3 1.92226e-16 0)
(3 3.84761e-17 0)
(3 8.23424e-16 0)
(3 1.31922e-15 0)
(3 9.4025e-16 0)
(3 1.56414e-16 0)
(3 -9.44888e-16 0)
(3 -5.23461e-16 0)
(3 1.35838e-17 0)
(3 2.04866e-16 0)
(3 2.03563e-16 0)
(3 4.79052e-18 0)
(3 2.33283e-16 0)
(3 6.16234e-16 0)
(3 6.21234e-16 0)
(3 6.00611e-16 0)
(3 -8.65222e-16 0)
(3 -6.45376e-16 0)
(3 5.02579e-16 0)
(3 1.07829e-15 0)
(3 1.54995e-17 0)
(3 6.87592e-17 0)
(3 -4.41176e-18 0)
(3 1.25327e-16 0)
(3 -9.19903e-17 0)
(3 -5.28891e-17 0)
(3 3.45956e-16 0)
(3 2.26859e-16 0)
(3 -2.47857e-17 0)
(3 -7.33254e-16 0)
(3 -1.34319e-15 0)
(3 -1.56011e-15 0)
(3 -9.69702e-16 0)
(3 -4.2756e-16 0)
(3 -5.7523e-17 0)
(3 -6.006e-17 0)
(3 -4.8038e-16 0)
(3 -3.74171e-16 0)
(3 -3.40146e-16 0)
(3 -5.92523e-16 0)
(3 -7.28534e-16 0)
(3 -1.66488e-16 0)
(3 1.0697e-15 0)
(3 2.15555e-15 0)
(2.9313 0.0326165 0)
(2.85697 0.0318166 0)
(2.74737 0.169768 0)
(2.67546 0.234498 0)
(2.57798 0.345705 0)
(2.49401 0.450672 0)
(2.43076 0.541034 0)
(2.34768 0.625114 0)
(2.3112 0.725595 0)
(2.2584 0.798744 0)
(2.25107 0.855099 0)
(2.28235 0.889001 0)
(2.32233 0.895129 0)
(2.3366 0.885844 0)
(2.34706 0.879538 0)
(2.34903 0.867284 0)
(2.34744 0.859625 0)
(2.34446 0.851926 0)
(2.34351 0.848631 0)
(2.34295 0.848455 0)
(2.33996 0.84777 0)
(2.33802 0.848241 0)
(2.33687 0.84914 0)
(2.33762 0.849548 0)
(2.99859 0.00150928 0)
(2.99143 0.0102169 0)
(2.95895 0.0499721 0)
(2.90194 0.133786 0)
(2.80587 0.272919 0)
(2.67288 0.46977 0)
(2.54667 0.676111 0)
(2.37111 0.907118 0)
(2.2207 1.07021 0)
(2.17511 1.1004 0)
(2.14784 1.04525 0)
(2.1803 1.00277 0)
(2.24864 0.952438 0)
(2.30541 0.896653 0)
(2.32602 0.857573 0)
(2.34854 0.830311 0)
(2.35513 0.837689 0)
(2.35629 0.842161 0)
(2.35409 0.842871 0)
(2.35176 0.842889 0)
(2.34827 0.844288 0)
(2.34447 0.845587 0)
(2.34175 0.84779 0)
(2.33999 0.849579 0)
(3 2.60716e-07 0)
(3.00002 -3.02295e-05 0)
(2.99991 0.000104045 0)
(2.99987 0.00020145 0)
(2.99866 0.0017772 0)
(2.99115 0.013161 0)
(2.96684 0.0512105 0)
(2.89369 0.1803 0)
(2.77941 0.405582 0)
(2.60395 0.69256 0)
(2.43416 0.86047 0)
(2.33498 0.9274 0)
(2.30035 0.917154 0)
(2.30173 0.902035 0)
(2.30841 0.889053 0)
(2.34259 0.862687 0)
(2.354 0.866092 0)
(2.35641 0.853903 0)
(2.3567 0.848653 0)
(2.35679 0.845706 0)
(2.35738 0.844729 0)
(2.35412 0.846621 0)
(2.34907 0.849833 0)
(2.34552 0.853211 0)
(3 -2.76694e-09 0)
(3 -1.28654e-06 0)
(3 -1.9098e-06 0)
(3 -1.01701e-06 0)
(3 -8.23552e-06 0)
(2.99999 2.30309e-05 0)
(3.00005 -0.000118974 0)
(2.99921 0.00127029 0)
(2.99017 0.0180737 0)
(2.91037 0.146991 0)
(2.69021 0.477501 0)
(2.52599 0.709735 0)
(2.31524 0.917789 0)
(2.26776 0.968574 0)
(2.27915 0.945657 0)
(2.30668 0.907506 0)
(2.33062 0.884623 0)
(2.34193 0.868198 0)
(2.35474 0.853542 0)
(2.36092 0.84207 0)
(2.36133 0.843389 0)
(2.36082 0.845382 0)
(2.35814 0.845277 0)
(2.35091 0.849163 0)
(3 -2.46393e-10 0)
(3 3.16691e-09 0)
(3 -7.23382e-08 0)
(3 -9.67789e-08 0)
(3 -4.77583e-07 0)
(3 -6.5702e-07 0)
(3 -5.87169e-06 0)
(3 -5.66492e-06 0)
(3.00002 -4.25028e-05 0)
(2.9994 0.000547418 0)
(2.98209 0.0247826 0)
(2.89257 0.148818 0)
(2.62082 0.491059 0)
(2.38705 0.78624 0)
(2.37454 0.83244 0)
(2.31007 0.878869 0)
(2.31335 0.882476 0)
(2.32627 0.874318 0)
(2.34495 0.852519 0)
(2.35253 0.850961 0)
(2.35984 0.845992 0)
(2.36066 0.841328 0)
(2.35921 0.839424 0)
(2.35334 0.839747 0)
(3 -1.79589e-13 0)
(3 1.52077e-10 0)
(3 2.75709e-10 0)
(3 -5.56197e-10 0)
(3 1.92491e-11 0)
(3 -3.61487e-08 0)
(3 -8.38285e-08 0)
(3 -3.74937e-07 0)
(3 -6.07776e-06 0)
(3 -5.80686e-06 0)
(3.00002 -5.2049e-05 0)
(2.99897 0.00134655 0)
(2.96391 0.0452706 0)
(2.83633 0.206155 0)
(2.58641 0.545697 0)
(2.31039 0.871954 0)
(2.2916 0.862934 0)
(2.31 0.871395 0)
(2.30968 0.869587 0)
(2.33034 0.861803 0)
(2.34476 0.852247 0)
(2.34709 0.842282 0)
(2.3497 0.838177 0)
(2.34876 0.83847 0)
(3 9.55699e-14 0)
(3 -3.57132e-14 0)
(3 1.7186e-11 0)
(3 1.17301e-11 0)
(3 1.66045e-11 0)
(3 -3.83681e-10 0)
(3 -4.51085e-10 0)
(3 -1.87218e-10 0)
(3 -1.26534e-08 0)
(3 -3.60033e-07 0)
(3 -3.8046e-06 0)
(3.00001 -1.23727e-05 0)
(2.99996 4.67597e-05 0)
(2.99684 0.00488248 0)
(2.9383 0.0767886 0)
(2.72662 0.344687 0)
(2.53857 0.60673 0)
(2.29446 0.881285 0)
(2.26117 0.894364 0)
(2.29725 0.865418 0)
(2.31116 0.855064 0)
(2.32561 0.854544 0)
(2.33482 0.846524 0)
(2.3381 0.839796 0)
(3 5.31488e-15 0)
(3 4.31384e-15 0)
(3 1.88165e-15 0)
(3 7.89107e-13 0)
(3 1.35058e-12 0)
(3 2.83611e-12 0)
(3 4.27826e-12 0)
(3 5.66726e-12 0)
(3 8.51116e-11 0)
(3 -2.65647e-10 0)
(3 -1.60427e-08 0)
(3 -1.72892e-06 0)
(3 -1.57339e-06 0)
(3.00001 -1.70295e-05 0)
(2.99954 0.000628702 0)
(2.986 0.0207161 0)
(2.89007 0.155201 0)
(2.57336 0.547323 0)
(2.46117 0.695458 0)
(2.34845 0.815898 0)
(2.30972 0.861025 0)
(2.30687 0.860253 0)
(2.31772 0.850405 0)
(2.32613 0.837076 0)
(3 -7.93211e-17 0)
(3 9.6897e-16 0)
(3 5.12873e-16 0)
(3 1.57306e-15 0)
(3 1.90717e-14 0)
(3 3.53762e-13 0)
(3 1.30637e-12 0)
(3 2.41103e-12 0)
(3 1.83487e-11 0)
(3 2.05585e-11 0)
(3 9.39362e-11 0)
(3 -1.42526e-08 0)
(3 -1.43031e-07 0)
(3 -3.14206e-06 0)
(3 -5.3398e-07 0)
(3 -7.97239e-06 0)
(2.99724 0.0042894 0)
(2.94488 0.0749844 0)
(2.80837 0.295463 0)
(2.44905 0.719568 0)
(2.37346 0.804134 0)
(2.32653 0.836516 0)
(2.31965 0.838284 0)
(2.31993 0.836162 0)
(3 -3.34998e-16 0)
(3 2.04633e-16 0)
(3 1.2001e-15 0)
(3 1.76902e-15 0)
(3 6.89433e-16 0)
(3 3.86907e-15 0)
(3 5.90261e-14 0)
(3 1.82202e-13 0)
(3 7.46816e-13 0)
(3 3.58093e-12 0)
(3 1.58026e-11 0)
(3 9.67134e-11 0)
(3 -9.44007e-10 0)
(3 -4.3094e-08 0)
(3 -4.10112e-07 0)
(3 -8.66141e-07 0)
(3.00001 -1.60285e-05 0)
(2.99949 0.000985763 0)
(2.98809 0.0200917 0)
(2.84118 0.216002 0)
(2.68336 0.478717 0)
(2.3933 0.790173 0)
(2.30604 0.89371 0)
(2.29802 0.853565 0)
(3 1.19062e-15 0)
(3 7.08131e-16 0)
(3 1.09355e-15 0)
(3 9.64021e-16 0)
(3 1.51599e-16 0)
(3 9.28565e-16 0)
(3 1.1559e-15 0)
(3 5.59292e-15 0)
(3 4.35951e-15 0)
(3 3.99916e-14 0)
(3 7.83072e-13 0)
(3 1.65789e-11 0)
(3 1.31111e-11 0)
(3 2.19957e-10 0)
(3 -6.96924e-09 0)
(3 -1.13918e-07 0)
(3 -2.40824e-06 0)
(3 -4.55999e-06 0)
(2.99995 5.14396e-05 0)
(2.99367 0.0108001 0)
(2.94977 0.093386 0)
(2.68304 0.444351 0)
(2.4752 0.711696 0)
(2.3839 0.774968 0)
(3 1.9485e-15 0)
(3 1.54021e-15 0)
(3 7.59579e-16 0)
(3 -1.06272e-15 0)
(3 -1.48522e-15 0)
(3 -6.61591e-16 0)
(3 -8.80905e-16 0)
(3 -2.88105e-15 0)
(3 -4.12834e-15 0)
(3 -3.36393e-15 0)
(3 -1.53613e-15 0)
(3 2.19618e-13 0)
(3 2.13705e-12 0)
(3 1.92428e-11 0)
(3 8.21854e-11 0)
(3 -1.03449e-09 0)
(3 -3.93962e-08 0)
(3 -9.91986e-07 0)
(3 -1.38593e-06 0)
(3 2.75027e-06 0)
(2.99841 0.00327529 0)
(2.96505 0.0538882 0)
(2.75559 0.356592 0)
(2.57378 0.620496 0)
(3 1.30023e-15 0)
(3 6.73314e-16 0)
(3 -7.81264e-17 0)
(3 -1.20415e-15 0)
(3 -1.55678e-15 0)
(3 -1.78171e-15 0)
(3 -2.91462e-15 0)
(3 -3.53757e-15 0)
(3 -4.19222e-15 0)
(3 -4.07576e-15 0)
(3 -3.33104e-15 0)
(3 -2.34674e-15 0)
(3 1.37651e-14 0)
(3 1.06395e-12 0)
(3 1.50243e-11 0)
(3 1.60929e-11 0)
(3 6.20281e-11 0)
(3 -1.75439e-08 0)
(3 -3.69071e-07 0)
(3 -6.25575e-07 0)
(3 1.27304e-06 0)
(2.99937 0.00133193 0)
(2.97491 0.0429755 0)
(2.88379 0.21497 0)
(3 3.38717e-16 0)
(3 5.6734e-16 0)
(3 2.84533e-16 0)
(3 1.22051e-16 0)
(3 3.38888e-17 0)
(3 -1.25456e-15 0)
(3 -1.451e-15 0)
(3 -9.13958e-16 0)
(3 -1.80308e-15 0)
(3 -2.31448e-15 0)
(3 -2.14618e-15 0)
(3 -8.13864e-16 0)
(3 5.63052e-16 0)
(3 -2.98932e-16 0)
(3 7.40518e-13 0)
(3 3.50379e-12 0)
(3 1.96561e-11 0)
(3 -1.41262e-11 0)
(3 -2.35344e-08 0)
(3 -1.68758e-07 0)
(3 -2.82768e-07 0)
(3 -3.41746e-06 0)
(2.99955 0.000957754 0)
(2.99479 0.0123528 0)
(3 8.21817e-16 0)
(3 7.95024e-16 0)
(3 8.05055e-17 0)
(3 -1.00891e-15 0)
(3 -1.26452e-15 0)
(3 -1.15139e-15 0)
(3 -4.32203e-16 0)
(3 -1.36595e-16 0)
(3 -6.41486e-16 0)
(3 -1.32864e-15 0)
(3 -1.33512e-15 0)
(3 -4.40121e-16 0)
(3 -2.91444e-16 0)
(3 -2.70945e-17 0)
(3 1.29859e-15 0)
(3 2.3921e-13 0)
(3 1.50958e-12 0)
(3 2.36473e-12 0)
(3 -1.16602e-10 0)
(3 -1.34875e-08 0)
(3 -5.39665e-08 0)
(3 -7.79193e-07 0)
(3 7.43286e-06 0)
(2.99998 -2.19013e-05 0)
(3 7.65133e-16 0)
(3 -1.93934e-18 0)
(3 -9.84184e-16 0)
(3 -8.55577e-16 0)
(3 -6.02467e-16 0)
(3 1.60822e-16 0)
(3 5.96851e-16 0)
(3 5.77371e-16 0)
(3 1.2539e-15 0)
(3 1.41473e-15 0)
(3 4.59049e-16 0)
(3 -8.53299e-17 0)
(3 -1.13512e-15 0)
(3 -3.40076e-16 0)
(3 1.94855e-16 0)
(3 7.64472e-15 0)
(3 -1.30099e-14 0)
(3 7.37005e-13 0)
(3 6.28533e-13 0)
(3 -1.26039e-10 0)
(3 -3.05645e-09 0)
(3 -1.44565e-07 0)
(3 -8.62771e-08 0)
(3 -9.8491e-07 0)
(3 -1.17515e-15 0)
(3 -9.28577e-16 0)
(3 -8.68419e-16 0)
(3 -3.43025e-16 0)
(3 2.39909e-16 0)
(3 4.95444e-16 0)
(3 6.505e-16 0)
(3 1.66574e-15 0)
(3 2.70052e-15 0)
(3 2.69687e-15 0)
(3 1.03683e-15 0)
(3 7.2453e-17 0)
(3 9.96566e-17 0)
(3 8.97978e-16 0)
(3 1.87705e-15 0)
(3 3.51587e-15 0)
(3 -4.92521e-14 0)
(3 -5.7389e-13 0)
(3 -9.29032e-13 0)
(3 1.19183e-10 0)
(3 2.66115e-09 0)
(3 1.30216e-07 0)
(3 6.61705e-08 0)
(3 9.8261e-07 0)
(3 -1.00458e-15 0)
(3 -1.86844e-16 0)
(3 1.212e-15 0)
(3 2.11728e-15 0)
(3 1.6329e-15 0)
(3 8.64973e-16 0)
(3 2.94352e-16 0)
(3 6.8523e-16 0)
(3 2.43528e-15 0)
(3 3.01732e-15 0)
(3 2.9439e-15 0)
(3 9.47019e-16 0)
(3 9.98667e-16 0)
(3 2.86388e-15 0)
(3 2.44624e-15 0)
(3 -2.13027e-13 0)
(3 -1.59827e-12 0)
(3 -2.29603e-12 0)
(3 1.14167e-10 0)
(3 1.35851e-08 0)
(3 5.37288e-08 0)
(3 7.89187e-07 0)
(3 -7.41579e-06 0)
(2.99998 2.19928e-05 0)
(3 1.02715e-15 0)
(3 7.70711e-16 0)
(3 1.06094e-15 0)
(3 1.42054e-15 0)
(3 1.29227e-15 0)
(3 1.01201e-15 0)
(3 5.57159e-16 0)
(3 4.03922e-16 0)
(3 6.0316e-16 0)
(3 1.59976e-15 0)
(3 1.13215e-15 0)
(3 5.3799e-16 0)
(3 -9.07425e-16 0)
(3 3.1972e-16 0)
(3 -7.41734e-13 0)
(3 -3.49233e-12 0)
(3 -1.96747e-11 0)
(3 1.41552e-11 0)
(3 2.34986e-08 0)
(3 1.68773e-07 0)
(3 2.82757e-07 0)
(3 3.42467e-06 0)
(2.99955 -0.000957973 0)
(2.99479 -0.0123486 0)
(3 2.88578e-15 0)
(3 2.81062e-15 0)
(3 1.40714e-15 0)
(3 1.01645e-15 0)
(3 8.55919e-16 0)
(3 9.86571e-16 0)
(3 1.38044e-15 0)
(3 1.475e-15 0)
(3 4.41906e-16 0)
(3 -2.08861e-16 0)
(3 -1.89411e-16 0)
(3 -2.40839e-16 0)
(3 -1.64572e-14 0)
(3 -1.06742e-12 0)
(3 -1.50357e-11 0)
(3 -1.60922e-11 0)
(3 -6.19819e-11 0)
(3 1.75286e-08 0)
(3 3.69457e-07 0)
(3 6.25268e-07 0)
(3 -1.27361e-06 0)
(2.99937 -0.00133189 0)
(2.97491 -0.0429778 0)
(2.88381 -0.214954 0)
(3 1.78964e-15 0)
(3 3.86509e-15 0)
(3 4.29418e-15 0)
(3 3.13471e-15 0)
(3 1.56827e-15 0)
(3 1.61464e-15 0)
(3 2.59826e-15 0)
(3 2.09347e-15 0)
(3 1.6773e-15 0)
(3 -1.0174e-15 0)
(3 -2.9743e-15 0)
(3 -2.23257e-13 0)
(3 -2.14026e-12 0)
(3 -1.92503e-11 0)
(3 -8.22067e-11 0)
(3 1.03459e-09 0)
(3 3.9394e-08 0)
(3 9.91989e-07 0)
(3 1.38603e-06 0)
(3 -2.75156e-06 0)
(2.99841 -0.00327523 0)
(2.96505 -0.053889 0)
(2.75559 -0.356591 0)
(2.57378 -0.620493 0)
(3 -1.80405e-16 0)
(3 1.43637e-15 0)
(3 1.87717e-15 0)
(3 1.05239e-15 0)
(3 2.02537e-16 0)
(3 1.25379e-15 0)
(3 1.41103e-15 0)
(3 -3.45044e-15 0)
(3 7.15705e-17 0)
(3 -3.44813e-14 0)
(3 -7.79319e-13 0)
(3 -1.65794e-11 0)
(3 -1.31129e-11 0)
(3 -2.19959e-10 0)
(3 6.9692e-09 0)
(3 1.13919e-07 0)
(3 2.40823e-06 0)
(3 4.56001e-06 0)
(2.99995 -5.14394e-05 0)
(2.99367 -0.0108001 0)
(2.94977 -0.0933856 0)
(2.68303 -0.444353 0)
(2.4752 -0.711694 0)
(2.3839 -0.774968 0)
(3 3.48619e-16 0)
(3 -3.89501e-17 0)
(3 1.5673e-16 0)
(3 1.51427e-16 0)
(3 2.13071e-16 0)
(3 -3.17295e-15 0)
(3 -5.5178e-14 0)
(3 -1.77244e-13 0)
(3 -7.41252e-13 0)
(3 -3.57325e-12 0)
(3 -1.57929e-11 0)
(3 -9.67084e-11 0)
(3 9.4401e-10 0)
(3 4.3094e-08 0)
(3 4.10112e-07 0)
(3 8.66141e-07 0)
(3.00001 1.60285e-05 0)
(2.99949 -0.000985763 0)
(2.98809 -0.0200917 0)
(2.84118 -0.216002 0)
(2.68336 -0.478717 0)
(2.3933 -0.790174 0)
(2.30604 -0.893709 0)
(2.29802 -0.853565 0)
(3 -4.60928e-16 0)
(3 -1.32984e-15 0)
(3 -3.30283e-16 0)
(3 -1.41386e-16 0)
(3 -1.64951e-14 0)
(3 -3.51425e-13 0)
(3 -1.30479e-12 0)
(3 -2.4086e-12 0)
(3 -1.83469e-11 0)
(3 -2.05576e-11 0)
(3 -9.39352e-11 0)
(3 1.42526e-08 0)
(3 1.43031e-07 0)
(3 3.14206e-06 0)
(3 5.33981e-07 0)
(3 7.97237e-06 0)
(2.99724 -0.0042894 0)
(2.94488 -0.0749844 0)
(2.80837 -0.295463 0)
(2.44905 -0.719568 0)
(2.37346 -0.804134 0)
(2.32653 -0.836516 0)
(2.31965 -0.838284 0)
(2.31993 -0.836162 0)
(3 -5.96989e-15 0)
(3 -4.87327e-15 0)
(3 -2.45061e-16 0)
(3 -7.85999e-13 0)
(3 -1.34739e-12 0)
(3 -2.83621e-12 0)
(3 -4.27966e-12 0)
(3 -5.66785e-12 0)
(3 -8.51115e-11 0)
(3 2.65645e-10 0)
(3 1.60427e-08 0)
(3 1.72892e-06 0)
(3 1.57339e-06 0)
(3.00001 1.70295e-05 0)
(2.99954 -0.000628702 0)
(2.986 -0.0207161 0)
(2.89007 -0.155201 0)
(2.57336 -0.547323 0)
(2.46117 -0.695458 0)
(2.34845 -0.815898 0)
(2.30972 -0.861025 0)
(2.30687 -0.860253 0)
(2.31772 -0.850405 0)
(2.32613 -0.837076 0)
(3 -9.45668e-14 0)
(3 3.71152e-14 0)
(3 -1.71851e-11 0)
(3 -1.17297e-11 0)
(3 -1.6603e-11 0)
(3 3.83682e-10 0)
(3 4.51087e-10 0)
(3 1.87218e-10 0)
(3 1.26534e-08 0)
(3 3.60033e-07 0)
(3 3.8046e-06 0)
(3.00001 1.23727e-05 0)
(2.99996 -4.67597e-05 0)
(2.99684 -0.00488248 0)
(2.9383 -0.0767886 0)
(2.72662 -0.344687 0)
(2.53857 -0.60673 0)
(2.29446 -0.881285 0)
(2.26117 -0.894364 0)
(2.29725 -0.865418 0)
(2.31116 -0.855064 0)
(2.32561 -0.854544 0)
(2.33482 -0.846524 0)
(2.3381 -0.839796 0)
(3 1.76995e-13 0)
(3 -1.52077e-10 0)
(3 -2.7571e-10 0)
(3 5.56195e-10 0)
(3 -1.92506e-11 0)
(3 3.61487e-08 0)
(3 8.38285e-08 0)
(3 3.74937e-07 0)
(3 6.07776e-06 0)
(3 5.80686e-06 0)
(3.00002 5.2049e-05 0)
(2.99897 -0.00134655 0)
(2.96391 -0.0452706 0)
(2.83633 -0.206155 0)
(2.58641 -0.545697 0)
(2.31039 -0.871954 0)
(2.2916 -0.862934 0)
(2.31 -0.871395 0)
(2.30968 -0.869587 0)
(2.33034 -0.861803 0)
(2.34476 -0.852247 0)
(2.34709 -0.842282 0)
(2.3497 -0.838177 0)
(2.34876 -0.83847 0)
(3 2.46389e-10 0)
(3 -3.16691e-09 0)
(3 7.23382e-08 0)
(3 9.67789e-08 0)
(3 4.77584e-07 0)
(3 6.5702e-07 0)
(3 5.87169e-06 0)
(3 5.66492e-06 0)
(3.00002 4.25028e-05 0)
(2.9994 -0.000547418 0)
(2.98209 -0.0247826 0)
(2.89257 -0.148818 0)
(2.62082 -0.491059 0)
(2.38705 -0.78624 0)
(2.37454 -0.83244 0)
(2.31007 -0.878869 0)
(2.31335 -0.882476 0)
(2.32627 -0.874318 0)
(2.34495 -0.852519 0)
(2.35253 -0.850961 0)
(2.35984 -0.845992 0)
(2.36066 -0.841328 0)
(2.35921 -0.839424 0)
(2.35334 -0.839747 0)
(3 2.76694e-09 0)
(3 1.28654e-06 0)
(3 1.9098e-06 0)
(3 1.01701e-06 0)
(3 8.23552e-06 0)
(2.99999 -2.30309e-05 0)
(3.00005 0.000118974 0)
(2.99921 -0.00127029 0)
(2.99017 -0.0180737 0)
(2.91037 -0.146991 0)
(2.69021 -0.477501 0)
(2.52599 -0.709735 0)
(2.31524 -0.917789 0)
(2.26776 -0.968574 0)
(2.27915 -0.945657 0)
(2.30668 -0.907506 0)
(2.33062 -0.884623 0)
(2.34193 -0.868198 0)
(2.35474 -0.853542 0)
(2.36092 -0.84207 0)
(2.36133 -0.843389 0)
(2.36082 -0.845382 0)
(2.35814 -0.845277 0)
(2.35091 -0.849163 0)
(3 -2.60716e-07 0)
(3.00002 3.02295e-05 0)
(2.99991 -0.000104045 0)
(2.99987 -0.00020145 0)
(2.99866 -0.0017772 0)
(2.99115 -0.013161 0)
(2.96684 -0.0512105 0)
(2.89369 -0.1803 0)
(2.77941 -0.405582 0)
(2.60395 -0.69256 0)
(2.43416 -0.86047 0)
(2.33498 -0.9274 0)
(2.30035 -0.917154 0)
(2.30173 -0.902035 0)
(2.30841 -0.889053 0)
(2.34259 -0.862687 0)
(2.354 -0.866092 0)
(2.35641 -0.853903 0)
(2.3567 -0.848653 0)
(2.35679 -0.845706 0)
(2.35738 -0.844729 0)
(2.35412 -0.846621 0)
(2.34907 -0.849833 0)
(2.34552 -0.853211 0)
(2.99859 -0.00150928 0)
(2.99143 -0.0102169 0)
(2.95895 -0.0499721 0)
(2.90194 -0.133786 0)
(2.80587 -0.272919 0)
(2.67288 -0.46977 0)
(2.54667 -0.676111 0)
(2.37111 -0.907118 0)
(2.2207 -1.07021 0)
(2.17511 -1.1004 0)
(2.14784 -1.04525 0)
(2.1803 -1.00277 0)
(2.24864 -0.952438 0)
(2.30541 -0.896653 0)
(2.32602 -0.857573 0)
(2.34854 -0.830311 0)
(2.35513 -0.837689 0)
(2.35629 -0.842161 0)
(2.35409 -0.842871 0)
(2.35176 -0.842889 0)
(2.34827 -0.844288 0)
(2.34447 -0.845587 0)
(2.34175 -0.84779 0)
(2.33999 -0.849579 0)
(2.9313 -0.0326165 0)
(2.85697 -0.0318166 0)
(2.74737 -0.169768 0)
(2.67546 -0.234498 0)
(2.57798 -0.345705 0)
(2.49401 -0.450672 0)
(2.43076 -0.541034 0)
(2.34768 -0.625114 0)
(2.3112 -0.725595 0)
(2.2584 -0.798744 0)
(2.25107 -0.855099 0)
(2.28235 -0.889001 0)
(2.32233 -0.895129 0)
(2.3366 -0.885844 0)
(2.34706 -0.879538 0)
(2.34903 -0.867284 0)
(2.34744 -0.859625 0)
(2.34446 -0.851926 0)
(2.34351 -0.848631 0)
(2.34295 -0.848455 0)
(2.33996 -0.84777 0)
(2.33802 -0.848241 0)
(2.33687 -0.84914 0)
(2.33762 -0.849548 0)
(2.43095 0.818427 0)
(2.54355 0.798576 0)
(2.63452 0.799743 0)
(2.77841 0.601536 0)
(2.85048 0.50729 0)
(2.94744 0.379371 0)
(2.92555 0.200678 0)
(2.96774 0.098224 0)
(2.99564 0.00968948 0)
(3.0107 -0.0381425 0)
(3.01644 -0.0444928 0)
(2.99248 -0.0653339 0)
(2.97353 -0.0648949 0)
(2.96939 -0.0597204 0)
(2.98096 -0.0443883 0)
(2.97689 -0.0307402 0)
(2.96286 -0.0292094 0)
(2.95221 -0.029725 0)
(2.94556 -0.0260757 0)
(2.9423 -0.0158585 0)
(2.94639 -0.00366101 0)
(2.95014 0.00462422 0)
(2.948 -0.00114272 0)
(2.91295 -0.0346208 0)
(2.76736 -0.172684 0)
(2.47847 -0.357641 0)
(2.21235 -0.379614 0)
(2.00507 -0.418194 0)
(1.86774 -0.257767 0)
(1.8248 -0.115913 0)
(1.85502 -0.0121843 0)
(1.93225 0.0279648 0)
(1.99014 0.0332841 0)
(2.01738 0.0246453 0)
(2.04185 0.0238844 0)
(2.06792 0.0229577 0)
(2.09964 0.0244938 0)
(2.13154 0.0236869 0)
(2.16211 0.02175 0)
(2.19104 0.0216427 0)
(2.21698 0.0232849 0)
(2.23973 0.0246017 0)
(2.2604 0.0241697 0)
(2.28019 0.0253802 0)
(2.30028 0.0290274 0)
(2.32166 0.0297526 0)
(2.34597 0.0276358 0)
(2.37246 0.0263034 0)
(2.39835 0.0266836 0)
(2.42042 0.0278855 0)
(2.43714 0.0286579 0)
(2.44964 0.0285079 0)
(2.46154 0.0290865 0)
(2.47599 0.0309877 0)
(2.49312 0.0323912 0)
(2.51195 0.0315707 0)
(2.53191 0.0286589 0)
(2.55235 0.0269995 0)
(2.57129 0.0287611 0)
(2.5859 0.0311529 0)
(2.59718 0.0317579 0)
(2.60808 0.0298824 0)
(2.61987 0.0268547 0)
(2.63164 0.0252644 0)
(2.64157 0.0278015 0)
(2.64846 0.0336466 0)
(2.65651 0.0357319 0)
(2.67164 0.0333082 0)
(2.6911 0.0299261 0)
(2.71366 0.0285497 0)
(2.73597 0.0284959 0)
(2.75378 0.0284615 0)
(2.76342 0.030545 0)
(2.76039 0.0315922 0)
(2.75382 0.0278749 0)
(2.75976 0.0307634 0)
(2.77558 0.0314499 0)
(2.79177 0.0321529 0)
(2.80909 0.0296123 0)
(2.82389 0.0276476 0)
(2.83784 0.0241367 0)
(2.84956 0.0195809 0)
(2.83348 -0.0101777 0)
(2.81873 -0.0287539 0)
(2.79267 -0.0566101 0)
(2.75941 -0.0901815 0)
(2.71717 -0.138563 0)
(2.68038 -0.155637 0)
(2.67079 -0.178561 0)
(2.69471 -0.171375 0)
(2.71127 -0.185577 0)
(2.70813 -0.17658 0)
(2.70159 -0.158078 0)
(2.68279 -0.139773 0)
(2.66953 -0.120837 0)
(2.66839 -0.0898007 0)
(2.45123 0.791534 0)
(2.59851 0.653601 0)
(2.69778 0.499253 0)
(2.79851 0.304192 0)
(2.87196 0.124563 0)
(2.91104 -0.00525262 0)
(2.93264 -0.096602 0)
(2.95246 -0.164564 0)
(2.9343 -0.188418 0)
(2.95158 -0.173971 0)
(2.98403 -0.151222 0)
(2.99219 -0.104468 0)
(2.96602 -0.0724872 0)
(2.95428 -0.0696044 0)
(2.94006 -0.0617918 0)
(2.94358 -0.0410595 0)
(2.94219 -0.0187404 0)
(2.93691 -0.0112123 0)
(2.92555 -0.00255357 0)
(2.91866 0.0122236 0)
(2.92398 0.0310304 0)
(2.927 0.0221903 0)
(2.91778 -0.0168631 0)
(2.6947 -0.327859 0)
(2.53458 -0.562914 0)
(2.38558 -0.762544 0)
(2.30413 -0.705154 0)
(2.19945 -0.504461 0)
(2.06585 -0.196668 0)
(1.92224 0.0482218 0)
(1.8803 0.142201 0)
(1.91021 0.120808 0)
(1.96962 0.088029 0)
(2.02049 0.0503241 0)
(2.05636 0.0295521 0)
(2.09143 0.0334152 0)
(2.1239 0.0425515 0)
(2.15201 0.0457491 0)
(2.17953 0.045437 0)
(2.2053 0.0460966 0)
(2.23035 0.049684 0)
(2.25612 0.0524956 0)
(2.28079 0.0520828 0)
(2.30242 0.0537238 0)
(2.32016 0.0588273 0)
(2.33898 0.0613811 0)
(2.36162 0.0592222 0)
(2.38646 0.0561129 0)
(2.41187 0.0552473 0)
(2.43565 0.0562682 0)
(2.45533 0.0572026 0)
(2.4699 0.0574796 0)
(2.48128 0.0588695 0)
(2.49387 0.0609381 0)
(2.51012 0.0615268 0)
(2.52944 0.0602163 0)
(2.55024 0.0569815 0)
(2.57006 0.0541443 0)
(2.58811 0.0552984 0)
(2.60352 0.0586234 0)
(2.61602 0.0606645 0)
(2.62699 0.0583547 0)
(2.63811 0.053818 0)
(2.64869 0.0507247 0)
(2.65749 0.0521443 0)
(2.6651 0.0577312 0)
(2.67445 0.0605928 0)
(2.68906 0.0596254 0)
(2.70796 0.0553634 0)
(2.73012 0.0550577 0)
(2.75217 0.055693 0)
(2.77076 0.0579934 0)
(2.78196 0.0610347 0)
(2.7808 0.0604142 0)
(2.77089 0.0517558 0)
(2.77467 0.0483399 0)
(2.79173 0.043848 0)
(2.80584 0.0383582 0)
(2.82111 0.033592 0)
(2.8304 0.0234185 0)
(2.83711 0.00255195 0)
(2.82354 -0.0568527 0)
(2.80331 -0.141951 0)
(2.78666 -0.207282 0)
(2.76125 -0.26867 0)
(2.73899 -0.32426 0)
(2.73911 -0.337572 0)
(2.75156 -0.332959 0)
(2.74709 -0.338995 0)
(2.73381 -0.31671 0)
(2.72183 -0.264694 0)
(2.72311 -0.205389 0)
(2.71755 -0.147135 0)
(2.70706 -0.0947821 0)
(2.69652 -0.0478133 0)
(2.70607 0.00815902 0)
(2.36672 0.837156 0)
(2.41997 0.790981 0)
(2.53117 0.678017 0)
(2.62581 0.551757 0)
(2.66966 0.474474 0)
(2.73623 0.339022 0)
(2.78935 0.22014 0)
(2.81415 0.188379 0)
(2.82072 0.116639 0)
(2.83806 0.0194085 0)
(2.85575 0.00370158 0)
(2.88989 -0.00326068 0)
(2.90089 -0.0435616 0)
(2.89799 -0.0707442 0)
(2.89459 -0.0842768 0)
(2.90484 -0.0854082 0)
(2.92271 -0.0740081 0)
(2.92305 -0.0636311 0)
(2.91906 -0.0476588 0)
(2.90873 -0.0368233 0)
(2.90608 -0.0162093 0)
(2.87126 -0.0655558 0)
(2.74241 -0.281857 0)
(2.40849 -0.687105 0)
(2.34069 -0.741873 0)
(2.3484 -0.767461 0)
(2.3584 -0.76132 0)
(2.36725 -0.729176 0)
(2.36144 -0.642063 0)
(2.27958 -0.396675 0)
(2.16238 -0.125536 0)
(2.03734 0.0455165 0)
(2.01538 0.0741742 0)
(2.03023 0.0788112 0)
(2.07492 0.0825725 0)
(2.11093 0.0840282 0)
(2.1348 0.080296 0)
(2.15977 0.0755079 0)
(2.18645 0.078641 0)
(2.21025 0.0867007 0)
(2.23011 0.0903577 0)
(2.25476 0.0894424 0)
(2.27928 0.0905131 0)
(2.30081 0.0949996 0)
(2.32012 0.0975011 0)
(2.33971 0.0995436 0)
(2.3614 0.101266 0)
(2.38362 0.100912 0)
(2.4048 0.0984521 0)
(2.42611 0.0960514 0)
(2.44795 0.0948737 0)
(2.46667 0.0948555 0)
(2.4801 0.0974569 0)
(2.49105 0.100605 0)
(2.50568 0.101338 0)
(2.52422 0.0981108 0)
(2.54444 0.0932203 0)
(2.56477 0.0899338 0)
(2.58274 0.0904464 0)
(2.59857 0.0939059 0)
(2.61239 0.0992774 0)
(2.62412 0.0998302 0)
(2.63481 0.0940503 0)
(2.64375 0.0883213 0)
(2.65188 0.0887335 0)
(2.66023 0.0957329 0)
(2.6711 0.0994963 0)
(2.68665 0.098394 0)
(2.70618 0.0919191 0)
(2.72707 0.0901671 0)
(2.74751 0.0899789 0)
(2.76313 0.095112 0)
(2.76807 0.0966492 0)
(2.76317 0.0964779 0)
(2.75655 0.0812938 0)
(2.76601 0.0772164 0)
(2.78559 0.0760909 0)
(2.79414 0.066081 0)
(2.80176 0.0387151 0)
(2.80319 -0.00756236 0)
(2.77501 -0.100067 0)
(2.75592 -0.195569 0)
(2.72731 -0.297039 0)
(2.72151 -0.339767 0)
(2.70997 -0.372158 0)
(2.7117 -0.369134 0)
(2.71827 -0.390154 0)
(2.72752 -0.390443 0)
(2.74529 -0.387379 0)
(2.7594 -0.379584 0)
(2.76854 -0.372256 0)
(2.77244 -0.353692 0)
(2.76539 -0.31694 0)
(2.76895 -0.280529 0)
(2.77028 -0.240539 0)
(2.79073 -0.179054 0)
(2.35351 0.847797 0)
(2.37458 0.830285 0)
(2.42849 0.78115 0)
(2.50916 0.692708 0)
(2.58668 0.60125 0)
(2.66885 0.492376 0)
(2.74099 0.352911 0)
(2.77836 0.289324 0)
(2.81678 0.237607 0)
(2.86827 0.0974646 0)
(2.864 0.00404729 0)
(2.86913 -0.016222 0)
(2.90428 -0.0433076 0)
(2.90665 -0.0737292 0)
(2.89591 -0.0737996 0)
(2.89384 -0.0855361 0)
(2.90683 -0.090899 0)
(2.93486 -0.0835208 0)
(2.92688 -0.07012 0)
(2.91295 -0.0716523 0)
(2.84888 -0.153406 0)
(2.68395 -0.429221 0)
(2.4574 -0.672858 0)
(2.32857 -0.842035 0)
(2.31213 -0.833192 0)
(2.33921 -0.806388 0)
(2.36585 -0.780599 0)
(2.40296 -0.750061 0)
(2.42402 -0.715825 0)
(2.42051 -0.661215 0)
(2.36413 -0.483737 0)
(2.19744 -0.160717 0)
(2.09441 0.0324661 0)
(2.05977 0.145213 0)
(2.07015 0.142983 0)
(2.10563 0.133311 0)
(2.14392 0.116094 0)
(2.17454 0.109304 0)
(2.2 0.110493 0)
(2.22588 0.123676 0)
(2.25217 0.131695 0)
(2.27524 0.128343 0)
(2.29756 0.126498 0)
(2.32068 0.128548 0)
(2.34341 0.131404 0)
(2.36047 0.135284 0)
(2.37686 0.139517 0)
(2.39782 0.144001 0)
(2.42172 0.149249 0)
(2.44388 0.149361 0)
(2.46502 0.141606 0)
(2.48483 0.1347 0)
(2.49739 0.136774 0)
(2.50663 0.14203 0)
(2.51928 0.143565 0)
(2.53707 0.138861 0)
(2.55879 0.133954 0)
(2.57867 0.130684 0)
(2.59809 0.132074 0)
(2.61401 0.135229 0)
(2.62294 0.140363 0)
(2.6317 0.140709 0)
(2.64467 0.133215 0)
(2.66013 0.128591 0)
(2.67291 0.131006 0)
(2.68114 0.139459 0)
(2.68954 0.142172 0)
(2.70167 0.139604 0)
(2.71751 0.130703 0)
(2.73388 0.128627 0)
(2.74927 0.127604 0)
(2.75889 0.136909 0)
(2.75884 0.136641 0)
(2.75344 0.131688 0)
(2.76232 0.105789 0)
(2.76362 0.0883571 0)
(2.76254 0.0455711 0)
(2.75506 -0.0206499 0)
(2.75623 -0.0831585 0)
(2.7088 -0.206682 0)
(2.69727 -0.26752 0)
(2.699 -0.286906 0)
(2.70269 -0.333485 0)
(2.69669 -0.36867 0)
(2.69853 -0.371778 0)
(2.7104 -0.36508 0)
(2.72254 -0.356749 0)
(2.7378 -0.358025 0)
(2.75687 -0.359925 0)
(2.77576 -0.359473 0)
(2.78908 -0.362061 0)
(2.78389 -0.365029 0)
(2.78379 -0.354805 0)
(2.79877 -0.338354 0)
(2.80967 -0.322524 0)
(2.82847 -0.283441 0)
(2.35352 0.846449 0)
(2.35797 0.843655 0)
(2.37961 0.825324 0)
(2.43493 0.773013 0)
(2.50544 0.693691 0)
(2.55433 0.646037 0)
(2.64728 0.532935 0)
(2.72761 0.385516 0)
(2.76379 0.349552 0)
(2.76545 0.354984 0)
(2.83088 0.237247 0)
(2.86808 0.101854 0)
(2.88265 0.0621701 0)
(2.90358 0.0864756 0)
(2.89355 0.0733904 0)
(2.89522 0.0125901 0)
(2.88967 -0.0231362 0)
(2.92051 -0.0373702 0)
(2.92644 -0.0582763 0)
(2.8576 -0.189968 0)
(2.62351 -0.570465 0)
(2.47501 -0.762669 0)
(2.33087 -0.851449 0)
(2.3304 -0.857632 0)
(2.34899 -0.843696 0)
(2.36527 -0.818314 0)
(2.38631 -0.787434 0)
(2.42426 -0.746894 0)
(2.44457 -0.71248 0)
(2.46311 -0.715991 0)
(2.45437 -0.669209 0)
(2.42437 -0.558577 0)
(2.28768 -0.27863 0)
(2.16701 -0.0113791 0)
(2.1137 0.107416 0)
(2.11802 0.151852 0)
(2.13968 0.152784 0)
(2.17236 0.157314 0)
(2.20877 0.156709 0)
(2.23774 0.162776 0)
(2.25857 0.159726 0)
(2.27576 0.156522 0)
(2.29633 0.162705 0)
(2.31737 0.170312 0)
(2.3405 0.17451 0)
(2.37 0.173416 0)
(2.39766 0.173207 0)
(2.41592 0.179796 0)
(2.42531 0.185596 0)
(2.43349 0.183246 0)
(2.44922 0.179468 0)
(2.47369 0.17757 0)
(2.49915 0.175238 0)
(2.5227 0.175038 0)
(2.54111 0.176655 0)
(2.55322 0.176957 0)
(2.56071 0.172934 0)
(2.57148 0.166215 0)
(2.58265 0.166257 0)
(2.60002 0.171675 0)
(2.62348 0.176006 0)
(2.6452 0.176308 0)
(2.65887 0.172579 0)
(2.66086 0.166651 0)
(2.66041 0.166729 0)
(2.66649 0.178286 0)
(2.67925 0.183273 0)
(2.69766 0.1797 0)
(2.71962 0.171287 0)
(2.73826 0.165587 0)
(2.75322 0.164919 0)
(2.75796 0.172248 0)
(2.76142 0.160221 0)
(2.74885 0.116349 0)
(2.74609 0.064676 0)
(2.72504 -0.0132224 0)
(2.71443 -0.100817 0)
(2.68483 -0.220355 0)
(2.68708 -0.248207 0)
(2.67292 -0.277534 0)
(2.66976 -0.30635 0)
(2.65829 -0.332086 0)
(2.6608 -0.371057 0)
(2.67918 -0.377146 0)
(2.69878 -0.366178 0)
(2.7129 -0.3382 0)
(2.72771 -0.317925 0)
(2.74803 -0.320357 0)
(2.76876 -0.324646 0)
(2.78451 -0.32972 0)
(2.78549 -0.339024 0)
(2.78223 -0.337385 0)
(2.78876 -0.331258 0)
(2.80677 -0.317637 0)
(2.81951 -0.309345 0)
(2.83983 -0.302604 0)
(2.34783 0.843806 0)
(2.35515 0.843991 0)
(2.36048 0.839386 0)
(2.38317 0.820099 0)
(2.43792 0.769336 0)
(2.50858 0.688062 0)
(2.54638 0.654426 0)
(2.61338 0.565354 0)
(2.6971 0.434898 0)
(2.74381 0.380685 0)
(2.76215 0.374046 0)
(2.81166 0.272952 0)
(2.84543 0.162572 0)
(2.87218 0.126134 0)
(2.90957 0.122517 0)
(2.93759 0.0600516 0)
(2.90825 -0.00802085 0)
(2.90292 -0.0644185 0)
(2.84586 -0.196659 0)
(2.58427 -0.579567 0)
(2.41596 -0.822299 0)
(2.29958 -0.872504 0)
(2.31324 -0.862722 0)
(2.34821 -0.839685 0)
(2.37584 -0.814113 0)
(2.38588 -0.802243 0)
(2.40218 -0.782106 0)
(2.43453 -0.750458 0)
(2.45409 -0.725696 0)
(2.47387 -0.719297 0)
(2.48383 -0.71662 0)
(2.49454 -0.673982 0)
(2.47923 -0.595644 0)
(2.41193 -0.421627 0)
(2.24369 -0.0947165 0)
(2.18092 0.091598 0)
(2.14303 0.223574 0)
(2.15335 0.223135 0)
(2.18196 0.215091 0)
(2.21683 0.204978 0)
(2.24945 0.199875 0)
(2.27263 0.195809 0)
(2.2898 0.195626 0)
(2.30955 0.202345 0)
(2.33431 0.206828 0)
(2.36257 0.208927 0)
(2.39304 0.2125 0)
(2.42176 0.218131 0)
(2.44092 0.224909 0)
(2.44602 0.228394 0)
(2.45211 0.221676 0)
(2.46591 0.211974 0)
(2.48743 0.210418 0)
(2.51006 0.214171 0)
(2.53054 0.217047 0)
(2.55119 0.21494 0)
(2.5688 0.207984 0)
(2.57832 0.206071 0)
(2.58803 0.214772 0)
(2.60021 0.216226 0)
(2.61391 0.212903 0)
(2.62961 0.211178 0)
(2.64426 0.209002 0)
(2.65293 0.203897 0)
(2.66164 0.207876 0)
(2.67493 0.219108 0)
(2.68989 0.221722 0)
(2.71177 0.21434 0)
(2.73755 0.200668 0)
(2.75134 0.186888 0)
(2.75841 0.182832 0)
(2.74375 0.153035 0)
(2.72532 0.0872062 0)
(2.69946 -0.00165174 0)
(2.67745 -0.0951488 0)
(2.64867 -0.202997 0)
(2.66332 -0.226958 0)
(2.65725 -0.255383 0)
(2.65516 -0.261455 0)
(2.65029 -0.275717 0)
(2.65048 -0.297536 0)
(2.65236 -0.320184 0)
(2.66458 -0.329778 0)
(2.68134 -0.326227 0)
(2.70015 -0.308632 0)
(2.71853 -0.289484 0)
(2.74141 -0.279561 0)
(2.75958 -0.282422 0)
(2.76606 -0.298296 0)
(2.76687 -0.311444 0)
(2.77469 -0.309512 0)
(2.78689 -0.306051 0)
(2.79767 -0.298752 0)
(2.8057 -0.286782 0)
(2.81395 -0.28598 0)
(2.83406 -0.285213 0)
(2.34063 0.842847 0)
(2.34582 0.847568 0)
(2.35115 0.846525 0)
(2.35845 0.840779 0)
(2.38652 0.817581 0)
(2.43546 0.770423 0)
(2.49638 0.70726 0)
(2.55822 0.641928 0)
(2.6156 0.559377 0)
(2.66761 0.483566 0)
(2.71279 0.447116 0)
(2.73965 0.400591 0)
(2.80193 0.290585 0)
(2.82889 0.215429 0)
(2.86742 0.202303 0)
(2.90061 0.155011 0)
(2.86949 0.0673935 0)
(2.76938 -0.134569 0)
(2.49225 -0.534622 0)
(2.36496 -0.749172 0)
(2.28022 -0.831683 0)
(2.30167 -0.821577 0)
(2.3384 -0.803284 0)
(2.37473 -0.775566 0)
(2.39531 -0.758588 0)
(2.40876 -0.751397 0)
(2.42169 -0.739099 0)
(2.44197 -0.714459 0)
(2.46102 -0.702576 0)
(2.48569 -0.691275 0)
(2.49526 -0.686787 0)
(2.51239 -0.652091 0)
(2.53128 -0.64129 0)
(2.53076 -0.596973 0)
(2.49839 -0.486109 0)
(2.38984 -0.23722 0)
(2.25574 0.0454664 0)
(2.21413 0.163185 0)
(2.20253 0.231884 0)
(2.20999 0.240209 0)
(2.23009 0.250509 0)
(2.25771 0.242927 0)
(2.28169 0.239594 0)
(2.3026 0.242125 0)
(2.32882 0.242329 0)
(2.35727 0.241936 0)
(2.38442 0.244258 0)
(2.40881 0.250672 0)
(2.42586 0.260177 0)
(2.43303 0.263261 0)
(2.43996 0.254944 0)
(2.45865 0.249893 0)
(2.48479 0.254758 0)
(2.50981 0.260088 0)
(2.53299 0.260814 0)
(2.55373 0.254068 0)
(2.56847 0.244719 0)
(2.57598 0.244699 0)
(2.57877 0.255102 0)
(2.5851 0.261726 0)
(2.60776 0.259574 0)
(2.63109 0.252207 0)
(2.65257 0.244144 0)
(2.66961 0.238694 0)
(2.67624 0.247403 0)
(2.66925 0.252311 0)
(2.68415 0.247306 0)
(2.70503 0.244153 0)
(2.71541 0.223274 0)
(2.72404 0.189358 0)
(2.70258 0.10788 0)
(2.67824 0.0182546 0)
(2.62038 -0.108285 0)
(2.6021 -0.188909 0)
(2.62012 -0.219672 0)
(2.62058 -0.279833 0)
(2.6117 -0.296464 0)
(2.61371 -0.285814 0)
(2.61758 -0.273298 0)
(2.62971 -0.279449 0)
(2.64001 -0.288275 0)
(2.65426 -0.289268 0)
(2.66802 -0.286965 0)
(2.68082 -0.279945 0)
(2.69483 -0.270921 0)
(2.71256 -0.260699 0)
(2.73043 -0.257025 0)
(2.74636 -0.257937 0)
(2.75751 -0.265081 0)
(2.7615 -0.277342 0)
(2.76357 -0.278271 0)
(2.76966 -0.273722 0)
(2.78308 -0.264926 0)
(2.80095 -0.26172 0)
(2.81883 -0.260648 0)
(2.83898 -0.257551 0)
(2.33132 0.839581 0)
(2.33408 0.842831 0)
(2.33875 0.8452 0)
(2.34573 0.844685 0)
(2.35942 0.837243 0)
(2.38996 0.81206 0)
(2.44138 0.76043 0)
(2.48516 0.718576 0)
(2.53231 0.664823 0)
(2.61955 0.56663 0)
(2.67011 0.49372 0)
(2.6958 0.474305 0)
(2.71076 0.436859 0)
(2.77821 0.346231 0)
(2.80626 0.266339 0)
(2.78341 0.136788 0)
(2.66338 -0.133656 0)
(2.43187 -0.489071 0)
(2.29583 -0.655337 0)
(2.26353 -0.726355 0)
(2.28784 -0.726218 0)
(2.32286 -0.715521 0)
(2.35732 -0.709441 0)
(2.38411 -0.703768 0)
(2.4057 -0.699105 0)
(2.42304 -0.698659 0)
(2.4407 -0.689023 0)
(2.4632 -0.665458 0)
(2.48187 -0.657104 0)
(2.50024 -0.652132 0)
(2.51517 -0.64123 0)
(2.53335 -0.611132 0)
(2.55015 -0.592719 0)
(2.56275 -0.585531 0)
(2.58612 -0.562322 0)
(2.57251 -0.505259 0)
(2.5048 -0.340775 0)
(2.35831 -0.0443502 0)
(2.30297 0.13353 0)
(2.22886 0.262486 0)
(2.21064 0.298253 0)
(2.24041 0.295667 0)
(2.273 0.295426 0)
(2.29996 0.291325 0)
(2.32811 0.286294 0)
(2.35525 0.282183 0)
(2.38309 0.288593 0)
(2.40556 0.299681 0)
(2.41731 0.304048 0)
(2.41978 0.295912 0)
(2.42456 0.284666 0)
(2.44492 0.285463 0)
(2.47175 0.294081 0)
(2.49786 0.300311 0)
(2.52288 0.299746 0)
(2.54508 0.291929 0)
(2.56356 0.283808 0)
(2.58018 0.287352 0)
(2.58966 0.302129 0)
(2.5938 0.310935 0)
(2.60369 0.303209 0)
(2.62159 0.288023 0)
(2.64055 0.272004 0)
(2.65578 0.270657 0)
(2.66215 0.280769 0)
(2.66682 0.274905 0)
(2.6728 0.250673 0)
(2.67245 0.212053 0)
(2.66218 0.13676 0)
(2.62846 0.0221812 0)
(2.60729 -0.0679542 0)
(2.59065 -0.127383 0)
(2.56056 -0.191593 0)
(2.56664 -0.222252 0)
(2.58747 -0.245896 0)
(2.59619 -0.248353 0)
(2.6059 -0.24931 0)
(2.6123 -0.23974 0)
(2.61966 -0.238114 0)
(2.63354 -0.244141 0)
(2.64054 -0.251543 0)
(2.63988 -0.257761 0)
(2.65132 -0.252903 0)
(2.66949 -0.246718 0)
(2.68883 -0.239428 0)
(2.70989 -0.23166 0)
(2.72951 -0.228675 0)
(2.74504 -0.229137 0)
(2.7543 -0.233621 0)
(2.75555 -0.242294 0)
(2.7526 -0.24427 0)
(2.76247 -0.244707 0)
(2.78119 -0.243208 0)
(2.80332 -0.244527 0)
(2.82287 -0.239815 0)
(2.84005 -0.232631 0)
(2.32882 0.829825 0)
(2.33258 0.830098 0)
(2.33562 0.835814 0)
(2.33719 0.839053 0)
(2.34105 0.836544 0)
(2.35408 0.825936 0)
(2.38173 0.803103 0)
(2.43718 0.752743 0)
(2.47937 0.713939 0)
(2.52372 0.669417 0)
(2.58378 0.601521 0)
(2.65598 0.515946 0)
(2.68244 0.490983 0)
(2.70427 0.393056 0)
(2.65842 0.260274 0)
(2.4834 -0.105908 0)
(2.33981 -0.411269 0)
(2.2238 -0.602339 0)
(2.21892 -0.625802 0)
(2.25093 -0.622352 0)
(2.28478 -0.613095 0)
(2.31168 -0.612733 0)
(2.33755 -0.612027 0)
(2.36059 -0.612627 0)
(2.38797 -0.612275 0)
(2.41568 -0.618279 0)
(2.44554 -0.61725 0)
(2.47257 -0.609582 0)
(2.49643 -0.599705 0)
(2.50728 -0.600286 0)
(2.52194 -0.58316 0)
(2.53691 -0.564341 0)
(2.56121 -0.544685 0)
(2.58247 -0.540484 0)
(2.60514 -0.521503 0)
(2.60882 -0.512718 0)
(2.62234 -0.473578 0)
(2.59951 -0.380827 0)
(2.52068 -0.182464 0)
(2.363 0.0882156 0)
(2.31208 0.221153 0)
(2.27074 0.309493 0)
(2.26845 0.333413 0)
(2.29382 0.336369 0)
(2.32306 0.338236 0)
(2.34785 0.327157 0)
(2.37219 0.325984 0)
(2.39447 0.336066 0)
(2.41044 0.344268 0)
(2.42329 0.340024 0)
(2.43188 0.330355 0)
(2.44105 0.327576 0)
(2.45969 0.333473 0)
(2.48291 0.339683 0)
(2.50976 0.339208 0)
(2.53593 0.332848 0)
(2.55779 0.324799 0)
(2.5739 0.327272 0)
(2.57769 0.337561 0)
(2.57714 0.341916 0)
(2.5909 0.332662 0)
(2.61092 0.320958 0)
(2.62881 0.306597 0)
(2.64434 0.29677 0)
(2.64003 0.275081 0)
(2.6269 0.217189 0)
(2.61131 0.134317 0)
(2.57526 -0.00755466 0)
(2.58314 -0.0712079 0)
(2.5453 -0.150373 0)
(2.52024 -0.197608 0)
(2.50185 -0.222165 0)
(2.51352 -0.242008 0)
(2.53319 -0.248026 0)
(2.55804 -0.240618 0)
(2.57592 -0.233439 0)
(2.59618 -0.215755 0)
(2.61208 -0.204597 0)
(2.6248 -0.201353 0)
(2.62159 -0.21264 0)
(2.61362 -0.225424 0)
(2.62685 -0.220468 0)
(2.64701 -0.216249 0)
(2.6641 -0.212654 0)
(2.68452 -0.210848 0)
(2.70998 -0.208667 0)
(2.73226 -0.206949 0)
(2.74707 -0.204636 0)
(2.75434 -0.203057 0)
(2.74556 -0.210803 0)
(2.73929 -0.219565 0)
(2.75716 -0.222393 0)
(2.77726 -0.222607 0)
(2.79839 -0.220585 0)
(2.8178 -0.210191 0)
(2.83703 -0.201591 0)
(2.32142 0.834511 0)
(2.32728 0.832805 0)
(2.33009 0.837272 0)
(2.329 0.839423 0)
(2.32704 0.836901 0)
(2.33421 0.831336 0)
(2.35507 0.814859 0)
(2.37971 0.796655 0)
(2.43579 0.749446 0)
(2.47364 0.718475 0)
(2.53306 0.650325 0)
(2.58283 0.633554 0)
(2.56707 0.509853 0)
(2.51066 0.277416 0)
(2.32249 -0.103126 0)
(2.23508 -0.333457 0)
(2.17182 -0.472401 0)
(2.177 -0.490301 0)
(2.20627 -0.497743 0)
(2.24111 -0.502378 0)
(2.27666 -0.512655 0)
(2.30811 -0.529969 0)
(2.33799 -0.536901 0)
(2.36551 -0.540607 0)
(2.39479 -0.536429 0)
(2.4202 -0.536258 0)
(2.44386 -0.530068 0)
(2.46613 -0.528929 0)
(2.49454 -0.525848 0)
(2.51848 -0.533975 0)
(2.54185 -0.524786 0)
(2.56031 -0.510552 0)
(2.57597 -0.490063 0)
(2.58631 -0.486459 0)
(2.60303 -0.468323 0)
(2.61509 -0.46614 0)
(2.63318 -0.454501 0)
(2.66419 -0.428616 0)
(2.66562 -0.378621 0)
(2.61761 -0.252841 0)
(2.50143 -0.00935403 0)
(2.37585 0.221678 0)
(2.32153 0.327228 0)
(2.3084 0.3854 0)
(2.3209 0.381656 0)
(2.34642 0.373281 0)
(2.37182 0.36974 0)
(2.39074 0.378891 0)
(2.40428 0.381591 0)
(2.41507 0.374342 0)
(2.42264 0.365724 0)
(2.43442 0.364683 0)
(2.45867 0.374837 0)
(2.48464 0.386635 0)
(2.5117 0.390381 0)
(2.53679 0.384637 0)
(2.55656 0.371923 0)
(2.56826 0.365727 0)
(2.57033 0.374185 0)
(2.56105 0.374019 0)
(2.57632 0.360933 0)
(2.59886 0.343598 0)
(2.60236 0.308629 0)
(2.58981 0.247635 0)
(2.56396 0.156033 0)
(2.51967 0.0172066 0)
(2.51382 -0.0754502 0)
(2.52912 -0.120788 0)
(2.51736 -0.154219 0)
(2.50948 -0.160494 0)
(2.49519 -0.166004 0)
(2.49271 -0.179217 0)
(2.50999 -0.19162 0)
(2.52867 -0.199619 0)
(2.55054 -0.198068 0)
(2.5763 -0.189666 0)
(2.59583 -0.179364 0)
(2.60993 -0.178592 0)
(2.61332 -0.181691 0)
(2.59914 -0.190418 0)
(2.60499 -0.194116 0)
(2.62673 -0.190309 0)
(2.64536 -0.182162 0)
(2.66132 -0.177546 0)
(2.67865 -0.179011 0)
(2.70013 -0.178798 0)
(2.72269 -0.176467 0)
(2.74012 -0.175659 0)
(2.74147 -0.176389 0)
(2.73075 -0.186256 0)
(2.73719 -0.194986 0)
(2.74981 -0.196411 0)
(2.76645 -0.194651 0)
(2.79038 -0.189334 0)
(2.80636 -0.174438 0)
(2.82984 -0.168738 0)
(2.35618 0.830381 0)
(2.34082 0.846391 0)
(2.32822 0.851224 0)
(2.31888 0.847262 0)
(2.31663 0.840754 0)
(2.32449 0.836116 0)
(2.33346 0.827652 0)
(2.35449 0.812545 0)
(2.38953 0.793481 0)
(2.43056 0.76105 0)
(2.47088 0.702397 0)
(2.45599 0.564603 0)
(2.32321 0.248921 0)
(2.18218 -0.0907974 0)
(2.10214 -0.316526 0)
(2.0875 -0.393195 0)
(2.11634 -0.403292 0)
(2.15325 -0.403356 0)
(2.18855 -0.405022 0)
(2.2226 -0.412604 0)
(2.25583 -0.421333 0)
(2.28709 -0.434356 0)
(2.31996 -0.439265 0)
(2.35415 -0.446533 0)
(2.39043 -0.448774 0)
(2.42316 -0.453865 0)
(2.45137 -0.450966 0)
(2.47296 -0.448958 0)
(2.49128 -0.441085 0)
(2.50597 -0.438845 0)
(2.52498 -0.43525 0)
(2.55853 -0.43281 0)
(2.59492 -0.429129 0)
(2.62279 -0.425842 0)
(2.63859 -0.415079 0)
(2.64395 -0.403738 0)
(2.64625 -0.395982 0)
(2.67098 -0.380978 0)
(2.69454 -0.377967 0)
(2.71357 -0.349121 0)
(2.69436 -0.269644 0)
(2.62572 -0.108507 0)
(2.47632 0.160425 0)
(2.38632 0.340753 0)
(2.35988 0.388105 0)
(2.37222 0.404792 0)
(2.38153 0.403602 0)
(2.39624 0.412205 0)
(2.41568 0.414814 0)
(2.42234 0.409124 0)
(2.42687 0.406876 0)
(2.43898 0.40766 0)
(2.45809 0.41387 0)
(2.48096 0.426278 0)
(2.50306 0.432045 0)
(2.52805 0.420306 0)
(2.54678 0.40538 0)
(2.55678 0.397469 0)
(2.55999 0.405964 0)
(2.56167 0.386332 0)
(2.55695 0.354539 0)
(2.5415 0.279262 0)
(2.51682 0.186815 0)
(2.45987 0.0408988 0)
(2.44391 -0.0638121 0)
(2.45508 -0.120324 0)
(2.46406 -0.181726 0)
(2.46441 -0.18781 0)
(2.46913 -0.190589 0)
(2.47404 -0.183415 0)
(2.47385 -0.168244 0)
(2.48977 -0.154728 0)
(2.50937 -0.150703 0)
(2.53025 -0.15358 0)
(2.55393 -0.156285 0)
(2.58061 -0.15338 0)
(2.60443 -0.148095 0)
(2.61644 -0.149233 0)
(2.60822 -0.157292 0)
(2.59425 -0.165283 0)
(2.61276 -0.168921 0)
(2.63066 -0.164458 0)
(2.64717 -0.148812 0)
(2.66569 -0.141284 0)
(2.68197 -0.144488 0)
(2.70034 -0.150957 0)
(2.72352 -0.154039 0)
(2.73819 -0.154816 0)
(2.73124 -0.15354 0)
(2.72243 -0.153373 0)
(2.73841 -0.161409 0)
(2.75398 -0.166775 0)
(2.77243 -0.168313 0)
(2.79532 -0.165059 0)
(2.81122 -0.150516 0)
(2.83592 -0.1447 0)
(2.37507 0.844053 0)
(2.34861 0.86021 0)
(2.31854 0.839429 0)
(2.31747 0.828372 0)
(2.32038 0.827079 0)
(2.3257 0.83174 0)
(2.33399 0.8306 0)
(2.34609 0.8218 0)
(2.37016 0.818967 0)
(2.36945 0.757624 0)
(2.30642 0.556576 0)
(2.15659 0.20877 0)
(2.04311 -0.0471558 0)
(2.02192 -0.180995 0)
(2.0303 -0.237973 0)
(2.06116 -0.275624 0)
(2.10291 -0.298139 0)
(2.14339 -0.316132 0)
(2.1809 -0.328502 0)
(2.21682 -0.338684 0)
(2.25212 -0.344761 0)
(2.28623 -0.354484 0)
(2.32086 -0.358665 0)
(2.35518 -0.364847 0)
(2.38913 -0.365852 0)
(2.42134 -0.369997 0)
(2.454 -0.371268 0)
(2.48648 -0.375082 0)
(2.51632 -0.374867 0)
(2.54233 -0.370429 0)
(2.55998 -0.364597 0)
(2.57183 -0.353682 0)
(2.58453 -0.351625 0)
(2.6074 -0.344797 0)
(2.63338 -0.339423 0)
(2.66228 -0.33093 0)
(2.68437 -0.337891 0)
(2.70737 -0.334948 0)
(2.73165 -0.324398 0)
(2.74355 -0.306255 0)
(2.75857 -0.306503 0)
(2.73653 -0.247779 0)
(2.70061 -0.150577 0)
(2.5866 0.0665724 0)
(2.49401 0.258007 0)
(2.44842 0.387148 0)
(2.40517 0.472545 0)
(2.39056 0.485111 0)
(2.4065 0.464581 0)
(2.42831 0.449636 0)
(2.44959 0.44071 0)
(2.46614 0.443763 0)
(2.48231 0.452031 0)
(2.49406 0.468434 0)
(2.50168 0.469806 0)
(2.52087 0.448722 0)
(2.53355 0.43652 0)
(2.54368 0.41885 0)
(2.53218 0.383093 0)
(2.50895 0.291499 0)
(2.48162 0.177949 0)
(2.45413 0.0750233 0)
(2.41081 -0.0231999 0)
(2.40447 -0.0623471 0)
(2.41883 -0.0834445 0)
(2.44372 -0.105663 0)
(2.45224 -0.115436 0)
(2.46571 -0.126302 0)
(2.48015 -0.145063 0)
(2.48169 -0.152575 0)
(2.47814 -0.141587 0)
(2.4909 -0.126104 0)
(2.51277 -0.121551 0)
(2.53393 -0.119775 0)
(2.55655 -0.119059 0)
(2.57871 -0.116833 0)
(2.5993 -0.113098 0)
(2.61222 -0.117712 0)
(2.60613 -0.134949 0)
(2.59777 -0.144212 0)
(2.61665 -0.142233 0)
(2.63731 -0.135378 0)
(2.65585 -0.11841 0)
(2.6705 -0.10702 0)
(2.68929 -0.108728 0)
(2.70507 -0.120041 0)
(2.72224 -0.132442 0)
(2.73086 -0.136185 0)
(2.72764 -0.128826 0)
(2.73134 -0.124995 0)
(2.74978 -0.129096 0)
(2.76735 -0.13592 0)
(2.7836 -0.138609 0)
(2.80292 -0.132297 0)
(2.81545 -0.118488 0)
(2.83674 -0.116659 0)
(2.57452 0.611621 0)
(2.43482 0.777045 0)
(2.33019 0.840316 0)
(2.32492 0.842026 0)
(2.32896 0.843062 0)
(2.33118 0.845096 0)
(2.33158 0.844872 0)
(2.33065 0.832236 0)
(2.30905 0.756057 0)
(2.17041 0.499275 0)
(1.97155 0.13266 0)
(1.90401 -0.0960241 0)
(1.90259 -0.182937 0)
(1.93476 -0.186656 0)
(1.98175 -0.185127 0)
(2.03245 -0.194985 0)
(2.08642 -0.217928 0)
(2.13764 -0.240784 0)
(2.18191 -0.255584 0)
(2.21811 -0.264266 0)
(2.2507 -0.266964 0)
(2.28504 -0.274065 0)
(2.32376 -0.27894 0)
(2.36487 -0.285909 0)
(2.4042 -0.288393 0)
(2.43634 -0.28993 0)
(2.45997 -0.286694 0)
(2.48067 -0.284052 0)
(2.50355 -0.280452 0)
(2.5326 -0.270819 0)
(2.56566 -0.273657 0)
(2.59756 -0.278922 0)
(2.62009 -0.284598 0)
(2.63195 -0.273331 0)
(2.64127 -0.26438 0)
(2.658 -0.252667 0)
(2.67949 -0.260966 0)
(2.70231 -0.264645 0)
(2.73046 -0.25141 0)
(2.75611 -0.248245 0)
(2.7823 -0.245779 0)
(2.77629 -0.241474 0)
(2.78142 -0.205319 0)
(2.76628 -0.15362 0)
(2.70443 -0.0183996 0)
(2.63644 0.155762 0)
(2.50423 0.376817 0)
(2.46513 0.463894 0)
(2.43798 0.4934 0)
(2.43966 0.49742 0)
(2.45548 0.498357 0)
(2.47523 0.500937 0)
(2.4896 0.504115 0)
(2.49293 0.511777 0)
(2.50676 0.50289 0)
(2.51152 0.467191 0)
(2.50985 0.424347 0)
(2.48136 0.330734 0)
(2.43769 0.196888 0)
(2.41607 0.0559381 0)
(2.39106 -0.0621194 0)
(2.38201 -0.108366 0)
(2.37696 -0.128261 0)
(2.38597 -0.127424 0)
(2.40524 -0.119431 0)
(2.43128 -0.106365 0)
(2.45132 -0.0965712 0)
(2.46699 -0.0956386 0)
(2.48464 -0.101924 0)
(2.49625 -0.114707 0)
(2.50328 -0.118366 0)
(2.5183 -0.108316 0)
(2.53692 -0.100461 0)
(2.55844 -0.0962102 0)
(2.57805 -0.0927653 0)
(2.59305 -0.0906613 0)
(2.60956 -0.0891577 0)
(2.62209 -0.0933053 0)
(2.61579 -0.110789 0)
(2.60821 -0.120716 0)
(2.6253 -0.117971 0)
(2.64965 -0.111303 0)
(2.67258 -0.0953072 0)
(2.68878 -0.0812539 0)
(2.70664 -0.0828959 0)
(2.72063 -0.0951396 0)
(2.72848 -0.112337 0)
(2.73001 -0.114766 0)
(2.73305 -0.0999429 0)
(2.73512 -0.0903627 0)
(2.75285 -0.0946555 0)
(2.77206 -0.103183 0)
(2.78764 -0.107263 0)
(2.80761 -0.101572 0)
(2.82296 -0.0912716 0)
(2.84642 -0.0904894 0)
(2.86524 0.204228 0)
(2.65206 0.519735 0)
(2.40517 0.803851 0)
(2.37141 0.824802 0)
(2.35682 0.834104 0)
(2.34394 0.841637 0)
(2.31382 0.813072 0)
(2.23185 0.680651 0)
(2.08669 0.398194 0)
(1.91085 0.120428 0)
(1.8617 0.0112524 0)
(1.86599 -0.0253778 0)
(1.90236 -0.0816822 0)
(1.94496 -0.116501 0)
(1.98362 -0.129848 0)
(2.02656 -0.138515 0)
(2.07749 -0.146653 0)
(2.13153 -0.159788 0)
(2.18205 -0.17473 0)
(2.2254 -0.187706 0)
(2.26272 -0.192968 0)
(2.29765 -0.195814 0)
(2.33201 -0.195262 0)
(2.36762 -0.19793 0)
(2.40542 -0.199954 0)
(2.44596 -0.202964 0)
(2.48562 -0.206433 0)
(2.5176 -0.212724 0)
(2.54167 -0.215955 0)
(2.56392 -0.203076 0)
(2.58596 -0.191293 0)
(2.60288 -0.186699 0)
(2.61872 -0.190584 0)
(2.64486 -0.188914 0)
(2.6726 -0.198717 0)
(2.69676 -0.198894 0)
(2.71934 -0.195926 0)
(2.7383 -0.193099 0)
(2.75601 -0.178447 0)
(2.77008 -0.173299 0)
(2.78294 -0.173287 0)
(2.80073 -0.175475 0)
(2.80621 -0.170756 0)
(2.82057 -0.151983 0)
(2.81818 -0.134378 0)
(2.79912 -0.0584123 0)
(2.7232 0.102583 0)
(2.63253 0.293789 0)
(2.54086 0.45165 0)
(2.492 0.527446 0)
(2.47548 0.567048 0)
(2.48445 0.560409 0)
(2.50114 0.555004 0)
(2.4925 0.513196 0)
(2.47887 0.444863 0)
(2.45038 0.341541 0)
(2.41524 0.218298 0)
(2.3968 0.118845 0)
(2.3791 0.0286676 0)
(2.38096 -0.026641 0)
(2.37692 -0.0503866 0)
(2.38153 -0.0479776 0)
(2.39562 -0.0496305 0)
(2.41486 -0.071715 0)
(2.43148 -0.0812121 0)
(2.44628 -0.0765253 0)
(2.45949 -0.0773867 0)
(2.46919 -0.081858 0)
(2.47835 -0.0836385 0)
(2.49354 -0.0767825 0)
(2.51303 -0.0729606 0)
(2.5363 -0.0709674 0)
(2.55891 -0.0669104 0)
(2.57491 -0.0614747 0)
(2.58428 -0.0628052 0)
(2.59393 -0.0661622 0)
(2.6071 -0.0669754 0)
(2.61838 -0.0731768 0)
(2.62372 -0.0835555 0)
(2.62724 -0.0916462 0)
(2.63803 -0.0896022 0)
(2.65716 -0.0783357 0)
(2.67667 -0.0599822 0)
(2.69043 -0.0470894 0)
(2.70386 -0.0570435 0)
(2.7133 -0.0769959 0)
(2.71821 -0.0911689 0)
(2.72412 -0.0836549 0)
(2.73322 -0.0672295 0)
(2.74522 -0.0627203 0)
(2.76296 -0.0671953 0)
(2.77907 -0.0749474 0)
(2.79213 -0.0788428 0)
(2.8076 -0.0719627 0)
(2.81978 -0.0616332 0)
(2.84015 -0.0601887 0)
(2.98943 0.0184706 0)
(2.92467 0.134947 0)
(2.68997 0.483062 0)
(2.55478 0.693894 0)
(2.40576 0.82756 0)
(2.27847 0.736993 0)
(2.1097 0.499853 0)
(1.9931 0.229637 0)
(1.82899 -0.0186049 0)
(1.81045 -0.0784242 0)
(1.83127 -0.0559073 0)
(1.85449 -0.0292177 0)
(1.89564 -0.0324277 0)
(1.95384 -0.0615456 0)
(2.00573 -0.0898074 0)
(2.0563 -0.0978538 0)
(2.10982 -0.097562 0)
(2.1606 -0.0988509 0)
(2.20559 -0.105244 0)
(2.24655 -0.114449 0)
(2.28652 -0.120955 0)
(2.32782 -0.124708 0)
(2.36987 -0.123885 0)
(2.41007 -0.124272 0)
(2.44444 -0.122908 0)
(2.47089 -0.121604 0)
(2.49293 -0.122662 0)
(2.52011 -0.124796 0)
(2.55632 -0.126891 0)
(2.59471 -0.124677 0)
(2.6271 -0.123202 0)
(2.64827 -0.121257 0)
(2.65628 -0.120567 0)
(2.63957 -0.119789 0)
(2.65072 -0.11763 0)
(2.69682 -0.116006 0)
(2.73277 -0.113477 0)
(2.76402 -0.110511 0)
(2.7865 -0.104776 0)
(2.80513 -0.10611 0)
(2.81108 -0.110683 0)
(2.78917 -0.111398 0)
(2.80492 -0.101238 0)
(2.82713 -0.104062 0)
(2.85233 -0.0933978 0)
(2.87201 -0.070716 0)
(2.86312 -0.0383891 0)
(2.81283 0.0714401 0)
(2.75783 0.202465 0)
(2.62658 0.426163 0)
(2.55687 0.59179 0)
(2.51153 0.551372 0)
(2.47766 0.478965 0)
(2.45588 0.390882 0)
(2.36702 0.233034 0)
(2.30949 0.0634724 0)
(2.33067 -0.00643744 0)
(2.35085 -0.0632889 0)
(2.35352 -0.0778883 0)
(2.34951 -0.0797022 0)
(2.35891 -0.0721432 0)
(2.38705 -0.048493 0)
(2.40927 -0.0197979 0)
(2.42838 -0.0242491 0)
(2.44684 -0.0410412 0)
(2.46405 -0.0472309 0)
(2.48278 -0.0491258 0)
(2.48829 -0.0536617 0)
(2.49045 -0.0559318 0)
(2.50743 -0.0534028 0)
(2.52764 -0.0463562 0)
(2.55025 -0.0388798 0)
(2.57112 -0.0350376 0)
(2.58836 -0.0342039 0)
(2.6007 -0.0343751 0)
(2.60412 -0.0349291 0)
(2.60794 -0.0432875 0)
(2.62064 -0.0468774 0)
(2.63326 -0.0473044 0)
(2.64399 -0.051316 0)
(2.65412 -0.0559817 0)
(2.66891 -0.0534768 0)
(2.68804 -0.0409757 0)
(2.70382 -0.025251 0)
(2.71332 -0.0229099 0)
(2.71963 -0.0424191 0)
(2.7188 -0.0603506 0)
(2.7263 -0.0547552 0)
(2.73953 -0.0424205 0)
(2.75511 -0.0372254 0)
(2.77252 -0.0391243 0)
(2.7879 -0.0454187 0)
(2.80038 -0.0490032 0)
(2.81429 -0.0438249 0)
(2.82652 -0.0366002 0)
(2.8466 -0.0363743 0)
(2.99976 0.00033459 0)
(2.99459 0.00900212 0)
(2.93424 0.0819125 0)
(2.72337 0.295815 0)
(2.39687 0.4241 0)
(2.18904 0.33953 0)
(2.02808 0.22095 0)
(1.96974 0.122169 0)
(1.85221 0.0332335 0)
(1.84883 -0.014818 0)
(1.87888 -0.0266231 0)
(1.88709 -0.0163947 0)
(1.90861 -0.0116252 0)
(1.95181 -0.0167214 0)
(2.01152 -0.0248517 0)
(2.0719 -0.0301983 0)
(2.12455 -0.0319309 0)
(2.171 -0.0322285 0)
(2.21508 -0.0331031 0)
(2.25893 -0.0352849 0)
(2.30166 -0.036901 0)
(2.34216 -0.0375721 0)
(2.37854 -0.037845 0)
(2.41106 -0.039038 0)
(2.44269 -0.0393559 0)
(2.47728 -0.0404687 0)
(2.51343 -0.0433123 0)
(2.54697 -0.0442473 0)
(2.57525 -0.0422362 0)
(2.59906 -0.0408606 0)
(2.62126 -0.0400966 0)
(2.64172 -0.0395515 0)
(2.65704 -0.0418078 0)
(2.67134 -0.0481445 0)
(2.68445 -0.0441006 0)
(2.69531 -0.0417685 0)
(2.71357 -0.0442929 0)
(2.73722 -0.0445105 0)
(2.7612 -0.0432496 0)
(2.78243 -0.0445104 0)
(2.79182 -0.0435032 0)
(2.79471 -0.0375927 0)
(2.79688 -0.0377986 0)
(2.80629 -0.0413766 0)
(2.82756 -0.0427226 0)
(2.85032 -0.0361361 0)
(2.86722 -0.031534 0)
(2.8593 -0.0136098 0)
(2.83809 0.0261683 0)
(2.74855 0.129732 0)
(2.62385 0.287981 0)
(2.49044 0.243316 0)
(2.43362 0.168464 0)
(2.42092 0.203192 0)
(2.34767 0.150653 0)
(2.31451 0.0569112 0)
(2.3435 -0.00090252 0)
(2.35494 -0.00070824 0)
(2.3672 -0.0032636 0)
(2.38367 -0.0257626 0)
(2.38308 -0.0451907 0)
(2.40232 -0.0302921 0)
(2.41832 -0.00413873 0)
(2.42947 -0.00352842 0)
(2.44179 -0.0159797 0)
(2.45582 -0.0196027 0)
(2.47147 -0.0158643 0)
(2.48324 -0.0133459 0)
(2.49048 -0.0196972 0)
(2.50427 -0.0231356 0)
(2.52593 -0.0194813 0)
(2.54838 -0.013461 0)
(2.56672 -0.00896108 0)
(2.58068 -0.00878738 0)
(2.58986 -0.0101839 0)
(2.59116 -0.0180713 0)
(2.59204 -0.021541 0)
(2.60843 -0.0146406 0)
(2.62199 -0.0109428 0)
(2.63639 -0.0121898 0)
(2.65293 -0.0199377 0)
(2.66817 -0.0257256 0)
(2.68481 -0.0202102 0)
(2.69689 -0.00571053 0)
(2.70166 0.00107151 0)
(2.70343 -0.0133095 0)
(2.7023 -0.0298165 0)
(2.71133 -0.0269462 0)
(2.72856 -0.018122 0)
(2.74763 -0.0134847 0)
(2.76551 -0.0131362 0)
(2.77996 -0.0178534 0)
(2.79081 -0.02184 0)
(2.80262 -0.0196932 0)
(2.81507 -0.0165259 0)
(2.83592 -0.0160863 0)
(2.99976 -0.000334591 0)
(2.99459 -0.00901446 0)
(2.93433 -0.0817411 0)
(2.72334 -0.296131 0)
(2.39669 -0.424388 0)
(2.18885 -0.338959 0)
(2.02829 -0.22085 0)
(1.96978 -0.122318 0)
(1.85219 -0.0333859 0)
(1.8488 0.0149008 0)
(1.87883 0.0267104 0)
(1.88709 0.0163508 0)
(1.90859 0.0115487 0)
(1.95181 0.0166657 0)
(2.01154 0.0248289 0)
(2.07194 0.030183 0)
(2.12462 0.0319102 0)
(2.17108 0.0321779 0)
(2.21514 0.0330782 0)
(2.2589 0.0353116 0)
(2.30151 0.0369337 0)
(2.34192 0.0376307 0)
(2.37833 0.0379134 0)
(2.41098 0.0390435 0)
(2.44283 0.0392313 0)
(2.47768 0.0404463 0)
(2.51397 0.043428 0)
(2.54746 0.0443257 0)
(2.57559 0.0420891 0)
(2.59906 0.0408949 0)
(2.62083 0.0408043 0)
(2.64094 0.0403189 0)
(2.65613 0.0422863 0)
(2.67089 0.0484831 0)
(2.68471 0.0444093 0)
(2.69579 0.0415857 0)
(2.71367 0.0442924 0)
(2.7372 0.0447841 0)
(2.76126 0.0433096 0)
(2.78256 0.0445971 0)
(2.79174 0.0431124 0)
(2.79362 0.0380323 0)
(2.7955 0.0388069 0)
(2.80583 0.0421245 0)
(2.82763 0.0419798 0)
(2.8507 0.0370281 0)
(2.86759 0.0326343 0)
(2.85862 0.0141887 0)
(2.83195 -0.0340367 0)
(2.75097 -0.134423 0)
(2.62411 -0.218004 0)
(2.51666 -0.30369 0)
(2.43247 -0.285144 0)
(2.36583 -0.131795 0)
(2.36894 -0.0632637 0)
(2.34955 -0.0696129 0)
(2.34134 -0.0539844 0)
(2.34698 -0.0158054 0)
(2.35632 0.0343924 0)
(2.37286 0.0443573 0)
(2.38977 0.0160185 0)
(2.40391 0.00576869 0)
(2.42058 0.0193259 0)
(2.43481 0.019085 0)
(2.44614 0.00936642 0)
(2.45717 0.0078967 0)
(2.47082 0.0165292 0)
(2.48217 0.0247917 0)
(2.49315 0.0223656 0)
(2.50994 0.0136899 0)
(2.5289 0.0111537 0)
(2.54895 0.0156673 0)
(2.56499 0.0208998 0)
(2.5793 0.0188751 0)
(2.59227 0.013153 0)
(2.59556 0.00598228 0)
(2.5963 0.0125349 0)
(2.60985 0.0230671 0)
(2.63028 0.0240276 0)
(2.64794 0.0204032 0)
(2.66331 0.0109055 0)
(2.67901 0.00218215 0)
(2.69336 0.00397314 0)
(2.70143 0.0181491 0)
(2.70137 0.0304193 0)
(2.70216 0.0249358 0)
(2.70356 0.0120789 0)
(2.7122 0.0102718 0)
(2.72845 0.0134194 0)
(2.74837 0.0177864 0)
(2.76655 0.0207486 0)
(2.78083 0.0201759 0)
(2.79161 0.0179369 0)
(2.8023 0.0148495 0)
(2.8139 0.0127224 0)
(2.83356 0.0135264 0)
(2.98942 -0.018474 0)
(2.92465 -0.134972 0)
(2.6901 -0.482901 0)
(2.55469 -0.694078 0)
(2.40567 -0.827629 0)
(2.27829 -0.736757 0)
(2.10994 -0.499888 0)
(1.99323 -0.22974 0)
(1.82893 0.0185301 0)
(1.81038 0.0784655 0)
(1.83125 0.0559306 0)
(1.85448 0.0292015 0)
(1.89563 0.0324146 0)
(1.95384 0.0615408 0)
(2.00573 0.0898177 0)
(2.0563 0.0978671 0)
(2.1098 0.0975925 0)
(2.16056 0.0988834 0)
(2.20554 0.105285 0)
(2.24656 0.114506 0)
(2.28662 0.120989 0)
(2.32798 0.124687 0)
(2.37002 0.123813 0)
(2.4101 0.124236 0)
(2.44427 0.122852 0)
(2.47043 0.12158 0)
(2.49232 0.122606 0)
(2.51951 0.124767 0)
(2.55584 0.126947 0)
(2.59444 0.124812 0)
(2.62698 0.12316 0)
(2.64851 0.120863 0)
(2.65714 0.120102 0)
(2.64098 0.120244 0)
(2.65055 0.117358 0)
(2.69649 0.115903 0)
(2.73235 0.113494 0)
(2.76387 0.11068 0)
(2.78673 0.104841 0)
(2.80556 0.106028 0)
(2.81114 0.111157 0)
(2.78932 0.111549 0)
(2.8057 0.100877 0)
(2.82742 0.103995 0)
(2.85273 0.0929583 0)
(2.87175 0.0716199 0)
(2.86353 0.037346 0)
(2.81923 -0.0594387 0)
(2.72246 -0.240058 0)
(2.649 -0.39536 0)
(2.56009 -0.54948 0)
(2.5324 -0.575265 0)
(2.47236 -0.516485 0)
(2.39208 -0.353839 0)
(2.38244 -0.200925 0)
(2.37199 -0.0961121 0)
(2.3361 -0.0181131 0)
(2.31962 0.0592736 0)
(2.33504 0.100599 0)
(2.35175 0.093477 0)
(2.37267 0.0654771 0)
(2.38607 0.0401858 0)
(2.40869 0.038093 0)
(2.43405 0.0391807 0)
(2.45088 0.0405001 0)
(2.45783 0.0396721 0)
(2.47264 0.0532971 0)
(2.47994 0.060553 0)
(2.4988 0.0566029 0)
(2.51602 0.0460493 0)
(2.53316 0.0371281 0)
(2.55168 0.0396143 0)
(2.56886 0.0477904 0)
(2.58417 0.0487115 0)
(2.59259 0.0340192 0)
(2.5989 0.0226148 0)
(2.61399 0.0304978 0)
(2.62959 0.0499295 0)
(2.63719 0.0662786 0)
(2.64747 0.062032 0)
(2.66086 0.0458118 0)
(2.67096 0.0328088 0)
(2.68151 0.0322198 0)
(2.69487 0.0429099 0)
(2.71029 0.0495421 0)
(2.72087 0.0474782 0)
(2.72479 0.0404266 0)
(2.72932 0.0395714 0)
(2.73906 0.0394757 0)
(2.7559 0.0431972 0)
(2.7737 0.0467357 0)
(2.78905 0.0477946 0)
(2.80172 0.0462832 0)
(2.81397 0.040286 0)
(2.82545 0.034613 0)
(2.84357 0.0353818 0)
(2.86521 -0.204258 0)
(2.65208 -0.519715 0)
(2.40518 -0.803836 0)
(2.37143 -0.824805 0)
(2.35679 -0.834102 0)
(2.34391 -0.841628 0)
(2.31383 -0.813077 0)
(2.23188 -0.680702 0)
(2.08665 -0.398213 0)
(1.91081 -0.120392 0)
(1.8617 -0.0112285 0)
(1.86599 0.0253681 0)
(1.90236 0.0816758 0)
(1.94496 0.116537 0)
(1.98362 0.129879 0)
(2.02656 0.138529 0)
(2.07749 0.146683 0)
(2.13153 0.159811 0)
(2.18207 0.174735 0)
(2.22541 0.1877 0)
(2.26271 0.192911 0)
(2.29763 0.195744 0)
(2.33196 0.195221 0)
(2.36756 0.197969 0)
(2.40537 0.20001 0)
(2.44599 0.203018 0)
(2.4857 0.206422 0)
(2.51769 0.212749 0)
(2.54177 0.216018 0)
(2.56407 0.203104 0)
(2.58647 0.191066 0)
(2.6036 0.186185 0)
(2.61906 0.190195 0)
(2.64461 0.18893 0)
(2.67242 0.198338 0)
(2.6968 0.199112 0)
(2.71949 0.196002 0)
(2.73853 0.193137 0)
(2.75638 0.178428 0)
(2.77038 0.173271 0)
(2.78336 0.173367 0)
(2.80151 0.175646 0)
(2.80688 0.170711 0)
(2.82114 0.151581 0)
(2.81871 0.135114 0)
(2.79605 0.0556587 0)
(2.73227 -0.0954707 0)
(2.64106 -0.28766 0)
(2.52106 -0.476852 0)
(2.4878 -0.51779 0)
(2.47905 -0.558154 0)
(2.49055 -0.560988 0)
(2.5014 -0.556679 0)
(2.48803 -0.513028 0)
(2.48292 -0.440244 0)
(2.46327 -0.347373 0)
(2.41777 -0.235883 0)
(2.38399 -0.132187 0)
(2.37723 -0.0231546 0)
(2.38852 0.0355069 0)
(2.38609 0.0469221 0)
(2.38286 0.0447021 0)
(2.39269 0.0518704 0)
(2.41602 0.0751691 0)
(2.43076 0.0713925 0)
(2.43876 0.0702867 0)
(2.45506 0.0814032 0)
(2.46996 0.0879199 0)
(2.48759 0.0818129 0)
(2.5016 0.0712169 0)
(2.51468 0.0691591 0)
(2.53162 0.0756534 0)
(2.55171 0.075716 0)
(2.57039 0.0681816 0)
(2.58315 0.0587861 0)
(2.5924 0.0543152 0)
(2.60495 0.0643403 0)
(2.61657 0.0828925 0)
(2.62429 0.101058 0)
(2.63437 0.0976031 0)
(2.64692 0.0775928 0)
(2.65243 0.0587575 0)
(2.66166 0.0549594 0)
(2.68108 0.0657483 0)
(2.70083 0.0760855 0)
(2.71958 0.0801809 0)
(2.73088 0.0778495 0)
(2.7323 0.0729953 0)
(2.7324 0.0722486 0)
(2.7447 0.0732847 0)
(2.76118 0.075459 0)
(2.77721 0.0781821 0)
(2.79163 0.0775 0)
(2.80588 0.0691994 0)
(2.8177 0.0605943 0)
(2.83815 0.0603024 0)
(2.57449 -0.611658 0)
(2.43482 -0.777038 0)
(2.3302 -0.840304 0)
(2.32491 -0.842022 0)
(2.32896 -0.843062 0)
(2.33118 -0.845097 0)
(2.33157 -0.844875 0)
(2.33065 -0.832239 0)
(2.30904 -0.756054 0)
(2.1704 -0.499243 0)
(1.97157 -0.132636 0)
(1.90401 0.096038 0)
(1.9026 0.182957 0)
(1.93475 0.186683 0)
(1.98176 0.185144 0)
(2.03246 0.194991 0)
(2.08643 0.217944 0)
(2.13764 0.240775 0)
(2.18191 0.25556 0)
(2.2181 0.264244 0)
(2.25069 0.266927 0)
(2.28503 0.274048 0)
(2.32376 0.278945 0)
(2.36488 0.285941 0)
(2.40422 0.28839 0)
(2.43634 0.289939 0)
(2.45999 0.286668 0)
(2.48072 0.284042 0)
(2.50361 0.280375 0)
(2.5327 0.270723 0)
(2.56573 0.273515 0)
(2.5976 0.278702 0)
(2.62018 0.284574 0)
(2.63209 0.273415 0)
(2.64125 0.264365 0)
(2.658 0.252599 0)
(2.67962 0.260805 0)
(2.70253 0.264252 0)
(2.73056 0.251339 0)
(2.75605 0.248256 0)
(2.78223 0.245443 0)
(2.776 0.241509 0)
(2.78145 0.205461 0)
(2.76724 0.153906 0)
(2.7034 0.0204512 0)
(2.62139 -0.164901 0)
(2.52912 -0.353232 0)
(2.4597 -0.471353 0)
(2.42836 -0.510081 0)
(2.43766 -0.501619 0)
(2.45528 -0.495457 0)
(2.47938 -0.495277 0)
(2.49743 -0.500896 0)
(2.49712 -0.512114 0)
(2.50871 -0.504323 0)
(2.51134 -0.469303 0)
(2.5085 -0.425043 0)
(2.47816 -0.328884 0)
(2.43393 -0.181338 0)
(2.43145 -0.0564689 0)
(2.39654 0.0599451 0)
(2.37712 0.114538 0)
(2.36864 0.134134 0)
(2.3844 0.128902 0)
(2.407 0.113511 0)
(2.42882 0.102284 0)
(2.44828 0.0988139 0)
(2.46881 0.0967996 0)
(2.49001 0.100559 0)
(2.50126 0.112852 0)
(2.50351 0.118647 0)
(2.50869 0.112038 0)
(2.52951 0.101986 0)
(2.55747 0.0970106 0)
(2.57929 0.0872718 0)
(2.59364 0.0836345 0)
(2.60807 0.0888169 0)
(2.61889 0.10323 0)
(2.61682 0.118983 0)
(2.61536 0.11936 0)
(2.63115 0.11058 0)
(2.64417 0.100128 0)
(2.65974 0.0916509 0)
(2.67786 0.0921406 0)
(2.70108 0.0963437 0)
(2.7258 0.0990267 0)
(2.74418 0.0982059 0)
(2.74312 0.0985154 0)
(2.72532 0.0989308 0)
(2.733 0.102664 0)
(2.75105 0.107109 0)
(2.76907 0.111099 0)
(2.78917 0.111541 0)
(2.81035 0.105358 0)
(2.82477 0.0931843 0)
(2.84679 0.0895233 0)
(2.37507 -0.844062 0)
(2.3486 -0.860212 0)
(2.31854 -0.839426 0)
(2.31747 -0.828368 0)
(2.32038 -0.827078 0)
(2.32571 -0.831741 0)
(2.33399 -0.830601 0)
(2.34609 -0.821801 0)
(2.37015 -0.818966 0)
(2.36945 -0.75762 0)
(2.30642 -0.556563 0)
(2.1566 -0.208767 0)
(2.04312 0.0471545 0)
(2.02193 0.181001 0)
(2.03031 0.237962 0)
(2.06117 0.275609 0)
(2.10291 0.298141 0)
(2.14339 0.316107 0)
(2.18089 0.328476 0)
(2.2168 0.338671 0)
(2.25211 0.344743 0)
(2.28622 0.354478 0)
(2.32085 0.358679 0)
(2.35518 0.364874 0)
(2.38915 0.365849 0)
(2.42136 0.370013 0)
(2.45403 0.371274 0)
(2.4865 0.375093 0)
(2.51635 0.374794 0)
(2.54236 0.370381 0)
(2.56001 0.364598 0)
(2.57179 0.353588 0)
(2.58438 0.351685 0)
(2.60729 0.344957 0)
(2.6334 0.339466 0)
(2.66239 0.330858 0)
(2.68445 0.337826 0)
(2.70749 0.334766 0)
(2.73153 0.324428 0)
(2.74342 0.306169 0)
(2.75893 0.30636 0)
(2.73614 0.247848 0)
(2.69864 0.148117 0)
(2.5935 -0.0563692 0)
(2.48511 -0.269003 0)
(2.4482 -0.38765 0)
(2.40506 -0.467465 0)
(2.39619 -0.481785 0)
(2.40859 -0.466062 0)
(2.42875 -0.451536 0)
(2.44845 -0.441222 0)
(2.4634 -0.444209 0)
(2.47936 -0.453027 0)
(2.49149 -0.469706 0)
(2.50108 -0.470277 0)
(2.52089 -0.450324 0)
(2.53387 -0.436634 0)
(2.5438 -0.41809 0)
(2.53308 -0.382001 0)
(2.51055 -0.288444 0)
(2.48222 -0.179667 0)
(2.45488 -0.0839809 0)
(2.40856 0.0157532 0)
(2.40079 0.0561943 0)
(2.41305 0.0801689 0)
(2.44322 0.109039 0)
(2.45014 0.121665 0)
(2.4659 0.130293 0)
(2.48224 0.145713 0)
(2.48516 0.150766 0)
(2.47768 0.139931 0)
(2.48793 0.128488 0)
(2.50962 0.125453 0)
(2.53376 0.118699 0)
(2.55751 0.114421 0)
(2.57891 0.113546 0)
(2.59735 0.116786 0)
(2.61087 0.123848 0)
(2.60925 0.13491 0)
(2.60642 0.142848 0)
(2.62048 0.137989 0)
(2.63252 0.129671 0)
(2.64812 0.120895 0)
(2.66697 0.118024 0)
(2.68921 0.118853 0)
(2.71235 0.118677 0)
(2.73096 0.120764 0)
(2.73886 0.125646 0)
(2.73049 0.129014 0)
(2.72785 0.134658 0)
(2.74037 0.135968 0)
(2.7571 0.137688 0)
(2.77768 0.137161 0)
(2.79902 0.130136 0)
(2.81204 0.117191 0)
(2.83462 0.116287 0)
(2.35618 -0.830381 0)
(2.34082 -0.846392 0)
(2.32822 -0.851224 0)
(2.31888 -0.847261 0)
(2.31663 -0.840754 0)
(2.32449 -0.836116 0)
(2.33346 -0.827652 0)
(2.35449 -0.812545 0)
(2.38953 -0.793482 0)
(2.43056 -0.761048 0)
(2.47089 -0.702399 0)
(2.45599 -0.564607 0)
(2.32322 -0.248933 0)
(2.18219 0.0907939 0)
(2.10214 0.316515 0)
(2.0875 0.393178 0)
(2.11633 0.403286 0)
(2.15324 0.403339 0)
(2.18854 0.405011 0)
(2.22258 0.412604 0)
(2.25582 0.421328 0)
(2.28709 0.434359 0)
(2.31997 0.439286 0)
(2.35416 0.446564 0)
(2.39045 0.448775 0)
(2.42318 0.453874 0)
(2.45139 0.450979 0)
(2.47297 0.448972 0)
(2.49129 0.44103 0)
(2.50594 0.438835 0)
(2.52491 0.43528 0)
(2.55847 0.432744 0)
(2.59482 0.429178 0)
(2.62274 0.42592 0)
(2.63868 0.415055 0)
(2.64409 0.403757 0)
(2.64626 0.396013 0)
(2.67082 0.380933 0)
(2.69434 0.377953 0)
(2.71357 0.349038 0)
(2.69455 0.269575 0)
(2.62594 0.108677 0)
(2.47389 -0.163624 0)
(2.38871 -0.335518 0)
(2.36076 -0.387475 0)
(2.37171 -0.406517 0)
(2.38095 -0.40497 0)
(2.39733 -0.410355 0)
(2.4172 -0.414629 0)
(2.42292 -0.410623 0)
(2.42675 -0.406522 0)
(2.43833 -0.407517 0)
(2.45772 -0.414783 0)
(2.48053 -0.427539 0)
(2.50285 -0.43229 0)
(2.52838 -0.420408 0)
(2.54736 -0.405177 0)
(2.55712 -0.398132 0)
(2.56025 -0.406864 0)
(2.56107 -0.388502 0)
(2.55621 -0.356391 0)
(2.54023 -0.280685 0)
(2.51645 -0.190604 0)
(2.4549 -0.0405525 0)
(2.44019 0.0614155 0)
(2.4546 0.123429 0)
(2.46385 0.187952 0)
(2.46597 0.191823 0)
(2.47198 0.19135 0)
(2.47555 0.181742 0)
(2.47206 0.16729 0)
(2.48505 0.157175 0)
(2.50923 0.154572 0)
(2.53085 0.151506 0)
(2.55576 0.15279 0)
(2.58146 0.153706 0)
(2.60504 0.153874 0)
(2.61886 0.154229 0)
(2.61152 0.156927 0)
(2.59596 0.159679 0)
(2.60849 0.157994 0)
(2.62599 0.15436 0)
(2.64361 0.151326 0)
(2.6629 0.147192 0)
(2.68414 0.147605 0)
(2.70684 0.148368 0)
(2.72714 0.14907 0)
(2.74159 0.149322 0)
(2.73799 0.154269 0)
(2.7244 0.163529 0)
(2.73566 0.16312 0)
(2.75188 0.162737 0)
(2.77017 0.161311 0)
(2.7942 0.158754 0)
(2.8103 0.149781 0)
(2.83581 0.14448 0)
(2.32142 -0.834511 0)
(2.32728 -0.832805 0)
(2.33009 -0.837272 0)
(2.329 -0.839423 0)
(2.32704 -0.8369 0)
(2.33421 -0.831336 0)
(2.35507 -0.814859 0)
(2.37971 -0.796655 0)
(2.43579 -0.749447 0)
(2.47364 -0.718475 0)
(2.53306 -0.650324 0)
(2.58283 -0.633556 0)
(2.56707 -0.509853 0)
(2.51066 -0.277423 0)
(2.32249 0.103108 0)
(2.23507 0.333447 0)
(2.1718 0.472404 0)
(2.177 0.490295 0)
(2.20627 0.497746 0)
(2.2411 0.502389 0)
(2.27666 0.512658 0)
(2.30812 0.529978 0)
(2.338 0.536923 0)
(2.36551 0.54063 0)
(2.39481 0.536422 0)
(2.4202 0.536257 0)
(2.44386 0.530079 0)
(2.46612 0.52893 0)
(2.49454 0.525795 0)
(2.51845 0.533975 0)
(2.54182 0.524814 0)
(2.56032 0.510515 0)
(2.57596 0.490099 0)
(2.58634 0.486474 0)
(2.6031 0.468264 0)
(2.61501 0.466198 0)
(2.63318 0.454512 0)
(2.66417 0.42856 0)
(2.66559 0.378737 0)
(2.61719 0.252504 0)
(2.50318 0.0107533 0)
(2.3745 -0.223366 0)
(2.32116 -0.327696 0)
(2.30811 -0.384065 0)
(2.32099 -0.380297 0)
(2.34712 -0.37331 0)
(2.37214 -0.370096 0)
(2.3907 -0.378005 0)
(2.40445 -0.382024 0)
(2.41521 -0.375224 0)
(2.42216 -0.365511 0)
(2.43368 -0.364572 0)
(2.45794 -0.375215 0)
(2.48393 -0.386484 0)
(2.51162 -0.389493 0)
(2.53715 -0.383828 0)
(2.55729 -0.371544 0)
(2.56884 -0.365749 0)
(2.57077 -0.374732 0)
(2.56083 -0.374342 0)
(2.57559 -0.361109 0)
(2.59777 -0.343333 0)
(2.60141 -0.307767 0)
(2.58831 -0.245394 0)
(2.56209 -0.150837 0)
(2.51916 -0.00993829 0)
(2.51717 0.0781007 0)
(2.53324 0.124588 0)
(2.52012 0.149765 0)
(2.50994 0.155547 0)
(2.49112 0.166656 0)
(2.49303 0.178093 0)
(2.51312 0.189035 0)
(2.53268 0.196487 0)
(2.55183 0.197528 0)
(2.57643 0.191536 0)
(2.5968 0.184646 0)
(2.61078 0.182539 0)
(2.61194 0.183565 0)
(2.59633 0.184586 0)
(2.60396 0.185383 0)
(2.62292 0.185237 0)
(2.64016 0.183203 0)
(2.65994 0.177912 0)
(2.68154 0.176676 0)
(2.70502 0.176172 0)
(2.72593 0.176624 0)
(2.73824 0.17687 0)
(2.73406 0.181247 0)
(2.72359 0.189641 0)
(2.73823 0.189071 0)
(2.7576 0.188393 0)
(2.77749 0.189905 0)
(2.79588 0.191303 0)
(2.81055 0.181506 0)
(2.82956 0.172186 0)
(2.32882 -0.829825 0)
(2.33258 -0.830099 0)
(2.33562 -0.835814 0)
(2.33719 -0.839053 0)
(2.34105 -0.836544 0)
(2.35408 -0.825936 0)
(2.38173 -0.803103 0)
(2.43718 -0.752743 0)
(2.47937 -0.71394 0)
(2.52372 -0.669416 0)
(2.58378 -0.601522 0)
(2.65598 -0.515946 0)
(2.68244 -0.490983 0)
(2.70427 -0.393057 0)
(2.65842 -0.260278 0)
(2.48339 0.105905 0)
(2.33979 0.411276 0)
(2.22381 0.602331 0)
(2.21892 0.625807 0)
(2.25093 0.622363 0)
(2.28478 0.6131 0)
(2.31169 0.612741 0)
(2.33756 0.612043 0)
(2.3606 0.61264 0)
(2.38798 0.612261 0)
(2.41568 0.618272 0)
(2.44553 0.617257 0)
(2.47256 0.609572 0)
(2.49643 0.59966 0)
(2.50725 0.600296 0)
(2.52192 0.583179 0)
(2.53694 0.564307 0)
(2.56121 0.544695 0)
(2.58247 0.540491 0)
(2.60514 0.521507 0)
(2.60876 0.512741 0)
(2.62234 0.473587 0)
(2.59952 0.380739 0)
(2.52049 0.182774 0)
(2.36237 -0.0885642 0)
(2.31355 -0.220646 0)
(2.27046 -0.310081 0)
(2.26752 -0.333917 0)
(2.29294 -0.336642 0)
(2.32294 -0.33761 0)
(2.34811 -0.327082 0)
(2.37236 -0.325872 0)
(2.39459 -0.335537 0)
(2.41083 -0.34431 0)
(2.42328 -0.340347 0)
(2.43104 -0.330219 0)
(2.4402 -0.327361 0)
(2.45917 -0.33308 0)
(2.48265 -0.338722 0)
(2.50978 -0.338288 0)
(2.53635 -0.332164 0)
(2.55857 -0.324561 0)
(2.57466 -0.327599 0)
(2.57807 -0.337953 0)
(2.57733 -0.342124 0)
(2.59064 -0.332767 0)
(2.6105 -0.320671 0)
(2.62855 -0.30605 0)
(2.64416 -0.295925 0)
(2.63994 -0.274066 0)
(2.627 -0.216061 0)
(2.61177 -0.131778 0)
(2.57856 0.0047317 0)
(2.58361 0.0677222 0)
(2.54159 0.147931 0)
(2.51361 0.196849 0)
(2.50487 0.227629 0)
(2.51554 0.238162 0)
(2.53906 0.245157 0)
(2.55661 0.241262 0)
(2.57656 0.234337 0)
(2.59613 0.220671 0)
(2.61181 0.208079 0)
(2.62343 0.202638 0)
(2.61702 0.209143 0)
(2.6108 0.217825 0)
(2.63093 0.22053 0)
(2.64786 0.219069 0)
(2.66681 0.211761 0)
(2.68766 0.205899 0)
(2.7106 0.201673 0)
(2.73043 0.201745 0)
(2.74213 0.202605 0)
(2.74466 0.206768 0)
(2.73942 0.217316 0)
(2.74598 0.215691 0)
(2.76011 0.213152 0)
(2.7772 0.215114 0)
(2.79499 0.219832 0)
(2.81362 0.212748 0)
(2.83566 0.205242 0)
(2.33132 -0.839581 0)
(2.33408 -0.842831 0)
(2.33875 -0.8452 0)
(2.34573 -0.844685 0)
(2.35942 -0.837243 0)
(2.38996 -0.81206 0)
(2.44138 -0.76043 0)
(2.48516 -0.718576 0)
(2.53231 -0.664823 0)
(2.61955 -0.56663 0)
(2.67011 -0.49372 0)
(2.6958 -0.474305 0)
(2.71076 -0.436859 0)
(2.77821 -0.346233 0)
(2.80626 -0.266336 0)
(2.78341 -0.136786 0)
(2.66337 0.133667 0)
(2.43188 0.489073 0)
(2.29584 0.65535 0)
(2.26354 0.726361 0)
(2.28784 0.726221 0)
(2.32287 0.715525 0)
(2.35732 0.709452 0)
(2.38411 0.703772 0)
(2.40571 0.699085 0)
(2.42304 0.698645 0)
(2.44068 0.689021 0)
(2.4632 0.665448 0)
(2.48187 0.657074 0)
(2.50021 0.652151 0)
(2.51517 0.641243 0)
(2.53337 0.611102 0)
(2.55014 0.592733 0)
(2.56277 0.585533 0)
(2.58611 0.562338 0)
(2.57248 0.505301 0)
(2.50466 0.340651 0)
(2.35891 0.0449371 0)
(2.30208 -0.133662 0)
(2.2288 -0.262845 0)
(2.21127 -0.298084 0)
(2.24054 -0.295741 0)
(2.2729 -0.295739 0)
(2.30017 -0.291423 0)
(2.32815 -0.286114 0)
(2.35501 -0.281985 0)
(2.38262 -0.288215 0)
(2.40516 -0.299143 0)
(2.41722 -0.303845 0)
(2.4199 -0.29613 0)
(2.42472 -0.284896 0)
(2.44496 -0.285444 0)
(2.47172 -0.293694 0)
(2.49783 -0.299694 0)
(2.52292 -0.29923 0)
(2.54512 -0.291532 0)
(2.56328 -0.283544 0)
(2.57955 -0.287311 0)
(2.58927 -0.302044 0)
(2.59372 -0.310691 0)
(2.60356 -0.303072 0)
(2.62149 -0.287716 0)
(2.64054 -0.271788 0)
(2.65584 -0.270383 0)
(2.66235 -0.280425 0)
(2.66666 -0.274997 0)
(2.67326 -0.250754 0)
(2.67327 -0.21352 0)
(2.65989 -0.136126 0)
(2.62975 -0.0299018 0)
(2.6076 0.0648974 0)
(2.57837 0.14556 0)
(2.56819 0.18274 0)
(2.56846 0.223241 0)
(2.58799 0.247856 0)
(2.59641 0.24718 0)
(2.60649 0.241758 0)
(2.6161 0.233729 0)
(2.62484 0.232714 0)
(2.63611 0.241092 0)
(2.63216 0.257887 0)
(2.64181 0.258952 0)
(2.65899 0.257339 0)
(2.67714 0.245902 0)
(2.69482 0.233803 0)
(2.71457 0.227054 0)
(2.73161 0.228007 0)
(2.7429 0.22967 0)
(2.748 0.237611 0)
(2.74548 0.251228 0)
(2.75253 0.246087 0)
(2.76691 0.241108 0)
(2.78261 0.241152 0)
(2.8015 0.244815 0)
(2.82019 0.240824 0)
(2.83911 0.232237 0)
(2.34063 -0.842847 0)
(2.34582 -0.847568 0)
(2.35115 -0.846525 0)
(2.35845 -0.840779 0)
(2.38652 -0.817581 0)
(2.43546 -0.770423 0)
(2.49638 -0.70726 0)
(2.55822 -0.641929 0)
(2.6156 -0.559377 0)
(2.66761 -0.483566 0)
(2.71279 -0.447116 0)
(2.73965 -0.400591 0)
(2.80193 -0.290585 0)
(2.82889 -0.21543 0)
(2.86742 -0.202304 0)
(2.90061 -0.155007 0)
(2.86949 -0.0673918 0)
(2.76938 0.134573 0)
(2.49226 0.534631 0)
(2.36497 0.749181 0)
(2.28022 0.831685 0)
(2.30167 0.821577 0)
(2.3384 0.803286 0)
(2.37473 0.775564 0)
(2.39531 0.758572 0)
(2.40875 0.75139 0)
(2.42168 0.739101 0)
(2.44196 0.714455 0)
(2.46102 0.702564 0)
(2.48568 0.691286 0)
(2.49527 0.686791 0)
(2.5124 0.652076 0)
(2.53129 0.6413 0)
(2.53076 0.596954 0)
(2.4984 0.486172 0)
(2.38953 0.236893 0)
(2.25604 -0.044866 0)
(2.21446 -0.163198 0)
(2.20233 -0.232206 0)
(2.20965 -0.240614 0)
(2.22981 -0.250421 0)
(2.25777 -0.242535 0)
(2.28215 -0.2398 0)
(2.30293 -0.242083 0)
(2.32872 -0.242236 0)
(2.35709 -0.242085 0)
(2.38424 -0.244463 0)
(2.40873 -0.250686 0)
(2.42597 -0.260163 0)
(2.43323 -0.263355 0)
(2.44018 -0.255116 0)
(2.45889 -0.249999 0)
(2.48492 -0.25469 0)
(2.50979 -0.259922 0)
(2.53283 -0.260658 0)
(2.55366 -0.253927 0)
(2.56887 -0.244579 0)
(2.57673 -0.24459 0)
(2.57893 -0.255052 0)
(2.58475 -0.261464 0)
(2.60756 -0.259277 0)
(2.63098 -0.252067 0)
(2.65259 -0.244018 0)
(2.66963 -0.23863 0)
(2.67652 -0.247148 0)
(2.66951 -0.25221 0)
(2.68415 -0.247175 0)
(2.70527 -0.244108 0)
(2.71537 -0.223309 0)
(2.72333 -0.1883 0)
(2.70403 -0.108983 0)
(2.66601 -0.0026106 0)
(2.64209 0.082394 0)
(2.59735 0.20105 0)
(2.60958 0.235863 0)
(2.61836 0.278589 0)
(2.61637 0.293633 0)
(2.62131 0.287597 0)
(2.62436 0.270209 0)
(2.63502 0.273767 0)
(2.64506 0.289495 0)
(2.6494 0.299785 0)
(2.66769 0.298805 0)
(2.68469 0.28675 0)
(2.69807 0.269547 0)
(2.71375 0.257451 0)
(2.73111 0.254056 0)
(2.74862 0.252786 0)
(2.76242 0.260455 0)
(2.76618 0.277134 0)
(2.76774 0.279879 0)
(2.7723 0.274501 0)
(2.78124 0.266891 0)
(2.79744 0.263741 0)
(2.81667 0.260608 0)
(2.83868 0.256183 0)
(2.34783 -0.843806 0)
(2.35515 -0.843991 0)
(2.36048 -0.839386 0)
(2.38317 -0.820099 0)
(2.43792 -0.769336 0)
(2.50858 -0.688062 0)
(2.54638 -0.654426 0)
(2.61338 -0.565354 0)
(2.6971 -0.434898 0)
(2.74381 -0.380685 0)
(2.76215 -0.374047 0)
(2.81166 -0.272952 0)
(2.84543 -0.162572 0)
(2.87218 -0.126134 0)
(2.90957 -0.122517 0)
(2.93758 -0.060051 0)
(2.90825 0.00802138 0)
(2.90292 0.0644176 0)
(2.84586 0.196663 0)
(2.58427 0.579573 0)
(2.41597 0.82229 0)
(2.29958 0.872503 0)
(2.31324 0.862721 0)
(2.34821 0.839682 0)
(2.37583 0.814104 0)
(2.38587 0.802238 0)
(2.40217 0.782105 0)
(2.43453 0.750455 0)
(2.45409 0.72569 0)
(2.47386 0.71931 0)
(2.48385 0.716619 0)
(2.49455 0.673986 0)
(2.47921 0.595627 0)
(2.41209 0.421748 0)
(2.24365 0.0945342 0)
(2.18073 -0.0917496 0)
(2.14295 -0.22343 0)
(2.15338 -0.222967 0)
(2.18205 -0.215064 0)
(2.2169 -0.205205 0)
(2.24944 -0.199863 0)
(2.27243 -0.195304 0)
(2.28965 -0.19536 0)
(2.30964 -0.202336 0)
(2.3345 -0.207074 0)
(2.36269 -0.209266 0)
(2.393 -0.212733 0)
(2.42167 -0.218092 0)
(2.44098 -0.224643 0)
(2.44609 -0.228159 0)
(2.4521 -0.221622 0)
(2.46593 -0.212059 0)
(2.48748 -0.210528 0)
(2.51013 -0.214276 0)
(2.53052 -0.217148 0)
(2.55104 -0.214919 0)
(2.56863 -0.207805 0)
(2.57829 -0.205851 0)
(2.58806 -0.214869 0)
(2.60021 -0.216246 0)
(2.61386 -0.212866 0)
(2.6296 -0.211219 0)
(2.64431 -0.208918 0)
(2.653 -0.203909 0)
(2.66159 -0.207669 0)
(2.67506 -0.218892 0)
(2.69004 -0.221698 0)
(2.71178 -0.214549 0)
(2.73777 -0.200523 0)
(2.7514 -0.186828 0)
(2.75788 -0.182534 0)
(2.7437 -0.153744 0)
(2.72662 -0.0867625 0)
(2.69858 0.00367025 0)
(2.68183 0.0802059 0)
(2.65196 0.18453 0)
(2.64542 0.251023 0)
(2.65519 0.262099 0)
(2.65519 0.267346 0)
(2.6533 0.269637 0)
(2.65673 0.283558 0)
(2.66476 0.313943 0)
(2.66702 0.336031 0)
(2.67739 0.331678 0)
(2.69491 0.316268 0)
(2.71244 0.297685 0)
(2.73446 0.286213 0)
(2.75613 0.281265 0)
(2.77121 0.291317 0)
(2.77422 0.311359 0)
(2.77339 0.314889 0)
(2.78196 0.306819 0)
(2.79743 0.301949 0)
(2.81269 0.293712 0)
(2.82493 0.288545 0)
(2.84003 0.283385 0)
(2.35352 -0.846449 0)
(2.35797 -0.843655 0)
(2.37961 -0.825324 0)
(2.43493 -0.773013 0)
(2.50544 -0.693691 0)
(2.55433 -0.646037 0)
(2.64728 -0.532935 0)
(2.72761 -0.385516 0)
(2.76379 -0.349552 0)
(2.76545 -0.354984 0)
(2.83088 -0.237247 0)
(2.86808 -0.101854 0)
(2.88265 -0.0621701 0)
(2.90358 -0.0864757 0)
(2.89355 -0.0733903 0)
(2.89522 -0.01259 0)
(2.88967 0.023136 0)
(2.92051 0.03737 0)
(2.92644 0.058276 0)
(2.8576 0.189968 0)
(2.62352 0.570454 0)
(2.47501 0.762661 0)
(2.33087 0.851445 0)
(2.3304 0.857627 0)
(2.34899 0.843691 0)
(2.36527 0.81831 0)
(2.38631 0.787433 0)
(2.42426 0.746895 0)
(2.44457 0.712482 0)
(2.4631 0.715994 0)
(2.45439 0.669206 0)
(2.42442 0.558648 0)
(2.28746 0.278398 0)
(2.16726 0.0117136 0)
(2.11393 -0.107439 0)
(2.11782 -0.152002 0)
(2.1396 -0.152927 0)
(2.17231 -0.157291 0)
(2.2088 -0.156643 0)
(2.23778 -0.162788 0)
(2.25862 -0.159579 0)
(2.27586 -0.156352 0)
(2.29641 -0.162777 0)
(2.31737 -0.170452 0)
(2.3405 -0.174627 0)
(2.37005 -0.173517 0)
(2.3977 -0.173287 0)
(2.41588 -0.179755 0)
(2.42525 -0.185465 0)
(2.43353 -0.183179 0)
(2.44928 -0.17957 0)
(2.4737 -0.177695 0)
(2.49914 -0.175326 0)
(2.52269 -0.175112 0)
(2.54112 -0.176721 0)
(2.5534 -0.176929 0)
(2.56098 -0.172901 0)
(2.57166 -0.166167 0)
(2.58273 -0.16639 0)
(2.60009 -0.171778 0)
(2.62355 -0.176107 0)
(2.64526 -0.17644 0)
(2.65895 -0.172486 0)
(2.66092 -0.166589 0)
(2.66047 -0.166641 0)
(2.66666 -0.178192 0)
(2.67935 -0.183629 0)
(2.69766 -0.180053 0)
(2.7196 -0.17124 0)
(2.73814 -0.165636 0)
(2.75308 -0.165027 0)
(2.75798 -0.172636 0)
(2.76148 -0.160954 0)
(2.7492 -0.117169 0)
(2.74696 -0.0667982 0)
(2.72147 0.0184548 0)
(2.71391 0.09189 0)
(2.6929 0.194553 0)
(2.67923 0.269935 0)
(2.66822 0.286708 0)
(2.66891 0.310732 0)
(2.66996 0.326738 0)
(2.6699 0.359373 0)
(2.67556 0.371576 0)
(2.69206 0.365537 0)
(2.70748 0.345328 0)
(2.72269 0.327257 0)
(2.74156 0.322494 0)
(2.76252 0.329194 0)
(2.78238 0.336443 0)
(2.79336 0.338111 0)
(2.79015 0.335079 0)
(2.78993 0.328209 0)
(2.80315 0.313642 0)
(2.81461 0.310397 0)
(2.83986 0.301705 0)
(2.35351 -0.847797 0)
(2.37458 -0.830285 0)
(2.42849 -0.78115 0)
(2.50916 -0.692708 0)
(2.58668 -0.60125 0)
(2.66885 -0.492376 0)
(2.74099 -0.352911 0)
(2.77836 -0.289324 0)
(2.81678 -0.237607 0)
(2.86826 -0.0974646 0)
(2.864 -0.00404729 0)
(2.86913 0.016222 0)
(2.90428 0.0433076 0)
(2.90665 0.0737292 0)
(2.89591 0.0737996 0)
(2.89384 0.0855362 0)
(2.90683 0.0908991 0)
(2.93486 0.0835208 0)
(2.92688 0.0701199 0)
(2.91295 0.0716518 0)
(2.84888 0.153399 0)
(2.68394 0.429218 0)
(2.4574 0.672844 0)
(2.32856 0.842028 0)
(2.31213 0.833194 0)
(2.33921 0.80639 0)
(2.36584 0.780604 0)
(2.40297 0.750061 0)
(2.42402 0.715828 0)
(2.4205 0.66121 0)
(2.36417 0.483766 0)
(2.19745 0.160726 0)
(2.09436 -0.0325296 0)
(2.05974 -0.145143 0)
(2.07018 -0.142912 0)
(2.10567 -0.133307 0)
(2.14396 -0.116154 0)
(2.17452 -0.10923 0)
(2.19999 -0.110475 0)
(2.22584 -0.123683 0)
(2.25214 -0.131592 0)
(2.27529 -0.128353 0)
(2.29758 -0.126556 0)
(2.32061 -0.128561 0)
(2.34336 -0.131375 0)
(2.36051 -0.135267 0)
(2.37688 -0.139602 0)
(2.39773 -0.144034 0)
(2.42161 -0.149209 0)
(2.44384 -0.14939 0)
(2.46503 -0.141686 0)
(2.48485 -0.134747 0)
(2.49744 -0.136716 0)
(2.50667 -0.141991 0)
(2.51935 -0.143567 0)
(2.53715 -0.138867 0)
(2.55888 -0.133986 0)
(2.57879 -0.130789 0)
(2.59823 -0.132273 0)
(2.61403 -0.135315 0)
(2.62289 -0.140523 0)
(2.63168 -0.140885 0)
(2.64469 -0.133176 0)
(2.66019 -0.128559 0)
(2.67298 -0.13094 0)
(2.68122 -0.139329 0)
(2.68949 -0.14234 0)
(2.7015 -0.139885 0)
(2.71738 -0.130604 0)
(2.73381 -0.128795 0)
(2.74926 -0.127753 0)
(2.75899 -0.137409 0)
(2.75905 -0.136573 0)
(2.75355 -0.131554 0)
(2.76245 -0.106078 0)
(2.76371 -0.0885901 0)
(2.76304 -0.0452272 0)
(2.75604 0.0196958 0)
(2.75645 0.0807525 0)
(2.71524 0.186719 0)
(2.69262 0.272018 0)
(2.69535 0.303241 0)
(2.69034 0.348326 0)
(2.69545 0.365365 0)
(2.70074 0.36394 0)
(2.71304 0.35552 0)
(2.72564 0.348572 0)
(2.74212 0.353241 0)
(2.75881 0.364213 0)
(2.77339 0.369087 0)
(2.7873 0.367496 0)
(2.79172 0.365278 0)
(2.78552 0.356841 0)
(2.79822 0.336185 0)
(2.80604 0.317865 0)
(2.82759 0.279865 0)
(2.36672 -0.837156 0)
(2.41997 -0.790981 0)
(2.53117 -0.678017 0)
(2.62581 -0.551757 0)
(2.66966 -0.474474 0)
(2.73623 -0.339022 0)
(2.78935 -0.22014 0)
(2.81415 -0.188379 0)
(2.82072 -0.116639 0)
(2.83806 -0.0194085 0)
(2.85575 -0.00370159 0)
(2.88989 0.00326067 0)
(2.90089 0.0435616 0)
(2.89799 0.0707442 0)
(2.89459 0.0842769 0)
(2.90484 0.0854082 0)
(2.92271 0.0740081 0)
(2.92305 0.0636311 0)
(2.91906 0.0476589 0)
(2.90873 0.0368232 0)
(2.90608 0.0162086 0)
(2.87126 0.0655537 0)
(2.74241 0.281853 0)
(2.40849 0.6871 0)
(2.34069 0.741881 0)
(2.3484 0.767463 0)
(2.3584 0.761322 0)
(2.36725 0.729175 0)
(2.36144 0.642071 0)
(2.27956 0.39665 0)
(2.16242 0.125558 0)
(2.03734 -0.0455237 0)
(2.01537 -0.0741918 0)
(2.0302 -0.078832 0)
(2.07492 -0.0825542 0)
(2.11092 -0.0840363 0)
(2.13478 -0.0803208 0)
(2.15973 -0.0754567 0)
(2.18646 -0.0786234 0)
(2.21026 -0.086704 0)
(2.23012 -0.0903454 0)
(2.25477 -0.0894558 0)
(2.27927 -0.0905264 0)
(2.30079 -0.0950066 0)
(2.32011 -0.0975021 0)
(2.33974 -0.0995358 0)
(2.3614 -0.101302 0)
(2.38359 -0.100943 0)
(2.40479 -0.09847 0)
(2.4261 -0.0960551 0)
(2.44794 -0.094877 0)
(2.46667 -0.0948488 0)
(2.4801 -0.097405 0)
(2.49107 -0.10057 0)
(2.5057 -0.10135 0)
(2.52423 -0.0981562 0)
(2.54443 -0.0932825 0)
(2.56475 -0.0899857 0)
(2.58271 -0.0905463 0)
(2.59857 -0.0939694 0)
(2.61241 -0.099386 0)
(2.62414 -0.0999408 0)
(2.63484 -0.094057 0)
(2.64381 -0.0883331 0)
(2.65196 -0.0887654 0)
(2.66032 -0.0957901 0)
(2.67113 -0.0997193 0)
(2.6866 -0.0986731 0)
(2.70613 -0.0919098 0)
(2.72703 -0.0902505 0)
(2.74751 -0.0901287 0)
(2.76322 -0.0954483 0)
(2.76812 -0.0964959 0)
(2.76323 -0.0962928 0)
(2.75674 -0.081412 0)
(2.76632 -0.0775239 0)
(2.78557 -0.0763758 0)
(2.79413 -0.0666219 0)
(2.80212 -0.0390099 0)
(2.80403 0.00562543 0)
(2.77182 0.103564 0)
(2.75753 0.186529 0)
(2.73568 0.27293 0)
(2.70895 0.353354 0)
(2.70736 0.384777 0)
(2.71277 0.372936 0)
(2.72603 0.388968 0)
(2.73548 0.387999 0)
(2.74617 0.388013 0)
(2.75792 0.384233 0)
(2.76767 0.378028 0)
(2.77309 0.354362 0)
(2.76666 0.317276 0)
(2.77069 0.280191 0)
(2.77149 0.239057 0)
(2.79109 0.17829 0)
(2.45123 -0.791534 0)
(2.59851 -0.653601 0)
(2.69778 -0.499253 0)
(2.79851 -0.304192 0)
(2.87196 -0.124563 0)
(2.91104 0.00525258 0)
(2.93264 0.096602 0)
(2.95246 0.164564 0)
(2.9343 0.188417 0)
(2.95158 0.173971 0)
(2.98403 0.151222 0)
(2.99219 0.104468 0)
(2.96602 0.0724872 0)
(2.95428 0.0696044 0)
(2.94006 0.0617918 0)
(2.94358 0.0410596 0)
(2.94219 0.0187404 0)
(2.93691 0.0112123 0)
(2.92555 0.00255358 0)
(2.91866 -0.0122236 0)
(2.92398 -0.0310306 0)
(2.927 -0.0221904 0)
(2.91778 0.0168629 0)
(2.69469 0.327864 0)
(2.53458 0.56292 0)
(2.38559 0.762551 0)
(2.30413 0.705156 0)
(2.19945 0.504459 0)
(2.06586 0.196675 0)
(1.92222 -0.0482362 0)
(1.8803 -0.142182 0)
(1.91021 -0.120804 0)
(1.96961 -0.0880365 0)
(2.02048 -0.0503449 0)
(2.05634 -0.0295471 0)
(2.09144 -0.0334282 0)
(2.1239 -0.0425706 0)
(2.15201 -0.0457349 0)
(2.17955 -0.0454338 0)
(2.20532 -0.0460992 0)
(2.23034 -0.0496878 0)
(2.2561 -0.0524919 0)
(2.28079 -0.0520983 0)
(2.30244 -0.0537273 0)
(2.32019 -0.0588174 0)
(2.33898 -0.0613873 0)
(2.36161 -0.0592569 0)
(2.38644 -0.056134 0)
(2.41185 -0.0552346 0)
(2.43565 -0.0562414 0)
(2.45534 -0.0571822 0)
(2.4699 -0.0574624 0)
(2.48127 -0.0588271 0)
(2.49386 -0.0609017 0)
(2.5101 -0.0615169 0)
(2.52938 -0.0602267 0)
(2.55016 -0.0570069 0)
(2.57 -0.0541715 0)
(2.58805 -0.0553586 0)
(2.6035 -0.0586594 0)
(2.61605 -0.0607182 0)
(2.62704 -0.0584183 0)
(2.63815 -0.0538352 0)
(2.64872 -0.0507357 0)
(2.65752 -0.0521918 0)
(2.6651 -0.057821 0)
(2.67438 -0.060739 0)
(2.68895 -0.0597746 0)
(2.70784 -0.0552776 0)
(2.73007 -0.0550299 0)
(2.75222 -0.055787 0)
(2.77077 -0.0580638 0)
(2.78193 -0.0608412 0)
(2.78086 -0.0602704 0)
(2.77106 -0.0518169 0)
(2.77474 -0.0486046 0)
(2.79169 -0.0441054 0)
(2.80563 -0.0388581 0)
(2.82134 -0.0337466 0)
(2.83057 -0.0235339 0)
(2.8381 -0.00315252 0)
(2.82415 0.0557204 0)
(2.80336 0.141516 0)
(2.79037 0.195516 0)
(2.75855 0.269758 0)
(2.74257 0.319763 0)
(2.74026 0.350165 0)
(2.75127 0.339787 0)
(2.7493 0.341918 0)
(2.73863 0.32116 0)
(2.72001 0.263596 0)
(2.71892 0.205996 0)
(2.718 0.153416 0)
(2.7084 0.0998599 0)
(2.69626 0.0498032 0)
(2.70618 -0.0073894 0)
(2.43095 -0.818427 0)
(2.54355 -0.798577 0)
(2.63452 -0.799743 0)
(2.77841 -0.601536 0)
(2.85048 -0.50729 0)
(2.94744 -0.379371 0)
(2.92555 -0.200678 0)
(2.96774 -0.0982241 0)
(2.99564 -0.00968955 0)
(3.0107 0.0381425 0)
(3.01644 0.0444929 0)
(2.99248 0.0653339 0)
(2.97353 0.0648949 0)
(2.96939 0.0597204 0)
(2.98096 0.0443883 0)
(2.97689 0.0307402 0)
(2.96286 0.0292094 0)
(2.95221 0.029725 0)
(2.94556 0.0260757 0)
(2.9423 0.0158584 0)
(2.94639 0.00366099 0)
(2.95014 -0.0046242 0)
(2.948 0.00114282 0)
(2.91295 0.034622 0)
(2.76736 0.172689 0)
(2.47848 0.357649 0)
(2.21235 0.379614 0)
(2.00507 0.418191 0)
(1.86774 0.257765 0)
(1.8248 0.115912 0)
(1.85502 0.0121847 0)
(1.93225 -0.0279618 0)
(1.99014 -0.0332919 0)
(2.01738 -0.0246445 0)
(2.04184 -0.0238756 0)
(2.06793 -0.0229625 0)
(2.09964 -0.0244994 0)
(2.13155 -0.0236838 0)
(2.16213 -0.0217502 0)
(2.19105 -0.0216441 0)
(2.21697 -0.0232833 0)
(2.23972 -0.0245971 0)
(2.26042 -0.0241794 0)
(2.2802 -0.0253853 0)
(2.30027 -0.0290274 0)
(2.32165 -0.0297527 0)
(2.34596 -0.0276433 0)
(2.37245 -0.0263061 0)
(2.39835 -0.0266718 0)
(2.42044 -0.0278715 0)
(2.43716 -0.0286487 0)
(2.44965 -0.0285043 0)
(2.46154 -0.0290715 0)
(2.47598 -0.0309785 0)
(2.49309 -0.0323904 0)
(2.51189 -0.0315764 0)
(2.53183 -0.0286681 0)
(2.55228 -0.0269968 0)
(2.57125 -0.0287676 0)
(2.5859 -0.0311342 0)
(2.59722 -0.0317662 0)
(2.60814 -0.0299103 0)
(2.6199 -0.0268699 0)
(2.63165 -0.025259 0)
(2.64157 -0.0278234 0)
(2.6484 -0.0337153 0)
(2.65638 -0.035788 0)
(2.67154 -0.0333149 0)
(2.69102 -0.0298467 0)
(2.71367 -0.0285104 0)
(2.73605 -0.0285241 0)
(2.75379 -0.0284761 0)
(2.76337 -0.0304148 0)
(2.76047 -0.0314894 0)
(2.75395 -0.0280025 0)
(2.7597 -0.0308846 0)
(2.7755 -0.0314561 0)
(2.79163 -0.0321516 0)
(2.80912 -0.0296542 0)
(2.82406 -0.027612 0)
(2.83811 -0.0241656 0)
(2.84999 -0.0199061 0)
(2.83408 0.00908057 0)
(2.81889 0.0283302 0)
(2.79142 0.057434 0)
(2.76109 0.0913926 0)
(2.72081 0.138674 0)
(2.68508 0.157578 0)
(2.67198 0.172986 0)
(2.69324 0.168267 0)
(2.70712 0.181639 0)
(2.7028 0.17681 0)
(2.7023 0.163011 0)
(2.68383 0.142268 0)
(2.67148 0.122806 0)
(2.66917 0.0912899 0)
)
;

boundaryField
{
    inlet
    {
        type            fixedValue;
        value           uniform (3 0 0);
    }
    outlet
    {
        type            inletOutlet;
        inletValue      uniform (3 0 0);
        value           nonuniform List<vector> 
32
(
(2.66839 -0.0898007 0)
(2.70607 0.00815902 0)
(2.79073 -0.179054 0)
(2.82847 -0.283441 0)
(2.83983 -0.302604 0)
(2.83406 -0.285213 0)
(2.83898 -0.257551 0)
(2.84005 -0.232631 0)
(2.83703 -0.201591 0)
(2.82984 -0.168738 0)
(2.83592 -0.1447 0)
(2.83674 -0.116659 0)
(2.84642 -0.0904894 0)
(2.84015 -0.0601887 0)
(2.8466 -0.0363743 0)
(2.83592 -0.0160863 0)
(2.83356 0.0135264 0)
(2.84357 0.0353818 0)
(2.83815 0.0603024 0)
(2.84679 0.0895233 0)
(2.83462 0.116287 0)
(2.83581 0.14448 0)
(2.82956 0.172186 0)
(2.83566 0.205242 0)
(2.83911 0.232237 0)
(2.83868 0.256183 0)
(2.84003 0.283385 0)
(2.83986 0.301705 0)
(2.82759 0.279865 0)
(2.79109 0.17829 0)
(2.70618 -0.0073894 0)
(2.66917 0.0912899 0)
)
;
    }
    bottom
    {
        type            symmetryPlane;
    }
    top
    {
        type            symmetryPlane;
    }
    obstacle
    {
        type            slip;
    }
    defaultFaces
    {
        type            empty;
    }
}


// ************************************************************************* //
