/*--------------------------------*- C++ -*----------------------------------*\
  =========                 |
  \\      /  F ield         | OpenFOAM: The Open Source CFD Toolbox
   \\    /   O peration     | Website:  https://openfoam.org
    \\  /    A nd           | Version:  7
     \\/     M anipulation  |
\*---------------------------------------------------------------------------*/
FoamFile
{
    version     2.0;
    format      ascii;
    class       volVectorField;
    location    "2.4";
    object      U;
}
// * * * * * * * * * * * * * * * * * * * * * * * * * * * * * * * * * * * * * //

dimensions      [0 1 -1 0 0 0 0];

internalField   nonuniform List<vector> 
4608
(
(3 5.76163e-18 0)
(3 -9.08977e-18 0)
(3 -8.00447e-17 0)
(3 1.82584e-16 0)
(3 2.90053e-16 0)
(3 1.74262e-16 0)
(3 -9.78435e-16 0)
(3 -6.04332e-16 0)
(3 -5.42879e-16 0)
(3 -7.13721e-16 0)
(3 -8.6069e-16 0)
(3 -1.34939e-15 0)
(3 -1.54842e-15 0)
(3 -1.23133e-15 0)
(3 -8.16181e-16 0)
(3 -6.11334e-16 0)
(3 -1.08011e-16 0)
(3 5.679e-16 0)
(3 1.10965e-15 0)
(3 2.93812e-16 0)
(3 7.43272e-17 0)
(3 -1.15585e-16 0)
(3 2.712e-16 0)
(3 2.77063e-16 0)
(3 2.98538e-18 0)
(3 1.37979e-16 0)
(3 1.31785e-16 0)
(3 3.00984e-16 0)
(3 1.85192e-16 0)
(3 -2.94198e-17 0)
(3 -1.72016e-15 0)
(3 -2.02142e-15 0)
(3 -2.03819e-15 0)
(3 -9.29443e-16 0)
(3 -1.01474e-15 0)
(3 -6.68682e-16 0)
(3 -7.35476e-16 0)
(3 -1.1386e-15 0)
(3 -1.33873e-15 0)
(3 -1.09735e-15 0)
(3 -7.18602e-16 0)
(3 4.01525e-16 0)
(3 1.06841e-15 0)
(3 5.52021e-16 0)
(3 1.35582e-16 0)
(3 3.35578e-16 0)
(3 1.48061e-15 0)
(3 1.4157e-15 0)
(3 -1.51409e-17 0)
(3 9.77335e-18 0)
(3 2.55345e-16 0)
(3 1.0198e-16 0)
(3 -2.06596e-16 0)
(3 -7.00093e-16 0)
(3 -8.79733e-16 0)
(3 -9.66804e-16 0)
(3 -1.22773e-15 0)
(3 -9.15768e-16 0)
(3 4.84652e-16 0)
(3 7.7301e-16 0)
(3 4.22371e-16 0)
(3 -9.33126e-16 0)
(3 -1.40361e-15 0)
(3 -6.99028e-16 0)
(3 5.39897e-16 0)
(3 1.09879e-15 0)
(3 1.1382e-15 0)
(3 1.26653e-15 0)
(3 1.60111e-15 0)
(3 1.32716e-15 0)
(3 1.34809e-15 0)
(3 1.29953e-15 0)
(3 -1.15389e-16 0)
(3 -7.96998e-16 0)
(3 -5.42822e-16 0)
(3 -2.63617e-16 0)
(3 1.14503e-17 0)
(3 9.74223e-17 0)
(3 -4.59177e-16 0)
(3 -5.24723e-16 0)
(3 -9.05462e-16 0)
(3 -8.34339e-16 0)
(3 -4.02911e-16 0)
(3 -5.33108e-16 0)
(3 -3.0023e-16 0)
(3 -4.98775e-16 0)
(3 -2.54643e-16 0)
(3 3.75074e-16 0)
(3 1.82239e-15 0)
(3 1.58175e-15 0)
(3 9.41075e-16 0)
(3 5.14432e-16 0)
(3 8.24901e-16 0)
(3 1.02534e-15 0)
(3 1.10204e-15 0)
(3 1.06973e-15 0)
(3 4.91162e-17 0)
(3 1.24223e-16 0)
(3 -8.477e-17 0)
(3 -4.08566e-16 0)
(3 -5.83924e-16 0)
(3 -5.49234e-16 0)
(3 -6.27017e-16 0)
(3 -8.22376e-16 0)
(3 -6.38717e-16 0)
(3 5.2589e-16 0)
(3 4.42176e-16 0)
(3 4.7877e-16 0)
(3 7.83215e-16 0)
(3 8.74748e-16 0)
(3 8.87884e-16 0)
(3 8.3473e-16 0)
(3 6.39236e-16 0)
(3 6.30008e-16 0)
(3 7.66272e-16 0)
(3 -7.4791e-17 0)
(3 -3.18423e-16 0)
(3 -1.07995e-16 0)
(3 1.2597e-16 0)
(3 -2.28407e-16 0)
(3 6.99372e-17 0)
(3 2.9799e-16 0)
(3 6.28422e-16 0)
(3 4.85836e-16 0)
(3 -3.35998e-16 0)
(3 -6.88514e-16 0)
(3 -5.76222e-16 0)
(3 -5.12258e-16 0)
(3 3.09092e-16 0)
(3 9.46563e-16 0)
(3 1.79918e-15 0)
(3 1.93338e-15 0)
(3 1.37482e-15 0)
(3 1.15776e-15 0)
(3 1.08846e-15 0)
(3 6.4447e-16 0)
(3 -3.28708e-16 0)
(3 1.38101e-16 0)
(3 9.04484e-16 0)
(3 9.56623e-16 0)
(3 6.4977e-16 0)
(3 6.23551e-16 0)
(3 8.3739e-16 0)
(3 1.15297e-16 0)
(3 4.74839e-17 0)
(3 1.71963e-17 0)
(3 2.41934e-16 0)
(3 8.36005e-16 0)
(3 9.11448e-16 0)
(3 2.38164e-16 0)
(3 8.70056e-17 0)
(3 1.45651e-16 0)
(3 1.57338e-16 0)
(3 -1.17466e-16 0)
(3 -1.30304e-16 0)
(3 -2.38237e-17 0)
(3 1.19413e-16 0)
(3 9.45529e-16 0)
(3 1.43208e-15 0)
(3 7.54763e-16 0)
(3 4.11191e-16 0)
(3 1.67672e-16 0)
(3 3.45315e-16 0)
(3 1.12354e-15 0)
(3 1.16232e-15 0)
(3 5.9882e-16 0)
(3 2.20547e-16 0)
(3 2.05719e-16 0)
(3 1.25281e-16 0)
(3 3.49011e-17 0)
(3 -2.9588e-16 0)
(3 3.89136e-18 0)
(3 3.19855e-16 0)
(3 5.54403e-16 0)
(3 4.96668e-16 0)
(3 7.8469e-16 0)
(3 9.11319e-16 0)
(3 -4.97116e-16 0)
(3 -2.15483e-15 0)
(3 -2.11317e-15 0)
(3 -2.60091e-17 0)
(3 9.13055e-16 0)
(3 1.35439e-15 0)
(3 1.12363e-17 0)
(3 -6.99561e-16 0)
(3 -8.60939e-16 0)
(3 -1.00716e-15 0)
(3 -3.69993e-16 0)
(3 -1.46625e-16 0)
(3 -3.42696e-16 0)
(3 -3.25597e-16 0)
(3 2.60213e-16 0)
(3 3.30873e-18 0)
(3 -6.37563e-18 0)
(3 2.87934e-17 0)
(3 3.97142e-17 0)
(3 2.04116e-19 0)
(3 -1.69552e-16 0)
(3 -4.3511e-16 0)
(3 -6.58523e-17 0)
(3 2.51601e-16 0)
(3 -8.20284e-16 0)
(3 -1.3705e-15 0)
(3 -9.1009e-16 0)
(3 -7.50301e-16 0)
(3 -7.21812e-17 0)
(3 1.03728e-16 0)
(3 -7.52255e-16 0)
(3 -6.0153e-16 0)
(3 -4.45374e-16 0)
(3 -3.85487e-16 0)
(3 -2.05949e-16 0)
(3 3.38869e-17 0)
(3 2.64655e-16 0)
(3 2.05476e-16 0)
(3 3.3544e-16 0)
(3 9.12201e-18 0)
(3 3.9964e-16 0)
(3 5.36974e-16 0)
(3 5.62827e-16 0)
(3 3.61644e-16 0)
(3 6.66605e-17 0)
(3 3.18816e-18 0)
(3 -3.93322e-16 0)
(3 -5.98221e-16 0)
(3 -1.74436e-16 0)
(3 1.29768e-16 0)
(3 3.46958e-16 0)
(3 4.71851e-16 0)
(3 6.23424e-16 0)
(3 2.79381e-16 0)
(3 8.02332e-16 0)
(3 8.13681e-16 0)
(3 -2.05339e-16 0)
(3 -5.08298e-16 0)
(3 -4.69159e-16 0)
(3 -6.67983e-16 0)
(3 -6.48451e-16 0)
(3 -3.89553e-16 0)
(3 -1.70933e-16 0)
(3 -5.10668e-17 0)
(3 -2.09248e-16 0)
(3 -5.7279e-17 0)
(3 4.34831e-16 0)
(3 7.93482e-16 0)
(3 1.80277e-15 0)
(3 2.18686e-15 0)
(3 1.62973e-15 0)
(3 1.27923e-15 0)
(3 1.29941e-15 0)
(3 1.78395e-15 0)
(3 1.82807e-15 0)
(3 2.51459e-15 0)
(3 2.36058e-15 0)
(3 2.45076e-15 0)
(3 2.72137e-15 0)
(3 1.86134e-15 0)
(3 -5.40563e-17 0)
(3 -4.9969e-16 0)
(3 -1.30101e-15 0)
(3 -7.19766e-16 0)
(3 1.96388e-16 0)
(3 7.88813e-16 0)
(3 1.09289e-15 0)
(3 -1.73601e-16 0)
(3 -7.63635e-16 0)
(3 -8.49325e-16 0)
(3 -8.54837e-16 0)
(3 -1.25648e-16 0)
(3 2.40588e-16 0)
(3 1.13013e-15 0)
(3 1.22465e-15 0)
(3 1.1324e-15 0)
(3 1.19014e-15 0)
(3 1.58589e-15 0)
(3 8.83137e-16 0)
(3 9.70337e-16 0)
(3 1.57286e-15 0)
(3 2.22123e-15 0)
(3 2.40139e-15 0)
(3 2.42382e-15 0)
(3 2.02534e-15 0)
(3 1.99129e-15 0)
(3 1.80164e-15 0)
(3 8.95909e-16 0)
(3 7.29229e-16 0)
(3 2.34876e-16 0)
(3 4.02184e-17 0)
(3 1.74939e-17 0)
(3 -3.29992e-17 0)
(3 -1.6259e-16 0)
(3 -5.56411e-16 0)
(3 -8.21178e-16 0)
(3 -6.84757e-16 0)
(3 -4.79612e-16 0)
(3 -2.71902e-16 0)
(3 -3.31154e-16 0)
(3 -2.17399e-16 0)
(3 -1.82531e-16 0)
(3 -5.90618e-16 0)
(3 -1.60311e-15 0)
(3 -8.47879e-16 0)
(3 7.0813e-18 0)
(3 3.28274e-16 0)
(3 8.11248e-16 0)
(3 1.3891e-15 0)
(3 1.37714e-15 0)
(3 1.09495e-15 0)
(3 1.64382e-16 0)
(3 -7.16334e-16 0)
(3 -1.08441e-15 0)
(3 -1.40571e-15 0)
(3 2.61292e-16 0)
(3 3.18278e-16 0)
(3 2.07084e-16 0)
(3 -1.93898e-16 0)
(3 -9.54356e-16 0)
(3 -1.56862e-15 0)
(3 -2.06981e-15 0)
(3 -2.04872e-15 0)
(3 -1.04535e-15 0)
(3 -1.02321e-15 0)
(3 -1.80691e-15 0)
(3 -1.42076e-15 0)
(3 -1.57663e-15 0)
(3 -1.64978e-15 0)
(3 -4.5295e-16 0)
(3 2.76093e-16 0)
(3 2.03738e-16 0)
(3 3.45174e-16 0)
(3 8.95851e-17 0)
(3 -3.573e-16 0)
(3 7.98812e-17 0)
(3 1.34145e-16 0)
(3 4.75237e-16 0)
(3 4.15348e-16 0)
(3 -1.80938e-16 0)
(3 -1.32179e-16 0)
(3 -2.95953e-16 0)
(3 -7.52102e-16 0)
(3 -8.0387e-16 0)
(3 -1.28459e-15 0)
(3 -1.40836e-15 0)
(3 -1.15754e-15 0)
(3 -5.20211e-17 0)
(3 5.68053e-16 0)
(3 3.13337e-16 0)
(3 3.69041e-17 0)
(3 1.40885e-16 0)
(3 4.72048e-16 0)
(3 6.61667e-16 0)
(3 9.27627e-16 0)
(3 9.17557e-16 0)
(3 9.54821e-16 0)
(3 7.41701e-16 0)
(3 3.86624e-16 0)
(3 3.50883e-16 0)
(3 5.4818e-16 0)
(3 6.09832e-16 0)
(3 8.74248e-17 0)
(3 -4.90043e-17 0)
(3 1.88338e-16 0)
(3 1.59701e-16 0)
(3 1.2667e-16 0)
(3 2.06816e-16 0)
(3 2.01759e-16 0)
(3 6.89307e-17 0)
(3 1.20427e-16 0)
(3 -1.42282e-16 0)
(3 3.36535e-16 0)
(3 1.69299e-15 0)
(3 1.72189e-15 0)
(3 1.222e-15 0)
(3 8.07123e-16 0)
(3 1.11692e-16 0)
(3 -2.8863e-16 0)
(3 -5.89831e-16 0)
(3 -9.99695e-16 0)
(3 -4.11293e-16 0)
(3 3.07273e-16 0)
(3 9.79057e-16 0)
(3 1.42796e-15 0)
(3 9.83374e-16 0)
(3 2.04589e-16 0)
(3 1.95503e-16 0)
(3 2.45724e-16 0)
(3 3.16331e-16 0)
(3 5.47778e-16 0)
(3 9.95608e-16 0)
(3 9.22515e-16 0)
(3 3.78572e-16 0)
(3 -2.05296e-16 0)
(3 -7.44291e-16 0)
(3 -4.03081e-16 0)
(3 -1.79019e-16 0)
(3 3.50368e-16 0)
(3 5.96865e-17 0)
(3 -7.04517e-16 0)
(3 -1.11632e-15 0)
(3 -1.40462e-15 0)
(3 -1.49631e-15 0)
(3 -1.30191e-15 0)
(3 -1.29801e-15 0)
(3 -4.66401e-16 0)
(3 1.19735e-15 0)
(3 1.2497e-15 0)
(3 1.04381e-15 0)
(3 1.08217e-15 0)
(3 -8.82263e-17 0)
(3 -2.98365e-16 0)
(3 -2.13095e-16 0)
(3 8.304e-17 0)
(3 2.16743e-16 0)
(3 3.29891e-16 0)
(3 6.65007e-16 0)
(3 3.76489e-16 0)
(3 4.44765e-16 0)
(3 2.33634e-16 0)
(3 -2.48879e-16 0)
(3 -8.67097e-16 0)
(3 -1.11766e-15 0)
(3 -1.74317e-15 0)
(3 -1.85385e-15 0)
(3 -1.63216e-15 0)
(3 -9.65168e-16 0)
(3 -6.03256e-16 0)
(3 -8.36891e-16 0)
(3 -6.55905e-16 0)
(3 -1.9747e-16 0)
(3 1.91491e-16 0)
(3 5.9386e-16 0)
(3 7.18835e-16 0)
(3 -1.58042e-16 0)
(3 2.68893e-16 0)
(3 7.12476e-16 0)
(3 6.29286e-16 0)
(3 2.26781e-16 0)
(3 2.01706e-16 0)
(3 9.00272e-16 0)
(3 1.1561e-15 0)
(3 1.05204e-15 0)
(3 -1.32798e-16 0)
(3 -3.56373e-16 0)
(3 -1.48391e-15 0)
(3 -1.76757e-15 0)
(3 -1.13616e-15 0)
(3 -1.18085e-15 0)
(3 -7.81623e-16 0)
(3 -8.5218e-16 0)
(3 -5.56386e-16 0)
(3 -2.87124e-16 0)
(3 3.83264e-17 0)
(3 -2.06129e-16 0)
(3 -3.99359e-16 0)
(3 9.62294e-17 0)
(3 1.43229e-17 0)
(3 5.88126e-17 0)
(3 3.13175e-16 0)
(3 5.34946e-16 0)
(3 6.46429e-16 0)
(3 3.47065e-16 0)
(3 6.03057e-17 0)
(3 1.79671e-16 0)
(3 4.78982e-16 0)
(3 8.34202e-16 0)
(3 5.58758e-16 0)
(3 3.4609e-16 0)
(3 7.50606e-16 0)
(3 5.35495e-16 0)
(3 -4.92629e-16 0)
(3 -1.05702e-15 0)
(3 -1.15227e-15 0)
(3 -2.64135e-16 0)
(3 4.65638e-16 0)
(3 7.16681e-16 0)
(3 5.24642e-18 0)
(3 -2.06909e-16 0)
(3 -1.97949e-16 0)
(3 -6.96904e-16 0)
(3 -7.32597e-16 0)
(3 3.12045e-17 0)
(3 -1.23621e-16 0)
(3 -4.48771e-16 0)
(3 -4.13867e-16 0)
(3 -5.69836e-16 0)
(3 -6.38282e-16 0)
(3 -8.44833e-16 0)
(3 -7.15206e-16 0)
(3 -6.52227e-16 0)
(3 -3.04328e-16 0)
(3 4.06285e-16 0)
(3 1.67294e-15 0)
(3 1.73991e-15 0)
(3 9.69682e-16 0)
(3 -3.03944e-16 0)
(3 -5.00365e-16 0)
(3 -6.68938e-16 0)
(3 -8.55021e-16 0)
(3 -3.71385e-16 0)
(3 -3.16808e-16 0)
(3 -2.54508e-16 0)
(3 -4.15061e-16 0)
(3 -2.15392e-16 0)
(3 -5.191e-18 0)
(3 -9.23318e-17 0)
(3 -1.91164e-16 0)
(3 -3.48056e-16 0)
(3 -7.33787e-16 0)
(3 -8.75575e-16 0)
(3 -4.85812e-16 0)
(3 3.30339e-18 0)
(3 -5.42408e-17 0)
(3 -4.03944e-16 0)
(3 -2.2955e-17 0)
(3 -4.84127e-16 0)
(3 -5.90819e-17 0)
(3 -8.43772e-17 0)
(3 -7.62998e-16 0)
(3 -1.25445e-15 0)
(3 -1.7311e-15 0)
(3 -1.81223e-15 0)
(3 -1.97511e-15 0)
(3 -1.25422e-15 0)
(3 2.12029e-16 0)
(3 2.00984e-16 0)
(3 -4.39526e-16 0)
(3 -8.00282e-17 0)
(3 -1.06655e-16 0)
(3 1.39902e-16 0)
(3 -2.46089e-16 0)
(3 -1.86798e-16 0)
(3 -2.55044e-16 0)
(3 8.60731e-17 0)
(3 8.47113e-16 0)
(3 1.36927e-15 0)
(3 7.58436e-16 0)
(3 -2.13809e-16 0)
(3 -9.30859e-16 0)
(3 -1.28091e-15 0)
(3 -1.9546e-15 0)
(3 -1.87777e-15 0)
(3 -1.79352e-15 0)
(3 -2.26367e-15 0)
(3 -2.81443e-15 0)
(3 -2.34196e-15 0)
(3 -1.93021e-15 0)
(3 -8.19063e-16 0)
(3 -3.41407e-16 0)
(3 -6.4994e-17 0)
(3 -6.29557e-16 0)
(3 -6.92085e-16 0)
(3 -6.54657e-16 0)
(3 -5.33218e-17 0)
(3 -4.95074e-16 0)
(3 -7.33879e-16 0)
(3 1.15797e-16 0)
(3 4.44331e-16 0)
(3 3.86514e-16 0)
(3 -8.10373e-17 0)
(3 -1.08106e-16 0)
(3 -4.09414e-16 0)
(3 -9.71246e-16 0)
(3 -9.71112e-16 0)
(3 -9.01198e-16 0)
(3 -1.06401e-15 0)
(3 -1.6473e-15 0)
(3 -2.39005e-15 0)
(3 -1.46077e-15 0)
(3 -1.03455e-15 0)
(3 -1.08919e-15 0)
(3 -8.38879e-16 0)
(3 -9.28301e-16 0)
(3 -1.47511e-15 0)
(3 -1.00802e-15 0)
(3 -3.52426e-17 0)
(3 7.23087e-16 0)
(3 -2.62232e-17 0)
(3 1.77462e-16 0)
(3 7.60755e-17 0)
(3 3.56019e-16 0)
(3 2.81408e-16 0)
(3 -1.50421e-16 0)
(3 -5.0051e-16 0)
(3 -1.07666e-15 0)
(3 -8.03735e-16 0)
(3 4.04887e-17 0)
(3 8.34023e-16 0)
(3 7.48561e-16 0)
(3 1.33705e-17 0)
(3 -5.84238e-16 0)
(3 -5.65923e-16 0)
(3 1.9207e-18 0)
(3 -1.26154e-16 0)
(3 -5.92658e-17 0)
(3 -3.758e-16 0)
(3 -5.11054e-16 0)
(3 -3.46365e-16 0)
(3 -2.21657e-16 0)
(3 -1.86343e-16 0)
(3 -3.28593e-17 0)
(3 1.1486e-16 0)
(3 5.89621e-16 0)
(3 4.88215e-16 0)
(3 3.07371e-16 0)
(3 9.6548e-16 0)
(3 9.04626e-16 0)
(3 2.83349e-16 0)
(3 -6.13254e-16 0)
(3 -1.20762e-15 0)
(3 -9.72034e-16 0)
(3 -1.02365e-15 0)
(3 -1.28902e-15 0)
(3 -7.55203e-16 0)
(3 1.00801e-15 0)
(3 1.64495e-15 0)
(3 9.87379e-16 0)
(3 4.91242e-16 0)
(3 3.53793e-16 0)
(3 -4.82614e-17 0)
(3 -3.45564e-16 0)
(3 1.0911e-16 0)
(3 4.10393e-16 0)
(3 -4.67863e-16 0)
(3 -1.01497e-15 0)
(3 -8.76321e-17 0)
(3 1.64482e-16 0)
(3 3.85805e-16 0)
(3 4.24081e-16 0)
(3 8.55856e-16 0)
(3 1.13825e-15 0)
(3 1.00142e-15 0)
(3 8.81343e-16 0)
(3 3.83289e-16 0)
(3 -9.60703e-16 0)
(3 -1.02428e-15 0)
(3 -6.22438e-16 0)
(3 5.75497e-16 0)
(3 1.32296e-15 0)
(3 1.108e-15 0)
(3 3.22699e-16 0)
(3 3.08509e-16 0)
(3 4.66735e-16 0)
(3 5.93077e-16 0)
(3 2.971e-16 0)
(3 -4.34792e-16 0)
(3 -3.75318e-16 0)
(3 -7.81081e-16 0)
(3 -2.51914e-15 0)
(3 -1.2692e-17 0)
(3 3.07854e-18 0)
(3 -2.05022e-17 0)
(3 -1.15394e-16 0)
(3 1.04872e-16 0)
(3 3.26717e-16 0)
(3 4.17115e-17 0)
(3 5.55059e-17 0)
(3 -1.26449e-16 0)
(3 -7.92689e-16 0)
(3 -5.3894e-16 0)
(3 3.28412e-16 0)
(3 1.38924e-15 0)
(3 1.36897e-15 0)
(3 1.46223e-15 0)
(3 1.55566e-15 0)
(3 1.24357e-15 0)
(3 1.20802e-15 0)
(3 1.29892e-15 0)
(3 1.04232e-15 0)
(3 4.65168e-16 0)
(3 -7.88293e-17 0)
(3 -3.45617e-16 0)
(3 -2.30081e-15 0)
(3 1.9836e-16 0)
(3 -5.96513e-17 0)
(3 -3.32485e-16 0)
(3 -5.9606e-16 0)
(3 -9.44422e-16 0)
(3 -1.71969e-15 0)
(3 -1.03833e-15 0)
(3 -6.41302e-16 0)
(3 -3.75016e-16 0)
(3 -1.86369e-16 0)
(3 -2.96497e-16 0)
(3 -2.04015e-17 0)
(3 2.48174e-16 0)
(3 6.19884e-16 0)
(3 1.68999e-15 0)
(3 2.54613e-15 0)
(3 2.32715e-15 0)
(3 1.53924e-15 0)
(3 1.12317e-15 0)
(3 1.36435e-15 0)
(3 9.40393e-16 0)
(3 1.81468e-16 0)
(3 -1.58797e-16 0)
(3 -1.08149e-15 0)
(3 -1.55617e-16 0)
(3 -3.15144e-16 0)
(3 -5.311e-16 0)
(3 -7.95064e-16 0)
(3 -1.37927e-15 0)
(3 -1.75875e-15 0)
(3 -1.2817e-15 0)
(3 -7.98219e-16 0)
(3 -3.59514e-16 0)
(3 2.39822e-16 0)
(3 8.27693e-17 0)
(3 2.23813e-16 0)
(3 2.17379e-16 0)
(3 4.57677e-16 0)
(3 5.74707e-16 0)
(3 4.41245e-16 0)
(3 2.3972e-16 0)
(3 -3.03307e-16 0)
(3 -1.0957e-15 0)
(3 -1.18696e-15 0)
(3 -1.04325e-15 0)
(3 -1.02926e-15 0)
(3 -1.21307e-15 0)
(3 -1.1495e-15 0)
(3 -1.14599e-16 0)
(3 -4.02418e-16 0)
(3 -4.21613e-16 0)
(3 -5.61852e-16 0)
(3 -4.45763e-16 0)
(3 -7.06476e-16 0)
(3 -1.35973e-15 0)
(3 -1.24266e-15 0)
(3 -8.96351e-16 0)
(3 -9.36396e-16 0)
(3 -1.31068e-15 0)
(3 -9.19393e-16 0)
(3 -2.14012e-17 0)
(3 8.27323e-16 0)
(3 9.32783e-16 0)
(3 2.57611e-16 0)
(3 -8.42878e-16 0)
(3 -2.6023e-15 0)
(3 -3.71405e-15 0)
(3 -3.28236e-15 0)
(3 -2.38527e-15 0)
(3 -1.6345e-15 0)
(3 -1.35607e-15 0)
(3 -2.264e-16 0)
(3 -6.85104e-18 0)
(3 1.0945e-18 0)
(3 2.0793e-16 0)
(3 7.54537e-17 0)
(3 4.06728e-17 0)
(3 -6.01505e-16 0)
(3 -6.33293e-16 0)
(3 -3.72699e-16 0)
(3 3.06286e-19 0)
(3 -5.59876e-16 0)
(3 -1.00154e-15 0)
(3 -4.211e-16 0)
(3 6.0921e-17 0)
(3 4.77872e-16 0)
(3 8.53311e-16 0)
(3 5.57034e-16 0)
(3 -1.00703e-16 0)
(3 -1.53432e-15 0)
(3 -1.9275e-15 0)
(3 -1.3828e-15 0)
(3 -7.84261e-16 0)
(3 -5.32278e-16 0)
(3 -1.51266e-16 0)
(3 3.07941e-16 0)
(2.93241 0.0178931 0)
(2.85237 0.0451516 0)
(2.74637 0.178772 0)
(2.6856 0.219677 0)
(2.56732 0.358887 0)
(2.50331 0.44458 0)
(2.42378 0.541937 0)
(2.34871 0.626297 0)
(2.31384 0.725433 0)
(2.26014 0.797941 0)
(2.24797 0.855128 0)
(2.27963 0.884618 0)
(2.32606 0.891688 0)
(2.33988 0.887215 0)
(2.34697 0.878542 0)
(2.34746 0.870154 0)
(2.34686 0.856095 0)
(2.34825 0.848834 0)
(2.34474 0.847617 0)
(2.33919 0.847315 0)
(2.33703 0.847857 0)
(2.3383 0.849254 0)
(2.34177 0.849611 0)
(2.34136 0.849195 0)
(2.99887 0.00112271 0)
(2.99058 0.0107724 0)
(2.95768 0.052579 0)
(2.90542 0.131227 0)
(2.79962 0.277807 0)
(2.68403 0.460956 0)
(2.5347 0.682906 0)
(2.37061 0.908765 0)
(2.23796 1.06017 0)
(2.17409 1.10274 0)
(2.13575 1.04758 0)
(2.18693 1.00199 0)
(2.25995 0.942368 0)
(2.29213 0.899564 0)
(2.32721 0.860963 0)
(2.3485 0.833864 0)
(2.35356 0.831273 0)
(2.36144 0.834543 0)
(2.35791 0.837928 0)
(2.35138 0.842517 0)
(2.34708 0.844408 0)
(2.34417 0.845789 0)
(2.34456 0.847007 0)
(2.34324 0.846156 0)
(3 -1.44526e-07 0)
(3.00002 -3.58704e-05 0)
(2.9999 0.00013069 0)
(2.99992 0.000118638 0)
(2.99859 0.00190069 0)
(2.99149 0.0126597 0)
(2.96623 0.0518805 0)
(2.89384 0.181112 0)
(2.79363 0.391253 0)
(2.5754 0.717626 0)
(2.44329 0.856118 0)
(2.34104 0.929779 0)
(2.29842 0.915332 0)
(2.29711 0.897662 0)
(2.30742 0.887575 0)
(2.33655 0.874336 0)
(2.3529 0.863247 0)
(2.35919 0.85289 0)
(2.36274 0.842327 0)
(2.36074 0.842311 0)
(2.35664 0.844587 0)
(2.35144 0.848352 0)
(2.34841 0.849971 0)
(2.34592 0.850228 0)
(3 -1.34225e-08 0)
(3 -1.27082e-06 0)
(3 -1.01757e-06 0)
(3 -5.18387e-07 0)
(3.00001 -8.08039e-06 0)
(2.99999 2.13247e-05 0)
(3.00007 -0.000151912 0)
(2.99917 0.0014479 0)
(2.99164 0.0156581 0)
(2.88971 0.169926 0)
(2.74037 0.434092 0)
(2.48459 0.74198 0)
(2.31165 0.932293 0)
(2.27466 0.946172 0)
(2.28581 0.936674 0)
(2.301 0.923074 0)
(2.32171 0.899147 0)
(2.34722 0.868679 0)
(2.36138 0.845663 0)
(2.36566 0.841344 0)
(2.36089 0.842185 0)
(2.35765 0.843904 0)
(2.35304 0.848994 0)
(2.3498 0.855794 0)
(3 -1.03426e-10 0)
(3 2.51722e-09 0)
(3 -2.55342e-08 0)
(3 -4.66492e-08 0)
(3 -5.13126e-07 0)
(3 -7.43705e-07 0)
(3 -5.84178e-06 0)
(3 -4.6627e-06 0)
(3.00002 -5.82166e-05 0)
(2.99924 0.000771463 0)
(2.9844 0.0235912 0)
(2.89303 0.144009 0)
(2.58593 0.532187 0)
(2.46655 0.710874 0)
(2.35911 0.848278 0)
(2.29466 0.898946 0)
(2.29885 0.897605 0)
(2.32045 0.879963 0)
(2.3409 0.861176 0)
(2.35326 0.858286 0)
(2.35824 0.844302 0)
(2.35852 0.839676 0)
(2.35728 0.840669 0)
(2.35004 0.850007 0)
(3 1.48873e-12 0)
(3 8.97944e-11 0)
(3 1.29103e-10 0)
(3 -3.2153e-10 0)
(3 3.25257e-10 0)
(3 -4.51404e-08 0)
(3 -9.64641e-08 0)
(3 -3.26871e-07 0)
(3 -6.40731e-06 0)
(3 -6.16011e-06 0)
(3.00002 -5.00284e-05 0)
(2.9988 0.00159752 0)
(2.96554 0.0432723 0)
(2.86072 0.196693 0)
(2.51706 0.611365 0)
(2.34986 0.801452 0)
(2.32057 0.848044 0)
(2.31158 0.873159 0)
(2.31348 0.877123 0)
(2.32788 0.866776 0)
(2.34029 0.85001 0)
(2.34816 0.834123 0)
(2.35112 0.832374 0)
(2.35085 0.837029 0)
(3 2.92146e-13 0)
(3 2.44615e-13 0)
(3 5.30965e-12 0)
(3 6.28996e-12 0)
(3 1.22861e-11 0)
(3 -4.08392e-10 0)
(3 -5.57474e-11 0)
(3 -7.06825e-10 0)
(3 -1.7077e-08 0)
(3 -3.76684e-07 0)
(3 -5.39601e-06 0)
(3.00001 -1.46602e-05 0)
(2.99997 4.54932e-05 0)
(2.99708 0.00428392 0)
(2.92479 0.0935911 0)
(2.77668 0.300056 0)
(2.45706 0.675084 0)
(2.29147 0.883101 0)
(2.2988 0.860933 0)
(2.30956 0.857084 0)
(2.31282 0.857374 0)
(2.32385 0.847411 0)
(2.33558 0.838743 0)
(2.34194 0.839581 0)
(3 4.05686e-15 0)
(3 1.70651e-15 0)
(3 6.13263e-15 0)
(3 6.54195e-13 0)
(3 2.88771e-12 0)
(3 5.78103e-12 0)
(3 7.79365e-12 0)
(3 6.29064e-12 0)
(3 1.73756e-10 0)
(3 -9.48397e-10 0)
(3 -3.37746e-08 0)
(3 -1.2153e-06 0)
(3 -1.19159e-06 0)
(3.00001 -2.02671e-05 0)
(2.99939 0.000959738 0)
(2.98993 0.0168081 0)
(2.8596 0.177895 0)
(2.61915 0.488163 0)
(2.46935 0.689268 0)
(2.31498 0.87199 0)
(2.28189 0.879054 0)
(2.29436 0.864427 0)
(2.31644 0.84642 0)
(2.32499 0.841316 0)
(3 8.14784e-16 0)
(3 1.69976e-15 0)
(3 7.48161e-16 0)
(3 4.30219e-15 0)
(3 8.22678e-14 0)
(3 6.97636e-13 0)
(3 2.15938e-12 0)
(3 2.5022e-12 0)
(3 1.9577e-11 0)
(3 1.86413e-11 0)
(3 3.05969e-10 0)
(3 -4.90061e-09 0)
(3 -8.9867e-08 0)
(3 -3.45004e-06 0)
(3 -2.53343e-06 0)
(3 -2.09312e-05 0)
(2.99645 0.00545445 0)
(2.9587 0.0599364 0)
(2.77315 0.318413 0)
(2.46937 0.694008 0)
(2.39298 0.781883 0)
(2.34019 0.823498 0)
(2.33065 0.83519 0)
(2.32715 0.836553 0)
(3 -1.11929e-16 0)
(3 1.55945e-15 0)
(3 1.34989e-15 0)
(3 2.79006e-16 0)
(3 -4.8589e-16 0)
(3 6.11724e-15 0)
(3 6.40251e-14 0)
(3 1.92883e-13 0)
(3 7.87339e-13 0)
(3 2.81866e-12 0)
(3 4.71408e-11 0)
(3 5.61818e-11 0)
(3 -5.06786e-10 0)
(3 -6.25103e-08 0)
(3 -5.05249e-07 0)
(3 -1.74766e-06 0)
(3.00001 -1.56044e-05 0)
(2.99967 0.000620115 0)
(2.98367 0.0241593 0)
(2.86051 0.191414 0)
(2.645 0.510924 0)
(2.36997 0.83275 0)
(2.33256 0.844541 0)
(2.32755 0.835184 0)
(3 1.18244e-15 0)
(3 -2.56263e-16 0)
(3 -1.42993e-15 0)
(3 -1.67053e-15 0)
(3 -1.77836e-15 0)
(3 -1.31219e-15 0)
(3 7.54958e-16 0)
(3 3.73466e-15 0)
(3 2.00496e-15 0)
(3 2.88177e-14 0)
(3 9.77474e-13 0)
(3 1.12521e-11 0)
(3 7.97497e-12 0)
(3 2.72599e-10 0)
(3 -9.11937e-09 0)
(3 -8.69043e-08 0)
(3 -2.04888e-06 0)
(3 -4.8949e-06 0)
(2.99992 0.00011671 0)
(2.99483 0.00953272 0)
(2.93837 0.0977048 0)
(2.67611 0.453429 0)
(2.51731 0.660154 0)
(2.37031 0.8167 0)
(3 -4.26702e-16 0)
(3 -1.89846e-15 0)
(3 -1.96984e-15 0)
(3 -1.37386e-15 0)
(3 -3.41422e-16 0)
(3 2.10746e-16 0)
(3 2.17036e-16 0)
(3 -5.03159e-16 0)
(3 9.3075e-16 0)
(3 1.94992e-15 0)
(3 2.63051e-15 0)
(3 6.46521e-14 0)
(3 1.5075e-12 0)
(3 2.36399e-11 0)
(3 9.75784e-11 0)
(3 -3.67443e-10 0)
(3 -2.88486e-08 0)
(3 -8.8046e-07 0)
(3 -1.79358e-06 0)
(2.99999 7.84685e-06 0)
(2.9981 0.00346815 0)
(2.96268 0.0575303 0)
(2.77263 0.347307 0)
(2.56435 0.63991 0)
(3 -1.78038e-15 0)
(3 -2.17001e-15 0)
(3 -1.62117e-15 0)
(3 -1.24622e-15 0)
(3 -7.11328e-16 0)
(3 -1.68552e-16 0)
(3 8.61128e-16 0)
(3 -4.51071e-16 0)
(3 4.89661e-16 0)
(3 9.69502e-16 0)
(3 2.03058e-16 0)
(3 1.07746e-15 0)
(3 1.18185e-14 0)
(3 7.67462e-13 0)
(3 9.49115e-12 0)
(3 1.71502e-11 0)
(3 1.37647e-11 0)
(3 -1.48808e-08 0)
(3 -5.29764e-07 0)
(3 -6.13968e-07 0)
(3 1.35603e-06 0)
(2.9994 0.0012056 0)
(2.97638 0.0412915 0)
(2.86786 0.227479 0)
(3 5.28582e-16 0)
(3 4.78794e-16 0)
(3 1.98274e-16 0)
(3 2.60744e-16 0)
(3 4.82617e-16 0)
(3 -3.06524e-16 0)
(3 -6.11997e-16 0)
(3 -2.2599e-16 0)
(3 3.50304e-16 0)
(3 9.55482e-16 0)
(3 7.7544e-16 0)
(3 7.23132e-16 0)
(3 1.08082e-15 0)
(3 4.33084e-16 0)
(3 5.65479e-13 0)
(3 4.88512e-12 0)
(3 1.28591e-11 0)
(3 -1.23361e-11 0)
(3 -2.54575e-08 0)
(3 -1.67358e-07 0)
(3 -1.77181e-07 0)
(3 -2.83566e-06 0)
(2.99958 0.000835864 0)
(2.99273 0.0156312 0)
(3 7.48939e-17 0)
(3 5.5288e-16 0)
(3 9.07666e-16 0)
(3 1.59417e-15 0)
(3 1.90395e-15 0)
(3 -4.76086e-17 0)
(3 -1.50116e-15 0)
(3 -8.0861e-16 0)
(3 -6.07667e-16 0)
(3 -6.39256e-16 0)
(3 1.31752e-16 0)
(3 6.52838e-16 0)
(3 8.96332e-16 0)
(3 7.2022e-16 0)
(3 2.50758e-15 0)
(3 3.69375e-13 0)
(3 1.83453e-12 0)
(3 2.54222e-12 0)
(3 -9.77929e-11 0)
(3 -1.13175e-08 0)
(3 -4.04311e-08 0)
(3 -5.93256e-07 0)
(3 6.01e-06 0)
(2.99999 -5.99177e-06 0)
(3 -2.26917e-17 0)
(3 6.93389e-16 0)
(3 1.6094e-15 0)
(3 2.26554e-15 0)
(3 1.13684e-15 0)
(3 1.04005e-16 0)
(3 -1.93842e-16 0)
(3 -4.74037e-16 0)
(3 -8.77582e-16 0)
(3 -1.79366e-15 0)
(3 -1.8267e-15 0)
(3 -1.35194e-15 0)
(3 -2.20158e-16 0)
(3 9.52457e-17 0)
(3 2.87976e-16 0)
(3 5.20435e-15 0)
(3 5.0196e-14 0)
(3 8.88243e-13 0)
(3 3.60837e-13 0)
(3 -3.30449e-11 0)
(3 -4.6124e-09 0)
(3 -5.82376e-08 0)
(3 -7.78814e-08 0)
(3 -5.55479e-06 0)
(3 7.28836e-16 0)
(3 9.01799e-16 0)
(3 1.2216e-15 0)
(3 7.84043e-16 0)
(3 7.43908e-16 0)
(3 9.28439e-16 0)
(3 9.63582e-16 0)
(3 5.49945e-16 0)
(3 -4.53869e-16 0)
(3 -1.53245e-15 0)
(3 -1.98805e-15 0)
(3 -5.4713e-16 0)
(3 -5.42327e-16 0)
(3 -3.45821e-17 0)
(3 1.21319e-15 0)
(3 -2.69584e-15 0)
(3 -1.03057e-13 0)
(3 -8.46167e-13 0)
(3 -4.16292e-13 0)
(3 4.71813e-10 0)
(3 7.6881e-10 0)
(3 2.47012e-08 0)
(3 1.0553e-06 0)
(3 -1.65104e-06 0)
(3 7.1185e-16 0)
(3 6.61228e-16 0)
(3 8.70547e-16 0)
(3 5.31936e-16 0)
(3 8.88459e-16 0)
(3 1.65037e-15 0)
(3 1.08449e-15 0)
(3 -2.80288e-16 0)
(3 -1.51434e-15 0)
(3 -9.73132e-16 0)
(3 1.27182e-16 0)
(3 7.96374e-16 0)
(3 4.00444e-16 0)
(3 9.44744e-16 0)
(3 -1.56282e-15 0)
(3 -3.68636e-13 0)
(3 -2.61738e-12 0)
(3 -2.54784e-12 0)
(3 1.66569e-10 0)
(3 1.53255e-08 0)
(3 7.04305e-08 0)
(3 1.96205e-07 0)
(3 2.65978e-06 0)
(2.99997 -3.78104e-05 0)
(3 2.71698e-16 0)
(3 5.33583e-16 0)
(3 8.21026e-16 0)
(3 1.8477e-15 0)
(3 1.63788e-15 0)
(3 1.30604e-15 0)
(3 -4.50383e-16 0)
(3 -1.35152e-15 0)
(3 -1.56006e-15 0)
(3 -3.39048e-16 0)
(3 1.09455e-15 0)
(3 1.67154e-15 0)
(3 1.00585e-16 0)
(3 -6.46566e-16 0)
(3 -4.54755e-13 0)
(3 -5.38489e-12 0)
(3 -1.45321e-11 0)
(3 6.45887e-11 0)
(3 2.48163e-08 0)
(3 1.51561e-07 0)
(3 4.11963e-07 0)
(3 1.63939e-06 0)
(2.99974 -0.000498844 0)
(2.98997 -0.0188517 0)
(3 -4.66685e-16 0)
(3 2.33532e-16 0)
(3 1.41212e-16 0)
(3 1.04271e-15 0)
(3 8.82993e-16 0)
(3 5.68212e-16 0)
(3 -2.828e-16 0)
(3 -2.88311e-16 0)
(3 4.77162e-16 0)
(3 -6.10491e-16 0)
(3 -9.00155e-17 0)
(3 3.53407e-16 0)
(3 -6.14065e-15 0)
(3 -6.0575e-13 0)
(3 -8.23845e-12 0)
(3 -1.52785e-11 0)
(3 -5.60819e-11 0)
(3 1.72921e-08 0)
(3 4.46522e-07 0)
(3 5.97099e-07 0)
(3 3.88516e-06 0)
(2.99906 -0.00192301 0)
(2.98302 -0.0343825 0)
(2.85325 -0.230935 0)
(3 3.65403e-16 0)
(3 8.20205e-16 0)
(3 8.26735e-16 0)
(3 5.36545e-16 0)
(3 6.61258e-16 0)
(3 1.17104e-15 0)
(3 1.76425e-15 0)
(3 1.7782e-15 0)
(3 2.63355e-15 0)
(3 5.62516e-16 0)
(3 -2.47638e-15 0)
(3 -7.12088e-14 0)
(3 -1.42069e-12 0)
(3 -1.73418e-11 0)
(3 -7.84195e-11 0)
(3 1.9679e-10 0)
(3 3.14626e-08 0)
(3 8.34228e-07 0)
(3 1.43101e-06 0)
(2.99999 -5.41783e-06 0)
(2.99826 -0.00326297 0)
(2.953 -0.0714466 0)
(2.82235 -0.310171 0)
(2.48506 -0.716954 0)
(3 -3.09252e-16 0)
(3 -7.74726e-16 0)
(3 -1.03819e-15 0)
(3 -1.41919e-15 0)
(3 -3.97493e-16 0)
(3 1.14144e-15 0)
(3 2.9417e-15 0)
(3 4.88021e-16 0)
(3 9.95934e-17 0)
(3 -2.86239e-14 0)
(3 -9.85188e-13 0)
(3 -1.12502e-11 0)
(3 -8.06712e-12 0)
(3 -2.69156e-10 0)
(3 9.69411e-09 0)
(3 8.29131e-08 0)
(3 2.28148e-06 0)
(3 4.17016e-06 0)
(2.99994 -8.86535e-05 0)
(2.99452 -0.00987795 0)
(2.94571 -0.0946582 0)
(2.6667 -0.46945 0)
(2.50895 -0.680415 0)
(2.36347 -0.806953 0)
(3 -5.72366e-16 0)
(3 -6.34646e-16 0)
(3 -3.32919e-16 0)
(3 -2.55329e-15 0)
(3 -3.59677e-15 0)
(3 -1.19152e-14 0)
(3 -7.13092e-14 0)
(3 -1.94189e-13 0)
(3 -8.05313e-13 0)
(3 -2.88595e-12 0)
(3 -4.6058e-11 0)
(3 -5.77145e-11 0)
(3 4.86274e-10 0)
(3 6.38365e-08 0)
(3 5.01474e-07 0)
(3 1.75233e-06 0)
(3.00001 1.6938e-05 0)
(2.99966 -0.000657638 0)
(2.98413 -0.0228065 0)
(2.85325 -0.200767 0)
(2.67846 -0.49293 0)
(2.36373 -0.850285 0)
(2.30925 -0.857421 0)
(2.32036 -0.826905 0)
(3 1.36514e-15 0)
(3 1.13101e-15 0)
(3 7.20778e-16 0)
(3 -4.26515e-15 0)
(3 -8.21497e-14 0)
(3 -6.94691e-13 0)
(3 -2.15806e-12 0)
(3 -2.50539e-12 0)
(3 -1.97869e-11 0)
(3 -1.89581e-11 0)
(3 -2.97862e-10 0)
(3 5.39327e-09 0)
(3 9.03032e-08 0)
(3 3.44685e-06 0)
(3 2.54327e-06 0)
(3 2.34203e-05 0)
(2.99639 -0.00561036 0)
(2.95996 -0.0584413 0)
(2.76777 -0.323932 0)
(2.46786 -0.695525 0)
(2.40639 -0.771258 0)
(2.3415 -0.825869 0)
(2.32327 -0.839812 0)
(2.32164 -0.836416 0)
(3 -1.7714e-15 0)
(3 1.06828e-15 0)
(3 -2.63984e-15 0)
(3 -6.50105e-13 0)
(3 -2.89834e-12 0)
(3 -5.77439e-12 0)
(3 -7.77361e-12 0)
(3 -6.30724e-12 0)
(3 -1.73627e-10 0)
(3 9.56266e-10 0)
(3 3.27092e-08 0)
(3 1.26272e-06 0)
(3 1.19738e-06 0)
(3.00001 2.02065e-05 0)
(2.99939 -0.000961237 0)
(2.98991 -0.0166906 0)
(2.85894 -0.178833 0)
(2.62162 -0.485732 0)
(2.46727 -0.691529 0)
(2.3116 -0.873349 0)
(2.28467 -0.874813 0)
(2.29748 -0.862722 0)
(2.31613 -0.848444 0)
(2.32271 -0.843847 0)
(3 -2.91186e-13 0)
(3 -2.42656e-13 0)
(3 -5.34827e-12 0)
(3 -6.30386e-12 0)
(3 -1.22698e-11 0)
(3 4.06652e-10 0)
(3 5.72592e-11 0)
(3 7.16925e-10 0)
(3 1.65007e-08 0)
(3 3.85495e-07 0)
(3 5.1654e-06 0)
(3.00001 1.4927e-05 0)
(2.99997 -4.51848e-05 0)
(2.99707 -0.00429675 0)
(2.92495 -0.0933036 0)
(2.77432 -0.301357 0)
(2.46109 -0.671125 0)
(2.29023 -0.884906 0)
(2.29686 -0.862815 0)
(2.30916 -0.85693 0)
(2.31328 -0.855495 0)
(2.32483 -0.847466 0)
(2.33602 -0.840279 0)
(2.3408 -0.840261 0)
(3 -1.47952e-12 0)
(3 -9.01856e-11 0)
(3 -1.29816e-10 0)
(3 3.23209e-10 0)
(3 -3.24177e-10 0)
(3 4.5031e-08 0)
(3 9.63029e-08 0)
(3 3.27477e-07 0)
(3 6.40528e-06 0)
(3 6.15868e-06 0)
(3.00002 4.99251e-05 0)
(2.9988 -0.00159431 0)
(2.96552 -0.0433015 0)
(2.86084 -0.196602 0)
(2.51704 -0.611503 0)
(2.34948 -0.801966 0)
(2.3208 -0.847642 0)
(2.31201 -0.872917 0)
(2.31311 -0.877655 0)
(2.32762 -0.867138 0)
(2.34124 -0.848809 0)
(2.34876 -0.833794 0)
(2.35155 -0.833738 0)
(2.35048 -0.837181 0)
(3 1.03063e-10 0)
(3 -2.52467e-09 0)
(3 2.5772e-08 0)
(3 4.6707e-08 0)
(3 5.12435e-07 0)
(3 7.42733e-07 0)
(3 5.84871e-06 0)
(3 4.67602e-06 0)
(3.00002 5.81535e-05 0)
(2.99924 -0.000770606 0)
(2.98438 -0.0236076 0)
(2.89308 -0.143955 0)
(2.58588 -0.532234 0)
(2.46658 -0.710874 0)
(2.35904 -0.848441 0)
(2.29463 -0.898919 0)
(2.29891 -0.897388 0)
(2.32061 -0.879572 0)
(2.34078 -0.861754 0)
(2.35346 -0.858512 0)
(2.35844 -0.844123 0)
(2.35901 -0.839535 0)
(2.35736 -0.840806 0)
(2.34979 -0.849873 0)
(3 1.33356e-08 0)
(3 1.27359e-06 0)
(3 1.02365e-06 0)
(3 5.19119e-07 0)
(3.00001 8.08128e-06 0)
(2.99999 -2.13373e-05 0)
(3.00007 0.000151859 0)
(2.99917 -0.00144789 0)
(2.99164 -0.0156618 0)
(2.88979 -0.169814 0)
(2.74006 -0.434285 0)
(2.48466 -0.741895 0)
(2.31184 -0.932102 0)
(2.27467 -0.94621 0)
(2.28577 -0.936753 0)
(2.30096 -0.923071 0)
(2.32161 -0.899014 0)
(2.34758 -0.868338 0)
(2.36103 -0.846229 0)
(2.36545 -0.841537 0)
(2.36084 -0.841978 0)
(2.35776 -0.843777 0)
(2.35313 -0.849092 0)
(2.34982 -0.855807 0)
(3 1.40301e-07 0)
(3.00002 3.58525e-05 0)
(2.9999 -0.000130647 0)
(2.99992 -0.000118925 0)
(2.99859 -0.00190017 0)
(2.99149 -0.0126663 0)
(2.96625 -0.0518574 0)
(2.8938 -0.181157 0)
(2.79361 -0.39127 0)
(2.5756 -0.717413 0)
(2.44312 -0.856162 0)
(2.34107 -0.929838 0)
(2.2984 -0.915348 0)
(2.29712 -0.897655 0)
(2.30744 -0.887546 0)
(2.33643 -0.874502 0)
(2.35304 -0.863019 0)
(2.35919 -0.852861 0)
(2.36266 -0.842372 0)
(2.36063 -0.842375 0)
(2.35659 -0.84451 0)
(2.35143 -0.84825 0)
(2.34843 -0.850076 0)
(2.34592 -0.850311 0)
(2.99887 -0.00112497 0)
(2.99058 -0.010769 0)
(2.95769 -0.0525697 0)
(2.90541 -0.131229 0)
(2.79964 -0.277781 0)
(2.68393 -0.461038 0)
(2.53487 -0.682807 0)
(2.37047 -0.908834 0)
(2.23791 -1.0602 0)
(2.17415 -1.10268 0)
(2.13576 -1.04759 0)
(2.18693 -1.00206 0)
(2.25992 -0.94244 0)
(2.29212 -0.899547 0)
(2.32723 -0.860885 0)
(2.34855 -0.834 0)
(2.35348 -0.831258 0)
(2.3614 -0.834502 0)
(2.35797 -0.837915 0)
(2.35137 -0.842509 0)
(2.34707 -0.844396 0)
(2.34415 -0.845772 0)
(2.3445 -0.847073 0)
(2.34323 -0.846163 0)
(2.9324 -0.0179714 0)
(2.85239 -0.0450888 0)
(2.74636 -0.17874 0)
(2.68559 -0.219688 0)
(2.56735 -0.358887 0)
(2.50325 -0.444622 0)
(2.42386 -0.541891 0)
(2.3487 -0.626289 0)
(2.31382 -0.725446 0)
(2.26014 -0.797955 0)
(2.24799 -0.855127 0)
(2.27964 -0.884655 0)
(2.32604 -0.891644 0)
(2.33987 -0.887208 0)
(2.347 -0.878554 0)
(2.34749 -0.870172 0)
(2.34682 -0.856087 0)
(2.34821 -0.848811 0)
(2.34481 -0.847616 0)
(2.33925 -0.847324 0)
(2.33704 -0.847864 0)
(2.33823 -0.849232 0)
(2.34173 -0.849632 0)
(2.34135 -0.849186 0)
(2.43231 0.820136 0)
(2.54613 0.788222 0)
(2.63488 0.80294 0)
(2.74153 0.653037 0)
(2.86119 0.467799 0)
(2.93081 0.358712 0)
(2.96303 0.202216 0)
(2.99278 0.105635 0)
(2.99498 0.0388121 0)
(2.9968 -0.0137373 0)
(2.99039 -0.0505192 0)
(2.98644 -0.068121 0)
(2.99015 -0.0616378 0)
(2.98819 -0.0524041 0)
(2.98315 -0.0450256 0)
(2.97143 -0.0336035 0)
(2.95236 -0.0318599 0)
(2.93937 -0.0304349 0)
(2.95109 -0.0233195 0)
(2.9601 -0.0130047 0)
(2.96023 -0.00914204 0)
(2.95501 -0.00396135 0)
(2.94286 -5.82443e-05 0)
(2.91623 -0.0222358 0)
(2.75799 -0.13023 0)
(2.42394 -0.383534 0)
(2.22875 -0.426223 0)
(2.06161 -0.421822 0)
(1.90633 -0.239945 0)
(1.81965 -0.130362 0)
(1.83716 -0.0160754 0)
(1.91268 0.0280809 0)
(1.9775 0.0348468 0)
(2.01824 0.0278695 0)
(2.04104 0.0226841 0)
(2.0665 0.0220607 0)
(2.09045 0.0220534 0)
(2.11158 0.022274 0)
(2.13284 0.0218978 0)
(2.15745 0.0223393 0)
(2.18537 0.0244826 0)
(2.21267 0.0264518 0)
(2.23437 0.0264918 0)
(2.2507 0.0259908 0)
(2.26572 0.0261034 0)
(2.28364 0.0279025 0)
(2.30301 0.0291917 0)
(2.32334 0.0297409 0)
(2.34402 0.0296009 0)
(2.36421 0.0291251 0)
(2.38334 0.028197 0)
(2.40083 0.0276294 0)
(2.41505 0.0267072 0)
(2.42404 0.0266177 0)
(2.42853 0.0277032 0)
(2.43489 0.030281 0)
(2.449 0.0325395 0)
(2.46733 0.0321792 0)
(2.48754 0.0311816 0)
(2.50839 0.0298879 0)
(2.52908 0.028722 0)
(2.54769 0.0277178 0)
(2.56247 0.0262083 0)
(2.57105 0.0235497 0)
(2.56877 0.025308 0)
(2.5522 0.0315225 0)
(2.5451 0.0347661 0)
(2.56353 0.0347646 0)
(2.58539 0.0347577 0)
(2.60603 0.0329689 0)
(2.62072 0.0270045 0)
(2.62783 0.0112196 0)
(2.59151 -0.0374158 0)
(2.50747 -0.111822 0)
(2.41384 -0.181461 0)
(2.29324 -0.127155 0)
(2.19359 -0.118386 0)
(2.12043 -0.131703 0)
(2.09968 -0.0909164 0)
(2.14508 -0.0194693 0)
(2.17353 0.0244996 0)
(2.19628 0.0254279 0)
(2.22747 0.0174719 0)
(2.25678 0.00893722 0)
(2.26502 0.0117765 0)
(2.23666 0.01961 0)
(2.21057 0.020211 0)
(2.22475 0.0179681 0)
(2.24561 0.0156575 0)
(2.27444 0.0142334 0)
(2.30148 0.0144429 0)
(2.32035 0.0145164 0)
(2.33895 0.0144125 0)
(2.35584 0.0134788 0)
(2.3632 0.0120451 0)
(2.35819 0.0138066 0)
(2.4514 0.789379 0)
(2.59847 0.645396 0)
(2.69778 0.48618 0)
(2.7761 0.330981 0)
(2.86855 0.117433 0)
(2.90646 -0.0252839 0)
(2.9459 -0.0803021 0)
(2.96431 -0.165339 0)
(2.93701 -0.214864 0)
(2.95564 -0.170466 0)
(2.97623 -0.116901 0)
(2.97527 -0.0910604 0)
(2.97249 -0.0880167 0)
(2.96778 -0.0741418 0)
(2.95588 -0.0532154 0)
(2.94834 -0.0282526 0)
(2.93023 -0.0133595 0)
(2.91659 -0.00714134 0)
(2.92763 0.0031379 0)
(2.93901 0.015115 0)
(2.94183 0.0153317 0)
(2.93508 0.00722398 0)
(2.90896 -0.0363099 0)
(2.72805 -0.281104 0)
(2.54554 -0.513544 0)
(2.36159 -0.762379 0)
(2.28561 -0.720934 0)
(2.19974 -0.524715 0)
(2.08762 -0.202807 0)
(1.92248 0.0433315 0)
(1.8607 0.136084 0)
(1.90638 0.114891 0)
(1.96326 0.0876743 0)
(2.01471 0.0591799 0)
(2.05402 0.0418695 0)
(2.08682 0.0413658 0)
(2.11129 0.0404697 0)
(2.12953 0.0388757 0)
(2.14823 0.0387151 0)
(2.17209 0.0411416 0)
(2.20091 0.0460374 0)
(2.23127 0.0515009 0)
(2.25813 0.0533305 0)
(2.27607 0.0521381 0)
(2.28946 0.053429 0)
(2.30354 0.0591453 0)
(2.31957 0.063215 0)
(2.33806 0.0616346 0)
(2.35919 0.0584733 0)
(2.38168 0.0568406 0)
(2.40378 0.0562759 0)
(2.42335 0.0548272 0)
(2.43985 0.049807 0)
(2.45165 0.0445444 0)
(2.45705 0.0460597 0)
(2.46079 0.0573176 0)
(2.46872 0.0665313 0)
(2.48322 0.0682248 0)
(2.50201 0.0657398 0)
(2.52223 0.0608755 0)
(2.54273 0.0565166 0)
(2.56306 0.0528953 0)
(2.58132 0.0493446 0)
(2.59347 0.0422911 0)
(2.59295 0.034181 0)
(2.58144 0.0391267 0)
(2.57284 0.0563157 0)
(2.58218 0.0585389 0)
(2.60473 0.0546751 0)
(2.60969 0.039889 0)
(2.60646 0.00606436 0)
(2.57379 -0.075502 0)
(2.54147 -0.192794 0)
(2.47549 -0.346517 0)
(2.4342 -0.37055 0)
(2.36422 -0.313123 0)
(2.27014 -0.208549 0)
(2.21386 -0.0947553 0)
(2.1673 -0.00665886 0)
(2.1578 0.0690519 0)
(2.17476 0.0985174 0)
(2.20462 0.0738235 0)
(2.22492 0.0453664 0)
(2.24788 0.0219825 0)
(2.26568 0.0229679 0)
(2.25484 0.0309594 0)
(2.23192 0.0323929 0)
(2.24194 0.0271272 0)
(2.26071 0.0237558 0)
(2.28535 0.0248841 0)
(2.31181 0.0292405 0)
(2.33042 0.0297781 0)
(2.34882 0.0294796 0)
(2.36606 0.0283853 0)
(2.37528 0.0239284 0)
(2.37232 0.0224067 0)
(2.3675 0.833418 0)
(2.42311 0.78447 0)
(2.53426 0.661845 0)
(2.61125 0.569987 0)
(2.65573 0.486591 0)
(2.74359 0.29902 0)
(2.78897 0.233052 0)
(2.81584 0.191244 0)
(2.8379 0.0845503 0)
(2.83693 0.0696141 0)
(2.84496 0.0316537 0)
(2.88348 -0.0128482 0)
(2.90233 -0.0545014 0)
(2.90436 -0.0848918 0)
(2.91484 -0.0779951 0)
(2.91563 -0.0573641 0)
(2.90889 -0.0508919 0)
(2.90239 -0.052053 0)
(2.90848 -0.0469307 0)
(2.91945 -0.0391391 0)
(2.92188 -0.0261167 0)
(2.86919 -0.0979716 0)
(2.72225 -0.321339 0)
(2.44459 -0.666505 0)
(2.37728 -0.727378 0)
(2.35003 -0.77279 0)
(2.35282 -0.772324 0)
(2.35202 -0.743725 0)
(2.34701 -0.64899 0)
(2.27983 -0.398422 0)
(2.16583 -0.132159 0)
(2.03784 0.0514122 0)
(2.01105 0.080497 0)
(2.0211 0.0873509 0)
(2.06564 0.0903683 0)
(2.09365 0.0859344 0)
(2.1131 0.0762713 0)
(2.13203 0.0746371 0)
(2.15308 0.0796071 0)
(2.17565 0.0828488 0)
(2.20113 0.0837623 0)
(2.22688 0.0865405 0)
(2.24968 0.0910499 0)
(2.27084 0.0945269 0)
(2.29071 0.0966711 0)
(2.30735 0.099532 0)
(2.31911 0.107694 0)
(2.33049 0.111036 0)
(2.34911 0.102692 0)
(2.37048 0.0934062 0)
(2.39369 0.0882717 0)
(2.41634 0.0889241 0)
(2.43559 0.0910816 0)
(2.45122 0.0945636 0)
(2.46301 0.0972534 0)
(2.46781 0.100695 0)
(2.47017 0.104117 0)
(2.47938 0.108281 0)
(2.49493 0.108589 0)
(2.51411 0.105374 0)
(2.53332 0.100138 0)
(2.55202 0.0923893 0)
(2.56946 0.0840517 0)
(2.58265 0.0757268 0)
(2.5874 0.0788548 0)
(2.58616 0.0952129 0)
(2.58006 0.102474 0)
(2.58484 0.0953375 0)
(2.58509 0.0826398 0)
(2.57238 0.041559 0)
(2.51688 -0.0679866 0)
(2.44694 -0.223621 0)
(2.44115 -0.320505 0)
(2.41036 -0.382909 0)
(2.398 -0.387345 0)
(2.38526 -0.3715 0)
(2.36147 -0.310262 0)
(2.35103 -0.244646 0)
(2.30644 -0.154018 0)
(2.2564 -0.0443406 0)
(2.25556 0.0491118 0)
(2.25814 0.0607114 0)
(2.25461 0.0456734 0)
(2.25469 0.0301814 0)
(2.26742 0.0353571 0)
(2.26479 0.0515349 0)
(2.24476 0.0630712 0)
(2.24952 0.0561928 0)
(2.26882 0.0492632 0)
(2.29105 0.0469567 0)
(2.31499 0.0490898 0)
(2.33421 0.0492217 0)
(2.35098 0.0484665 0)
(2.36676 0.0472652 0)
(2.3746 0.0429603 0)
(2.37005 0.0410847 0)
(2.3538 0.851544 0)
(2.37471 0.831566 0)
(2.43164 0.775351 0)
(2.50787 0.691983 0)
(2.58386 0.608041 0)
(2.68154 0.459184 0)
(2.72535 0.373111 0)
(2.76399 0.328172 0)
(2.84769 0.171479 0)
(2.85588 0.0728193 0)
(2.84355 0.076894 0)
(2.86386 0.0207448 0)
(2.89274 -0.0601598 0)
(2.88812 -0.112591 0)
(2.90843 -0.112202 0)
(2.93605 -0.0865341 0)
(2.92352 -0.0638215 0)
(2.91177 -0.0690056 0)
(2.91074 -0.0698314 0)
(2.90926 -0.0698228 0)
(2.88426 -0.114842 0)
(2.64643 -0.440033 0)
(2.40416 -0.745094 0)
(2.36531 -0.788259 0)
(2.35658 -0.80308 0)
(2.36601 -0.79528 0)
(2.38096 -0.780118 0)
(2.38924 -0.765695 0)
(2.40489 -0.72761 0)
(2.40693 -0.660132 0)
(2.36863 -0.492174 0)
(2.20039 -0.162069 0)
(2.09197 0.0509199 0)
(2.05269 0.149465 0)
(2.05908 0.147609 0)
(2.08655 0.138707 0)
(2.11918 0.119039 0)
(2.15226 0.120259 0)
(2.18243 0.134498 0)
(2.20332 0.136528 0)
(2.225 0.130619 0)
(2.24666 0.125556 0)
(2.26781 0.123264 0)
(2.29051 0.124453 0)
(2.31321 0.128802 0)
(2.32946 0.138107 0)
(2.3342 0.151263 0)
(2.33438 0.155766 0)
(2.35194 0.149891 0)
(2.37663 0.142421 0)
(2.39976 0.134555 0)
(2.42242 0.128857 0)
(2.44686 0.127385 0)
(2.47162 0.129297 0)
(2.49061 0.129333 0)
(2.49486 0.130225 0)
(2.48306 0.138246 0)
(2.48323 0.144816 0)
(2.49604 0.146121 0)
(2.5121 0.144525 0)
(2.53054 0.143823 0)
(2.55013 0.144099 0)
(2.56902 0.138693 0)
(2.5847 0.12713 0)
(2.59768 0.123374 0)
(2.60718 0.125177 0)
(2.60133 0.115331 0)
(2.58208 0.0787713 0)
(2.54129 0.0212203 0)
(2.46501 -0.0920678 0)
(2.38635 -0.230128 0)
(2.38096 -0.287763 0)
(2.38487 -0.341908 0)
(2.38892 -0.347769 0)
(2.39999 -0.349535 0)
(2.40757 -0.350786 0)
(2.40925 -0.346866 0)
(2.39651 -0.305296 0)
(2.38214 -0.245293 0)
(2.34253 -0.151922 0)
(2.3048 -0.0252813 0)
(2.30219 0.0409413 0)
(2.27198 0.0800459 0)
(2.25955 0.0724204 0)
(2.25975 0.0641021 0)
(2.26479 0.0702182 0)
(2.26417 0.0742761 0)
(2.27315 0.0740965 0)
(2.28722 0.0735407 0)
(2.30702 0.0720864 0)
(2.32598 0.0715173 0)
(2.34356 0.0690024 0)
(2.3592 0.0675052 0)
(2.37475 0.0663237 0)
(2.37636 0.0625083 0)
(2.37041 0.0608499 0)
(2.35216 0.853985 0)
(2.35692 0.849162 0)
(2.37778 0.828762 0)
(2.4355 0.773739 0)
(2.50884 0.694345 0)
(2.5546 0.639562 0)
(2.65046 0.517624 0)
(2.72621 0.418231 0)
(2.75749 0.378525 0)
(2.80655 0.276104 0)
(2.84601 0.182718 0)
(2.85082 0.179766 0)
(2.84894 0.125734 0)
(2.88406 0.0452104 0)
(2.89846 0.00135341 0)
(2.93003 0.0117707 0)
(2.93907 0.0236359 0)
(2.92842 -0.0374726 0)
(2.9148 -0.0744617 0)
(2.84583 -0.197744 0)
(2.70493 -0.454579 0)
(2.38956 -0.80142 0)
(2.30901 -0.88193 0)
(2.33354 -0.846895 0)
(2.3548 -0.824032 0)
(2.38614 -0.798413 0)
(2.41525 -0.762803 0)
(2.42126 -0.753781 0)
(2.42148 -0.742722 0)
(2.44126 -0.716344 0)
(2.44985 -0.674817 0)
(2.42112 -0.556203 0)
(2.30502 -0.283114 0)
(2.17607 -0.0149922 0)
(2.09868 0.117678 0)
(2.0964 0.152801 0)
(2.11737 0.158527 0)
(2.14724 0.176628 0)
(2.16685 0.180474 0)
(2.18553 0.162783 0)
(2.20691 0.151186 0)
(2.23612 0.157476 0)
(2.26367 0.163255 0)
(2.2944 0.163036 0)
(2.32506 0.162907 0)
(2.34809 0.171037 0)
(2.34896 0.186877 0)
(2.33856 0.193684 0)
(2.34636 0.184638 0)
(2.36476 0.17591 0)
(2.38668 0.171635 0)
(2.41199 0.168409 0)
(2.43785 0.165708 0)
(2.46251 0.1645 0)
(2.48323 0.164515 0)
(2.49298 0.168811 0)
(2.49221 0.17306 0)
(2.4879 0.180027 0)
(2.49694 0.182212 0)
(2.5168 0.187402 0)
(2.53593 0.190761 0)
(2.5475 0.191621 0)
(2.55427 0.175235 0)
(2.56981 0.160604 0)
(2.58702 0.158326 0)
(2.58905 0.144152 0)
(2.56547 0.0778042 0)
(2.5159 -0.0403359 0)
(2.43495 -0.15477 0)
(2.37676 -0.21509 0)
(2.33786 -0.273888 0)
(2.34752 -0.316474 0)
(2.35509 -0.326431 0)
(2.3721 -0.328329 0)
(2.3898 -0.318943 0)
(2.40794 -0.317588 0)
(2.42189 -0.316125 0)
(2.42654 -0.306705 0)
(2.42127 -0.284978 0)
(2.4058 -0.234469 0)
(2.38915 -0.188612 0)
(2.34667 -0.0913141 0)
(2.30721 -0.00870791 0)
(2.28108 0.0255383 0)
(2.26703 0.0544592 0)
(2.26932 0.0722555 0)
(2.27618 0.0935479 0)
(2.28273 0.106421 0)
(2.28421 0.106663 0)
(2.29611 0.0978581 0)
(2.31681 0.0902627 0)
(2.33562 0.087066 0)
(2.35248 0.0855387 0)
(2.367 0.0813667 0)
(2.36755 0.0783766 0)
(2.36467 0.079733 0)
(2.349 0.847472 0)
(2.35363 0.847375 0)
(2.35926 0.841634 0)
(2.38229 0.820626 0)
(2.43419 0.773372 0)
(2.51086 0.684322 0)
(2.55362 0.641375 0)
(2.59924 0.589974 0)
(2.71205 0.464933 0)
(2.76949 0.363094 0)
(2.79193 0.318501 0)
(2.81344 0.293231 0)
(2.83536 0.234137 0)
(2.89962 0.137858 0)
(2.91999 0.0607144 0)
(2.93198 0.0462824 0)
(2.95788 0.021804 0)
(2.92221 -0.0975183 0)
(2.83705 -0.267356 0)
(2.59457 -0.594123 0)
(2.43634 -0.766864 0)
(2.2999 -0.865243 0)
(2.30851 -0.86513 0)
(2.33425 -0.843084 0)
(2.36698 -0.810947 0)
(2.39919 -0.782874 0)
(2.42302 -0.760302 0)
(2.43499 -0.75094 0)
(2.4353 -0.749091 0)
(2.4486 -0.729199 0)
(2.47792 -0.70194 0)
(2.49814 -0.665606 0)
(2.49424 -0.592886 0)
(2.42068 -0.410947 0)
(2.22835 -0.0721132 0)
(2.15638 0.092248 0)
(2.12983 0.202767 0)
(2.12361 0.228116 0)
(2.14174 0.22699 0)
(2.16799 0.21342 0)
(2.19509 0.194061 0)
(2.22459 0.197541 0)
(2.25468 0.204247 0)
(2.28586 0.202781 0)
(2.3143 0.200021 0)
(2.33474 0.204577 0)
(2.34372 0.214563 0)
(2.33804 0.221003 0)
(2.34685 0.222012 0)
(2.37339 0.221144 0)
(2.39821 0.220621 0)
(2.42117 0.220285 0)
(2.44372 0.217747 0)
(2.46563 0.212932 0)
(2.48517 0.206631 0)
(2.50061 0.204835 0)
(2.50861 0.208346 0)
(2.50986 0.213783 0)
(2.51312 0.221541 0)
(2.51754 0.227689 0)
(2.52482 0.223 0)
(2.53195 0.217989 0)
(2.5545 0.208911 0)
(2.56226 0.194355 0)
(2.56365 0.163113 0)
(2.5289 0.0799011 0)
(2.45972 -0.0785587 0)
(2.42242 -0.172854 0)
(2.35317 -0.236921 0)
(2.32439 -0.258465 0)
(2.32149 -0.274816 0)
(2.33741 -0.282428 0)
(2.35351 -0.285334 0)
(2.37203 -0.283325 0)
(2.39239 -0.279919 0)
(2.41054 -0.28122 0)
(2.42778 -0.278092 0)
(2.44109 -0.276711 0)
(2.43855 -0.271518 0)
(2.4248 -0.264713 0)
(2.41746 -0.241786 0)
(2.40627 -0.216607 0)
(2.37967 -0.154965 0)
(2.31943 -0.0402572 0)
(2.28618 0.0283786 0)
(2.28038 0.0813499 0)
(2.28241 0.117178 0)
(2.27927 0.128717 0)
(2.2832 0.125544 0)
(2.29573 0.117667 0)
(2.31297 0.116239 0)
(2.32981 0.115423 0)
(2.3454 0.108069 0)
(2.3572 0.0993052 0)
(2.36008 0.0951241 0)
(2.36631 0.0984423 0)
(2.34279 0.84208 0)
(2.34537 0.845805 0)
(2.35104 0.844342 0)
(2.36008 0.836227 0)
(2.38842 0.812473 0)
(2.42995 0.774494 0)
(2.50576 0.695502 0)
(2.5624 0.620331 0)
(2.58833 0.602516 0)
(2.64531 0.52791 0)
(2.73965 0.420399 0)
(2.77421 0.330695 0)
(2.80548 0.29292 0)
(2.80753 0.299531 0)
(2.83651 0.233805 0)
(2.88155 0.178819 0)
(2.86529 0.0517944 0)
(2.78262 -0.180948 0)
(2.50167 -0.578514 0)
(2.37292 -0.749116 0)
(2.27979 -0.811176 0)
(2.3023 -0.809967 0)
(2.33362 -0.799851 0)
(2.3612 -0.775893 0)
(2.38474 -0.757571 0)
(2.40974 -0.742109 0)
(2.42992 -0.723557 0)
(2.44397 -0.710078 0)
(2.44978 -0.709474 0)
(2.46458 -0.695667 0)
(2.48448 -0.678486 0)
(2.51592 -0.646619 0)
(2.54585 -0.639765 0)
(2.54705 -0.598927 0)
(2.50393 -0.475567 0)
(2.37707 -0.219181 0)
(2.24095 0.0430384 0)
(2.14722 0.198504 0)
(2.15652 0.241593 0)
(2.17044 0.242722 0)
(2.20062 0.249515 0)
(2.21924 0.257746 0)
(2.24497 0.252287 0)
(2.27642 0.243471 0)
(2.3031 0.240462 0)
(2.32536 0.24054 0)
(2.33945 0.240809 0)
(2.34069 0.243782 0)
(2.34362 0.251891 0)
(2.36263 0.258644 0)
(2.38452 0.262492 0)
(2.4062 0.26163 0)
(2.42868 0.256818 0)
(2.45061 0.249572 0)
(2.47136 0.242449 0)
(2.48795 0.240669 0)
(2.498 0.247607 0)
(2.5037 0.25336 0)
(2.5093 0.256366 0)
(2.51632 0.264251 0)
(2.51675 0.260288 0)
(2.53107 0.244419 0)
(2.53695 0.221656 0)
(2.52074 0.166589 0)
(2.47474 0.0601279 0)
(2.39587 -0.103827 0)
(2.36768 -0.21178 0)
(2.31742 -0.253188 0)
(2.31359 -0.250247 0)
(2.31515 -0.250696 0)
(2.31978 -0.257207 0)
(2.3254 -0.256652 0)
(2.34144 -0.252098 0)
(2.36062 -0.246074 0)
(2.3787 -0.244396 0)
(2.39727 -0.246203 0)
(2.41311 -0.246152 0)
(2.42564 -0.246001 0)
(2.43305 -0.251095 0)
(2.423 -0.249217 0)
(2.41702 -0.240463 0)
(2.42529 -0.230794 0)
(2.42552 -0.213295 0)
(2.40823 -0.169488 0)
(2.3585 -0.0734085 0)
(2.32232 0.0211238 0)
(2.31524 0.0929704 0)
(2.29164 0.127449 0)
(2.28592 0.131062 0)
(2.28679 0.137539 0)
(2.29384 0.142426 0)
(2.30899 0.138699 0)
(2.32664 0.128246 0)
(2.34125 0.115145 0)
(2.3525 0.107804 0)
(2.37053 0.112059 0)
(2.33281 0.843974 0)
(2.33372 0.845732 0)
(2.33839 0.846938 0)
(2.34704 0.842723 0)
(2.36077 0.830502 0)
(2.38967 0.805323 0)
(2.42304 0.774708 0)
(2.49794 0.704384 0)
(2.55607 0.619647 0)
(2.59013 0.592092 0)
(2.60754 0.560929 0)
(2.69481 0.459905 0)
(2.75045 0.367274 0)
(2.77309 0.345538 0)
(2.80088 0.269269 0)
(2.7647 0.176428 0)
(2.62259 -0.111959 0)
(2.41545 -0.480063 0)
(2.28567 -0.663237 0)
(2.2608 -0.724943 0)
(2.28787 -0.722508 0)
(2.32384 -0.714047 0)
(2.3508 -0.710652 0)
(2.3745 -0.703988 0)
(2.40085 -0.697323 0)
(2.42693 -0.684295 0)
(2.44626 -0.666783 0)
(2.4609 -0.657876 0)
(2.477 -0.656178 0)
(2.492 -0.64578 0)
(2.50266 -0.633238 0)
(2.52839 -0.611158 0)
(2.55545 -0.598111 0)
(2.57537 -0.587926 0)
(2.59461 -0.560368 0)
(2.58065 -0.497261 0)
(2.496 -0.327194 0)
(2.30808 -0.0162525 0)
(2.22444 0.184067 0)
(2.19308 0.285242 0)
(2.18763 0.311348 0)
(2.19981 0.320916 0)
(2.22953 0.30899 0)
(2.26037 0.291316 0)
(2.28723 0.279684 0)
(2.31272 0.278543 0)
(2.33311 0.276371 0)
(2.34566 0.2742 0)
(2.35079 0.280176 0)
(2.35507 0.293441 0)
(2.371 0.303223 0)
(2.39587 0.302879 0)
(2.42285 0.298331 0)
(2.44819 0.292328 0)
(2.46863 0.287709 0)
(2.48298 0.28675 0)
(2.49591 0.292975 0)
(2.50584 0.291125 0)
(2.51055 0.294237 0)
(2.50437 0.295953 0)
(2.51153 0.274157 0)
(2.50339 0.238871 0)
(2.47195 0.163113 0)
(2.38578 0.000493838 0)
(2.34533 -0.106729 0)
(2.32535 -0.182931 0)
(2.30208 -0.217828 0)
(2.29811 -0.216592 0)
(2.30345 -0.215565 0)
(2.31913 -0.220162 0)
(2.32363 -0.224744 0)
(2.32419 -0.224114 0)
(2.34002 -0.219312 0)
(2.357 -0.216457 0)
(2.37515 -0.215208 0)
(2.39246 -0.214288 0)
(2.40649 -0.213663 0)
(2.41914 -0.218914 0)
(2.42828 -0.228458 0)
(2.42497 -0.23118 0)
(2.41678 -0.22503 0)
(2.42761 -0.212653 0)
(2.43811 -0.209745 0)
(2.44248 -0.196154 0)
(2.43623 -0.164565 0)
(2.40337 -0.091441 0)
(2.35749 0.0206815 0)
(2.33664 0.0989832 0)
(2.30179 0.150733 0)
(2.28412 0.164445 0)
(2.27492 0.170481 0)
(2.28787 0.163639 0)
(2.30475 0.153347 0)
(2.32304 0.140264 0)
(2.3393 0.129472 0)
(2.36912 0.131173 0)
(2.32888 0.837715 0)
(2.32684 0.838724 0)
(2.32559 0.839152 0)
(2.33003 0.838626 0)
(2.33962 0.834146 0)
(2.35515 0.823815 0)
(2.38775 0.799239 0)
(2.42691 0.769335 0)
(2.47595 0.715209 0)
(2.54642 0.636649 0)
(2.5782 0.593061 0)
(2.63275 0.539499 0)
(2.64971 0.514028 0)
(2.67802 0.403868 0)
(2.65641 0.238091 0)
(2.47099 -0.127973 0)
(2.31917 -0.409917 0)
(2.21681 -0.592093 0)
(2.21349 -0.621002 0)
(2.24637 -0.621368 0)
(2.28291 -0.612837 0)
(2.31283 -0.610131 0)
(2.3406 -0.617078 0)
(2.36938 -0.626579 0)
(2.40092 -0.631449 0)
(2.43068 -0.62214 0)
(2.45102 -0.601565 0)
(2.4618 -0.594311 0)
(2.47568 -0.590393 0)
(2.49473 -0.584971 0)
(2.52211 -0.569578 0)
(2.54261 -0.5592 0)
(2.56693 -0.544916 0)
(2.58407 -0.539381 0)
(2.60267 -0.520843 0)
(2.62798 -0.518371 0)
(2.62371 -0.482293 0)
(2.57963 -0.371314 0)
(2.43472 -0.0956824 0)
(2.35089 0.123979 0)
(2.24306 0.279582 0)
(2.21787 0.343008 0)
(2.22904 0.3471 0)
(2.2517 0.347508 0)
(2.27454 0.327275 0)
(2.29667 0.318317 0)
(2.32261 0.319811 0)
(2.34624 0.318986 0)
(2.36321 0.31783 0)
(2.36938 0.328485 0)
(2.36567 0.342641 0)
(2.38463 0.341489 0)
(2.41032 0.336008 0)
(2.43516 0.333288 0)
(2.45502 0.328847 0)
(2.47223 0.32848 0)
(2.48898 0.328402 0)
(2.50356 0.327182 0)
(2.50561 0.332632 0)
(2.48919 0.297027 0)
(2.46581 0.235689 0)
(2.39948 0.11911 0)
(2.3141 -0.039133 0)
(2.28176 -0.137885 0)
(2.2677 -0.203549 0)
(2.26488 -0.215024 0)
(2.27229 -0.210627 0)
(2.28469 -0.201655 0)
(2.29885 -0.197019 0)
(2.30982 -0.196084 0)
(2.31296 -0.192863 0)
(2.3186 -0.191425 0)
(2.33358 -0.191617 0)
(2.35176 -0.191465 0)
(2.37109 -0.189885 0)
(2.38804 -0.185916 0)
(2.39989 -0.182224 0)
(2.40869 -0.187288 0)
(2.41483 -0.198692 0)
(2.41701 -0.205196 0)
(2.41918 -0.204397 0)
(2.43051 -0.198658 0)
(2.44122 -0.191658 0)
(2.4525 -0.183044 0)
(2.46126 -0.172525 0)
(2.46124 -0.154165 0)
(2.44079 -0.105619 0)
(2.39141 0.0059722 0)
(2.36743 0.0725875 0)
(2.32075 0.124851 0)
(2.29756 0.143366 0)
(2.27573 0.164934 0)
(2.29187 0.170051 0)
(2.31467 0.167366 0)
(2.33415 0.157671 0)
(2.36218 0.157216 0)
(2.32512 0.835343 0)
(2.32179 0.837728 0)
(2.32091 0.835105 0)
(2.32348 0.832943 0)
(2.33081 0.828477 0)
(2.33906 0.825109 0)
(2.36061 0.815154 0)
(2.38752 0.798119 0)
(2.43431 0.754394 0)
(2.45957 0.726334 0)
(2.53236 0.644056 0)
(2.58789 0.621549 0)
(2.56501 0.493834 0)
(2.51491 0.28221 0)
(2.33022 -0.100732 0)
(2.22637 -0.326266 0)
(2.16586 -0.462664 0)
(2.17386 -0.481039 0)
(2.20646 -0.49701 0)
(2.24297 -0.508266 0)
(2.27647 -0.515522 0)
(2.30638 -0.521943 0)
(2.33556 -0.529447 0)
(2.36591 -0.541266 0)
(2.39771 -0.549769 0)
(2.42944 -0.54607 0)
(2.45648 -0.536846 0)
(2.47801 -0.537058 0)
(2.49604 -0.530232 0)
(2.5081 -0.517894 0)
(2.52156 -0.502594 0)
(2.5423 -0.496931 0)
(2.57037 -0.486752 0)
(2.59868 -0.472981 0)
(2.62179 -0.460157 0)
(2.6421 -0.460621 0)
(2.65453 -0.458504 0)
(2.671 -0.434567 0)
(2.65194 -0.36646 0)
(2.57234 -0.190557 0)
(2.39641 0.0970185 0)
(2.33428 0.261618 0)
(2.25756 0.363795 0)
(2.24245 0.386595 0)
(2.26419 0.381354 0)
(2.28859 0.375129 0)
(2.31354 0.366893 0)
(2.33681 0.361259 0)
(2.35551 0.360356 0)
(2.36418 0.373605 0)
(2.36625 0.385784 0)
(2.37655 0.384759 0)
(2.39615 0.372706 0)
(2.41643 0.369675 0)
(2.43709 0.364673 0)
(2.45896 0.358934 0)
(2.47527 0.361179 0)
(2.48813 0.351869 0)
(2.47039 0.313571 0)
(2.41948 0.213257 0)
(2.33958 0.0741723 0)
(2.25115 -0.0753342 0)
(2.23448 -0.11639 0)
(2.24087 -0.149445 0)
(2.24499 -0.167896 0)
(2.25877 -0.178493 0)
(2.27545 -0.173465 0)
(2.28739 -0.170898 0)
(2.29794 -0.173751 0)
(2.30496 -0.170869 0)
(2.30723 -0.162129 0)
(2.31671 -0.161009 0)
(2.33406 -0.165363 0)
(2.35269 -0.167797 0)
(2.3717 -0.165935 0)
(2.38805 -0.159449 0)
(2.40003 -0.153322 0)
(2.40773 -0.155136 0)
(2.4099 -0.164443 0)
(2.41283 -0.174899 0)
(2.42059 -0.178151 0)
(2.43198 -0.175002 0)
(2.44661 -0.173475 0)
(2.46069 -0.164573 0)
(2.47101 -0.158286 0)
(2.48002 -0.152779 0)
(2.47879 -0.141151 0)
(2.46755 -0.111394 0)
(2.43597 -0.0410599 0)
(2.38424 0.0499634 0)
(2.33407 0.112425 0)
(2.28834 0.156661 0)
(2.28902 0.181082 0)
(2.3099 0.187658 0)
(2.33983 0.188934 0)
(2.36102 0.186131 0)
(2.32781 0.86252 0)
(2.31026 0.864996 0)
(2.30527 0.855757 0)
(2.30826 0.839501 0)
(2.32193 0.830337 0)
(2.33538 0.825651 0)
(2.34487 0.82387 0)
(2.36377 0.815681 0)
(2.39234 0.79846 0)
(2.42694 0.761597 0)
(2.46756 0.701821 0)
(2.45656 0.563995 0)
(2.32328 0.249006 0)
(2.19047 -0.088104 0)
(2.11007 -0.317259 0)
(2.09163 -0.391365 0)
(2.11821 -0.394361 0)
(2.14986 -0.394693 0)
(2.18421 -0.404257 0)
(2.22147 -0.415186 0)
(2.25934 -0.423344 0)
(2.29648 -0.4315 0)
(2.33198 -0.441286 0)
(2.36459 -0.454411 0)
(2.39403 -0.461951 0)
(2.42234 -0.45525 0)
(2.44837 -0.446598 0)
(2.47417 -0.447114 0)
(2.49903 -0.447123 0)
(2.52262 -0.442787 0)
(2.54277 -0.437442 0)
(2.55904 -0.430202 0)
(2.5707 -0.421997 0)
(2.59183 -0.40704 0)
(2.62209 -0.396195 0)
(2.65686 -0.400736 0)
(2.69055 -0.40352 0)
(2.71325 -0.386094 0)
(2.71612 -0.385837 0)
(2.69951 -0.33561 0)
(2.65407 -0.23276 0)
(2.54787 -0.0111449 0)
(2.38604 0.241484 0)
(2.32073 0.353242 0)
(2.29246 0.409976 0)
(2.29964 0.408566 0)
(2.324 0.409229 0)
(2.34676 0.405688 0)
(2.36105 0.406639 0)
(2.36997 0.417119 0)
(2.37446 0.423683 0)
(2.37978 0.423109 0)
(2.40243 0.419572 0)
(2.42373 0.416773 0)
(2.44264 0.407995 0)
(2.45797 0.396762 0)
(2.45753 0.375086 0)
(2.42644 0.302969 0)
(2.35761 0.151647 0)
(2.27288 -0.00631635 0)
(2.21609 -0.0962016 0)
(2.19261 -0.161006 0)
(2.1948 -0.16724 0)
(2.2119 -0.157192 0)
(2.22965 -0.151133 0)
(2.24996 -0.14471 0)
(2.27459 -0.140778 0)
(2.29516 -0.141115 0)
(2.30585 -0.147586 0)
(2.30675 -0.147085 0)
(2.31006 -0.139583 0)
(2.32343 -0.137786 0)
(2.3412 -0.140864 0)
(2.35873 -0.143019 0)
(2.37557 -0.140447 0)
(2.38986 -0.134126 0)
(2.40084 -0.129871 0)
(2.40477 -0.134221 0)
(2.40069 -0.14034 0)
(2.4067 -0.141983 0)
(2.42256 -0.143389 0)
(2.43753 -0.145795 0)
(2.45464 -0.147981 0)
(2.47059 -0.146643 0)
(2.48357 -0.140577 0)
(2.49175 -0.134473 0)
(2.49548 -0.133764 0)
(2.49956 -0.1317 0)
(2.48579 -0.107817 0)
(2.46448 -0.0543767 0)
(2.42731 0.0105771 0)
(2.35798 0.0990637 0)
(2.32047 0.161304 0)
(2.32017 0.20377 0)
(2.34677 0.213839 0)
(2.36549 0.212428 0)
(2.38769 0.848353 0)
(2.32676 0.837987 0)
(2.31281 0.816242 0)
(2.32234 0.815747 0)
(2.3333 0.824536 0)
(2.34087 0.831129 0)
(2.34276 0.835573 0)
(2.3483 0.833889 0)
(2.3694 0.833998 0)
(2.36007 0.75323 0)
(2.30727 0.558547 0)
(2.15171 0.218609 0)
(2.04408 -0.0434065 0)
(2.02174 -0.199773 0)
(2.03136 -0.246323 0)
(2.06821 -0.274515 0)
(2.11106 -0.292591 0)
(2.14743 -0.313082 0)
(2.18041 -0.33019 0)
(2.21495 -0.337383 0)
(2.25229 -0.337787 0)
(2.29114 -0.340316 0)
(2.32968 -0.349892 0)
(2.36574 -0.366358 0)
(2.3992 -0.379805 0)
(2.43411 -0.379235 0)
(2.46722 -0.376064 0)
(2.49657 -0.376716 0)
(2.51919 -0.375045 0)
(2.53766 -0.366227 0)
(2.55688 -0.361341 0)
(2.57952 -0.360256 0)
(2.60136 -0.360158 0)
(2.62206 -0.350043 0)
(2.63979 -0.33654 0)
(2.65688 -0.339764 0)
(2.6784 -0.336831 0)
(2.70167 -0.320336 0)
(2.72439 -0.319018 0)
(2.74348 -0.311364 0)
(2.74877 -0.281962 0)
(2.72584 -0.227601 0)
(2.65668 -0.095223 0)
(2.48629 0.180786 0)
(2.37598 0.373128 0)
(2.33681 0.43965 0)
(2.33519 0.463604 0)
(2.34786 0.461694 0)
(2.36737 0.457404 0)
(2.38274 0.45643 0)
(2.39122 0.459046 0)
(2.39334 0.462267 0)
(2.39804 0.451645 0)
(2.4129 0.446478 0)
(2.42385 0.433809 0)
(2.42086 0.390252 0)
(2.37005 0.277303 0)
(2.28405 0.0927036 0)
(2.25147 -0.0259172 0)
(2.2029 -0.0772196 0)
(2.19702 -0.0812563 0)
(2.19917 -0.10446 0)
(2.20447 -0.131028 0)
(2.21586 -0.12935 0)
(2.23347 -0.122819 0)
(2.25233 -0.116573 0)
(2.2744 -0.112566 0)
(2.29872 -0.112608 0)
(2.31463 -0.118683 0)
(2.31513 -0.120591 0)
(2.31565 -0.115713 0)
(2.32989 -0.11367 0)
(2.34895 -0.114143 0)
(2.36609 -0.113418 0)
(2.38055 -0.109542 0)
(2.39238 -0.106416 0)
(2.40205 -0.108202 0)
(2.40662 -0.115341 0)
(2.40734 -0.118421 0)
(2.41326 -0.111913 0)
(2.42358 -0.107974 0)
(2.44042 -0.109325 0)
(2.45819 -0.113527 0)
(2.47618 -0.117851 0)
(2.49451 -0.117454 0)
(2.50816 -0.116221 0)
(2.51397 -0.11543 0)
(2.51562 -0.12079 0)
(2.5141 -0.119336 0)
(2.51092 -0.096607 0)
(2.49718 -0.0524621 0)
(2.46499 -0.000113147 0)
(2.39912 0.0925467 0)
(2.37175 0.162454 0)
(2.36481 0.225413 0)
(2.38114 0.238096 0)
(2.60107 0.603623 0)
(2.37371 0.829844 0)
(2.32104 0.825723 0)
(2.33789 0.829148 0)
(2.33965 0.843043 0)
(2.3403 0.850237 0)
(2.33677 0.850314 0)
(2.32867 0.83055 0)
(2.30186 0.747566 0)
(2.16272 0.483831 0)
(1.97564 0.127095 0)
(1.89199 -0.0932255 0)
(1.92147 -0.178173 0)
(1.94621 -0.188669 0)
(1.98908 -0.190753 0)
(2.03845 -0.199334 0)
(2.09002 -0.217795 0)
(2.13729 -0.238881 0)
(2.17877 -0.25512 0)
(2.21866 -0.263279 0)
(2.25953 -0.264868 0)
(2.30015 -0.265471 0)
(2.33941 -0.2702 0)
(2.37616 -0.280333 0)
(2.40773 -0.288912 0)
(2.435 -0.286877 0)
(2.46363 -0.283534 0)
(2.49586 -0.285213 0)
(2.52806 -0.290345 0)
(2.55513 -0.291733 0)
(2.5739 -0.287925 0)
(2.5836 -0.276122 0)
(2.59417 -0.268398 0)
(2.62259 -0.268584 0)
(2.65718 -0.272993 0)
(2.68542 -0.279556 0)
(2.70731 -0.267732 0)
(2.72265 -0.252161 0)
(2.73172 -0.249322 0)
(2.73752 -0.252555 0)
(2.74669 -0.251499 0)
(2.7639 -0.24213 0)
(2.75521 -0.204843 0)
(2.70975 -0.0958878 0)
(2.61269 0.103905 0)
(2.47631 0.335652 0)
(2.40895 0.475506 0)
(2.35679 0.521509 0)
(2.36422 0.515552 0)
(2.38044 0.503306 0)
(2.40855 0.499114 0)
(2.41288 0.500137 0)
(2.40498 0.480636 0)
(2.39812 0.455144 0)
(2.36502 0.387466 0)
(2.28331 0.218457 0)
(2.22065 0.0557588 0)
(2.19174 -0.0719791 0)
(2.17756 -0.116181 0)
(2.177 -0.113182 0)
(2.18313 -0.102783 0)
(2.19408 -0.0945443 0)
(2.21102 -0.0966133 0)
(2.23146 -0.0982054 0)
(2.25155 -0.0957879 0)
(2.27162 -0.0979936 0)
(2.29231 -0.0986789 0)
(2.31435 -0.0977457 0)
(2.3297 -0.0971723 0)
(2.33259 -0.0953283 0)
(2.33232 -0.0908981 0)
(2.34459 -0.0887769 0)
(2.36052 -0.0887895 0)
(2.37717 -0.0873775 0)
(2.39261 -0.0845727 0)
(2.40636 -0.0865681 0)
(2.41566 -0.0952849 0)
(2.41859 -0.103488 0)
(2.42227 -0.101344 0)
(2.43191 -0.0935716 0)
(2.44342 -0.0853438 0)
(2.4563 -0.081125 0)
(2.47099 -0.0829375 0)
(2.48504 -0.0873035 0)
(2.49898 -0.0897755 0)
(2.51492 -0.0923422 0)
(2.52623 -0.0971582 0)
(2.52954 -0.0990043 0)
(2.5324 -0.101611 0)
(2.53266 -0.0968694 0)
(2.5314 -0.0746795 0)
(2.52158 -0.0442829 0)
(2.49795 -0.00829378 0)
(2.44375 0.0887118 0)
(2.43084 0.154825 0)
(2.4153 0.223786 0)
(2.88163 0.205889 0)
(2.58981 0.601338 0)
(2.48479 0.696875 0)
(2.39757 0.785101 0)
(2.35469 0.858734 0)
(2.33774 0.867279 0)
(2.30328 0.823647 0)
(2.22281 0.660769 0)
(2.07951 0.376354 0)
(1.90513 0.100904 0)
(1.85448 0.00953205 0)
(1.86717 -0.0318836 0)
(1.90641 -0.0755218 0)
(1.95307 -0.108896 0)
(1.99099 -0.135844 0)
(2.03288 -0.152288 0)
(2.0835 -0.161616 0)
(2.13699 -0.168815 0)
(2.18511 -0.175553 0)
(2.22563 -0.183258 0)
(2.26363 -0.188912 0)
(2.30208 -0.190927 0)
(2.34081 -0.191501 0)
(2.37722 -0.196594 0)
(2.41426 -0.20329 0)
(2.45394 -0.205005 0)
(2.49165 -0.207699 0)
(2.5209 -0.204719 0)
(2.53716 -0.19869 0)
(2.55152 -0.200599 0)
(2.57404 -0.210458 0)
(2.60272 -0.216998 0)
(2.6276 -0.207966 0)
(2.63314 -0.194031 0)
(2.64285 -0.192719 0)
(2.68161 -0.196697 0)
(2.71678 -0.193217 0)
(2.74961 -0.186893 0)
(2.76986 -0.186828 0)
(2.77532 -0.185041 0)
(2.76915 -0.186022 0)
(2.77023 -0.180777 0)
(2.76341 -0.176524 0)
(2.78432 -0.146 0)
(2.77462 -0.0903774 0)
(2.71173 0.0488063 0)
(2.54699 0.33488 0)
(2.49273 0.469933 0)
(2.41232 0.543272 0)
(2.40576 0.556234 0)
(2.41218 0.555557 0)
(2.38556 0.507802 0)
(2.36032 0.431081 0)
(2.31332 0.313999 0)
(2.23056 0.160885 0)
(2.18575 0.048663 0)
(2.17089 -0.0142827 0)
(2.17444 -0.0462738 0)
(2.18321 -0.0547319 0)
(2.2015 -0.0664302 0)
(2.21206 -0.0810392 0)
(2.21013 -0.0803514 0)
(2.22045 -0.0725185 0)
(2.24116 -0.0666607 0)
(2.26338 -0.0654458 0)
(2.28714 -0.0702467 0)
(2.3074 -0.0748263 0)
(2.32597 -0.0734115 0)
(2.34022 -0.067992 0)
(2.34778 -0.0626473 0)
(2.34958 -0.0579219 0)
(2.35231 -0.0590167 0)
(2.3623 -0.0636945 0)
(2.37735 -0.0627058 0)
(2.39341 -0.0612637 0)
(2.40977 -0.0658959 0)
(2.4236 -0.0769428 0)
(2.43254 -0.0824285 0)
(2.43974 -0.0743462 0)
(2.44566 -0.0634418 0)
(2.45699 -0.0588661 0)
(2.47156 -0.0568623 0)
(2.48515 -0.0550856 0)
(2.49673 -0.054997 0)
(2.50341 -0.0605838 0)
(2.50815 -0.0699372 0)
(2.51782 -0.0751735 0)
(2.53229 -0.0790489 0)
(2.54425 -0.0765765 0)
(2.54843 -0.0705909 0)
(2.54689 -0.0642978 0)
(2.54249 -0.0517321 0)
(2.54148 -0.0373538 0)
(2.53213 -0.00779045 0)
(2.51236 0.0515606 0)
(2.46587 0.170469 0)
(2.99158 0.0171626 0)
(2.90311 0.16879 0)
(2.82413 0.34777 0)
(2.52812 0.707554 0)
(2.40121 0.911552 0)
(2.18613 0.711085 0)
(2.1293 0.480495 0)
(2.07124 0.239681 0)
(1.85196 0.0185799 0)
(1.79568 -0.0801471 0)
(1.80922 -0.0639508 0)
(1.84797 -0.0331093 0)
(1.89243 -0.0307108 0)
(1.95385 -0.0542716 0)
(2.00766 -0.0896202 0)
(2.0559 -0.106808 0)
(2.10916 -0.108171 0)
(2.16182 -0.10743 0)
(2.20897 -0.109504 0)
(2.24901 -0.115883 0)
(2.28598 -0.12272 0)
(2.32386 -0.128221 0)
(2.35807 -0.127216 0)
(2.39113 -0.11828 0)
(2.42239 -0.114895 0)
(2.45323 -0.112829 0)
(2.48615 -0.118529 0)
(2.52472 -0.125041 0)
(2.56349 -0.126478 0)
(2.5857 -0.123273 0)
(2.59557 -0.120251 0)
(2.60729 -0.126852 0)
(2.62443 -0.1218 0)
(2.65024 -0.118709 0)
(2.67316 -0.116877 0)
(2.69099 -0.117833 0)
(2.70766 -0.128538 0)
(2.7262 -0.123845 0)
(2.74263 -0.119408 0)
(2.76105 -0.111591 0)
(2.78093 -0.113405 0)
(2.79241 -0.106672 0)
(2.79716 -0.0965635 0)
(2.80772 -0.0947824 0)
(2.82342 -0.0880108 0)
(2.81458 -0.0547708 0)
(2.77367 0.0421379 0)
(2.64366 0.306259 0)
(2.58264 0.436693 0)
(2.49535 0.55618 0)
(2.43197 0.536173 0)
(2.29641 0.388008 0)
(2.2061 0.179098 0)
(2.20564 0.0640254 0)
(2.15653 -0.0247103 0)
(2.1416 -0.070171 0)
(2.14703 -0.0660921 0)
(2.17029 -0.0518214 0)
(2.19547 -0.027452 0)
(2.21777 -0.0222623 0)
(2.24014 -0.0453667 0)
(2.24215 -0.0629081 0)
(2.24295 -0.0579661 0)
(2.25713 -0.0426237 0)
(2.27332 -0.0372008 0)
(2.29726 -0.0417647 0)
(2.32065 -0.0480988 0)
(2.34141 -0.0485589 0)
(2.3584 -0.0457409 0)
(2.36916 -0.0443875 0)
(2.37175 -0.0432343 0)
(2.3707 -0.0408219 0)
(2.37411 -0.0376882 0)
(2.38554 -0.0368548 0)
(2.40053 -0.0364179 0)
(2.41714 -0.0383929 0)
(2.43287 -0.0442959 0)
(2.44632 -0.0478668 0)
(2.45907 -0.0467888 0)
(2.46852 -0.0396126 0)
(2.47347 -0.0296694 0)
(2.47762 -0.0285684 0)
(2.48192 -0.0327515 0)
(2.48449 -0.0403406 0)
(2.49118 -0.0460064 0)
(2.5057 -0.0484041 0)
(2.52213 -0.0499489 0)
(2.53787 -0.0511788 0)
(2.55295 -0.0491979 0)
(2.56452 -0.0454341 0)
(2.56471 -0.0429875 0)
(2.55605 -0.0360376 0)
(2.56398 -0.0221442 0)
(2.56606 -0.0159021 0)
(2.56445 0.000357771 0)
(2.53361 0.0781981 0)
(2.99988 0.00019355 0)
(2.99621 0.0118637 0)
(2.99209 -0.00923996 0)
(2.72279 0.303902 0)
(2.41774 0.646789 0)
(2.08937 0.26255 0)
(2.05519 0.0707303 0)
(1.98898 0.0970025 0)
(1.83326 0.0719277 0)
(1.83328 -0.000615854 0)
(1.84781 -0.035531 0)
(1.87756 -0.0259759 0)
(1.90125 -0.00356984 0)
(1.94315 -0.00208369 0)
(2.00605 -0.0155666 0)
(2.0719 -0.0302315 0)
(2.13178 -0.0317939 0)
(2.17491 -0.0320079 0)
(2.20719 -0.0343956 0)
(2.2407 -0.0371078 0)
(2.27176 -0.0418116 0)
(2.3014 -0.0434986 0)
(2.35058 -0.0393599 0)
(2.40019 -0.037786 0)
(2.44588 -0.0388916 0)
(2.48165 -0.0363975 0)
(2.51048 -0.0371954 0)
(2.53082 -0.0387827 0)
(2.54437 -0.0351026 0)
(2.56299 -0.0329109 0)
(2.5735 -0.0319934 0)
(2.58668 -0.0381175 0)
(2.62718 -0.0402268 0)
(2.66332 -0.038783 0)
(2.69993 -0.0370185 0)
(2.72601 -0.0420107 0)
(2.73335 -0.0477584 0)
(2.72917 -0.0429553 0)
(2.74482 -0.0423555 0)
(2.76309 -0.0370919 0)
(2.771 -0.0372339 0)
(2.79204 -0.030948 0)
(2.81509 -0.0312561 0)
(2.8359 -0.0316784 0)
(2.85445 -0.0338835 0)
(2.86293 -0.0280689 0)
(2.84061 0.000274863 0)
(2.80521 0.0433786 0)
(2.69478 0.142972 0)
(2.52356 0.210443 0)
(2.39455 0.282826 0)
(2.25096 0.185666 0)
(2.19829 0.06647 0)
(2.17433 0.0225467 0)
(2.16823 0.0296722 0)
(2.16937 0.00623662 0)
(2.18091 -0.0278247 0)
(2.19467 -0.0339897 0)
(2.2116 -0.0120434 0)
(2.21728 0.00229226 0)
(2.22916 -0.00635259 0)
(2.24617 -0.0211195 0)
(2.26025 -0.0228286 0)
(2.26201 -0.0135237 0)
(2.27331 -0.00962493 0)
(2.29431 -0.0138478 0)
(2.31324 -0.0192103 0)
(2.33369 -0.0185534 0)
(2.3544 -0.0145851 0)
(2.37034 -0.0135998 0)
(2.37686 -0.0151179 0)
(2.37131 -0.0174047 0)
(2.36358 -0.019093 0)
(2.37298 -0.0156819 0)
(2.39007 -0.0115189 0)
(2.40758 -0.00851159 0)
(2.42497 -0.00805817 0)
(2.44091 -0.00895937 0)
(2.45689 -0.00776667 0)
(2.47265 -0.00577103 0)
(2.484 -0.00383608 0)
(2.485 -0.00477031 0)
(2.4756 -0.0148958 0)
(2.47565 -0.0193056 0)
(2.48852 -0.019189 0)
(2.50438 -0.0184411 0)
(2.51992 -0.0162761 0)
(2.53552 -0.0141297 0)
(2.55124 -0.0120913 0)
(2.56372 -0.0116635 0)
(2.5644 -0.0133727 0)
(2.55126 -0.0114883 0)
(2.5484 -0.0123251 0)
(2.56702 -0.0111947 0)
(2.57133 -0.00823844 0)
(2.56748 0.00763518 0)
(2.99989 -0.000262183 0)
(2.99942 -0.0016788 0)
(2.9238 -0.134292 0)
(2.71022 -0.321451 0)
(2.47401 -0.176137 0)
(2.30975 -0.35846 0)
(2.00789 -0.305022 0)
(1.88161 -0.100894 0)
(1.84126 0.0195811 0)
(1.85017 0.0159565 0)
(1.87565 -0.00127319 0)
(1.88932 0.00013922 0)
(1.90898 0.021508 0)
(1.9475 0.0408934 0)
(1.99862 0.0454572 0)
(2.05274 0.0345954 0)
(2.10203 0.0287972 0)
(2.15161 0.0328797 0)
(2.2076 0.0310799 0)
(2.25733 0.0265882 0)
(2.30409 0.0246791 0)
(2.34066 0.0342325 0)
(2.36078 0.0439723 0)
(2.38625 0.037161 0)
(2.41841 0.0334006 0)
(2.44821 0.03846 0)
(2.4731 0.045498 0)
(2.51075 0.0464663 0)
(2.55091 0.0405094 0)
(2.58711 0.0348376 0)
(2.61129 0.0372424 0)
(2.62802 0.0502434 0)
(2.63679 0.0528176 0)
(2.6532 0.0391621 0)
(2.6738 0.0305839 0)
(2.68694 0.0295382 0)
(2.69963 0.0356122 0)
(2.72974 0.0327983 0)
(2.75826 0.0325389 0)
(2.78599 0.0321853 0)
(2.8057 0.0336059 0)
(2.80477 0.0423063 0)
(2.80061 0.0327269 0)
(2.81426 0.0290635 0)
(2.82768 0.0340761 0)
(2.84189 0.0263762 0)
(2.84021 0.0120423 0)
(2.81492 -0.00987108 0)
(2.68911 -0.15615 0)
(2.51939 -0.335405 0)
(2.37199 -0.202754 0)
(2.3019 -0.163587 0)
(2.22119 -0.149733 0)
(2.14884 -0.0740247 0)
(2.14997 0.006096 0)
(2.15429 0.0379834 0)
(2.18531 0.0242389 0)
(2.21025 -0.000844477 0)
(2.21963 0.00968653 0)
(2.22583 0.0229744 0)
(2.23474 0.0227736 0)
(2.24614 0.0135045 0)
(2.25392 0.00978679 0)
(2.26229 0.0160142 0)
(2.27751 0.0161626 0)
(2.2981 0.0135368 0)
(2.31944 0.0109116 0)
(2.34204 0.0118787 0)
(2.36202 0.0142545 0)
(2.37664 0.0140703 0)
(2.38386 0.00988961 0)
(2.38023 0.00515567 0)
(2.36896 0.00581204 0)
(2.37408 0.0110932 0)
(2.39294 0.0143823 0)
(2.41375 0.0181368 0)
(2.43185 0.0196181 0)
(2.44964 0.0185905 0)
(2.46588 0.0183232 0)
(2.48188 0.019367 0)
(2.49 0.0185592 0)
(2.47597 0.0147627 0)
(2.46876 0.0106062 0)
(2.48083 0.0065627 0)
(2.49556 0.00700423 0)
(2.51154 0.00910194 0)
(2.52879 0.010582 0)
(2.54686 0.0111063 0)
(2.56407 0.0115512 0)
(2.57614 0.0126989 0)
(2.56991 0.0158168 0)
(2.54992 0.019835 0)
(2.54547 0.0125235 0)
(2.56519 0.0104705 0)
(2.5707 0.00604742 0)
(2.56428 -0.0163794 0)
(2.99258 -0.0159622 0)
(2.94648 -0.112072 0)
(2.6524 -0.53698 0)
(2.52017 -0.706913 0)
(2.40942 -0.761847 0)
(2.36502 -0.759755 0)
(2.11722 -0.522407 0)
(1.89274 -0.198686 0)
(1.83575 0.0222898 0)
(1.83781 0.066298 0)
(1.84857 0.0430611 0)
(1.86187 0.0269158 0)
(1.89877 0.0349827 0)
(1.95382 0.0682851 0)
(2.00231 0.0964633 0)
(2.04913 0.100991 0)
(2.09848 0.0998991 0)
(2.15178 0.102788 0)
(2.20153 0.103241 0)
(2.24768 0.100403 0)
(2.28939 0.109879 0)
(2.33157 0.126316 0)
(2.37517 0.131348 0)
(2.40834 0.128734 0)
(2.43404 0.125115 0)
(2.46325 0.12569 0)
(2.49584 0.131477 0)
(2.52524 0.135707 0)
(2.54935 0.123915 0)
(2.56787 0.111804 0)
(2.583 0.11053 0)
(2.59979 0.122396 0)
(2.62242 0.128241 0)
(2.65314 0.119697 0)
(2.68522 0.117647 0)
(2.70854 0.122465 0)
(2.71873 0.127682 0)
(2.72307 0.110994 0)
(2.73583 0.104643 0)
(2.75363 0.100247 0)
(2.76965 0.107459 0)
(2.78222 0.120794 0)
(2.80121 0.113263 0)
(2.81226 0.10967 0)
(2.82626 0.0998122 0)
(2.81794 0.0514584 0)
(2.78318 -0.0324004 0)
(2.67327 -0.230991 0)
(2.553 -0.457095 0)
(2.47107 -0.591299 0)
(2.3946 -0.51437 0)
(2.34555 -0.393966 0)
(2.2505 -0.224626 0)
(2.15652 -0.0582146 0)
(2.11689 0.0817454 0)
(2.13404 0.103701 0)
(2.15873 0.0712353 0)
(2.17342 0.0369595 0)
(2.19849 0.0368779 0)
(2.22518 0.0490265 0)
(2.24374 0.0611756 0)
(2.24535 0.0494213 0)
(2.24807 0.0433268 0)
(2.26144 0.040102 0)
(2.28102 0.0386519 0)
(2.30331 0.0389962 0)
(2.32354 0.0396389 0)
(2.34105 0.0419529 0)
(2.35695 0.0473789 0)
(2.36672 0.0521094 0)
(2.36917 0.0460144 0)
(2.36904 0.0321713 0)
(2.37457 0.0257882 0)
(2.38584 0.0304258 0)
(2.39795 0.0380998 0)
(2.40794 0.0423063 0)
(2.42458 0.0440005 0)
(2.44508 0.0471596 0)
(2.463 0.0502145 0)
(2.47746 0.0500058 0)
(2.48325 0.0449623 0)
(2.47459 0.0382859 0)
(2.4635 0.0358921 0)
(2.47291 0.0367584 0)
(2.48961 0.0377801 0)
(2.50624 0.0376763 0)
(2.52357 0.0372568 0)
(2.54097 0.0376423 0)
(2.55723 0.0398016 0)
(2.57136 0.0420711 0)
(2.57543 0.0432316 0)
(2.55964 0.0425054 0)
(2.55936 0.027835 0)
(2.5626 0.0188484 0)
(2.56241 0.00161874 0)
(2.52759 -0.081364 0)
(2.88277 -0.178503 0)
(2.67755 -0.490019 0)
(2.406 -0.840818 0)
(2.34937 -0.864377 0)
(2.34625 -0.840348 0)
(2.33804 -0.824038 0)
(2.30971 -0.786986 0)
(2.22845 -0.659388 0)
(2.07351 -0.375511 0)
(1.91784 -0.116611 0)
(1.87418 -0.0140122 0)
(1.8747 0.0248163 0)
(1.90993 0.0817702 0)
(1.95156 0.114394 0)
(1.98548 0.124315 0)
(2.02339 0.138746 0)
(2.06904 0.153963 0)
(2.12278 0.165458 0)
(2.17928 0.174182 0)
(2.23264 0.183026 0)
(2.28026 0.193149 0)
(2.32183 0.203075 0)
(2.35669 0.211335 0)
(2.38562 0.214792 0)
(2.41238 0.213738 0)
(2.44085 0.211906 0)
(2.47267 0.206934 0)
(2.50244 0.199085 0)
(2.526 0.190089 0)
(2.55057 0.186809 0)
(2.58337 0.191181 0)
(2.61653 0.200811 0)
(2.64335 0.212716 0)
(2.66196 0.205584 0)
(2.66635 0.188496 0)
(2.67294 0.193385 0)
(2.69337 0.204312 0)
(2.71974 0.196966 0)
(2.73125 0.192982 0)
(2.74344 0.184047 0)
(2.76978 0.179809 0)
(2.79445 0.179859 0)
(2.82424 0.167643 0)
(2.82396 0.135547 0)
(2.79571 0.0777936 0)
(2.71722 -0.056041 0)
(2.55267 -0.317246 0)
(2.48178 -0.443937 0)
(2.41765 -0.527959 0)
(2.40502 -0.560732 0)
(2.40483 -0.559011 0)
(2.39888 -0.523523 0)
(2.3693 -0.44561 0)
(2.30797 -0.320362 0)
(2.22806 -0.149806 0)
(2.18152 -0.0174952 0)
(2.16467 0.00474699 0)
(2.17305 0.0359699 0)
(2.18504 0.0564375 0)
(2.2096 0.08015 0)
(2.22229 0.0831024 0)
(2.21802 0.0669066 0)
(2.22121 0.0599918 0)
(2.23849 0.0620084 0)
(2.26095 0.0639388 0)
(2.2862 0.0633824 0)
(2.31037 0.063554 0)
(2.33182 0.0661267 0)
(2.34657 0.071469 0)
(2.35132 0.0744597 0)
(2.34794 0.0682605 0)
(2.34887 0.0554263 0)
(2.35739 0.0511413 0)
(2.37099 0.0562914 0)
(2.386 0.062699 0)
(2.40486 0.0648217 0)
(2.424 0.068506 0)
(2.43907 0.0720832 0)
(2.45079 0.0705537 0)
(2.46097 0.066111 0)
(2.46848 0.0612605 0)
(2.47173 0.0596103 0)
(2.47087 0.0625202 0)
(2.47242 0.0674341 0)
(2.48534 0.0673817 0)
(2.50272 0.0666958 0)
(2.52119 0.0675937 0)
(2.53968 0.0688457 0)
(2.55678 0.0701594 0)
(2.56659 0.0683092 0)
(2.56554 0.0658426 0)
(2.54707 0.0596241 0)
(2.54162 0.0351263 0)
(2.53001 0.00989575 0)
(2.50789 -0.0425442 0)
(2.45056 -0.16039 0)
(2.5557 -0.609079 0)
(2.43727 -0.733595 0)
(2.36314 -0.836738 0)
(2.33327 -0.864215 0)
(2.31925 -0.857832 0)
(2.31561 -0.843693 0)
(2.32262 -0.833328 0)
(2.32906 -0.817565 0)
(2.30999 -0.750774 0)
(2.17163 -0.50458 0)
(1.97992 -0.143798 0)
(1.91343 0.0882929 0)
(1.91546 0.174378 0)
(1.94448 0.176542 0)
(1.98624 0.175672 0)
(2.02819 0.190148 0)
(2.07459 0.218249 0)
(2.12507 0.245972 0)
(2.17787 0.263754 0)
(2.2293 0.272826 0)
(2.27473 0.27835 0)
(2.312 0.283636 0)
(2.34122 0.287331 0)
(2.36716 0.285486 0)
(2.39516 0.281986 0)
(2.42651 0.281256 0)
(2.46041 0.28047 0)
(2.49602 0.281746 0)
(2.52989 0.282219 0)
(2.55773 0.279241 0)
(2.5788 0.273499 0)
(2.59336 0.270705 0)
(2.60961 0.280036 0)
(2.62549 0.275318 0)
(2.65027 0.263881 0)
(2.6816 0.269339 0)
(2.70511 0.278412 0)
(2.71551 0.270721 0)
(2.71468 0.257169 0)
(2.72777 0.24977 0)
(2.75359 0.234992 0)
(2.77797 0.230711 0)
(2.77141 0.20819 0)
(2.72479 0.0962814 0)
(2.62326 -0.108002 0)
(2.45844 -0.359889 0)
(2.40988 -0.455647 0)
(2.36261 -0.506519 0)
(2.37286 -0.505222 0)
(2.39152 -0.503505 0)
(2.41015 -0.5087 0)
(2.41057 -0.512189 0)
(2.41065 -0.49747 0)
(2.39638 -0.449972 0)
(2.36466 -0.368231 0)
(2.29413 -0.218109 0)
(2.19905 -0.0353356 0)
(2.16932 0.0671242 0)
(2.17312 0.120078 0)
(2.18348 0.115934 0)
(2.19868 0.102675 0)
(2.20602 0.0863263 0)
(2.21725 0.0892352 0)
(2.23674 0.106713 0)
(2.25544 0.107696 0)
(2.27807 0.100504 0)
(2.29618 0.087995 0)
(2.31289 0.0836429 0)
(2.32635 0.0839896 0)
(2.33193 0.0850843 0)
(2.33028 0.0871499 0)
(2.33857 0.0904556 0)
(2.35516 0.0921801 0)
(2.36909 0.0911425 0)
(2.38549 0.0908236 0)
(2.404 0.0924651 0)
(2.41497 0.0924336 0)
(2.42067 0.0910243 0)
(2.4299 0.0888609 0)
(2.44303 0.087496 0)
(2.45684 0.0861472 0)
(2.46722 0.0863857 0)
(2.46914 0.089656 0)
(2.46924 0.0963671 0)
(2.48184 0.0987762 0)
(2.4975 0.0989764 0)
(2.51516 0.0980339 0)
(2.53164 0.0961424 0)
(2.54422 0.0945272 0)
(2.55075 0.0915521 0)
(2.55046 0.0813841 0)
(2.52638 0.0381108 0)
(2.50262 0.00965784 0)
(2.44694 -0.0707096 0)
(2.41407 -0.129779 0)
(2.38893 -0.208665 0)
(2.39905 -0.79167 0)
(2.35328 -0.809481 0)
(2.33972 -0.827275 0)
(2.33114 -0.836572 0)
(2.32374 -0.845225 0)
(2.32516 -0.843627 0)
(2.33197 -0.837458 0)
(2.34329 -0.823493 0)
(2.36704 -0.816216 0)
(2.36708 -0.751208 0)
(2.31247 -0.563627 0)
(2.15001 -0.206401 0)
(2.0448 0.0526828 0)
(2.02375 0.173684 0)
(2.03171 0.222365 0)
(2.06342 0.268782 0)
(2.10031 0.303794 0)
(2.13601 0.322363 0)
(2.17704 0.329707 0)
(2.22233 0.337434 0)
(2.26612 0.348044 0)
(2.30376 0.359013 0)
(2.3352 0.364411 0)
(2.36467 0.361918 0)
(2.39493 0.360218 0)
(2.42575 0.364505 0)
(2.4551 0.367197 0)
(2.47971 0.365373 0)
(2.49818 0.360331 0)
(2.51991 0.353216 0)
(2.55276 0.349856 0)
(2.59209 0.356435 0)
(2.62338 0.363768 0)
(2.64351 0.357711 0)
(2.65948 0.346218 0)
(2.66634 0.334958 0)
(2.67411 0.337713 0)
(2.69192 0.330263 0)
(2.71993 0.318787 0)
(2.72774 0.314236 0)
(2.74393 0.283567 0)
(2.72748 0.228462 0)
(2.64565 0.0839279 0)
(2.50212 -0.172333 0)
(2.38657 -0.369279 0)
(2.32578 -0.462373 0)
(2.3224 -0.4721 0)
(2.33677 -0.46893 0)
(2.3623 -0.461327 0)
(2.38091 -0.456639 0)
(2.39562 -0.456655 0)
(2.40576 -0.463447 0)
(2.41595 -0.457727 0)
(2.41422 -0.451345 0)
(2.42337 -0.429601 0)
(2.41449 -0.385348 0)
(2.36077 -0.275975 0)
(2.27456 -0.104608 0)
(2.23248 0.00706987 0)
(2.21216 0.0675193 0)
(2.20786 0.0897397 0)
(2.20605 0.109066 0)
(2.21305 0.134358 0)
(2.21462 0.141211 0)
(2.23147 0.13188 0)
(2.25512 0.11972 0)
(2.27468 0.106775 0)
(2.29452 0.102618 0)
(2.31066 0.102071 0)
(2.31997 0.103031 0)
(2.32662 0.107383 0)
(2.33208 0.117465 0)
(2.33932 0.122744 0)
(2.35431 0.121269 0)
(2.37143 0.11927 0)
(2.38676 0.11784 0)
(2.39717 0.114818 0)
(2.40416 0.111867 0)
(2.41475 0.110361 0)
(2.4291 0.110447 0)
(2.44372 0.111036 0)
(2.45639 0.112508 0)
(2.46621 0.1148 0)
(2.46852 0.123582 0)
(2.47171 0.126662 0)
(2.48359 0.124445 0)
(2.49913 0.118029 0)
(2.51351 0.113418 0)
(2.52326 0.110044 0)
(2.52443 0.0967268 0)
(2.50638 0.0440753 0)
(2.47572 -0.0170475 0)
(2.41842 -0.0886162 0)
(2.36186 -0.166209 0)
(2.34455 -0.190676 0)
(2.36319 -0.210464 0)
(2.32988 -0.845439 0)
(2.32815 -0.854541 0)
(2.3243 -0.851642 0)
(2.32041 -0.848201 0)
(2.32165 -0.843785 0)
(2.3279 -0.836447 0)
(2.33646 -0.829681 0)
(2.35875 -0.813177 0)
(2.39356 -0.787607 0)
(2.43182 -0.752157 0)
(2.47314 -0.69723 0)
(2.45786 -0.559285 0)
(2.33437 -0.255158 0)
(2.18139 0.0906374 0)
(2.09624 0.31369 0)
(2.08179 0.397665 0)
(2.10915 0.410052 0)
(2.15128 0.408661 0)
(2.19275 0.404373 0)
(2.23254 0.409498 0)
(2.27023 0.422892 0)
(2.30321 0.436125 0)
(2.33172 0.43971 0)
(2.35811 0.433151 0)
(2.38253 0.428478 0)
(2.40563 0.433431 0)
(2.4295 0.441441 0)
(2.45845 0.449766 0)
(2.4965 0.453958 0)
(2.53516 0.448272 0)
(2.56656 0.441641 0)
(2.59324 0.445174 0)
(2.60685 0.442331 0)
(2.61687 0.418856 0)
(2.6208 0.396667 0)
(2.63521 0.389226 0)
(2.65577 0.399633 0)
(2.67485 0.388792 0)
(2.69683 0.373269 0)
(2.69561 0.336931 0)
(2.65603 0.228446 0)
(2.55806 0.0141231 0)
(2.3942 -0.243879 0)
(2.32333 -0.3618 0)
(2.29041 -0.408521 0)
(2.29513 -0.407325 0)
(2.3125 -0.410499 0)
(2.33939 -0.409661 0)
(2.36428 -0.408935 0)
(2.38394 -0.411298 0)
(2.39847 -0.413491 0)
(2.41109 -0.420698 0)
(2.42379 -0.417578 0)
(2.43317 -0.415934 0)
(2.43338 -0.413835 0)
(2.44307 -0.400734 0)
(2.4416 -0.37619 0)
(2.41791 -0.305574 0)
(2.34877 -0.165957 0)
(2.26826 -0.00529256 0)
(2.2295 0.101685 0)
(2.2175 0.155632 0)
(2.20449 0.172309 0)
(2.2078 0.171617 0)
(2.2261 0.162698 0)
(2.24652 0.15449 0)
(2.26672 0.141354 0)
(2.28415 0.12818 0)
(2.30017 0.124167 0)
(2.31442 0.125322 0)
(2.32623 0.129917 0)
(2.33682 0.139945 0)
(2.34524 0.152263 0)
(2.35351 0.156849 0)
(2.36354 0.151432 0)
(2.37389 0.143886 0)
(2.38352 0.138519 0)
(2.39347 0.135543 0)
(2.40585 0.134048 0)
(2.42089 0.134979 0)
(2.43671 0.13696 0)
(2.45048 0.137964 0)
(2.46114 0.140652 0)
(2.46262 0.147115 0)
(2.46108 0.14836 0)
(2.47536 0.142556 0)
(2.48457 0.138709 0)
(2.49385 0.12857 0)
(2.49514 0.105214 0)
(2.46768 0.0407761 0)
(2.42999 -0.0417308 0)
(2.38726 -0.1139 0)
(2.33735 -0.179364 0)
(2.32 -0.200787 0)
(2.33087 -0.200964 0)
(2.3525 -0.197976 0)
(2.324 -0.824236 0)
(2.32951 -0.828995 0)
(2.32922 -0.836874 0)
(2.32889 -0.83881 0)
(2.33155 -0.837753 0)
(2.33907 -0.832253 0)
(2.35786 -0.818609 0)
(2.38396 -0.797704 0)
(2.43358 -0.750907 0)
(2.46248 -0.72473 0)
(2.53412 -0.644763 0)
(2.58859 -0.622458 0)
(2.56527 -0.492033 0)
(2.51736 -0.289856 0)
(2.31957 0.0934778 0)
(2.2219 0.338362 0)
(2.15501 0.482073 0)
(2.1752 0.49239 0)
(2.21522 0.496837 0)
(2.25296 0.501436 0)
(2.28481 0.514208 0)
(2.31038 0.528773 0)
(2.33551 0.531748 0)
(2.36415 0.524721 0)
(2.39396 0.521948 0)
(2.42403 0.530676 0)
(2.4526 0.540899 0)
(2.47725 0.549538 0)
(2.49824 0.545824 0)
(2.51844 0.522152 0)
(2.53896 0.496748 0)
(2.56194 0.498393 0)
(2.58336 0.500273 0)
(2.60071 0.490156 0)
(2.6113 0.466214 0)
(2.61863 0.449186 0)
(2.62805 0.450962 0)
(2.66002 0.429286 0)
(2.64356 0.364062 0)
(2.57399 0.1961 0)
(2.40912 -0.107035 0)
(2.34069 -0.263293 0)
(2.27584 -0.347056 0)
(2.2542 -0.370742 0)
(2.2575 -0.379552 0)
(2.28125 -0.372061 0)
(2.30327 -0.367381 0)
(2.32393 -0.367978 0)
(2.34662 -0.366418 0)
(2.37011 -0.368859 0)
(2.38939 -0.370451 0)
(2.4025 -0.370721 0)
(2.41092 -0.36615 0)
(2.42039 -0.367039 0)
(2.42705 -0.375497 0)
(2.44133 -0.371099 0)
(2.45372 -0.364119 0)
(2.47235 -0.348637 0)
(2.46713 -0.313146 0)
(2.41918 -0.217103 0)
(2.33739 -0.0484688 0)
(2.30424 0.0581209 0)
(2.25086 0.127669 0)
(2.23611 0.162154 0)
(2.23008 0.178339 0)
(2.23659 0.187797 0)
(2.25335 0.175033 0)
(2.27423 0.157612 0)
(2.29389 0.150651 0)
(2.31375 0.149521 0)
(2.33144 0.152327 0)
(2.34684 0.161415 0)
(2.35508 0.175399 0)
(2.35536 0.182702 0)
(2.35668 0.177198 0)
(2.36362 0.167063 0)
(2.37478 0.162562 0)
(2.38876 0.161153 0)
(2.40424 0.160408 0)
(2.42063 0.161592 0)
(2.4364 0.164058 0)
(2.44986 0.163013 0)
(2.45941 0.164698 0)
(2.45961 0.173099 0)
(2.45798 0.166905 0)
(2.46627 0.159126 0)
(2.46751 0.145231 0)
(2.45819 0.110502 0)
(2.42487 0.0360138 0)
(2.381 -0.0572547 0)
(2.34208 -0.144388 0)
(2.31259 -0.191239 0)
(2.31109 -0.204973 0)
(2.31719 -0.199231 0)
(2.32905 -0.18829 0)
(2.35439 -0.180239 0)
(2.32554 -0.832898 0)
(2.32934 -0.835977 0)
(2.33132 -0.839352 0)
(2.33522 -0.840253 0)
(2.34042 -0.837516 0)
(2.35466 -0.827495 0)
(2.38676 -0.799404 0)
(2.42365 -0.768 0)
(2.47467 -0.71324 0)
(2.54537 -0.63603 0)
(2.57634 -0.596388 0)
(2.63059 -0.543185 0)
(2.64837 -0.513588 0)
(2.67823 -0.401629 0)
(2.65525 -0.235216 0)
(2.46772 0.142368 0)
(2.32693 0.414485 0)
(2.22872 0.587179 0)
(2.22388 0.617242 0)
(2.25384 0.615876 0)
(2.2844 0.611642 0)
(2.30914 0.6166 0)
(2.33432 0.616527 0)
(2.36297 0.608791 0)
(2.39278 0.607717 0)
(2.41979 0.614022 0)
(2.44232 0.616075 0)
(2.45817 0.615128 0)
(2.4787 0.609009 0)
(2.51407 0.591681 0)
(2.54755 0.568997 0)
(2.56592 0.566999 0)
(2.57822 0.562606 0)
(2.57685 0.551352 0)
(2.57586 0.52092 0)
(2.60001 0.503767 0)
(2.60441 0.462469 0)
(2.58142 0.364329 0)
(2.43011 0.0760297 0)
(2.33365 -0.146717 0)
(2.26125 -0.272564 0)
(2.24369 -0.311611 0)
(2.24213 -0.314814 0)
(2.25153 -0.331367 0)
(2.26659 -0.332188 0)
(2.28625 -0.32238 0)
(2.30633 -0.320981 0)
(2.3274 -0.326416 0)
(2.34975 -0.330574 0)
(2.37343 -0.333825 0)
(2.3947 -0.333851 0)
(2.4116 -0.330053 0)
(2.42387 -0.32559 0)
(2.43532 -0.326221 0)
(2.44539 -0.334142 0)
(2.4573 -0.335652 0)
(2.47044 -0.334232 0)
(2.48584 -0.326992 0)
(2.50375 -0.322325 0)
(2.50332 -0.303201 0)
(2.48495 -0.25035 0)
(2.41904 -0.115356 0)
(2.3333 0.0460467 0)
(2.28089 0.141245 0)
(2.25176 0.206677 0)
(2.23624 0.223041 0)
(2.2485 0.214975 0)
(2.26944 0.198001 0)
(2.2898 0.183482 0)
(2.31093 0.179747 0)
(2.33308 0.182676 0)
(2.35266 0.190733 0)
(2.36268 0.198144 0)
(2.36099 0.199233 0)
(2.3562 0.198991 0)
(2.36347 0.197135 0)
(2.37669 0.193306 0)
(2.3912 0.191585 0)
(2.40662 0.189353 0)
(2.42162 0.189131 0)
(2.43681 0.189202 0)
(2.45058 0.185562 0)
(2.4605 0.190383 0)
(2.45968 0.194517 0)
(2.45663 0.180641 0)
(2.44912 0.158244 0)
(2.42671 0.11637 0)
(2.37522 0.0186129 0)
(2.33901 -0.0581742 0)
(2.31481 -0.126149 0)
(2.30386 -0.179187 0)
(2.30474 -0.187554 0)
(2.31451 -0.183089 0)
(2.32749 -0.168427 0)
(2.34111 -0.160624 0)
(2.36768 -0.157778 0)
(2.33127 -0.843226 0)
(2.33298 -0.843876 0)
(2.33877 -0.845338 0)
(2.34778 -0.840805 0)
(2.36073 -0.830042 0)
(2.38952 -0.805968 0)
(2.42207 -0.77472 0)
(2.49688 -0.703812 0)
(2.5555 -0.618697 0)
(2.58971 -0.593251 0)
(2.60686 -0.561896 0)
(2.69512 -0.461185 0)
(2.74965 -0.367458 0)
(2.77214 -0.344468 0)
(2.80232 -0.26687 0)
(2.7668 -0.172423 0)
(2.62697 0.120128 0)
(2.43048 0.475012 0)
(2.29383 0.651923 0)
(2.26503 0.720211 0)
(2.2859 0.720845 0)
(2.31578 0.716884 0)
(2.34146 0.706878 0)
(2.36956 0.690042 0)
(2.39678 0.685004 0)
(2.42228 0.689528 0)
(2.44571 0.693384 0)
(2.4676 0.689495 0)
(2.48922 0.673877 0)
(2.51144 0.644275 0)
(2.5265 0.614794 0)
(2.53177 0.614788 0)
(2.53865 0.614701 0)
(2.54798 0.601775 0)
(2.56709 0.556875 0)
(2.55612 0.479452 0)
(2.49274 0.311651 0)
(2.32004 0.005544 0)
(2.23066 -0.189918 0)
(2.19484 -0.293815 0)
(2.20329 -0.286269 0)
(2.2291 -0.281702 0)
(2.24886 -0.287383 0)
(2.25249 -0.296878 0)
(2.26334 -0.290826 0)
(2.28135 -0.280338 0)
(2.30314 -0.279533 0)
(2.3277 -0.287224 0)
(2.3505 -0.293378 0)
(2.37345 -0.29589 0)
(2.39594 -0.295102 0)
(2.41671 -0.290494 0)
(2.43133 -0.285922 0)
(2.43713 -0.283844 0)
(2.43888 -0.290891 0)
(2.44863 -0.292339 0)
(2.46886 -0.292858 0)
(2.49223 -0.292594 0)
(2.51372 -0.296031 0)
(2.5287 -0.293866 0)
(2.53781 -0.287296 0)
(2.52412 -0.253064 0)
(2.47682 -0.148936 0)
(2.40098 -0.00612793 0)
(2.34322 0.0983951 0)
(2.28026 0.193936 0)
(2.27087 0.218969 0)
(2.28367 0.219996 0)
(2.29773 0.220487 0)
(2.31924 0.218936 0)
(2.34431 0.216785 0)
(2.36496 0.219044 0)
(2.37556 0.219587 0)
(2.37169 0.217004 0)
(2.36349 0.219358 0)
(2.36462 0.223474 0)
(2.37717 0.224918 0)
(2.3924 0.223625 0)
(2.41121 0.221686 0)
(2.43179 0.221928 0)
(2.44903 0.217009 0)
(2.45951 0.211041 0)
(2.46077 0.214623 0)
(2.4532 0.200101 0)
(2.43661 0.160325 0)
(2.40724 0.102872 0)
(2.33852 0.00405502 0)
(2.30184 -0.0593747 0)
(2.26984 -0.126953 0)
(2.27691 -0.172261 0)
(2.29596 -0.178962 0)
(2.31004 -0.170883 0)
(2.32599 -0.157517 0)
(2.34289 -0.140356 0)
(2.35853 -0.134433 0)
(2.37933 -0.136176 0)
(2.34171 -0.841605 0)
(2.34523 -0.845242 0)
(2.35112 -0.843958 0)
(2.36021 -0.836639 0)
(2.38872 -0.813355 0)
(2.43023 -0.774823 0)
(2.50608 -0.694962 0)
(2.56283 -0.620348 0)
(2.5888 -0.602238 0)
(2.64606 -0.527501 0)
(2.74002 -0.421359 0)
(2.77453 -0.330637 0)
(2.80529 -0.292024 0)
(2.80642 -0.299295 0)
(2.8374 -0.231844 0)
(2.88407 -0.177014 0)
(2.86823 -0.0527793 0)
(2.7872 0.175473 0)
(2.51119 0.558519 0)
(2.36273 0.749341 0)
(2.27312 0.821233 0)
(2.29411 0.815231 0)
(2.32637 0.7979 0)
(2.3628 0.767495 0)
(2.38957 0.749797 0)
(2.41272 0.745998 0)
(2.43314 0.744039 0)
(2.45082 0.734366 0)
(2.45887 0.715903 0)
(2.47724 0.680241 0)
(2.49332 0.657942 0)
(2.50956 0.656525 0)
(2.53274 0.65759 0)
(2.52431 0.585151 0)
(2.49423 0.471542 0)
(2.34648 0.185522 0)
(2.22502 -0.0735027 0)
(2.17401 -0.161108 0)
(2.17931 -0.218273 0)
(2.18566 -0.231327 0)
(2.21494 -0.241376 0)
(2.23894 -0.243433 0)
(2.2508 -0.253198 0)
(2.26008 -0.258796 0)
(2.27591 -0.253433 0)
(2.29448 -0.245907 0)
(2.31414 -0.243537 0)
(2.33405 -0.246832 0)
(2.35629 -0.250628 0)
(2.38143 -0.252152 0)
(2.40613 -0.253883 0)
(2.42832 -0.255822 0)
(2.4441 -0.256252 0)
(2.45074 -0.252206 0)
(2.44898 -0.250956 0)
(2.4537 -0.250169 0)
(2.4677 -0.252008 0)
(2.48583 -0.250077 0)
(2.51067 -0.255911 0)
(2.53725 -0.261387 0)
(2.5572 -0.262134 0)
(2.56458 -0.25822 0)
(2.55029 -0.225291 0)
(2.52361 -0.160654 0)
(2.46449 -0.0599556 0)
(2.37366 0.0841957 0)
(2.32828 0.193684 0)
(2.30134 0.271537 0)
(2.30725 0.270609 0)
(2.31927 0.266654 0)
(2.33848 0.258334 0)
(2.35576 0.250581 0)
(2.36979 0.241525 0)
(2.37966 0.233606 0)
(2.37988 0.236317 0)
(2.37629 0.246476 0)
(2.38274 0.257189 0)
(2.39949 0.26122 0)
(2.41661 0.257725 0)
(2.42777 0.249681 0)
(2.43956 0.241004 0)
(2.4504 0.230855 0)
(2.44684 0.211217 0)
(2.42013 0.153117 0)
(2.37628 0.0506064 0)
(2.33157 -0.0239961 0)
(2.28642 -0.0718794 0)
(2.25406 -0.105567 0)
(2.25901 -0.140255 0)
(2.2773 -0.151575 0)
(2.296 -0.146913 0)
(2.31397 -0.134341 0)
(2.33698 -0.122254 0)
(2.3576 -0.113745 0)
(2.37487 -0.113783 0)
(2.39237 -0.116335 0)
(2.34829 -0.84678 0)
(2.35377 -0.847177 0)
(2.35954 -0.841512 0)
(2.38248 -0.8207 0)
(2.43494 -0.772824 0)
(2.51068 -0.684696 0)
(2.55261 -0.642688 0)
(2.60132 -0.588739 0)
(2.71318 -0.462765 0)
(2.76894 -0.363163 0)
(2.79088 -0.319511 0)
(2.81261 -0.293128 0)
(2.83576 -0.233572 0)
(2.89951 -0.136583 0)
(2.91914 -0.0593795 0)
(2.93222 -0.0461634 0)
(2.95925 -0.0239406 0)
(2.92196 0.0974349 0)
(2.84008 0.259515 0)
(2.59178 0.582318 0)
(2.41176 0.785135 0)
(2.29827 0.867535 0)
(2.31088 0.856838 0)
(2.34068 0.829991 0)
(2.37126 0.804262 0)
(2.39618 0.792476 0)
(2.41773 0.784143 0)
(2.43021 0.776725 0)
(2.44237 0.752385 0)
(2.46637 0.701191 0)
(2.47684 0.680379 0)
(2.49565 0.653052 0)
(2.48331 0.585557 0)
(2.40611 0.398658 0)
(2.23392 0.079428 0)
(2.1285 -0.126279 0)
(2.11443 -0.220467 0)
(2.13104 -0.202879 0)
(2.1659 -0.195768 0)
(2.19785 -0.198258 0)
(2.22111 -0.20553 0)
(2.23749 -0.205465 0)
(2.25462 -0.214142 0)
(2.27447 -0.2279 0)
(2.29522 -0.226003 0)
(2.31623 -0.21818 0)
(2.33421 -0.210819 0)
(2.34899 -0.208637 0)
(2.364 -0.208135 0)
(2.38349 -0.206303 0)
(2.406 -0.209448 0)
(2.4283 -0.216332 0)
(2.44824 -0.2224 0)
(2.45736 -0.222675 0)
(2.44975 -0.215277 0)
(2.45168 -0.209522 0)
(2.47558 -0.209624 0)
(2.49747 -0.212692 0)
(2.5205 -0.216725 0)
(2.5411 -0.218469 0)
(2.55686 -0.213074 0)
(2.56887 -0.217531 0)
(2.56414 -0.221154 0)
(2.55921 -0.199476 0)
(2.54901 -0.159787 0)
(2.51362 -0.0843844 0)
(2.44854 0.0523624 0)
(2.38005 0.192774 0)
(2.36471 0.242455 0)
(2.346 0.277534 0)
(2.34746 0.283239 0)
(2.35364 0.282861 0)
(2.36669 0.271919 0)
(2.3828 0.259684 0)
(2.39464 0.258309 0)
(2.39896 0.267608 0)
(2.39304 0.281717 0)
(2.39451 0.283215 0)
(2.41466 0.28087 0)
(2.42455 0.274648 0)
(2.4315 0.256076 0)
(2.42364 0.215463 0)
(2.3981 0.139061 0)
(2.34379 0.00712299 0)
(2.32092 -0.0818419 0)
(2.27197 -0.115912 0)
(2.26251 -0.115866 0)
(2.2543 -0.122473 0)
(2.26386 -0.126276 0)
(2.28101 -0.122354 0)
(2.30845 -0.111649 0)
(2.33127 -0.100789 0)
(2.35488 -0.095128 0)
(2.37438 -0.0923116 0)
(2.38536 -0.0974916 0)
(2.38914 -0.105469 0)
(2.35213 -0.85399 0)
(2.35693 -0.849278 0)
(2.37777 -0.828984 0)
(2.43584 -0.773467 0)
(2.50786 -0.695716 0)
(2.55475 -0.638745 0)
(2.65236 -0.514937 0)
(2.72564 -0.420343 0)
(2.75608 -0.380083 0)
(2.80626 -0.274062 0)
(2.84555 -0.182012 0)
(2.85014 -0.180523 0)
(2.8492 -0.125644 0)
(2.88399 -0.0445276 0)
(2.89816 -0.000858935 0)
(2.93041 -0.012063 0)
(2.93882 -0.0244051 0)
(2.9273 0.0365616 0)
(2.91478 0.0760529 0)
(2.85569 0.181652 0)
(2.65313 0.489511 0)
(2.40556 0.804898 0)
(2.33473 0.850217 0)
(2.3436 0.836133 0)
(2.35846 0.824407 0)
(2.38304 0.811448 0)
(2.4063 0.789787 0)
(2.40824 0.776244 0)
(2.42912 0.736663 0)
(2.44659 0.695736 0)
(2.44995 0.64651 0)
(2.42462 0.546809 0)
(2.28414 0.260692 0)
(2.15681 -0.001265 0)
(2.0975 -0.105469 0)
(2.09874 -0.148058 0)
(2.11624 -0.151452 0)
(2.15155 -0.154631 0)
(2.18608 -0.153867 0)
(2.20732 -0.169177 0)
(2.21986 -0.173941 0)
(2.23449 -0.171535 0)
(2.25354 -0.175661 0)
(2.27303 -0.181392 0)
(2.29421 -0.179886 0)
(2.3187 -0.171728 0)
(2.33955 -0.165322 0)
(2.35523 -0.166113 0)
(2.37235 -0.17258 0)
(2.39446 -0.173083 0)
(2.41702 -0.172237 0)
(2.43501 -0.173226 0)
(2.4485 -0.179254 0)
(2.459 -0.18788 0)
(2.46135 -0.190934 0)
(2.45604 -0.175141 0)
(2.46418 -0.161709 0)
(2.48726 -0.160231 0)
(2.51205 -0.163002 0)
(2.53696 -0.168618 0)
(2.56078 -0.172044 0)
(2.58034 -0.180696 0)
(2.58217 -0.184838 0)
(2.57176 -0.183791 0)
(2.57961 -0.170457 0)
(2.57926 -0.149414 0)
(2.55805 -0.0857166 0)
(2.50917 0.0249641 0)
(2.42656 0.181707 0)
(2.3923 0.254669 0)
(2.34805 0.312547 0)
(2.35043 0.316356 0)
(2.36121 0.307004 0)
(2.37542 0.295753 0)
(2.38944 0.292126 0)
(2.40444 0.305125 0)
(2.4056 0.31471 0)
(2.39889 0.307441 0)
(2.40625 0.295042 0)
(2.40655 0.268241 0)
(2.39614 0.224625 0)
(2.34388 0.114207 0)
(2.31344 0.00518683 0)
(2.30399 -0.0627254 0)
(2.2794 -0.0922621 0)
(2.27373 -0.091104 0)
(2.27261 -0.0996089 0)
(2.26864 -0.105437 0)
(2.27162 -0.096145 0)
(2.28591 -0.0902255 0)
(2.30669 -0.081777 0)
(2.33034 -0.0718542 0)
(2.35217 -0.0716504 0)
(2.37428 -0.0730159 0)
(2.38929 -0.0799603 0)
(2.38682 -0.0890429 0)
(2.35379 -0.851568 0)
(2.37472 -0.831565 0)
(2.43176 -0.775144 0)
(2.50723 -0.69307 0)
(2.58483 -0.606778 0)
(2.68169 -0.457119 0)
(2.72397 -0.376721 0)
(2.76484 -0.329114 0)
(2.84805 -0.168138 0)
(2.85444 -0.073591 0)
(2.84288 -0.0786706 0)
(2.86568 -0.0208498 0)
(2.89299 0.0612943 0)
(2.88745 0.113288 0)
(2.90808 0.112314 0)
(2.93638 0.0856908 0)
(2.92359 0.0628777 0)
(2.91172 0.0689334 0)
(2.91052 0.0699157 0)
(2.90925 0.0701157 0)
(2.87945 0.115726 0)
(2.64194 0.458509 0)
(2.4329 0.726638 0)
(2.36484 0.790436 0)
(2.3546 0.80757 0)
(2.35987 0.80584 0)
(2.37353 0.795132 0)
(2.38395 0.771375 0)
(2.40552 0.71928 0)
(2.40974 0.642221 0)
(2.36858 0.47677 0)
(2.19564 0.157447 0)
(2.08664 -0.0489902 0)
(2.04773 -0.151952 0)
(2.06025 -0.13763 0)
(2.09367 -0.120352 0)
(2.12623 -0.107874 0)
(2.15582 -0.108617 0)
(2.18378 -0.116145 0)
(2.20527 -0.13463 0)
(2.21602 -0.142331 0)
(2.23014 -0.137746 0)
(2.2525 -0.134866 0)
(2.2781 -0.134674 0)
(2.3026 -0.131635 0)
(2.3252 -0.126166 0)
(2.34746 -0.124461 0)
(2.36544 -0.126547 0)
(2.37675 -0.130488 0)
(2.3829 -0.136847 0)
(2.39528 -0.138184 0)
(2.41219 -0.140121 0)
(2.4306 -0.144754 0)
(2.44592 -0.148915 0)
(2.45656 -0.147965 0)
(2.46701 -0.140031 0)
(2.48007 -0.124871 0)
(2.49641 -0.118226 0)
(2.5181 -0.121303 0)
(2.54103 -0.123625 0)
(2.55117 -0.133794 0)
(2.54945 -0.147766 0)
(2.55683 -0.146647 0)
(2.57481 -0.151704 0)
(2.59605 -0.148363 0)
(2.60523 -0.138716 0)
(2.60196 -0.118467 0)
(2.58408 -0.0674789 0)
(2.54266 0.0116593 0)
(2.47455 0.127589 0)
(2.38735 0.264765 0)
(2.3715 0.304698 0)
(2.36973 0.327159 0)
(2.37629 0.324884 0)
(2.38942 0.326487 0)
(2.40838 0.327317 0)
(2.41531 0.334386 0)
(2.39841 0.30015 0)
(2.38158 0.265547 0)
(2.34892 0.194344 0)
(2.30213 0.0899744 0)
(2.26905 -0.000987454 0)
(2.26101 -0.0671732 0)
(2.25464 -0.0967855 0)
(2.25578 -0.0980397 0)
(2.26477 -0.0943938 0)
(2.27583 -0.0905418 0)
(2.28262 -0.0897155 0)
(2.28629 -0.0729316 0)
(2.30103 -0.060195 0)
(2.31894 -0.0554407 0)
(2.33753 -0.0524726 0)
(2.3543 -0.0544413 0)
(2.37139 -0.0582398 0)
(2.37507 -0.0721537 0)
(2.37169 -0.0766964 0)
(2.3674 -0.833508 0)
(2.4234 -0.784119 0)
(2.5346 -0.661284 0)
(2.60996 -0.572247 0)
(2.65631 -0.484508 0)
(2.74405 -0.297618 0)
(2.78929 -0.23594 0)
(2.81622 -0.190131 0)
(2.83707 -0.0830703 0)
(2.83648 -0.0702235 0)
(2.84633 -0.0320019 0)
(2.88384 0.012239 0)
(2.90241 0.0554496 0)
(2.90358 0.0852476 0)
(2.91468 0.0779834 0)
(2.91575 0.0567865 0)
(2.90901 0.050356 0)
(2.90241 0.05224 0)
(2.90822 0.046836 0)
(2.91933 0.0393082 0)
(2.92134 0.027286 0)
(2.87313 0.0936971 0)
(2.72659 0.321658 0)
(2.45103 0.656643 0)
(2.36785 0.745555 0)
(2.34517 0.782461 0)
(2.34911 0.776637 0)
(2.34964 0.736754 0)
(2.34896 0.63701 0)
(2.28173 0.38812 0)
(2.16134 0.126385 0)
(2.03577 -0.0385546 0)
(2.01591 -0.0726084 0)
(2.02727 -0.081126 0)
(2.07135 -0.0812154 0)
(2.09862 -0.0709201 0)
(2.11404 -0.0783965 0)
(2.12984 -0.0806321 0)
(2.15269 -0.0855098 0)
(2.18045 -0.0997449 0)
(2.20323 -0.107647 0)
(2.22548 -0.100189 0)
(2.24799 -0.0911566 0)
(2.27158 -0.0868184 0)
(2.2937 -0.0853219 0)
(2.31238 -0.0850865 0)
(2.32788 -0.0873043 0)
(2.34182 -0.0924466 0)
(2.35357 -0.0959486 0)
(2.36728 -0.0984451 0)
(2.38493 -0.0997589 0)
(2.40576 -0.10246 0)
(2.42705 -0.106571 0)
(2.44635 -0.109295 0)
(2.46342 -0.103622 0)
(2.47794 -0.0907962 0)
(2.4863 -0.0770466 0)
(2.48846 -0.0750209 0)
(2.49664 -0.0843017 0)
(2.50932 -0.0960323 0)
(2.52019 -0.104745 0)
(2.53051 -0.108676 0)
(2.54853 -0.106787 0)
(2.56733 -0.104217 0)
(2.58554 -0.0998608 0)
(2.60192 -0.0935647 0)
(2.61152 -0.084428 0)
(2.60731 -0.0843825 0)
(2.59569 -0.0478586 0)
(2.57076 -0.0023183 0)
(2.51639 0.0879255 0)
(2.43228 0.235086 0)
(2.41157 0.301785 0)
(2.38639 0.362527 0)
(2.39208 0.362393 0)
(2.39289 0.346959 0)
(2.37634 0.295351 0)
(2.35534 0.231005 0)
(2.3131 0.143201 0)
(2.27578 0.068688 0)
(2.24989 0.0145221 0)
(2.22938 -0.028203 0)
(2.23079 -0.05509 0)
(2.23782 -0.0643728 0)
(2.24851 -0.0671005 0)
(2.25887 -0.0715216 0)
(2.27018 -0.0658694 0)
(2.28269 -0.0541202 0)
(2.29487 -0.047521 0)
(2.30764 -0.0410165 0)
(2.31788 -0.0359158 0)
(2.32882 -0.0370351 0)
(2.34063 -0.0412334 0)
(2.34922 -0.0494386 0)
(2.34828 -0.0603179 0)
(2.35333 -0.0547692 0)
(2.45151 -0.789271 0)
(2.59834 -0.644966 0)
(2.69673 -0.488151 0)
(2.77721 -0.329937 0)
(2.86913 -0.114598 0)
(2.90646 0.0237067 0)
(2.94607 0.0785591 0)
(2.96261 0.16694 0)
(2.93622 0.214889 0)
(2.95681 0.169029 0)
(2.97691 0.116097 0)
(2.97544 0.0915384 0)
(2.97214 0.0887521 0)
(2.96746 0.0748112 0)
(2.95573 0.0531677 0)
(2.94847 0.027882 0)
(2.93006 0.0130818 0)
(2.91651 0.00758505 0)
(2.92776 -0.00286697 0)
(2.93886 -0.0152162 0)
(2.94177 -0.015339 0)
(2.93496 -0.0077472 0)
(2.91022 0.0326179 0)
(2.71966 0.290802 0)
(2.54 0.528247 0)
(2.36434 0.769813 0)
(2.28874 0.720782 0)
(2.19998 0.51619 0)
(2.08424 0.194307 0)
(1.91755 -0.0507088 0)
(1.86122 -0.136848 0)
(1.91165 -0.105553 0)
(1.96979 -0.0796222 0)
(2.02278 -0.0537432 0)
(2.05829 -0.0350186 0)
(2.08514 -0.029382 0)
(2.10453 -0.0345808 0)
(2.12029 -0.0415784 0)
(2.14264 -0.0497514 0)
(2.16998 -0.0572426 0)
(2.19866 -0.0578314 0)
(2.22844 -0.0549498 0)
(2.25786 -0.0543079 0)
(2.2831 -0.0544779 0)
(2.30239 -0.0520802 0)
(2.3166 -0.0461799 0)
(2.32877 -0.042454 0)
(2.34021 -0.0471144 0)
(2.35294 -0.05607 0)
(2.36875 -0.0615556 0)
(2.38773 -0.0642689 0)
(2.4085 -0.0667309 0)
(2.42966 -0.0666472 0)
(2.45097 -0.0624484 0)
(2.47214 -0.0564941 0)
(2.49172 -0.0512582 0)
(2.50318 -0.0445897 0)
(2.49854 -0.0339185 0)
(2.48757 -0.0324167 0)
(2.49565 -0.0482475 0)
(2.51252 -0.0620455 0)
(2.53008 -0.0663823 0)
(2.55034 -0.0626367 0)
(2.57227 -0.0583339 0)
(2.59416 -0.0576158 0)
(2.61514 -0.0566733 0)
(2.62689 -0.050825 0)
(2.6281 -0.0540985 0)
(2.62 -0.0460355 0)
(2.60659 -0.00728662 0)
(2.59188 0.0194801 0)
(2.56022 0.0757791 0)
(2.48539 0.212968 0)
(2.44193 0.309971 0)
(2.41872 0.335979 0)
(2.36834 0.295779 0)
(2.29865 0.189968 0)
(2.24044 0.0713448 0)
(2.19499 -0.0242256 0)
(2.17324 -0.0612351 0)
(2.17141 -0.058702 0)
(2.18243 -0.0501315 0)
(2.20234 -0.0494385 0)
(2.22065 -0.0391663 0)
(2.23747 -0.0323146 0)
(2.24793 -0.035486 0)
(2.26433 -0.0329698 0)
(2.27778 -0.0244226 0)
(2.29277 -0.019642 0)
(2.30706 -0.0188028 0)
(2.3179 -0.0188959 0)
(2.3251 -0.0164316 0)
(2.32966 -0.0164274 0)
(2.33229 -0.0253719 0)
(2.3357 -0.0334 0)
(2.35023 -0.0320476 0)
(2.43249 -0.819757 0)
(2.54621 -0.789387 0)
(2.63269 -0.804756 0)
(2.74507 -0.647212 0)
(2.86093 -0.467602 0)
(2.93132 -0.361099 0)
(2.96199 -0.201822 0)
(2.99152 -0.106675 0)
(2.99426 -0.0393902 0)
(2.99751 0.0135182 0)
(2.99079 0.0506413 0)
(2.98635 0.0688635 0)
(2.98995 0.0620147 0)
(2.98825 0.0523133 0)
(2.98302 0.044716 0)
(2.97133 0.0335505 0)
(2.95168 0.0318664 0)
(2.93908 0.0306512 0)
(2.95145 0.0234398 0)
(2.96014 0.0128688 0)
(2.96018 0.00901544 0)
(2.95503 0.00374393 0)
(2.94311 -0.000296281 0)
(2.91471 0.0227702 0)
(2.75323 0.1389 0)
(2.43645 0.386693 0)
(2.23818 0.412219 0)
(2.05234 0.413232 0)
(1.89724 0.242485 0)
(1.81318 0.131234 0)
(1.83751 0.0180029 0)
(1.91932 -0.0234472 0)
(1.99148 -0.0304124 0)
(2.02556 -0.0314222 0)
(2.04224 -0.0247056 0)
(2.05968 -0.019788 0)
(2.07775 -0.0203223 0)
(2.09669 -0.0241476 0)
(2.12221 -0.0266033 0)
(2.15137 -0.0270924 0)
(2.18256 -0.0260221 0)
(2.21481 -0.0252615 0)
(2.24427 -0.0257373 0)
(2.26671 -0.0266655 0)
(2.28238 -0.0258482 0)
(2.29457 -0.0234039 0)
(2.30531 -0.0226193 0)
(2.3172 -0.0262102 0)
(2.33149 -0.0311026 0)
(2.34759 -0.0332929 0)
(2.36645 -0.0333418 0)
(2.38813 -0.0326846 0)
(2.41133 -0.0310588 0)
(2.43452 -0.029154 0)
(2.45681 -0.0272992 0)
(2.47522 -0.0255842 0)
(2.48418 -0.0244297 0)
(2.47802 -0.0254754 0)
(2.46384 -0.0296192 0)
(2.47092 -0.0325531 0)
(2.49168 -0.033566 0)
(2.51316 -0.0337113 0)
(2.53504 -0.0302168 0)
(2.55844 -0.0275112 0)
(2.58268 -0.0268234 0)
(2.60159 -0.0272918 0)
(2.61152 -0.0218604 0)
(2.61246 -0.0218205 0)
(2.60462 -0.0391824 0)
(2.60203 -0.0298941 0)
(2.60538 -0.0226706 0)
(2.60135 -0.0103968 0)
(2.56298 0.0303371 0)
(2.47836 0.0955477 0)
(2.36756 0.147999 0)
(2.28906 0.141546 0)
(2.23575 0.138297 0)
(2.19193 0.120459 0)
(2.15117 0.0662071 0)
(2.1465 0.0259336 0)
(2.15907 0.000357474 0)
(2.18917 -0.0133627 0)
(2.20564 -0.0160751 0)
(2.21189 -0.0195646 0)
(2.21891 -0.0210131 0)
(2.23359 -0.0149882 0)
(2.24972 -0.0121383 0)
(2.26831 -0.0107399 0)
(2.287 -0.0110399 0)
(2.30066 -0.0128967 0)
(2.30793 -0.0141305 0)
(2.31035 -0.0142885 0)
(2.31146 -0.0130222 0)
(2.31427 -0.016683 0)
(2.32166 -0.016121 0)
(2.34228 -0.0150802 0)
)
;

boundaryField
{
    inlet
    {
        type            fixedValue;
        value           uniform (3 0 0);
    }
    outlet
    {
        type            inletOutlet;
        inletValue      uniform (3 0 0);
        value           nonuniform List<vector> 
32
(
(2.35819 0.0138066 0)
(2.37232 0.0224067 0)
(2.37005 0.0410847 0)
(2.37041 0.0608499 0)
(2.36467 0.079733 0)
(2.36631 0.0984423 0)
(2.37053 0.112059 0)
(2.36912 0.131173 0)
(2.36218 0.157216 0)
(2.36102 0.186131 0)
(2.36549 0.212428 0)
(2.38114 0.238096 0)
(2.4153 0.223786 0)
(2.46587 0.170469 0)
(2.53361 0.0781981 0)
(2.56748 0.00763518 0)
(2.56428 -0.0163794 0)
(2.52759 -0.081364 0)
(2.45056 -0.16039 0)
(2.38893 -0.208665 0)
(2.36319 -0.210464 0)
(2.3525 -0.197976 0)
(2.35439 -0.180239 0)
(2.36768 -0.157778 0)
(2.37933 -0.136176 0)
(2.39237 -0.116335 0)
(2.38914 -0.105469 0)
(2.38682 -0.0890429 0)
(2.37169 -0.0766964 0)
(2.35333 -0.0547692 0)
(2.35023 -0.0320476 0)
(2.34228 -0.0150802 0)
)
;
    }
    bottom
    {
        type            symmetryPlane;
    }
    top
    {
        type            symmetryPlane;
    }
    obstacle
    {
        type            slip;
    }
    defaultFaces
    {
        type            empty;
    }
}


// ************************************************************************* //
