/*--------------------------------*- C++ -*----------------------------------*\
  =========                 |
  \\      /  F ield         | OpenFOAM: The Open Source CFD Toolbox
   \\    /   O peration     | Website:  https://openfoam.org
    \\  /    A nd           | Version:  7
     \\/     M anipulation  |
\*---------------------------------------------------------------------------*/
FoamFile
{
    version     2.0;
    format      ascii;
    class       volVectorField;
    location    "1.1";
    object      U;
}
// * * * * * * * * * * * * * * * * * * * * * * * * * * * * * * * * * * * * * //

dimensions      [0 1 -1 0 0 0 0];

internalField   nonuniform List<vector> 
4608
(
(3 -5.4633e-18 0)
(3 -5.04785e-17 0)
(3 4.19688e-17 0)
(3 6.31524e-17 0)
(3 1.0803e-16 0)
(3 4.94676e-16 0)
(3 8.25149e-16 0)
(3 5.37581e-16 0)
(3 5.49221e-16 0)
(3 8.46143e-16 0)
(3 9.21368e-16 0)
(3 9.45557e-16 0)
(3 1.06407e-15 0)
(3 5.42101e-16 0)
(3 -9.94197e-17 0)
(3 3.10628e-16 0)
(3 -3.97304e-17 0)
(3 -7.62922e-16 0)
(3 -1.62319e-16 0)
(3 3.07429e-18 0)
(3 4.71756e-16 0)
(3 1.08257e-15 0)
(3 1.79688e-15 0)
(3 1.5731e-15 0)
(3 7.47183e-17 0)
(3 -2.937e-16 0)
(3 -3.2527e-16 0)
(3 -1.76776e-16 0)
(3 5.48791e-16 0)
(3 1.04605e-15 0)
(3 6.99306e-16 0)
(3 1.21046e-16 0)
(3 2.45193e-16 0)
(3 3.20246e-16 0)
(3 2.02748e-16 0)
(3 3.58176e-16 0)
(3 5.07294e-16 0)
(3 3.10363e-16 0)
(3 -2.51585e-16 0)
(3 -1.68139e-17 0)
(3 3.85593e-16 0)
(3 -4.72555e-16 0)
(3 -1.43101e-16 0)
(3 3.44877e-16 0)
(3 1.07987e-15 0)
(3 2.19754e-15 0)
(3 3.2884e-15 0)
(3 1.59564e-15 0)
(3 -1.44772e-16 0)
(3 -3.12783e-16 0)
(3 -3.27727e-16 0)
(3 -2.80891e-16 0)
(3 2.69284e-16 0)
(3 6.39015e-16 0)
(3 7.02998e-16 0)
(3 8.79397e-16 0)
(3 4.81844e-16 0)
(3 3.6682e-16 0)
(3 5.15252e-16 0)
(3 8.81481e-16 0)
(3 8.56939e-16 0)
(3 6.99372e-16 0)
(3 7.7964e-16 0)
(3 1.08e-15 0)
(3 1.21153e-15 0)
(3 6.61051e-16 0)
(3 2.37571e-16 0)
(3 4.98855e-16 0)
(3 8.86418e-16 0)
(3 1.07883e-15 0)
(3 1.99868e-15 0)
(3 1.96402e-15 0)
(3 -2.26252e-16 0)
(3 8.31468e-17 0)
(3 1.58475e-16 0)
(3 -1.35769e-16 0)
(3 6.94443e-17 0)
(3 4.58401e-16 0)
(3 1.13658e-15 0)
(3 2.07407e-15 0)
(3 2.33627e-15 0)
(3 2.59547e-15 0)
(3 2.22621e-15 0)
(3 1.77074e-15 0)
(3 1.52601e-15 0)
(3 1.05127e-15 0)
(3 1.02997e-15 0)
(3 9.9579e-16 0)
(3 7.03702e-16 0)
(3 7.39222e-16 0)
(3 8.74632e-16 0)
(3 6.47659e-16 0)
(3 -7.50267e-17 0)
(3 -2.08624e-17 0)
(3 1.4551e-15 0)
(3 2.41372e-15 0)
(3 2.03526e-16 0)
(3 6.73923e-17 0)
(3 1.24619e-16 0)
(3 3.87682e-16 0)
(3 8.31896e-16 0)
(3 4.50593e-16 0)
(3 1.11838e-16 0)
(3 2.24627e-16 0)
(3 4.63476e-16 0)
(3 6.32254e-16 0)
(3 1.30522e-15 0)
(3 1.49387e-15 0)
(3 8.19183e-16 0)
(3 3.46459e-16 0)
(3 4.30378e-17 0)
(3 -7.03831e-16 0)
(3 -8.23939e-16 0)
(3 -8.92522e-16 0)
(3 -2.29485e-16 0)
(3 7.08289e-16 0)
(3 7.45186e-16 0)
(3 8.57217e-16 0)
(3 1.338e-15 0)
(3 1.8677e-15 0)
(3 5.89209e-17 0)
(3 -1.40542e-16 0)
(3 8.48045e-17 0)
(3 2.95877e-16 0)
(3 1.17329e-16 0)
(3 -2.6513e-16 0)
(3 -2.94154e-16 0)
(3 -4.25213e-16 0)
(3 -1.10441e-16 0)
(3 -9.62233e-17 0)
(3 1.73163e-16 0)
(3 1.6693e-16 0)
(3 5.20116e-16 0)
(3 8.99201e-16 0)
(3 4.78406e-16 0)
(3 -5.75005e-16 0)
(3 -2.00561e-15 0)
(3 -2.2625e-15 0)
(3 -1.49811e-15 0)
(3 -8.42924e-17 0)
(3 1.41095e-15 0)
(3 2.1012e-15 0)
(3 1.12716e-15 0)
(3 1.90586e-15 0)
(3 -3.47133e-17 0)
(3 5.22025e-17 0)
(3 1.04578e-16 0)
(3 -7.49862e-17 0)
(3 -7.49502e-16 0)
(3 -7.23771e-16 0)
(3 -4.02157e-16 0)
(3 6.50448e-17 0)
(3 9.47906e-17 0)
(3 -5.48966e-16 0)
(3 -8.52375e-16 0)
(3 -5.52608e-16 0)
(3 2.83647e-17 0)
(3 1.12575e-15 0)
(3 1.22137e-15 0)
(3 7.85642e-17 0)
(3 -1.2667e-15 0)
(3 -1.72536e-15 0)
(3 -1.66777e-15 0)
(3 -7.72972e-16 0)
(3 5.79049e-16 0)
(3 1.44771e-15 0)
(3 1.0763e-15 0)
(3 1.97745e-16 0)
(3 -1.13073e-16 0)
(3 4.89427e-17 0)
(3 3.70744e-17 0)
(3 -1.77022e-16 0)
(3 -6.85284e-16 0)
(3 -1.05197e-15 0)
(3 -1.0431e-15 0)
(3 -8.96962e-16 0)
(3 -1.14741e-15 0)
(3 -1.26693e-15 0)
(3 -1.70807e-15 0)
(3 -1.86266e-15 0)
(3 -1.8898e-15 0)
(3 -1.02913e-15 0)
(3 -3.05357e-16 0)
(3 -1.57502e-16 0)
(3 -5.28127e-16 0)
(3 -8.94794e-16 0)
(3 -1.26194e-15 0)
(3 -2.15163e-16 0)
(3 6.69636e-17 0)
(3 -3.77988e-16 0)
(3 -4.91488e-16 0)
(3 -8.77335e-16 0)
(3 -1.12378e-16 0)
(3 8.00435e-17 0)
(3 -2.14342e-16 0)
(3 -6.27737e-16 0)
(3 -5.60774e-16 0)
(3 -8.33022e-16 0)
(3 -6.64702e-16 0)
(3 -8.26572e-16 0)
(3 -1.00301e-15 0)
(3 -3.51359e-16 0)
(3 -1.11524e-15 0)
(3 -1.43368e-15 0)
(3 -1.76944e-15 0)
(3 -1.88229e-15 0)
(3 -1.67746e-15 0)
(3 -1.08966e-15 0)
(3 -1.60366e-16 0)
(3 7.0103e-16 0)
(3 1.59609e-15 0)
(3 9.32524e-16 0)
(3 3.53563e-16 0)
(3 -1.36369e-16 0)
(3 -4.33066e-16 0)
(3 -7.1827e-16 0)
(3 8.10357e-17 0)
(3 1.20606e-16 0)
(3 4.59287e-17 0)
(3 1.74579e-16 0)
(3 6.40841e-16 0)
(3 9.23539e-16 0)
(3 6.09965e-16 0)
(3 -2.4646e-17 0)
(3 -4.69857e-16 0)
(3 -3.39019e-16 0)
(3 2.58602e-16 0)
(3 7.41098e-18 0)
(3 -8.13461e-16 0)
(3 -1.03738e-15 0)
(3 -7.61118e-16 0)
(3 -1.30365e-15 0)
(3 -1.08411e-15 0)
(3 -6.9712e-16 0)
(3 -5.36599e-16 0)
(3 -9.36686e-16 0)
(3 -4.3774e-16 0)
(3 -1.46365e-16 0)
(3 -7.99428e-16 0)
(3 -1.054e-15 0)
(3 3.84396e-17 0)
(3 -2.36429e-16 0)
(3 3.25289e-16 0)
(3 8.14723e-16 0)
(3 9.24113e-16 0)
(3 9.0261e-16 0)
(3 4.02907e-16 0)
(3 -3.32288e-17 0)
(3 1.72958e-16 0)
(3 4.79542e-16 0)
(3 1.35882e-15 0)
(3 1.27495e-15 0)
(3 3.85484e-16 0)
(3 -5.96382e-16 0)
(3 -1.58456e-15 0)
(3 -1.71337e-15 0)
(3 -2.04573e-15 0)
(3 -2.28347e-15 0)
(3 -2.55568e-15 0)
(3 -2.27131e-15 0)
(3 -1.49911e-15 0)
(3 -1.38111e-15 0)
(3 -1.19343e-15 0)
(3 -1.68091e-15 0)
(3 6.96427e-17 0)
(3 1.74362e-17 0)
(3 -3.35371e-17 0)
(3 -1.67535e-16 0)
(3 -2.27842e-16 0)
(3 -1.61449e-16 0)
(3 -1.05601e-16 0)
(3 3.03448e-16 0)
(3 6.50916e-16 0)
(3 1.38233e-15 0)
(3 1.88859e-15 0)
(3 2.59397e-15 0)
(3 1.67802e-15 0)
(3 6.91084e-16 0)
(3 -4.27345e-16 0)
(3 -7.79795e-16 0)
(3 -1.2951e-15 0)
(3 -1.63613e-15 0)
(3 -1.60608e-15 0)
(3 -1.67344e-15 0)
(3 -1.94612e-15 0)
(3 -1.79634e-15 0)
(3 -5.76588e-16 0)
(3 4.18923e-16 0)
(3 -1.19662e-17 0)
(3 7.48473e-17 0)
(3 -3.956e-16 0)
(3 -3.90767e-16 0)
(3 -4.12904e-16 0)
(3 -5.42571e-16 0)
(3 -7.03073e-16 0)
(3 -4.08932e-16 0)
(3 1.32191e-17 0)
(3 1.61335e-16 0)
(3 -1.52981e-16 0)
(3 3.65481e-17 0)
(3 2.86354e-17 0)
(3 4.1662e-16 0)
(3 6.59891e-16 0)
(3 5.98985e-16 0)
(3 7.73627e-16 0)
(3 2.48964e-16 0)
(3 -2.26191e-16 0)
(3 -4.75842e-16 0)
(3 -5.05838e-16 0)
(3 -6.83261e-17 0)
(3 1.9533e-16 0)
(3 7.85073e-16 0)
(3 -4.55471e-17 0)
(3 -1.18066e-16 0)
(3 -9.83013e-17 0)
(3 1.05811e-16 0)
(3 -5.79769e-19 0)
(3 -7.07108e-16 0)
(3 -1.0018e-15 0)
(3 -9.64627e-16 0)
(3 -2.87741e-16 0)
(3 6.15888e-17 0)
(3 -6.03905e-17 0)
(3 -1.62372e-16 0)
(3 1.95717e-16 0)
(3 1.05398e-15 0)
(3 1.24736e-15 0)
(3 1.60732e-15 0)
(3 1.90518e-15 0)
(3 2.03168e-15 0)
(3 2.12205e-15 0)
(3 1.86268e-15 0)
(3 1.75819e-15 0)
(3 1.44696e-15 0)
(3 7.03729e-16 0)
(3 -7.90407e-16 0)
(3 -6.35256e-17 0)
(3 -3.07929e-17 0)
(3 5.74294e-18 0)
(3 2.11742e-17 0)
(3 2.36104e-16 0)
(3 1.39967e-16 0)
(3 1.54624e-16 0)
(3 1.7976e-16 0)
(3 3.24731e-16 0)
(3 9.01483e-16 0)
(3 1.19212e-15 0)
(3 8.24108e-16 0)
(3 1.03638e-15 0)
(3 1.38969e-15 0)
(3 1.50516e-15 0)
(3 1.85649e-15 0)
(3 2.0751e-15 0)
(3 2.05442e-15 0)
(3 2.06694e-15 0)
(3 2.19796e-15 0)
(3 1.71973e-15 0)
(3 2.2885e-16 0)
(3 -9.14611e-16 0)
(3 -2.07059e-15 0)
(3 3.2601e-17 0)
(3 2.01575e-16 0)
(3 2.95404e-16 0)
(3 2.64e-16 0)
(3 2.21921e-16 0)
(3 2.58108e-16 0)
(3 6.64564e-17 0)
(3 -2.13578e-16 0)
(3 -2.13215e-16 0)
(3 -1.35865e-17 0)
(3 -8.59239e-17 0)
(3 -2.00467e-16 0)
(3 -2.58841e-16 0)
(3 8.0006e-17 0)
(3 7.45762e-16 0)
(3 1.05022e-15 0)
(3 1.22999e-15 0)
(3 1.11017e-15 0)
(3 8.32545e-16 0)
(3 9.8917e-16 0)
(3 8.7661e-16 0)
(3 5.83737e-16 0)
(3 -3.72706e-17 0)
(3 -4.64666e-16 0)
(3 5.11543e-17 0)
(3 -3.34559e-17 0)
(3 2.26514e-16 0)
(3 1.24143e-16 0)
(3 -9.28122e-17 0)
(3 -3.17362e-16 0)
(3 -4.282e-16 0)
(3 -3.0383e-16 0)
(3 -3.3303e-16 0)
(3 -5.58486e-16 0)
(3 -6.22647e-16 0)
(3 -3.2656e-16 0)
(3 -2.74342e-16 0)
(3 2.05746e-16 0)
(3 1.48053e-15 0)
(3 1.42628e-15 0)
(3 9.26831e-16 0)
(3 2.79469e-16 0)
(3 5.44023e-16 0)
(3 3.20112e-16 0)
(3 -8.82965e-17 0)
(3 -3.11738e-16 0)
(3 1.39679e-16 0)
(3 9.59856e-16 0)
(3 -1.05899e-16 0)
(3 -1.35155e-16 0)
(3 -4.30782e-17 0)
(3 -3.99698e-16 0)
(3 -6.43753e-16 0)
(3 2.6915e-17 0)
(3 8.48683e-16 0)
(3 1.2169e-15 0)
(3 6.29222e-16 0)
(3 1.78675e-16 0)
(3 4.2433e-17 0)
(3 1.682e-16 0)
(3 -8.85845e-17 0)
(3 -5.15943e-16 0)
(3 9.86614e-17 0)
(3 3.77403e-16 0)
(3 1.38122e-16 0)
(3 2.60312e-16 0)
(3 9.24877e-16 0)
(3 7.89043e-16 0)
(3 1.77566e-17 0)
(3 -4.32386e-16 0)
(3 1.41186e-15 0)
(3 3.22438e-15 0)
(3 1.52325e-16 0)
(3 3.41787e-16 0)
(3 1.10798e-16 0)
(3 -3.39985e-16 0)
(3 -7.58863e-16 0)
(3 -2.23385e-16 0)
(3 1.59038e-16 0)
(3 1.10589e-16 0)
(3 -5.97802e-17 0)
(3 3.49372e-17 0)
(3 -1.42214e-17 0)
(3 -1.61506e-16 0)
(3 -3.92357e-16 0)
(3 -8.92902e-16 0)
(3 -1.442e-15 0)
(3 -9.95882e-16 0)
(3 1.19569e-15 0)
(3 1.77291e-15 0)
(3 1.43061e-15 0)
(3 1.341e-15 0)
(3 1.43266e-15 0)
(3 1.55693e-15 0)
(3 2.11939e-15 0)
(3 2.29314e-15 0)
(3 4.04524e-17 0)
(3 6.61437e-17 0)
(3 -1.23993e-16 0)
(3 2.87731e-17 0)
(3 -2.04173e-16 0)
(3 -6.61008e-16 0)
(3 -6.84067e-16 0)
(3 -6.35093e-16 0)
(3 -7.73652e-16 0)
(3 -4.21769e-16 0)
(3 -3.7464e-16 0)
(3 -3.63069e-16 0)
(3 -3.5551e-16 0)
(3 -5.27366e-16 0)
(3 -7.20572e-16 0)
(3 -2.40312e-16 0)
(3 1.6283e-15 0)
(3 2.34676e-15 0)
(3 1.68225e-15 0)
(3 1.0326e-15 0)
(3 1.10389e-15 0)
(3 1.79392e-15 0)
(3 1.78182e-15 0)
(3 1.33805e-15 0)
(3 -8.91722e-17 0)
(3 -4.82161e-16 0)
(3 -6.4057e-16 0)
(3 -4.552e-16 0)
(3 1.55918e-17 0)
(3 -1.78153e-16 0)
(3 -7.08245e-17 0)
(3 -2.17688e-16 0)
(3 -6.0251e-16 0)
(3 -5.07089e-16 0)
(3 -4.45221e-16 0)
(3 -4.44046e-16 0)
(3 -4.23561e-16 0)
(3 -3.37057e-16 0)
(3 -9.73095e-17 0)
(3 7.4745e-17 0)
(3 1.20257e-15 0)
(3 1.65906e-15 0)
(3 2.08501e-15 0)
(3 1.30562e-15 0)
(3 4.13195e-16 0)
(3 5.65633e-16 0)
(3 9.32928e-16 0)
(3 1.06569e-15 0)
(3 -1.20458e-16 0)
(3 -2.38316e-16 0)
(3 -2.21465e-16 0)
(3 -2.11129e-16 0)
(3 -2.54681e-16 0)
(3 1.31293e-17 0)
(3 2.88579e-16 0)
(3 2.10362e-16 0)
(3 3.17933e-16 0)
(3 2.98039e-16 0)
(3 2.97873e-16 0)
(3 2.46622e-16 0)
(3 4.7374e-16 0)
(3 6.56965e-16 0)
(3 8.56194e-16 0)
(3 7.29395e-16 0)
(3 1.08354e-15 0)
(3 1.31271e-15 0)
(3 1.10934e-15 0)
(3 3.4773e-16 0)
(3 -2.80328e-16 0)
(3 -6.18455e-16 0)
(3 -6.58982e-16 0)
(3 -1.76168e-15 0)
(3 -7.28764e-17 0)
(3 -1.72651e-16 0)
(3 -1.12125e-16 0)
(3 6.39773e-17 0)
(3 2.54067e-16 0)
(3 2.21874e-16 0)
(3 1.19898e-17 0)
(3 -2.51153e-17 0)
(3 -8.96714e-17 0)
(3 -3.58448e-16 0)
(3 -4.74639e-16 0)
(3 -1.64227e-16 0)
(3 1.74595e-16 0)
(3 3.87557e-16 0)
(3 8.70694e-16 0)
(3 6.5461e-16 0)
(3 5.17892e-17 0)
(3 7.56729e-17 0)
(3 -1.40857e-15 0)
(3 -2.27298e-15 0)
(3 -1.89545e-15 0)
(3 -9.63831e-16 0)
(3 -9.01913e-16 0)
(3 -2.16015e-15 0)
(3 -5.50241e-17 0)
(3 -1.17842e-16 0)
(3 9.09015e-17 0)
(3 4.30129e-16 0)
(3 9.66886e-16 0)
(3 6.65315e-16 0)
(3 2.35461e-16 0)
(3 3.23178e-16 0)
(3 3.6769e-16 0)
(3 -3.28776e-16 0)
(3 -5.50164e-16 0)
(3 -3.29403e-16 0)
(3 -2.11526e-16 0)
(3 2.45305e-16 0)
(3 1.269e-15 0)
(3 -1.87946e-16 0)
(3 -2.74872e-15 0)
(3 -3.14004e-15 0)
(3 -2.90083e-15 0)
(3 -3.25906e-15 0)
(3 -2.25223e-15 0)
(3 -1.38099e-15 0)
(3 -1.96059e-15 0)
(3 -2.65852e-15 0)
(3 1.24312e-16 0)
(3 6.7137e-16 0)
(3 7.52453e-16 0)
(3 5.91281e-16 0)
(3 4.67938e-16 0)
(3 6.884e-16 0)
(3 4.10686e-16 0)
(3 8.57332e-16 0)
(3 1.48181e-15 0)
(3 1.17366e-15 0)
(3 6.29017e-16 0)
(3 -2.72972e-16 0)
(3 -3.78331e-16 0)
(3 -1.1667e-16 0)
(3 4.87772e-17 0)
(3 -2.41376e-16 0)
(3 -2.38651e-15 0)
(3 -2.64959e-15 0)
(3 -2.56107e-15 0)
(3 -2.25141e-15 0)
(3 -2.23208e-15 0)
(3 -2.89652e-15 0)
(3 -3.19943e-15 0)
(3 -2.98038e-15 0)
(3 4.14222e-16 0)
(3 2.06461e-16 0)
(3 2.52048e-16 0)
(3 -5.95089e-17 0)
(3 -8.62615e-17 0)
(3 4.95183e-16 0)
(3 4.4414e-16 0)
(3 4.78829e-16 0)
(3 2.65336e-16 0)
(3 4.64036e-16 0)
(3 6.5167e-16 0)
(3 5.56187e-16 0)
(3 1.23284e-16 0)
(3 -3.85602e-16 0)
(3 -9.88993e-16 0)
(3 -1.08524e-15 0)
(3 -2.86897e-15 0)
(3 -3.14378e-15 0)
(3 -2.91962e-15 0)
(3 -2.00653e-15 0)
(3 -1.42546e-15 0)
(3 -7.809e-16 0)
(3 -5.69757e-16 0)
(3 -2.08667e-16 0)
(3 -5.74123e-17 0)
(3 -2.31071e-16 0)
(3 -6.25635e-17 0)
(3 -9.42307e-17 0)
(3 2.91036e-16 0)
(3 5.64278e-16 0)
(3 6.1181e-16 0)
(3 2.27545e-16 0)
(3 -5.14004e-16 0)
(3 -9.23737e-16 0)
(3 -2.85846e-16 0)
(3 4.50421e-16 0)
(3 4.57078e-16 0)
(3 1.15803e-16 0)
(3 -3.09643e-16 0)
(3 -1.02011e-15 0)
(3 -1.63237e-15 0)
(3 -3.42058e-15 0)
(3 -3.96303e-15 0)
(3 -1.88086e-15 0)
(3 1.96226e-16 0)
(3 -1.73458e-16 0)
(3 -2.3536e-16 0)
(3 4.32505e-16 0)
(3 -1.16201e-16 0)
(3 6.17903e-17 0)
(3 5.10584e-17 0)
(3 1.90651e-16 0)
(3 1.12443e-16 0)
(3 -2.17581e-16 0)
(3 -5.25721e-16 0)
(3 -2.18769e-16 0)
(3 -2.72929e-16 0)
(3 -8.60795e-16 0)
(3 -1.63626e-15 0)
(3 -1.19521e-15 0)
(3 -6.4876e-16 0)
(3 -6.34269e-16 0)
(3 9.30029e-17 0)
(3 5.87886e-16 0)
(3 2.09669e-16 0)
(3 -3.26168e-16 0)
(3 -5.6951e-16 0)
(3 -9.92744e-16 0)
(3 -1.3589e-15 0)
(3 -2.06871e-15 0)
(3 -2.4215e-15 0)
(3 -1.53605e-15 0)
(3 -1.36363e-16 0)
(3 -5.06811e-16 0)
(3 -1.1887e-16 0)
(3 -8.67058e-17 0)
(3 -5.80953e-16 0)
(3 -7.61522e-16 0)
(3 -5.4458e-16 0)
(3 -2.12543e-16 0)
(3 -2.76262e-17 0)
(3 1.43145e-16 0)
(3 2.96178e-17 0)
(3 -1.328e-16 0)
(3 -8.09442e-17 0)
(3 -1.56245e-17 0)
(3 5.99638e-16 0)
(3 1.27901e-15 0)
(3 1.30385e-15 0)
(3 2.73289e-15 0)
(3 4.49269e-15 0)
(3 4.33009e-15 0)
(3 1.82539e-15 0)
(3 -2.8319e-16 0)
(3 -7.32173e-16 0)
(3 -9.70474e-16 0)
(3 -2.70368e-17 0)
(3 -2.67483e-19 0)
(3 4.13959e-17 0)
(3 -2.83805e-17 0)
(3 -8.32033e-18 0)
(3 3.65097e-16 0)
(3 1.23742e-15 0)
(3 1.35069e-15 0)
(3 6.7204e-16 0)
(3 1.1458e-15 0)
(3 1.79172e-15 0)
(3 1.41292e-15 0)
(3 1.01494e-15 0)
(3 7.04607e-16 0)
(3 2.75196e-16 0)
(3 8.76085e-16 0)
(3 2.90795e-15 0)
(3 4.85363e-15 0)
(3 5.65758e-15 0)
(3 4.73688e-15 0)
(3 2.72281e-15 0)
(3 7.02399e-16 0)
(3 7.88534e-16 0)
(3 -1.67254e-15 0)
(3 2.73681e-16 0)
(3 6.82569e-16 0)
(3 2.74126e-16 0)
(3 2.17245e-16 0)
(3 3.33174e-16 0)
(3 1.66462e-16 0)
(3 2.60587e-16 0)
(3 4.84575e-16 0)
(3 8.30411e-16 0)
(3 1.04218e-15 0)
(3 1.10035e-15 0)
(3 8.29854e-16 0)
(3 5.16198e-16 0)
(3 6.12252e-16 0)
(3 5.57951e-16 0)
(3 5.14021e-16 0)
(3 2.76803e-15 0)
(3 4.68111e-15 0)
(3 4.33664e-15 0)
(3 2.20447e-15 0)
(3 1.8817e-15 0)
(3 -2.72642e-16 0)
(3 -2.16802e-15 0)
(3 -9.58904e-16 0)
(3 8.81774e-17 0)
(3 5.71222e-17 0)
(3 4.60006e-17 0)
(3 3.00517e-17 0)
(3 -4.17049e-17 0)
(3 -2.15382e-16 0)
(3 -3.37067e-16 0)
(3 -1.66185e-16 0)
(3 5.9669e-16 0)
(3 8.3589e-16 0)
(3 3.69087e-16 0)
(3 1.36675e-16 0)
(3 1.78749e-16 0)
(3 5.71022e-16 0)
(3 6.17003e-16 0)
(3 4.79723e-16 0)
(3 1.14691e-15 0)
(3 1.72713e-15 0)
(3 1.97235e-15 0)
(3 2.4833e-15 0)
(3 2.69872e-15 0)
(3 1.42031e-15 0)
(3 1.28782e-16 0)
(3 4.87291e-16 0)
(2.93362 0.0132948 0)
(2.84357 0.0817941 0)
(2.75952 0.13724 0)
(2.6687 0.236848 0)
(2.56925 0.358345 0)
(2.51668 0.433534 0)
(2.41444 0.548513 0)
(2.35314 0.628555 0)
(2.31093 0.724141 0)
(2.25492 0.797679 0)
(2.24926 0.852471 0)
(2.28313 0.886439 0)
(2.32746 0.894525 0)
(2.33643 0.890124 0)
(2.34478 0.884115 0)
(2.34576 0.86735 0)
(2.34444 0.859079 0)
(2.34308 0.849773 0)
(2.34508 0.84744 0)
(2.34583 0.849401 0)
(2.34338 0.849353 0)
(2.33927 0.850142 0)
(2.33582 0.850862 0)
(2.3335 0.849845 0)
(2.99877 0.00118515 0)
(2.98905 0.0129523 0)
(2.96182 0.0496982 0)
(2.90321 0.129485 0)
(2.79953 0.277902 0)
(2.69225 0.455124 0)
(2.51678 0.694019 0)
(2.40067 0.89415 0)
(2.21475 1.0746 0)
(2.16365 1.1036 0)
(2.15217 1.03292 0)
(2.18262 0.997089 0)
(2.25046 0.95233 0)
(2.30216 0.900503 0)
(2.33192 0.853923 0)
(2.35055 0.833271 0)
(2.35219 0.835381 0)
(2.35618 0.83646 0)
(2.357 0.837418 0)
(2.35544 0.840665 0)
(2.35183 0.845278 0)
(2.34482 0.847681 0)
(2.33941 0.850727 0)
(2.33634 0.851435 0)
(3 -4.95329e-06 0)
(2.99999 1.22035e-05 0)
(3.00002 1.23966e-05 0)
(2.99992 4.23411e-05 0)
(2.99857 0.00200089 0)
(2.99195 0.0114431 0)
(2.9633 0.0567392 0)
(2.90456 0.166899 0)
(2.76292 0.420069 0)
(2.58989 0.709291 0)
(2.46128 0.840459 0)
(2.33686 0.933306 0)
(2.289 0.914548 0)
(2.2976 0.900273 0)
(2.31501 0.883908 0)
(2.34853 0.869083 0)
(2.35352 0.865945 0)
(2.35849 0.844956 0)
(2.36168 0.839319 0)
(2.36084 0.838895 0)
(2.35898 0.841206 0)
(2.35251 0.844624 0)
(2.34746 0.848358 0)
(2.34452 0.850284 0)
(3 -5.56538e-08 0)
(3 -5.72105e-08 0)
(3 -8.79743e-07 0)
(3 -1.62686e-06 0)
(3.00001 -9.13792e-06 0)
(2.99999 2.10986e-05 0)
(3.00001 -5.12215e-05 0)
(2.99933 0.00114449 0)
(2.98917 0.0180546 0)
(2.89794 0.168793 0)
(2.78005 0.407574 0)
(2.41502 0.813176 0)
(2.33906 0.884349 0)
(2.28506 0.945134 0)
(2.29037 0.945337 0)
(2.30875 0.922078 0)
(2.33495 0.885851 0)
(2.34314 0.859988 0)
(2.35386 0.843151 0)
(2.35962 0.839354 0)
(2.36336 0.84116 0)
(2.36132 0.844304 0)
(2.35816 0.846785 0)
(2.35306 0.849186 0)
(3 1.50923e-10 0)
(3 -3.11121e-09 0)
(3 -2.08361e-08 0)
(3 -7.83151e-08 0)
(3 -7.66698e-07 0)
(3 -7.69857e-07 0)
(3 -1.46909e-06 0)
(3 -2.20862e-06 0)
(3.00004 -8.74664e-05 0)
(2.99931 0.000913905 0)
(2.98716 0.0186644 0)
(2.85241 0.188483 0)
(2.69408 0.43738 0)
(2.40597 0.762815 0)
(2.29254 0.908788 0)
(2.29774 0.891061 0)
(2.31049 0.883896 0)
(2.3207 0.877012 0)
(2.33322 0.869093 0)
(2.34993 0.853382 0)
(2.3564 0.849399 0)
(2.35741 0.849994 0)
(2.35798 0.849429 0)
(2.35336 0.853572 0)
(3 9.48104e-13 0)
(3 1.1942e-12 0)
(3 8.89435e-11 0)
(3 7.17485e-11 0)
(3 -2.94213e-10 0)
(3 -6.56799e-08 0)
(3 -6.08837e-08 0)
(3 -2.13511e-07 0)
(3 -6.49932e-06 0)
(3 -6.20944e-06 0)
(3.00003 -7.30628e-05 0)
(2.99832 0.0023051 0)
(2.97691 0.0333817 0)
(2.81306 0.229795 0)
(2.52863 0.578013 0)
(2.42706 0.742123 0)
(2.29005 0.893125 0)
(2.28315 0.9 0)
(2.30077 0.887755 0)
(2.32331 0.860726 0)
(2.33184 0.853015 0)
(2.34257 0.850177 0)
(2.34681 0.845126 0)
(2.35134 0.841371 0)
(3 -1.02301e-14 0)
(3 9.61813e-13 0)
(3 2.02676e-11 0)
(3 2.63639e-11 0)
(3 3.15329e-11 0)
(3 -3.26042e-11 0)
(3 -7.68428e-10 0)
(3 -1.06923e-09 0)
(3 -2.40156e-08 0)
(3 -4.23912e-07 0)
(3 -7.76544e-06 0)
(3 -4.89742e-06 0)
(3 -3.67228e-05 0)
(2.99491 0.00697425 0)
(2.93977 0.0750052 0)
(2.76599 0.318029 0)
(2.41667 0.727066 0)
(2.37986 0.786572 0)
(2.322 0.842001 0)
(2.31906 0.844784 0)
(2.32354 0.845796 0)
(2.32889 0.8414 0)
(2.33698 0.835409 0)
(2.34262 0.835604 0)
(3 -7.34427e-16 0)
(3 -1.60693e-14 0)
(3 1.1546e-13 0)
(3 2.01767e-12 0)
(3 6.95749e-12 0)
(3 6.91224e-12 0)
(3 5.14767e-12 0)
(3 2.38905e-12 0)
(3 5.91386e-11 0)
(3 5.54366e-11 0)
(3 -3.91733e-08 0)
(3 -5.72752e-07 0)
(3 -2.43557e-06 0)
(3.00001 -2.60349e-05 0)
(2.99969 0.000536643 0)
(2.98663 0.0184754 0)
(2.86387 0.171877 0)
(2.68854 0.447582 0)
(2.34612 0.834747 0)
(2.30137 0.85725 0)
(2.31214 0.845264 0)
(2.30655 0.845149 0)
(2.31261 0.840609 0)
(2.32651 0.839095 0)
(3 -3.91929e-16 0)
(3 -1.53677e-15 0)
(3 -2.83149e-17 0)
(3 7.84692e-15 0)
(3 7.94126e-14 0)
(3 7.91565e-13 0)
(3 9.92244e-13 0)
(3 1.25426e-12 0)
(3 1.53007e-11 0)
(3 1.46673e-11 0)
(3 2.81467e-10 0)
(3 -7.76652e-09 0)
(3 -3.56318e-08 0)
(3 -2.988e-06 0)
(3 -4.34482e-06 0)
(3 -1.11728e-05 0)
(2.99727 0.00464215 0)
(2.96047 0.0599226 0)
(2.72582 0.364281 0)
(2.58844 0.592181 0)
(2.35416 0.816764 0)
(2.29017 0.879674 0)
(2.28903 0.859315 0)
(2.31048 0.845995 0)
(3 -9.61368e-16 0)
(3 1.32693e-17 0)
(3 6.08402e-16 0)
(3 1.31872e-15 0)
(3 7.11948e-16 0)
(3 8.21559e-15 0)
(3 2.3225e-14 0)
(3 8.66867e-14 0)
(3 2.58168e-13 0)
(3 2.4138e-12 0)
(3 1.95019e-11 0)
(3 1.68055e-11 0)
(3 1.17483e-10 0)
(3 -2.17771e-08 0)
(3 -1.00041e-06 0)
(3 -1.03434e-06 0)
(3 -9.66927e-06 0)
(2.99953 0.000704352 0)
(2.98058 0.0297942 0)
(2.90059 0.178278 0)
(2.56007 0.594683 0)
(2.44192 0.744351 0)
(2.35402 0.799267 0)
(2.33716 0.835319 0)
(3 -1.41838e-15 0)
(3 -1.56133e-16 0)
(3 -3.46648e-16 0)
(3 4.32757e-17 0)
(3 4.13789e-16 0)
(3 2.57459e-16 0)
(3 2.62028e-16 0)
(3 2.39937e-15 0)
(3 3.21722e-15 0)
(3 1.36193e-14 0)
(3 2.85956e-13 0)
(3 4.16275e-12 0)
(3 1.99689e-11 0)
(3 8.82808e-11 0)
(3 -2.06462e-08 0)
(3 -1.07567e-07 0)
(3 -1.51976e-06 0)
(3 -5.1485e-06 0)
(2.99992 0.000161098 0)
(2.99588 0.0075887 0)
(2.9092 0.131403 0)
(2.77855 0.376915 0)
(2.42926 0.757107 0)
(2.32716 0.885884 0)
(3 7.01774e-16 0)
(3 9.21466e-16 0)
(3 1.14603e-15 0)
(3 1.1353e-15 0)
(3 7.66334e-16 0)
(3 4.71249e-16 0)
(3 7.61503e-16 0)
(3 2.14374e-15 0)
(3 2.01718e-15 0)
(3 2.83108e-15 0)
(3 5.56019e-15 0)
(3 2.65159e-13 0)
(3 2.13897e-12 0)
(3 6.69836e-12 0)
(3 1.04564e-10 0)
(3 -2.23109e-09 0)
(3 -1.99911e-08 0)
(3 -1.3643e-06 0)
(3 -1.19506e-06 0)
(3 -4.93138e-06 0)
(2.99747 0.00472171 0)
(2.97431 0.0547659 0)
(2.77226 0.336477 0)
(2.51973 0.668547 0)
(3 7.35587e-16 0)
(3 -3.20378e-16 0)
(3 -7.42655e-16 0)
(3 -3.98724e-16 0)
(3 7.59309e-17 0)
(3 1.07645e-15 0)
(3 1.36018e-15 0)
(3 7.71465e-16 0)
(3 8.63709e-16 0)
(3 2.1428e-15 0)
(3 2.71365e-15 0)
(3 6.58679e-15 0)
(3 2.83828e-14 0)
(3 7.59454e-13 0)
(3 1.68951e-11 0)
(3 2.94377e-11 0)
(3 -3.06187e-11 0)
(3 -3.08641e-08 0)
(3 -5.55798e-07 0)
(3 -3.99598e-07 0)
(3 -2.67536e-06 0)
(2.99943 0.0011734 0)
(2.97689 0.0388948 0)
(2.84361 0.241699 0)
(3 -1.71701e-15 0)
(3 -1.86189e-15 0)
(3 -1.48432e-15 0)
(3 -7.78164e-16 0)
(3 3.4994e-16 0)
(3 2.58485e-15 0)
(3 2.67362e-15 0)
(3 1.5773e-15 0)
(3 9.01986e-16 0)
(3 1.06991e-15 0)
(3 2.89964e-15 0)
(3 4.48168e-15 0)
(3 5.06005e-15 0)
(3 4.88091e-15 0)
(3 1.00894e-12 0)
(3 6.87802e-12 0)
(3 5.56171e-12 0)
(3 -1.60681e-11 0)
(3 -2.2529e-08 0)
(3 -1.16657e-07 0)
(3 -2.64548e-07 0)
(3 -1.25176e-06 0)
(2.99954 0.000943718 0)
(2.99158 0.0160912 0)
(3 -1.52324e-15 0)
(3 -1.1406e-15 0)
(3 -9.21306e-16 0)
(3 1.13396e-16 0)
(3 2.38132e-15 0)
(3 2.5669e-15 0)
(3 1.98785e-15 0)
(3 1.68685e-15 0)
(3 1.88517e-15 0)
(3 2.59223e-15 0)
(3 3.36149e-15 0)
(3 2.29631e-15 0)
(3 1.19894e-15 0)
(3 5.14027e-16 0)
(3 4.18025e-15 0)
(3 2.83391e-13 0)
(3 1.32975e-12 0)
(3 2.19347e-12 0)
(3 -4.72673e-11 0)
(3 -1.28564e-08 0)
(3 -4.96266e-08 0)
(3 -2.5006e-07 0)
(3 1.62142e-05 0)
(3 -2.15879e-05 0)
(3 -4.32524e-16 0)
(3 2.00921e-16 0)
(3 4.55633e-16 0)
(3 1.36934e-15 0)
(3 1.73112e-15 0)
(3 1.36177e-15 0)
(3 6.41652e-16 0)
(3 3.47269e-16 0)
(3 1.52099e-15 0)
(3 2.46126e-15 0)
(3 3.51733e-15 0)
(3 1.70096e-15 0)
(3 3.67531e-16 0)
(3 7.23471e-16 0)
(3 1.20664e-15 0)
(3 2.90169e-15 0)
(3 5.99201e-14 0)
(3 7.95768e-13 0)
(3 4.29239e-13 0)
(3 -3.13696e-10 0)
(3 -2.75125e-09 0)
(3 -8.68553e-08 0)
(3 -4.05939e-08 0)
(3 -6.63154e-07 0)
(3 1.07455e-15 0)
(3 1.52189e-15 0)
(3 1.63091e-15 0)
(3 1.07901e-15 0)
(3 1.83409e-16 0)
(3 2.2618e-16 0)
(3 2.42194e-16 0)
(3 3.11476e-16 0)
(3 5.77388e-16 0)
(3 1.3596e-15 0)
(3 8.52257e-16 0)
(3 1.4881e-15 0)
(3 6.0475e-16 0)
(3 4.29325e-16 0)
(3 1.20338e-15 0)
(3 -1.26066e-15 0)
(3 -2.11116e-14 0)
(3 -7.35586e-13 0)
(3 -6.21637e-13 0)
(3 3.60957e-10 0)
(3 1.74769e-09 0)
(3 1.08376e-07 0)
(3 2.62902e-08 0)
(3 6.2398e-07 0)
(3 3.23453e-15 0)
(3 3.26647e-15 0)
(3 1.92785e-15 0)
(3 -3.28302e-16 0)
(3 -9.71775e-16 0)
(3 -7.61348e-16 0)
(3 2.97669e-16 0)
(3 9.25514e-16 0)
(3 1.61146e-15 0)
(3 1.66579e-15 0)
(3 -6.37595e-16 0)
(3 -1.52388e-15 0)
(3 -5.36467e-16 0)
(3 4.45457e-16 0)
(3 -2.98832e-15 0)
(3 -2.73242e-13 0)
(3 -1.3069e-12 0)
(3 -2.21442e-12 0)
(3 4.39967e-11 0)
(3 1.32958e-08 0)
(3 4.57709e-08 0)
(3 2.85952e-07 0)
(3 -1.61639e-05 0)
(3 2.16032e-05 0)
(3 2.43735e-15 0)
(3 2.15466e-15 0)
(3 1.05052e-15 0)
(3 7.01355e-16 0)
(3 4.4221e-18 0)
(3 -5.2665e-16 0)
(3 -3.04991e-16 0)
(3 1.89146e-15 0)
(3 2.60098e-15 0)
(3 2.388e-15 0)
(3 -2.40429e-16 0)
(3 -3.71531e-16 0)
(3 -3.58371e-17 0)
(3 -2.6903e-15 0)
(3 -1.00204e-12 0)
(3 -6.88929e-12 0)
(3 -5.47373e-12 0)
(3 1.56119e-11 0)
(3 2.25468e-08 0)
(3 1.1619e-07 0)
(3 2.66234e-07 0)
(3 1.23558e-06 0)
(2.99954 -0.000943751 0)
(2.99158 -0.0160912 0)
(3 1.3185e-15 0)
(3 8.85275e-16 0)
(3 7.17225e-16 0)
(3 1.70823e-16 0)
(3 -4.46403e-16 0)
(3 -4.55561e-16 0)
(3 -4.25903e-16 0)
(3 6.63453e-16 0)
(3 1.06633e-15 0)
(3 1.07679e-15 0)
(3 6.92821e-16 0)
(3 -2.00581e-15 0)
(3 -2.15569e-14 0)
(3 -7.55882e-13 0)
(3 -1.68676e-11 0)
(3 -2.95252e-11 0)
(3 3.05653e-11 0)
(3 3.09042e-08 0)
(3 5.55539e-07 0)
(3 3.98824e-07 0)
(3 2.67515e-06 0)
(2.99943 -0.00117339 0)
(2.97689 -0.0388951 0)
(2.84361 -0.241698 0)
(3 1.17047e-15 0)
(3 1.20322e-15 0)
(3 1.06604e-15 0)
(3 2.38168e-16 0)
(3 -3.22579e-17 0)
(3 -2.8289e-16 0)
(3 1.20824e-16 0)
(3 4.03912e-16 0)
(3 -4.66967e-17 0)
(3 1.79194e-15 0)
(3 6.41582e-16 0)
(3 -2.61127e-13 0)
(3 -2.14269e-12 0)
(3 -6.70435e-12 0)
(3 -1.04555e-10 0)
(3 2.2309e-09 0)
(3 1.99928e-08 0)
(3 1.36425e-06 0)
(3 1.19497e-06 0)
(3 4.93159e-06 0)
(2.99747 -0.00472171 0)
(2.97431 -0.0547659 0)
(2.77226 -0.336477 0)
(2.51973 -0.668546 0)
(3 -1.26337e-15 0)
(3 -4.52973e-16 0)
(3 -1.69473e-16 0)
(3 8.7212e-17 0)
(3 1.78132e-16 0)
(3 9.68799e-16 0)
(3 3.17341e-16 0)
(3 -1.34367e-15 0)
(3 -3.00136e-15 0)
(3 -1.44446e-14 0)
(3 -2.81552e-13 0)
(3 -4.15207e-12 0)
(3 -1.99676e-11 0)
(3 -8.8283e-11 0)
(3 2.06462e-08 0)
(3 1.07567e-07 0)
(3 1.51976e-06 0)
(3 5.14849e-06 0)
(2.99992 -0.000161098 0)
(2.99588 -0.00758869 0)
(2.9092 -0.131403 0)
(2.77855 -0.376915 0)
(2.42926 -0.757107 0)
(2.32716 -0.885884 0)
(3 -2.26228e-15 0)
(3 -2.32428e-15 0)
(3 -1.62978e-15 0)
(3 -9.29082e-16 0)
(3 -3.90504e-16 0)
(3 -6.64755e-15 0)
(3 -2.17681e-14 0)
(3 -8.36246e-14 0)
(3 -2.51863e-13 0)
(3 -2.40478e-12 0)
(3 -1.94932e-11 0)
(3 -1.68009e-11 0)
(3 -1.17479e-10 0)
(3 2.17772e-08 0)
(3 1.00041e-06 0)
(3 1.03434e-06 0)
(3 9.66926e-06 0)
(2.99953 -0.000704351 0)
(2.98058 -0.0297942 0)
(2.90059 -0.178278 0)
(2.56007 -0.594683 0)
(2.44192 -0.744351 0)
(2.35402 -0.799267 0)
(2.33716 -0.835319 0)
(3 -3.43614e-15 0)
(3 -2.47681e-16 0)
(3 -5.7968e-16 0)
(3 -7.1773e-15 0)
(3 -7.80314e-14 0)
(3 -7.87778e-13 0)
(3 -9.87936e-13 0)
(3 -1.25133e-12 0)
(3 -1.52999e-11 0)
(3 -1.46681e-11 0)
(3 -2.81468e-10 0)
(3 7.76652e-09 0)
(3 3.56318e-08 0)
(3 2.988e-06 0)
(3 4.34482e-06 0)
(3 1.11728e-05 0)
(2.99727 -0.00464215 0)
(2.96047 -0.0599226 0)
(2.72582 -0.364281 0)
(2.58844 -0.592181 0)
(2.35416 -0.816764 0)
(2.29017 -0.879674 0)
(2.28903 -0.859315 0)
(2.31048 -0.845995 0)
(3 -3.54089e-15 0)
(3 1.25177e-14 0)
(3 -1.17259e-13 0)
(3 -2.01872e-12 0)
(3 -6.96084e-12 0)
(3 -6.91168e-12 0)
(3 -5.15176e-12 0)
(3 -2.38785e-12 0)
(3 -5.91382e-11 0)
(3 -5.54302e-11 0)
(3 3.91733e-08 0)
(3 5.72752e-07 0)
(3 2.43557e-06 0)
(3.00001 2.60349e-05 0)
(2.99969 -0.000536643 0)
(2.98663 -0.0184754 0)
(2.86387 -0.171877 0)
(2.68854 -0.447582 0)
(2.34612 -0.834747 0)
(2.30137 -0.85725 0)
(2.31214 -0.845264 0)
(2.30655 -0.845149 0)
(2.31261 -0.840609 0)
(2.32651 -0.839095 0)
(3 9.30875e-15 0)
(3 -9.63303e-13 0)
(3 -2.02696e-11 0)
(3 -2.63671e-11 0)
(3 -3.15367e-11 0)
(3 3.25985e-11 0)
(3 7.68425e-10 0)
(3 1.06923e-09 0)
(3 2.40156e-08 0)
(3 4.23912e-07 0)
(3 7.76544e-06 0)
(3 4.89742e-06 0)
(3 3.67228e-05 0)
(2.99491 -0.00697425 0)
(2.93977 -0.0750052 0)
(2.76599 -0.318029 0)
(2.41667 -0.727066 0)
(2.37986 -0.786572 0)
(2.322 -0.842001 0)
(2.31906 -0.844784 0)
(2.32354 -0.845796 0)
(2.32889 -0.8414 0)
(2.33698 -0.835409 0)
(2.34262 -0.835604 0)
(3 -9.44197e-13 0)
(3 -1.19116e-12 0)
(3 -8.89425e-11 0)
(3 -7.17435e-11 0)
(3 2.94214e-10 0)
(3 6.56799e-08 0)
(3 6.08837e-08 0)
(3 2.13511e-07 0)
(3 6.49932e-06 0)
(3 6.20944e-06 0)
(3.00003 7.30628e-05 0)
(2.99832 -0.0023051 0)
(2.97691 -0.0333817 0)
(2.81306 -0.229795 0)
(2.52863 -0.578013 0)
(2.42706 -0.742123 0)
(2.29005 -0.893125 0)
(2.28315 -0.9 0)
(2.30077 -0.887755 0)
(2.32331 -0.860726 0)
(2.33184 -0.853015 0)
(2.34257 -0.850177 0)
(2.34681 -0.845126 0)
(2.35134 -0.841371 0)
(3 -1.50922e-10 0)
(3 3.11121e-09 0)
(3 2.08362e-08 0)
(3 7.83153e-08 0)
(3 7.66698e-07 0)
(3 7.69857e-07 0)
(3 1.46909e-06 0)
(3 2.20862e-06 0)
(3.00004 8.74664e-05 0)
(2.99931 -0.000913905 0)
(2.98716 -0.0186644 0)
(2.85241 -0.188483 0)
(2.69408 -0.43738 0)
(2.40597 -0.762815 0)
(2.29254 -0.908788 0)
(2.29774 -0.891061 0)
(2.31049 -0.883896 0)
(2.3207 -0.877012 0)
(2.33322 -0.869093 0)
(2.34993 -0.853382 0)
(2.3564 -0.849399 0)
(2.35741 -0.849994 0)
(2.35798 -0.849429 0)
(2.35336 -0.853572 0)
(3 5.56538e-08 0)
(3 5.72106e-08 0)
(3 8.79745e-07 0)
(3 1.62686e-06 0)
(3.00001 9.13792e-06 0)
(2.99999 -2.10986e-05 0)
(3.00001 5.12216e-05 0)
(2.99933 -0.00114449 0)
(2.98917 -0.0180546 0)
(2.89794 -0.168793 0)
(2.78005 -0.407574 0)
(2.41502 -0.813176 0)
(2.33906 -0.884349 0)
(2.28506 -0.945134 0)
(2.29037 -0.945337 0)
(2.30875 -0.922078 0)
(2.33495 -0.885851 0)
(2.34314 -0.859988 0)
(2.35386 -0.843151 0)
(2.35962 -0.839354 0)
(2.36336 -0.84116 0)
(2.36132 -0.844304 0)
(2.35816 -0.846785 0)
(2.35306 -0.849186 0)
(3 4.9533e-06 0)
(2.99999 -1.22035e-05 0)
(3.00002 -1.23966e-05 0)
(2.99992 -4.2341e-05 0)
(2.99857 -0.00200089 0)
(2.99195 -0.0114431 0)
(2.9633 -0.0567392 0)
(2.90456 -0.166899 0)
(2.76292 -0.420069 0)
(2.58989 -0.709291 0)
(2.46128 -0.840459 0)
(2.33686 -0.933306 0)
(2.289 -0.914548 0)
(2.2976 -0.900273 0)
(2.31501 -0.883908 0)
(2.34853 -0.869083 0)
(2.35352 -0.865945 0)
(2.35849 -0.844956 0)
(2.36168 -0.839319 0)
(2.36084 -0.838895 0)
(2.35898 -0.841206 0)
(2.35251 -0.844624 0)
(2.34746 -0.848358 0)
(2.34452 -0.850284 0)
(2.99877 -0.00118515 0)
(2.98905 -0.0129523 0)
(2.96182 -0.0496982 0)
(2.90321 -0.129485 0)
(2.79953 -0.277902 0)
(2.69225 -0.455124 0)
(2.51678 -0.694019 0)
(2.40067 -0.89415 0)
(2.21475 -1.0746 0)
(2.16365 -1.1036 0)
(2.15217 -1.03292 0)
(2.18262 -0.997089 0)
(2.25046 -0.95233 0)
(2.30216 -0.900503 0)
(2.33192 -0.853923 0)
(2.35055 -0.833271 0)
(2.35219 -0.835381 0)
(2.35618 -0.83646 0)
(2.357 -0.837418 0)
(2.35544 -0.840665 0)
(2.35183 -0.845278 0)
(2.34482 -0.847681 0)
(2.33941 -0.850727 0)
(2.33634 -0.851435 0)
(2.93362 -0.0132948 0)
(2.84357 -0.0817941 0)
(2.75952 -0.13724 0)
(2.6687 -0.236848 0)
(2.56925 -0.358345 0)
(2.51668 -0.433534 0)
(2.41444 -0.548513 0)
(2.35314 -0.628555 0)
(2.31093 -0.724141 0)
(2.25492 -0.797678 0)
(2.24926 -0.852471 0)
(2.28313 -0.886439 0)
(2.32746 -0.894525 0)
(2.33643 -0.890124 0)
(2.34478 -0.884115 0)
(2.34576 -0.86735 0)
(2.34444 -0.859079 0)
(2.34308 -0.849773 0)
(2.34508 -0.84744 0)
(2.34583 -0.849401 0)
(2.34338 -0.849353 0)
(2.33927 -0.850142 0)
(2.33582 -0.850862 0)
(2.3335 -0.849845 0)
(2.42678 0.822057 0)
(2.52997 0.811788 0)
(2.64737 0.750801 0)
(2.77978 0.61289 0)
(2.86383 0.534697 0)
(2.92798 0.367656 0)
(2.92877 0.207916 0)
(2.96312 0.138617 0)
(2.98861 0.0493815 0)
(3.01499 -0.0302975 0)
(3.01888 -0.0593564 0)
(2.99567 -0.0702642 0)
(2.9781 -0.0699069 0)
(2.9692 -0.0595026 0)
(2.96349 -0.0456689 0)
(2.95785 -0.0402263 0)
(2.95811 -0.0321032 0)
(2.96837 -0.0260405 0)
(2.96829 -0.0236716 0)
(2.9639 -0.0197277 0)
(2.95005 -0.012199 0)
(2.93815 0.00178967 0)
(2.93674 0.00350184 0)
(2.90366 -0.0264118 0)
(2.75553 -0.173275 0)
(2.49391 -0.35314 0)
(2.24998 -0.387496 0)
(2.04411 -0.413653 0)
(1.92607 -0.298993 0)
(1.88473 -0.148385 0)
(1.90756 -0.0378034 0)
(1.96702 0.0172556 0)
(2.03924 0.0382424 0)
(2.06395 0.0301418 0)
(2.08464 0.0213751 0)
(2.11999 0.0251245 0)
(2.15244 0.028825 0)
(2.18615 0.0280372 0)
(2.22181 0.0238945 0)
(2.25889 0.0226708 0)
(2.28494 0.0245429 0)
(2.29403 0.0237307 0)
(2.30232 0.0238364 0)
(2.32464 0.0274028 0)
(2.35353 0.0302682 0)
(2.38455 0.0298194 0)
(2.41718 0.0279033 0)
(2.45025 0.0277562 0)
(2.47761 0.0306989 0)
(2.49268 0.0338978 0)
(2.49419 0.0325843 0)
(2.49133 0.0272307 0)
(2.50398 0.0249251 0)
(2.53117 0.0284173 0)
(2.55744 0.0344644 0)
(2.57791 0.0384264 0)
(2.59761 0.0358048 0)
(2.61873 0.0305264 0)
(2.64171 0.0271021 0)
(2.66141 0.0293415 0)
(2.66768 0.0349707 0)
(2.66166 0.0357068 0)
(2.66339 0.0308966 0)
(2.67926 0.0280452 0)
(2.70176 0.0292604 0)
(2.72329 0.0330211 0)
(2.73991 0.0351437 0)
(2.75402 0.0333769 0)
(2.76832 0.0298692 0)
(2.78245 0.0282323 0)
(2.79161 0.0298513 0)
(2.79365 0.033302 0)
(2.79879 0.0348566 0)
(2.81343 0.0341708 0)
(2.83252 0.0326619 0)
(2.85309 0.0322432 0)
(2.87242 0.0313788 0)
(2.88823 0.029227 0)
(2.89862 0.0276927 0)
(2.8994 0.0292717 0)
(2.89403 0.0343685 0)
(2.90143 0.0353182 0)
(2.91669 0.0356092 0)
(2.934 0.0337407 0)
(2.95292 0.0319073 0)
(2.97198 0.0322253 0)
(2.98684 0.0291091 0)
(2.99564 0.026784 0)
(2.99701 0.0242507 0)
(2.99233 0.0301231 0)
(2.99838 0.0299359 0)
(3.01677 0.0292162 0)
(3.03024 0.0264129 0)
(3.04482 0.0212836 0)
(3.06181 0.0222115 0)
(3.08687 0.0116974 0)
(2.44682 0.792268 0)
(2.58917 0.656587 0)
(2.70278 0.493809 0)
(2.80414 0.303504 0)
(2.87344 0.113715 0)
(2.91422 -0.00977174 0)
(2.93485 -0.077125 0)
(2.93322 -0.161087 0)
(2.94329 -0.1571 0)
(2.97565 -0.125438 0)
(3.00446 -0.111059 0)
(2.98475 -0.114824 0)
(2.96327 -0.106853 0)
(2.95029 -0.0703472 0)
(2.94439 -0.0536591 0)
(2.92759 -0.0380139 0)
(2.92856 -0.0150164 0)
(2.94379 -0.000686162 0)
(2.94227 0.00371864 0)
(2.93549 0.00729684 0)
(2.92973 0.0116269 0)
(2.92227 0.00891338 0)
(2.90811 -0.0228796 0)
(2.68765 -0.325179 0)
(2.54101 -0.564414 0)
(2.39777 -0.761307 0)
(2.31062 -0.699583 0)
(2.22538 -0.518219 0)
(2.1057 -0.243867 0)
(1.99738 0.00566022 0)
(1.95079 0.132835 0)
(1.97011 0.120448 0)
(2.01768 0.102856 0)
(2.0662 0.0738711 0)
(2.10472 0.0351621 0)
(2.13544 0.0261397 0)
(2.17753 0.0420324 0)
(2.21058 0.0507248 0)
(2.24396 0.0449922 0)
(2.27803 0.0423284 0)
(2.30628 0.0447862 0)
(2.31855 0.0435789 0)
(2.32583 0.0439605 0)
(2.34737 0.0543006 0)
(2.37348 0.0656923 0)
(2.40005 0.0663198 0)
(2.43006 0.0607697 0)
(2.46234 0.0583666 0)
(2.49318 0.061512 0)
(2.51539 0.0657986 0)
(2.52335 0.0620554 0)
(2.52253 0.0502641 0)
(2.52885 0.0463471 0)
(2.54963 0.054248 0)
(2.57502 0.0645789 0)
(2.59645 0.071004 0)
(2.61669 0.0690429 0)
(2.63788 0.062484 0)
(2.65951 0.0573457 0)
(2.6779 0.0585232 0)
(2.68653 0.0634572 0)
(2.68473 0.0642528 0)
(2.68508 0.0573546 0)
(2.69717 0.0520249 0)
(2.71802 0.0538089 0)
(2.73987 0.0599475 0)
(2.75758 0.0643259 0)
(2.77264 0.063548 0)
(2.78715 0.0587703 0)
(2.801 0.0543167 0)
(2.81111 0.0532556 0)
(2.8152 0.0566329 0)
(2.8196 0.0609692 0)
(2.83181 0.0620591 0)
(2.84942 0.060294 0)
(2.86917 0.0597458 0)
(2.88873 0.0586117 0)
(2.90576 0.0550379 0)
(2.91886 0.0520739 0)
(2.9235 0.0534033 0)
(2.91649 0.0593283 0)
(2.91788 0.0611007 0)
(2.9317 0.0608026 0)
(2.94898 0.0575956 0)
(2.96811 0.0550058 0)
(2.98719 0.0556128 0)
(3.00373 0.0520556 0)
(3.01537 0.0461286 0)
(3.01869 0.0398933 0)
(3.00868 0.0370069 0)
(3.00877 0.0216671 0)
(3.02397 0.0186288 0)
(3.03214 0.00999651 0)
(3.04594 -0.0074564 0)
(3.05623 -0.0312061 0)
(3.07881 -0.0887839 0)
(2.36311 0.836629 0)
(2.42951 0.778837 0)
(2.52588 0.674246 0)
(2.58895 0.598574 0)
(2.6858 0.446006 0)
(2.76011 0.289284 0)
(2.78878 0.269067 0)
(2.80666 0.206779 0)
(2.82568 0.0915456 0)
(2.82373 0.0749111 0)
(2.86307 0.0235645 0)
(2.8978 -0.0358552 0)
(2.90509 -0.0691455 0)
(2.90105 -0.0729613 0)
(2.89792 -0.0707799 0)
(2.89641 -0.0718713 0)
(2.90816 -0.0659645 0)
(2.92777 -0.0558814 0)
(2.92538 -0.0432365 0)
(2.9196 -0.0411989 0)
(2.91072 -0.0305414 0)
(2.86702 -0.0878898 0)
(2.74702 -0.294839 0)
(2.42721 -0.689512 0)
(2.36275 -0.747478 0)
(2.35121 -0.763868 0)
(2.35914 -0.758351 0)
(2.37019 -0.727948 0)
(2.37895 -0.649916 0)
(2.33873 -0.467355 0)
(2.24049 -0.208525 0)
(2.16247 -0.0183053 0)
(2.09641 0.0595106 0)
(2.09923 0.0636516 0)
(2.11967 0.0773051 0)
(2.16278 0.08047 0)
(2.19359 0.0966591 0)
(2.22367 0.0978971 0)
(2.25198 0.0838148 0)
(2.27887 0.0802885 0)
(2.30401 0.0813427 0)
(2.32159 0.0853767 0)
(2.33582 0.0883986 0)
(2.35758 0.0984704 0)
(2.38062 0.110013 0)
(2.40214 0.113144 0)
(2.42674 0.105275 0)
(2.45293 0.096966 0)
(2.48087 0.0960223 0)
(2.50527 0.101944 0)
(2.51851 0.106907 0)
(2.5243 0.102454 0)
(2.53488 0.0940919 0)
(2.55187 0.0932145 0)
(2.57308 0.103882 0)
(2.59194 0.113124 0)
(2.61267 0.110864 0)
(2.63388 0.101782 0)
(2.65453 0.0960444 0)
(2.67263 0.0995882 0)
(2.68057 0.106918 0)
(2.68009 0.107359 0)
(2.68392 0.0980392 0)
(2.69668 0.089277 0)
(2.71637 0.0898646 0)
(2.73777 0.0973983 0)
(2.75576 0.104395 0)
(2.77137 0.105014 0)
(2.78598 0.100152 0)
(2.79809 0.0945054 0)
(2.80596 0.0915071 0)
(2.81035 0.0929777 0)
(2.81525 0.0963096 0)
(2.82588 0.0976796 0)
(2.84266 0.096609 0)
(2.8617 0.0971809 0)
(2.8802 0.0966188 0)
(2.89632 0.0917611 0)
(2.90851 0.0870086 0)
(2.9149 0.087659 0)
(2.91202 0.0938504 0)
(2.91296 0.0957508 0)
(2.92631 0.0952637 0)
(2.94424 0.0907267 0)
(2.96227 0.0873912 0)
(2.98005 0.0842495 0)
(2.99624 0.0822256 0)
(3.00505 0.0742013 0)
(3.00131 0.067918 0)
(2.99909 0.052128 0)
(2.99848 0.0360331 0)
(3.00122 0.0099749 0)
(2.99931 -0.0483019 0)
(3.01478 -0.0996367 0)
(3.01395 -0.167872 0)
(3.03797 -0.252519 0)
(2.3558 0.844951 0)
(2.37601 0.825448 0)
(2.43143 0.771724 0)
(2.50738 0.692326 0)
(2.58804 0.602461 0)
(2.67825 0.464384 0)
(2.72488 0.389556 0)
(2.78038 0.321396 0)
(2.84587 0.157007 0)
(2.82765 0.117224 0)
(2.83026 0.071183 0)
(2.88017 -0.0400948 0)
(2.90103 -0.0949813 0)
(2.91322 -0.0890199 0)
(2.90206 -0.085461 0)
(2.90042 -0.0860049 0)
(2.91126 -0.083375 0)
(2.92974 -0.0737938 0)
(2.93068 -0.06689 0)
(2.92299 -0.064921 0)
(2.85228 -0.149048 0)
(2.67423 -0.429448 0)
(2.47261 -0.673693 0)
(2.35848 -0.826347 0)
(2.32827 -0.826737 0)
(2.34455 -0.808961 0)
(2.36752 -0.779597 0)
(2.39525 -0.748818 0)
(2.43447 -0.706667 0)
(2.44294 -0.66826 0)
(2.41191 -0.544743 0)
(2.32042 -0.292258 0)
(2.2197 -0.0658407 0)
(2.12838 0.0874865 0)
(2.1431 0.146732 0)
(2.16285 0.142312 0)
(2.20248 0.14028 0)
(2.24031 0.141663 0)
(2.26655 0.130873 0)
(2.29329 0.131999 0)
(2.31888 0.134302 0)
(2.34326 0.129056 0)
(2.36979 0.126487 0)
(2.39487 0.132423 0)
(2.41377 0.143789 0)
(2.42883 0.153355 0)
(2.44622 0.151969 0)
(2.46698 0.146457 0)
(2.49013 0.146796 0)
(2.51171 0.149833 0)
(2.53001 0.148498 0)
(2.54851 0.140564 0)
(2.56559 0.129665 0)
(2.57806 0.131111 0)
(2.58975 0.149189 0)
(2.60302 0.161187 0)
(2.62157 0.157768 0)
(2.64075 0.143298 0)
(2.65835 0.133932 0)
(2.67657 0.137549 0)
(2.69126 0.148088 0)
(2.70059 0.150437 0)
(2.70456 0.142011 0)
(2.71495 0.133259 0)
(2.73196 0.13366 0)
(2.7509 0.142904 0)
(2.76714 0.150536 0)
(2.78314 0.148748 0)
(2.79848 0.140834 0)
(2.81131 0.134748 0)
(2.81838 0.133118 0)
(2.82011 0.135041 0)
(2.82151 0.13857 0)
(2.82845 0.139932 0)
(2.84347 0.140135 0)
(2.86242 0.142071 0)
(2.88094 0.142035 0)
(2.89847 0.135909 0)
(2.91373 0.129479 0)
(2.9243 0.127719 0)
(2.92441 0.132092 0)
(2.92151 0.132174 0)
(2.9336 0.130763 0)
(2.95167 0.126251 0)
(2.968 0.120762 0)
(2.98168 0.110764 0)
(2.99049 0.0913773 0)
(2.98219 0.0526848 0)
(2.97776 -0.00078741 0)
(2.97275 -0.0579835 0)
(2.96052 -0.107835 0)
(2.94878 -0.164312 0)
(2.95248 -0.226966 0)
(2.97431 -0.274778 0)
(2.98115 -0.314264 0)
(3.00956 -0.340821 0)
(2.35406 0.849493 0)
(2.35835 0.843752 0)
(2.37997 0.823656 0)
(2.44046 0.766864 0)
(2.50373 0.701103 0)
(2.5591 0.637555 0)
(2.6689 0.504249 0)
(2.72571 0.414661 0)
(2.75104 0.391206 0)
(2.79227 0.304384 0)
(2.84148 0.19228 0)
(2.86068 0.118744 0)
(2.87688 0.0764123 0)
(2.90017 0.0819071 0)
(2.91393 0.0759764 0)
(2.90303 0.00417441 0)
(2.89978 -0.0346226 0)
(2.92409 -0.0375926 0)
(2.92639 -0.0510369 0)
(2.87656 -0.151293 0)
(2.60816 -0.547902 0)
(2.44347 -0.772091 0)
(2.34501 -0.836948 0)
(2.34689 -0.838655 0)
(2.35753 -0.836679 0)
(2.38186 -0.813738 0)
(2.40359 -0.77895 0)
(2.40889 -0.759302 0)
(2.447 -0.723098 0)
(2.46588 -0.698975 0)
(2.47885 -0.669564 0)
(2.47599 -0.611075 0)
(2.41835 -0.44546 0)
(2.27045 -0.150541 0)
(2.23009 0.00584137 0)
(2.21678 0.0972716 0)
(2.23367 0.142704 0)
(2.24751 0.158274 0)
(2.27571 0.173289 0)
(2.29305 0.182009 0)
(2.30473 0.177381 0)
(2.33077 0.162116 0)
(2.3589 0.155864 0)
(2.38555 0.164471 0)
(2.41123 0.176996 0)
(2.4379 0.185481 0)
(2.46009 0.1908 0)
(2.47645 0.194561 0)
(2.48996 0.196909 0)
(2.50516 0.196269 0)
(2.52503 0.188018 0)
(2.54393 0.175242 0)
(2.55825 0.167623 0)
(2.58206 0.175689 0)
(2.60561 0.188359 0)
(2.62458 0.197739 0)
(2.64241 0.197858 0)
(2.66134 0.188506 0)
(2.6749 0.17838 0)
(2.68723 0.179631 0)
(2.69669 0.188335 0)
(2.69985 0.190371 0)
(2.71914 0.177273 0)
(2.73564 0.168903 0)
(2.75392 0.168722 0)
(2.77203 0.179019 0)
(2.78545 0.189111 0)
(2.7982 0.186359 0)
(2.81118 0.177878 0)
(2.81788 0.17586 0)
(2.82049 0.178829 0)
(2.8262 0.1828 0)
(2.83284 0.184441 0)
(2.84395 0.175023 0)
(2.86154 0.174116 0)
(2.87834 0.179057 0)
(2.89375 0.179582 0)
(2.91031 0.170562 0)
(2.92893 0.159214 0)
(2.94487 0.145059 0)
(2.94683 0.14293 0)
(2.93482 0.143951 0)
(2.94659 0.133161 0)
(2.9481 0.120095 0)
(2.94898 0.0858334 0)
(2.95028 0.0336887 0)
(2.94549 -0.0378648 0)
(2.94169 -0.120279 0)
(2.9342 -0.206209 0)
(2.93504 -0.244021 0)
(2.93 -0.281502 0)
(2.92989 -0.312525 0)
(2.9467 -0.339063 0)
(2.96297 -0.364547 0)
(2.9719 -0.367483 0)
(2.98755 -0.372546 0)
(2.34846 0.848472 0)
(2.35467 0.847161 0)
(2.35967 0.842199 0)
(2.38301 0.822166 0)
(2.44255 0.764195 0)
(2.49675 0.709659 0)
(2.5365 0.665482 0)
(2.64868 0.540927 0)
(2.70947 0.427778 0)
(2.74056 0.408975 0)
(2.74486 0.387346 0)
(2.81861 0.270922 0)
(2.87171 0.159559 0)
(2.88917 0.121072 0)
(2.92296 0.115201 0)
(2.94276 0.0846355 0)
(2.91905 -0.0358749 0)
(2.90673 -0.0938497 0)
(2.8411 -0.215139 0)
(2.60663 -0.548039 0)
(2.40519 -0.802964 0)
(2.29623 -0.866221 0)
(2.31008 -0.852897 0)
(2.34619 -0.829022 0)
(2.377 -0.823436 0)
(2.39896 -0.806475 0)
(2.41946 -0.776732 0)
(2.42678 -0.765804 0)
(2.45498 -0.737208 0)
(2.4767 -0.708617 0)
(2.49713 -0.689783 0)
(2.51916 -0.684368 0)
(2.51748 -0.631442 0)
(2.49489 -0.526689 0)
(2.43142 -0.340582 0)
(2.30115 -0.038344 0)
(2.26613 0.130496 0)
(2.25441 0.216075 0)
(2.26288 0.227559 0)
(2.27436 0.233556 0)
(2.29271 0.230773 0)
(2.32027 0.211183 0)
(2.34916 0.195222 0)
(2.38049 0.200421 0)
(2.41356 0.211298 0)
(2.4431 0.220656 0)
(2.46357 0.22274 0)
(2.47223 0.221896 0)
(2.47843 0.225507 0)
(2.49663 0.228422 0)
(2.52529 0.224685 0)
(2.55353 0.21453 0)
(2.57476 0.208618 0)
(2.59215 0.215678 0)
(2.6037 0.227289 0)
(2.61319 0.238825 0)
(2.62768 0.235525 0)
(2.64562 0.226167 0)
(2.6637 0.224959 0)
(2.67753 0.232602 0)
(2.6903 0.234785 0)
(2.70489 0.229811 0)
(2.71813 0.220692 0)
(2.7346 0.208156 0)
(2.75013 0.206401 0)
(2.76499 0.215812 0)
(2.77611 0.22636 0)
(2.78326 0.227976 0)
(2.79807 0.223455 0)
(2.81663 0.220647 0)
(2.83438 0.217082 0)
(2.84876 0.217147 0)
(2.85987 0.219634 0)
(2.87035 0.211359 0)
(2.87247 0.212053 0)
(2.87713 0.210898 0)
(2.88704 0.209308 0)
(2.90395 0.196789 0)
(2.91424 0.180809 0)
(2.91664 0.174196 0)
(2.91642 0.145676 0)
(2.91688 0.10383 0)
(2.91336 0.0579641 0)
(2.89564 -0.0159957 0)
(2.8864 -0.0894011 0)
(2.90225 -0.140027 0)
(2.89801 -0.211623 0)
(2.91007 -0.259702 0)
(2.91744 -0.299148 0)
(2.91353 -0.292554 0)
(2.93072 -0.289962 0)
(2.94001 -0.293894 0)
(2.95251 -0.306619 0)
(2.9641 -0.322141 0)
(2.97431 -0.32847 0)
(2.98435 -0.323268 0)
(2.34285 0.838815 0)
(2.34568 0.843716 0)
(2.35006 0.843509 0)
(2.36129 0.836351 0)
(2.38492 0.816027 0)
(2.44058 0.764562 0)
(2.49989 0.702863 0)
(2.53504 0.663611 0)
(2.60143 0.580267 0)
(2.68469 0.479762 0)
(2.72835 0.400735 0)
(2.74382 0.384924 0)
(2.74586 0.353623 0)
(2.83319 0.257622 0)
(2.88478 0.177551 0)
(2.90725 0.146097 0)
(2.86443 0.0260011 0)
(2.77024 -0.165032 0)
(2.49858 -0.537759 0)
(2.37337 -0.738921 0)
(2.28283 -0.81663 0)
(2.3009 -0.811181 0)
(2.33782 -0.791581 0)
(2.369 -0.780518 0)
(2.39593 -0.775043 0)
(2.42022 -0.754858 0)
(2.43866 -0.730661 0)
(2.44737 -0.726242 0)
(2.46345 -0.70721 0)
(2.48081 -0.692498 0)
(2.50422 -0.678616 0)
(2.51872 -0.669314 0)
(2.54855 -0.634805 0)
(2.56855 -0.606746 0)
(2.57142 -0.564051 0)
(2.53621 -0.445275 0)
(2.43872 -0.201488 0)
(2.38681 0.0018259 0)
(2.29888 0.181046 0)
(2.26061 0.256724 0)
(2.28289 0.253885 0)
(2.31457 0.254688 0)
(2.34226 0.258989 0)
(2.36865 0.257312 0)
(2.40422 0.2606 0)
(2.44002 0.267196 0)
(2.46382 0.265438 0)
(2.46579 0.258685 0)
(2.46396 0.259099 0)
(2.48329 0.259736 0)
(2.51132 0.256461 0)
(2.5388 0.251539 0)
(2.56159 0.249738 0)
(2.58169 0.257021 0)
(2.59744 0.270374 0)
(2.60849 0.281489 0)
(2.62504 0.280672 0)
(2.64589 0.273138 0)
(2.66062 0.267649 0)
(2.66332 0.264676 0)
(2.67005 0.266 0)
(2.69856 0.267294 0)
(2.72533 0.260791 0)
(2.74858 0.251563 0)
(2.76607 0.251403 0)
(2.77761 0.260594 0)
(2.78567 0.269772 0)
(2.7949 0.275828 0)
(2.80383 0.274353 0)
(2.81087 0.265397 0)
(2.82167 0.255202 0)
(2.83433 0.252968 0)
(2.84648 0.253971 0)
(2.85994 0.249388 0)
(2.87147 0.246853 0)
(2.87629 0.235835 0)
(2.88383 0.216529 0)
(2.88354 0.188916 0)
(2.87958 0.147833 0)
(2.86249 0.0820178 0)
(2.85035 -0.00472901 0)
(2.85976 -0.0771148 0)
(2.84638 -0.172996 0)
(2.85295 -0.195234 0)
(2.85767 -0.235205 0)
(2.86587 -0.277683 0)
(2.86847 -0.298197 0)
(2.8781 -0.323044 0)
(2.88843 -0.324359 0)
(2.89738 -0.315381 0)
(2.90712 -0.308146 0)
(2.92103 -0.305144 0)
(2.93886 -0.311415 0)
(2.95533 -0.323025 0)
(2.96671 -0.321399 0)
(2.97641 -0.300976 0)
(2.33622 0.837686 0)
(2.33963 0.83947 0)
(2.34176 0.838906 0)
(2.34396 0.838498 0)
(2.35885 0.829075 0)
(2.3876 0.804933 0)
(2.42478 0.774277 0)
(2.49827 0.69655 0)
(2.55028 0.633422 0)
(2.56879 0.615495 0)
(2.6364 0.542707 0)
(2.70784 0.417295 0)
(2.73886 0.364214 0)
(2.75106 0.380172 0)
(2.78163 0.305815 0)
(2.75298 0.175003 0)
(2.63592 -0.138229 0)
(2.43225 -0.488849 0)
(2.29661 -0.661739 0)
(2.27048 -0.719427 0)
(2.29241 -0.719823 0)
(2.32457 -0.709464 0)
(2.35376 -0.700096 0)
(2.38047 -0.704532 0)
(2.40425 -0.712126 0)
(2.42963 -0.704943 0)
(2.45454 -0.688906 0)
(2.47225 -0.683168 0)
(2.49287 -0.660131 0)
(2.50355 -0.648754 0)
(2.51952 -0.637312 0)
(2.5312 -0.628316 0)
(2.55622 -0.596472 0)
(2.57486 -0.582149 0)
(2.59718 -0.57252 0)
(2.62171 -0.545621 0)
(2.61158 -0.49543 0)
(2.56287 -0.344424 0)
(2.4579 -0.107844 0)
(2.38199 0.0774644 0)
(2.33292 0.215691 0)
(2.31626 0.334849 0)
(2.32347 0.342104 0)
(2.34621 0.330046 0)
(2.38147 0.315451 0)
(2.41636 0.30758 0)
(2.44237 0.303859 0)
(2.45385 0.302305 0)
(2.45525 0.299754 0)
(2.47079 0.298888 0)
(2.50152 0.300869 0)
(2.53269 0.30405 0)
(2.55776 0.306517 0)
(2.57219 0.308501 0)
(2.58088 0.310133 0)
(2.59461 0.309245 0)
(2.61534 0.304329 0)
(2.63473 0.299696 0)
(2.64715 0.301529 0)
(2.65914 0.309112 0)
(2.67463 0.315729 0)
(2.69499 0.312759 0)
(2.71834 0.300892 0)
(2.73389 0.289901 0)
(2.74426 0.28995 0)
(2.75772 0.298956 0)
(2.77387 0.305919 0)
(2.78588 0.302767 0)
(2.78925 0.29525 0)
(2.79334 0.295939 0)
(2.80572 0.295769 0)
(2.82378 0.291725 0)
(2.84332 0.284343 0)
(2.85365 0.263613 0)
(2.85758 0.224608 0)
(2.848 0.158645 0)
(2.843 0.0917264 0)
(2.83638 0.0378117 0)
(2.80606 -0.0515749 0)
(2.80639 -0.106447 0)
(2.8037 -0.181207 0)
(2.82321 -0.21988 0)
(2.83507 -0.206368 0)
(2.84087 -0.212455 0)
(2.84606 -0.225938 0)
(2.85471 -0.241191 0)
(2.86365 -0.258247 0)
(2.8701 -0.26038 0)
(2.88092 -0.2529 0)
(2.89497 -0.24852 0)
(2.91133 -0.250201 0)
(2.92875 -0.259308 0)
(2.94754 -0.267516 0)
(2.95852 -0.284842 0)
(2.96262 -0.280394 0)
(2.97255 -0.261363 0)
(2.32748 0.840933 0)
(2.33204 0.841653 0)
(2.33284 0.841474 0)
(2.33623 0.839793 0)
(2.33981 0.83683 0)
(2.35552 0.82569 0)
(2.38803 0.799859 0)
(2.43072 0.763607 0)
(2.48232 0.710564 0)
(2.54867 0.630791 0)
(2.58112 0.605965 0)
(2.63565 0.535576 0)
(2.65421 0.502689 0)
(2.68393 0.38489 0)
(2.65247 0.233499 0)
(2.46521 -0.136966 0)
(2.33306 -0.411191 0)
(2.23029 -0.590878 0)
(2.22346 -0.623549 0)
(2.25464 -0.625028 0)
(2.2878 -0.618919 0)
(2.3159 -0.612252 0)
(2.34293 -0.614724 0)
(2.37038 -0.620138 0)
(2.39463 -0.621908 0)
(2.41747 -0.616582 0)
(2.44213 -0.610071 0)
(2.46729 -0.615026 0)
(2.49873 -0.604526 0)
(2.51977 -0.600573 0)
(2.54056 -0.589627 0)
(2.55703 -0.576335 0)
(2.57466 -0.546369 0)
(2.58704 -0.535577 0)
(2.60418 -0.533589 0)
(2.62511 -0.522309 0)
(2.63875 -0.511103 0)
(2.65958 -0.470265 0)
(2.64493 -0.405698 0)
(2.58739 -0.248756 0)
(2.50786 -0.0459068 0)
(2.39325 0.209194 0)
(2.39502 0.267905 0)
(2.39233 0.324923 0)
(2.39444 0.331847 0)
(2.40768 0.332526 0)
(2.43187 0.336784 0)
(2.44543 0.346296 0)
(2.44981 0.351596 0)
(2.46423 0.34924 0)
(2.48871 0.342024 0)
(2.51303 0.33806 0)
(2.53581 0.343195 0)
(2.55632 0.354343 0)
(2.57834 0.359274 0)
(2.60153 0.353772 0)
(2.61946 0.342462 0)
(2.6256 0.33407 0)
(2.63109 0.342897 0)
(2.64472 0.353505 0)
(2.66277 0.356995 0)
(2.68534 0.35094 0)
(2.70674 0.340236 0)
(2.72624 0.337289 0)
(2.74384 0.342219 0)
(2.75769 0.346078 0)
(2.76877 0.34179 0)
(2.77324 0.335348 0)
(2.77158 0.328586 0)
(2.7812 0.31825 0)
(2.79927 0.313415 0)
(2.80506 0.292159 0)
(2.80411 0.242063 0)
(2.80022 0.1603 0)
(2.77414 0.022094 0)
(2.78599 -0.0524872 0)
(2.78698 -0.113344 0)
(2.75423 -0.188821 0)
(2.75214 -0.218905 0)
(2.7684 -0.241401 0)
(2.77838 -0.25736 0)
(2.79147 -0.260465 0)
(2.79959 -0.24574 0)
(2.80343 -0.229695 0)
(2.81912 -0.231916 0)
(2.83731 -0.243352 0)
(2.85151 -0.249041 0)
(2.86301 -0.240625 0)
(2.87613 -0.226292 0)
(2.89158 -0.21448 0)
(2.90835 -0.210479 0)
(2.92425 -0.215543 0)
(2.9378 -0.221048 0)
(2.95019 -0.234166 0)
(2.96116 -0.233652 0)
(2.97671 -0.22573 0)
(2.32794 0.839139 0)
(2.32895 0.838326 0)
(2.33022 0.838074 0)
(2.33047 0.839723 0)
(2.32901 0.840336 0)
(2.33628 0.835132 0)
(2.35553 0.819528 0)
(2.38369 0.796359 0)
(2.43475 0.749579 0)
(2.46423 0.726296 0)
(2.54025 0.649024 0)
(2.59163 0.621626 0)
(2.56881 0.495831 0)
(2.51507 0.277757 0)
(2.32544 -0.104849 0)
(2.22827 -0.337013 0)
(2.171 -0.472225 0)
(2.18236 -0.488041 0)
(2.21539 -0.500527 0)
(2.24918 -0.509772 0)
(2.27955 -0.52022 0)
(2.30847 -0.528005 0)
(2.3387 -0.535436 0)
(2.36994 -0.540474 0)
(2.39897 -0.544041 0)
(2.42574 -0.543306 0)
(2.44979 -0.53938 0)
(2.46917 -0.537124 0)
(2.48907 -0.522111 0)
(2.50879 -0.522075 0)
(2.53674 -0.517239 0)
(2.56453 -0.51083 0)
(2.59209 -0.489089 0)
(2.61088 -0.480832 0)
(2.62445 -0.48242 0)
(2.64175 -0.467437 0)
(2.65221 -0.462442 0)
(2.67822 -0.434444 0)
(2.69128 -0.425309 0)
(2.71072 -0.386813 0)
(2.69082 -0.324474 0)
(2.60429 -0.13937 0)
(2.55452 0.046464 0)
(2.44685 0.292037 0)
(2.40606 0.362744 0)
(2.41595 0.384769 0)
(2.43094 0.376317 0)
(2.44639 0.381837 0)
(2.46486 0.390458 0)
(2.47909 0.395232 0)
(2.48845 0.394066 0)
(2.50128 0.387371 0)
(2.52156 0.390026 0)
(2.54668 0.393366 0)
(2.57078 0.391796 0)
(2.58988 0.381716 0)
(2.60355 0.373622 0)
(2.61847 0.380146 0)
(2.63043 0.395531 0)
(2.636 0.402214 0)
(2.64587 0.391552 0)
(2.66643 0.380056 0)
(2.69114 0.374377 0)
(2.71214 0.372844 0)
(2.7278 0.375921 0)
(2.73992 0.37586 0)
(2.75484 0.367465 0)
(2.76051 0.356946 0)
(2.75862 0.318641 0)
(2.75793 0.286986 0)
(2.74564 0.226582 0)
(2.72887 0.147821 0)
(2.69619 0.0360951 0)
(2.71781 -0.0275737 0)
(2.72268 -0.110486 0)
(2.73243 -0.175619 0)
(2.73115 -0.178023 0)
(2.72946 -0.177892 0)
(2.73646 -0.184974 0)
(2.75162 -0.19383 0)
(2.77008 -0.198434 0)
(2.78516 -0.194945 0)
(2.79433 -0.186036 0)
(2.80333 -0.181722 0)
(2.81715 -0.19218 0)
(2.8328 -0.208778 0)
(2.84545 -0.214042 0)
(2.8558 -0.208677 0)
(2.86838 -0.198596 0)
(2.88333 -0.188768 0)
(2.89835 -0.18561 0)
(2.91159 -0.189862 0)
(2.92341 -0.192586 0)
(2.93191 -0.200053 0)
(2.94468 -0.192356 0)
(2.9657 -0.186549 0)
(2.31851 0.841477 0)
(2.32798 0.826724 0)
(2.33121 0.826318 0)
(2.33382 0.833614 0)
(2.33032 0.838951 0)
(2.33013 0.836052 0)
(2.33908 0.827391 0)
(2.35462 0.81286 0)
(2.38851 0.790876 0)
(2.42845 0.759963 0)
(2.47285 0.709628 0)
(2.4565 0.569574 0)
(2.3213 0.249766 0)
(2.18236 -0.0872305 0)
(2.10305 -0.316545 0)
(2.08667 -0.395448 0)
(2.11606 -0.403444 0)
(2.15398 -0.402872 0)
(2.19137 -0.407185 0)
(2.22748 -0.416652 0)
(2.26181 -0.426918 0)
(2.2952 -0.434921 0)
(2.32778 -0.442299 0)
(2.35876 -0.446355 0)
(2.38762 -0.449793 0)
(2.41656 -0.451385 0)
(2.44619 -0.453359 0)
(2.47521 -0.454126 0)
(2.50203 -0.444079 0)
(2.52392 -0.443479 0)
(2.54424 -0.441031 0)
(2.56698 -0.438344 0)
(2.59797 -0.422757 0)
(2.62523 -0.420355 0)
(2.64818 -0.420623 0)
(2.66667 -0.410708 0)
(2.67947 -0.407758 0)
(2.69862 -0.385394 0)
(2.71436 -0.379133 0)
(2.73485 -0.361448 0)
(2.7347 -0.363289 0)
(2.73042 -0.314691 0)
(2.72087 -0.233175 0)
(2.64621 -0.0471365 0)
(2.57882 0.138204 0)
(2.5005 0.302944 0)
(2.46284 0.397092 0)
(2.45647 0.444915 0)
(2.46012 0.450593 0)
(2.47692 0.451334 0)
(2.4941 0.447117 0)
(2.51278 0.436121 0)
(2.53631 0.433823 0)
(2.55969 0.435809 0)
(2.57109 0.433837 0)
(2.57935 0.422636 0)
(2.59027 0.414171 0)
(2.60419 0.419441 0)
(2.61693 0.43299 0)
(2.62638 0.441669 0)
(2.64418 0.432488 0)
(2.66292 0.420837 0)
(2.67788 0.409177 0)
(2.69319 0.402515 0)
(2.70718 0.400134 0)
(2.72154 0.378099 0)
(2.72117 0.335417 0)
(2.7066 0.259961 0)
(2.69365 0.154374 0)
(2.68022 0.0595177 0)
(2.65083 -0.0230352 0)
(2.64504 -0.0635808 0)
(2.62365 -0.124783 0)
(2.6491 -0.186888 0)
(2.65298 -0.210097 0)
(2.66934 -0.213065 0)
(2.68636 -0.204135 0)
(2.69854 -0.186933 0)
(2.71403 -0.183885 0)
(2.73437 -0.188653 0)
(2.75708 -0.186433 0)
(2.77471 -0.172666 0)
(2.78377 -0.151917 0)
(2.79152 -0.142626 0)
(2.80871 -0.151403 0)
(2.8294 -0.164347 0)
(2.84549 -0.170055 0)
(2.8551 -0.171899 0)
(2.86804 -0.168079 0)
(2.88521 -0.159353 0)
(2.90028 -0.153505 0)
(2.91243 -0.154752 0)
(2.92128 -0.16262 0)
(2.92624 -0.169002 0)
(2.93805 -0.164179 0)
(2.9657 -0.155231 0)
(2.40015 0.759245 0)
(2.35946 0.823846 0)
(2.3436 0.845189 0)
(2.33373 0.854079 0)
(2.32279 0.850288 0)
(2.3186 0.843297 0)
(2.32329 0.835954 0)
(2.33532 0.819665 0)
(2.36463 0.818157 0)
(2.36614 0.758865 0)
(2.3077 0.565643 0)
(2.15055 0.212461 0)
(2.03825 -0.0451395 0)
(2.02092 -0.179256 0)
(2.03089 -0.238115 0)
(2.06206 -0.277842 0)
(2.10273 -0.300491 0)
(2.14312 -0.318723 0)
(2.18161 -0.331261 0)
(2.21911 -0.33827 0)
(2.25594 -0.343529 0)
(2.29228 -0.350644 0)
(2.32767 -0.360027 0)
(2.36138 -0.366938 0)
(2.39298 -0.372483 0)
(2.42345 -0.375269 0)
(2.45365 -0.377089 0)
(2.48477 -0.374483 0)
(2.51689 -0.365032 0)
(2.54789 -0.362226 0)
(2.57384 -0.362238 0)
(2.59315 -0.3651 0)
(2.611 -0.354861 0)
(2.63433 -0.353635 0)
(2.66049 -0.348635 0)
(2.67974 -0.343231 0)
(2.69642 -0.344974 0)
(2.71966 -0.331181 0)
(2.7391 -0.324436 0)
(2.75115 -0.30429 0)
(2.74809 -0.308601 0)
(2.74808 -0.304819 0)
(2.77374 -0.28154 0)
(2.77087 -0.245258 0)
(2.75052 -0.13435 0)
(2.69682 0.0206602 0)
(2.57773 0.252152 0)
(2.57297 0.350882 0)
(2.53448 0.455562 0)
(2.50387 0.506329 0)
(2.49485 0.510901 0)
(2.50964 0.502048 0)
(2.52777 0.49561 0)
(2.54052 0.492746 0)
(2.5664 0.484922 0)
(2.59192 0.471053 0)
(2.60795 0.459014 0)
(2.61285 0.457482 0)
(2.61905 0.467744 0)
(2.62346 0.4783 0)
(2.63767 0.467243 0)
(2.65691 0.452236 0)
(2.66832 0.431833 0)
(2.66984 0.401006 0)
(2.66 0.348266 0)
(2.64195 0.251059 0)
(2.63029 0.14786 0)
(2.60533 0.0014274 0)
(2.63017 -0.0369165 0)
(2.6329 -0.0682384 0)
(2.61921 -0.0817298 0)
(2.61619 -0.0900447 0)
(2.62479 -0.107494 0)
(2.63526 -0.136528 0)
(2.64654 -0.153426 0)
(2.66471 -0.150774 0)
(2.68372 -0.141555 0)
(2.69946 -0.134485 0)
(2.71813 -0.14936 0)
(2.73027 -0.164979 0)
(2.74754 -0.161928 0)
(2.76672 -0.142423 0)
(2.77827 -0.12063 0)
(2.78853 -0.116431 0)
(2.79953 -0.126816 0)
(2.81219 -0.133825 0)
(2.82655 -0.136408 0)
(2.84158 -0.1355 0)
(2.85907 -0.132619 0)
(2.87839 -0.126272 0)
(2.8965 -0.12305 0)
(2.91062 -0.124673 0)
(2.92052 -0.132138 0)
(2.92371 -0.140851 0)
(2.93848 -0.13319 0)
(2.9621 -0.122723 0)
(2.59186 0.57472 0)
(2.42435 0.788561 0)
(2.3611 0.862736 0)
(2.33007 0.842376 0)
(2.3252 0.834397 0)
(2.32246 0.831559 0)
(2.32678 0.833566 0)
(2.32922 0.827586 0)
(2.31033 0.763229 0)
(2.1737 0.508515 0)
(1.96982 0.133967 0)
(1.90405 -0.0944451 0)
(1.9062 -0.178948 0)
(1.93613 -0.182344 0)
(1.98085 -0.182641 0)
(2.02938 -0.194421 0)
(2.08188 -0.218113 0)
(2.13272 -0.241569 0)
(2.1789 -0.25684 0)
(2.22062 -0.264586 0)
(2.25882 -0.269159 0)
(2.2944 -0.273955 0)
(2.32884 -0.279838 0)
(2.36413 -0.283912 0)
(2.40031 -0.287235 0)
(2.43448 -0.289579 0)
(2.46391 -0.291447 0)
(2.48933 -0.287341 0)
(2.51388 -0.278213 0)
(2.53892 -0.27196 0)
(2.56488 -0.268554 0)
(2.59112 -0.271194 0)
(2.61751 -0.273715 0)
(2.63926 -0.276524 0)
(2.66417 -0.265434 0)
(2.68678 -0.261411 0)
(2.70544 -0.263127 0)
(2.71926 -0.2605 0)
(2.73655 -0.259445 0)
(2.75768 -0.242968 0)
(2.77213 -0.247369 0)
(2.78358 -0.238534 0)
(2.78689 -0.233965 0)
(2.7951 -0.223957 0)
(2.82575 -0.193275 0)
(2.82466 -0.15696 0)
(2.78064 -0.0436718 0)
(2.73331 0.130292 0)
(2.64857 0.340801 0)
(2.60355 0.435602 0)
(2.58031 0.469932 0)
(2.57482 0.505516 0)
(2.55908 0.531204 0)
(2.55012 0.550367 0)
(2.56086 0.54717 0)
(2.58035 0.527732 0)
(2.59667 0.511299 0)
(2.61288 0.49519 0)
(2.62669 0.495492 0)
(2.63664 0.496519 0)
(2.62629 0.453886 0)
(2.62622 0.399186 0)
(2.60842 0.309048 0)
(2.59549 0.228398 0)
(2.55313 0.0894364 0)
(2.5519 -0.000608187 0)
(2.55284 -0.065596 0)
(2.56449 -0.142471 0)
(2.55948 -0.160252 0)
(2.56948 -0.151023 0)
(2.58349 -0.141015 0)
(2.60335 -0.122173 0)
(2.6185 -0.111029 0)
(2.63189 -0.118627 0)
(2.64766 -0.117874 0)
(2.66663 -0.102844 0)
(2.68221 -0.0894641 0)
(2.70083 -0.0913918 0)
(2.72419 -0.103853 0)
(2.7384 -0.12556 0)
(2.75178 -0.128804 0)
(2.77432 -0.11614 0)
(2.79096 -0.0967844 0)
(2.80289 -0.0890096 0)
(2.80413 -0.10265 0)
(2.80218 -0.107781 0)
(2.82607 -0.102772 0)
(2.84516 -0.102231 0)
(2.86249 -0.100966 0)
(2.87986 -0.0951627 0)
(2.89751 -0.09187 0)
(2.91362 -0.0945237 0)
(2.91721 -0.104694 0)
(2.92532 -0.113766 0)
(2.94426 -0.10811 0)
(2.96916 -0.0984805 0)
(2.89438 0.176663 0)
(2.63347 0.540467 0)
(2.46387 0.747487 0)
(2.36549 0.814901 0)
(2.34439 0.846272 0)
(2.33162 0.844928 0)
(2.31108 0.816642 0)
(2.23216 0.685724 0)
(2.07835 0.391213 0)
(1.91672 0.116792 0)
(1.8645 0.00641767 0)
(1.86879 -0.0234532 0)
(1.90507 -0.079243 0)
(1.94561 -0.113577 0)
(1.98214 -0.127089 0)
(2.02412 -0.13919 0)
(2.07391 -0.14977 0)
(2.12792 -0.163183 0)
(2.17986 -0.176769 0)
(2.2263 -0.187405 0)
(2.26732 -0.194491 0)
(2.30445 -0.198602 0)
(2.33914 -0.200291 0)
(2.37248 -0.199629 0)
(2.40658 -0.199439 0)
(2.4434 -0.201389 0)
(2.48178 -0.20661 0)
(2.51826 -0.209986 0)
(2.54869 -0.212479 0)
(2.57264 -0.212125 0)
(2.5958 -0.198814 0)
(2.61266 -0.183606 0)
(2.62527 -0.183644 0)
(2.651 -0.195747 0)
(2.68082 -0.192142 0)
(2.71226 -0.18895 0)
(2.74024 -0.19617 0)
(2.76054 -0.200211 0)
(2.76927 -0.189844 0)
(2.77757 -0.179861 0)
(2.79117 -0.190622 0)
(2.81101 -0.18087 0)
(2.82871 -0.176317 0)
(2.83608 -0.159397 0)
(2.84894 -0.145679 0)
(2.86421 -0.151259 0)
(2.87679 -0.133593 0)
(2.86772 -0.0866081 0)
(2.83417 0.024038 0)
(2.74715 0.225369 0)
(2.71642 0.35335 0)
(2.63454 0.49939 0)
(2.60257 0.559047 0)
(2.60247 0.564139 0)
(2.60983 0.576972 0)
(2.60138 0.578 0)
(2.60222 0.561259 0)
(2.59935 0.521189 0)
(2.59647 0.469703 0)
(2.58391 0.379282 0)
(2.56296 0.263399 0)
(2.55662 0.168583 0)
(2.53885 0.0788904 0)
(2.52463 0.011266 0)
(2.52966 -0.0134072 0)
(2.5439 -0.0407811 0)
(2.5523 -0.0448315 0)
(2.55975 -0.0663824 0)
(2.55761 -0.0883989 0)
(2.57313 -0.091252 0)
(2.5927 -0.0958175 0)
(2.61516 -0.0851785 0)
(2.63275 -0.0764208 0)
(2.64291 -0.0808309 0)
(2.64805 -0.0909156 0)
(2.65893 -0.0861635 0)
(2.67313 -0.0660853 0)
(2.69087 -0.0642528 0)
(2.71049 -0.0709734 0)
(2.72893 -0.082131 0)
(2.74467 -0.0857342 0)
(2.76773 -0.0782552 0)
(2.7915 -0.0662449 0)
(2.81203 -0.0606923 0)
(2.81556 -0.0722644 0)
(2.8084 -0.0808307 0)
(2.81529 -0.0768818 0)
(2.83374 -0.0770008 0)
(2.8541 -0.0735165 0)
(2.87208 -0.0681278 0)
(2.89123 -0.0674146 0)
(2.91091 -0.0730311 0)
(2.92653 -0.0823975 0)
(2.93232 -0.088383 0)
(2.94064 -0.0771665 0)
(2.95924 -0.0689406 0)
(2.99218 0.0159006 0)
(2.93115 0.11864 0)
(2.69228 0.461245 0)
(2.51477 0.71502 0)
(2.40041 0.844933 0)
(2.2838 0.749165 0)
(2.11231 0.500337 0)
(1.98352 0.224204 0)
(1.8285 -0.0272655 0)
(1.81473 -0.0826296 0)
(1.83412 -0.0595214 0)
(1.85595 -0.0292482 0)
(1.89378 -0.0303953 0)
(1.95048 -0.0607191 0)
(2.00257 -0.0910492 0)
(2.0534 -0.101331 0)
(2.10644 -0.102002 0)
(2.1576 -0.102455 0)
(2.20486 -0.107428 0)
(2.24871 -0.115581 0)
(2.29023 -0.12332 0)
(2.33039 -0.128259 0)
(2.36976 -0.129046 0)
(2.4085 -0.126112 0)
(2.44549 -0.123275 0)
(2.4783 -0.12153 0)
(2.50532 -0.122299 0)
(2.52897 -0.124296 0)
(2.55525 -0.126324 0)
(2.58897 -0.128648 0)
(2.62132 -0.124981 0)
(2.64804 -0.118214 0)
(2.67051 -0.11124 0)
(2.68671 -0.109524 0)
(2.69151 -0.115078 0)
(2.69995 -0.124188 0)
(2.72009 -0.123123 0)
(2.75904 -0.117628 0)
(2.78889 -0.116121 0)
(2.81198 -0.111478 0)
(2.82189 -0.115778 0)
(2.80125 -0.116772 0)
(2.81609 -0.103999 0)
(2.84532 -0.0961861 0)
(2.86994 -0.096692 0)
(2.89149 -0.0968332 0)
(2.91305 -0.0888243 0)
(2.90401 -0.102078 0)
(2.89675 -0.0518302 0)
(2.87952 0.00425272 0)
(2.85799 0.100599 0)
(2.7792 0.285491 0)
(2.72553 0.432932 0)
(2.71755 0.507816 0)
(2.67295 0.582198 0)
(2.62678 0.566145 0)
(2.55837 0.479847 0)
(2.50431 0.363289 0)
(2.48216 0.232459 0)
(2.50125 0.136493 0)
(2.48134 0.0111099 0)
(2.47903 -0.0688799 0)
(2.48996 -0.094763 0)
(2.49076 -0.110266 0)
(2.49543 -0.108163 0)
(2.52032 -0.0904154 0)
(2.54991 -0.0614792 0)
(2.56408 -0.0419863 0)
(2.56175 -0.0408981 0)
(2.56948 -0.0416769 0)
(2.59385 -0.0464792 0)
(2.62507 -0.0482609 0)
(2.65259 -0.0509127 0)
(2.6688 -0.0511517 0)
(2.67094 -0.0553266 0)
(2.66832 -0.057504 0)
(2.67056 -0.0496416 0)
(2.69693 -0.0356861 0)
(2.72086 -0.0354163 0)
(2.73633 -0.043039 0)
(2.75203 -0.0467214 0)
(2.77379 -0.0449034 0)
(2.79857 -0.0382111 0)
(2.82055 -0.0331291 0)
(2.82307 -0.0397194 0)
(2.81206 -0.051107 0)
(2.8232 -0.0473302 0)
(2.84187 -0.0444998 0)
(2.86145 -0.0403623 0)
(2.88057 -0.0362276 0)
(2.90052 -0.0372675 0)
(2.9176 -0.0438905 0)
(2.92698 -0.0499949 0)
(2.93227 -0.052586 0)
(2.94056 -0.0414269 0)
(2.95898 -0.0376568 0)
(2.99983 0.00023779 0)
(2.99508 0.00801885 0)
(2.9307 0.0758238 0)
(2.69959 0.306447 0)
(2.40312 0.433204 0)
(2.2122 0.346496 0)
(2.03128 0.218311 0)
(1.96036 0.124529 0)
(1.85194 0.0288298 0)
(1.85065 -0.0165567 0)
(1.88322 -0.0272641 0)
(1.88811 -0.0165551 0)
(1.90477 -0.0106468 0)
(1.94662 -0.0165326 0)
(2.00714 -0.0255662 0)
(2.06992 -0.0313889 0)
(2.12573 -0.033195 0)
(2.17331 -0.0331077 0)
(2.2165 -0.0335458 0)
(2.25937 -0.035522 0)
(2.30273 -0.0381691 0)
(2.34496 -0.0399513 0)
(2.38403 -0.0401068 0)
(2.41888 -0.0394633 0)
(2.45002 -0.0391465 0)
(2.48005 -0.0390386 0)
(2.51194 -0.0403322 0)
(2.54504 -0.0425764 0)
(2.57673 -0.0433057 0)
(2.60309 -0.0413877 0)
(2.62215 -0.0440717 0)
(2.63729 -0.0435501 0)
(2.65441 -0.0397624 0)
(2.67496 -0.038177 0)
(2.69989 -0.0413456 0)
(2.72472 -0.0454804 0)
(2.74785 -0.0429106 0)
(2.76513 -0.0417778 0)
(2.77988 -0.0443467 0)
(2.79414 -0.0438981 0)
(2.80527 -0.04438 0)
(2.81356 -0.0399659 0)
(2.81592 -0.039537 0)
(2.82462 -0.040169 0)
(2.84333 -0.0429909 0)
(2.86416 -0.0410127 0)
(2.8816 -0.041039 0)
(2.88719 -0.0363718 0)
(2.8789 -0.0350826 0)
(2.8942 -0.0146429 0)
(2.89678 -0.00495226 0)
(2.87969 0.0358845 0)
(2.82266 0.129092 0)
(2.73359 0.228026 0)
(2.64699 0.28295 0)
(2.61357 0.284556 0)
(2.55363 0.240782 0)
(2.5 0.162372 0)
(2.4891 0.112548 0)
(2.49919 0.0827493 0)
(2.49164 0.0376853 0)
(2.49716 0.0070133 0)
(2.50215 -0.0008378 0)
(2.51091 -0.0162872 0)
(2.52641 -0.041089 0)
(2.55606 -0.0460835 0)
(2.57483 -0.0259942 0)
(2.56636 -0.00674593 0)
(2.54591 -0.00971744 0)
(2.55773 -0.0207754 0)
(2.58149 -0.0252623 0)
(2.61289 -0.0236081 0)
(2.64004 -0.0126407 0)
(2.66245 -0.00712146 0)
(2.68168 -0.0154638 0)
(2.68315 -0.0264514 0)
(2.67564 -0.0251492 0)
(2.68579 -0.0162551 0)
(2.70548 -0.0148306 0)
(2.72534 -0.0178422 0)
(2.74375 -0.0194723 0)
(2.76506 -0.0189429 0)
(2.78934 -0.0155128 0)
(2.81375 -0.0107354 0)
(2.8299 -0.0139197 0)
(2.82419 -0.0203827 0)
(2.81287 -0.0198034 0)
(2.82484 -0.0192599 0)
(2.84452 -0.0166094 0)
(2.8656 -0.0134287 0)
(2.88713 -0.0120317 0)
(2.90962 -0.0154055 0)
(2.93082 -0.0209017 0)
(2.94468 -0.0197043 0)
(2.94905 -0.0128141 0)
(2.96201 -0.011017 0)
(2.99983 -0.000237781 0)
(2.99508 -0.00802016 0)
(2.9307 -0.0758218 0)
(2.6996 -0.306411 0)
(2.40313 -0.433259 0)
(2.21218 -0.346511 0)
(2.03127 -0.218283 0)
(1.96037 -0.124514 0)
(1.85194 -0.0288384 0)
(1.85065 0.0165472 0)
(1.88322 0.027271 0)
(1.88811 0.0165662 0)
(1.90477 0.0106495 0)
(1.94661 0.0165306 0)
(2.00714 0.0255631 0)
(2.06992 0.0313866 0)
(2.12573 0.0331923 0)
(2.17332 0.0331038 0)
(2.21651 0.0335421 0)
(2.25937 0.0355193 0)
(2.30273 0.0381679 0)
(2.34496 0.0399511 0)
(2.38402 0.0401079 0)
(2.41886 0.0394691 0)
(2.45 0.0391476 0)
(2.48002 0.0390509 0)
(2.51193 0.0403191 0)
(2.54507 0.0425937 0)
(2.5768 0.04332 0)
(2.60318 0.0413622 0)
(2.62221 0.0440369 0)
(2.63731 0.0435452 0)
(2.65441 0.0397702 0)
(2.67493 0.0382328 0)
(2.69986 0.0412707 0)
(2.72471 0.0455086 0)
(2.74787 0.0429655 0)
(2.76515 0.0417595 0)
(2.7799 0.044317 0)
(2.79413 0.0439298 0)
(2.80531 0.0443048 0)
(2.81374 0.0398401 0)
(2.8161 0.0395788 0)
(2.82469 0.0402227 0)
(2.84335 0.0429273 0)
(2.86417 0.0408565 0)
(2.88156 0.0412964 0)
(2.8872 0.0362815 0)
(2.87903 0.0347719 0)
(2.89424 0.0149927 0)
(2.89651 0.00483958 0)
(2.87832 -0.037489 0)
(2.82979 -0.122035 0)
(2.73232 -0.237195 0)
(2.64747 -0.313047 0)
(2.60249 -0.254996 0)
(2.55906 -0.204468 0)
(2.51945 -0.178041 0)
(2.48996 -0.133813 0)
(2.49336 -0.0900059 0)
(2.48195 -0.0374389 0)
(2.50157 -0.00325012 0)
(2.50562 0.0166032 0)
(2.51442 0.03024 0)
(2.53449 0.0290765 0)
(2.56 0.017097 0)
(2.56711 0.0282768 0)
(2.55779 0.0441858 0)
(2.5496 0.0369676 0)
(2.56671 0.0151957 0)
(2.58179 0.00390957 0)
(2.61019 0.0064638 0)
(2.63867 0.0203357 0)
(2.65908 0.0301644 0)
(2.67702 0.0258149 0)
(2.68388 0.0115743 0)
(2.6768 0.00459164 0)
(2.68551 0.014083 0)
(2.70209 0.0192346 0)
(2.72183 0.0190943 0)
(2.74454 0.0183105 0)
(2.76608 0.0160302 0)
(2.78897 0.0158024 0)
(2.81147 0.0175551 0)
(2.82557 0.0174954 0)
(2.81919 0.0157933 0)
(2.81183 0.0142287 0)
(2.82222 0.012294 0)
(2.84198 0.0136881 0)
(2.86627 0.017249 0)
(2.89006 0.0197066 0)
(2.91163 0.017937 0)
(2.92872 0.0163517 0)
(2.93888 0.0195307 0)
(2.94077 0.0188704 0)
(2.95415 0.016889 0)
(2.99218 -0.0158999 0)
(2.93115 -0.118647 0)
(2.69229 -0.461234 0)
(2.51478 -0.715011 0)
(2.40042 -0.844951 0)
(2.28378 -0.749164 0)
(2.11229 -0.50032 0)
(1.98353 -0.224201 0)
(1.82851 0.0272547 0)
(1.81473 0.0826266 0)
(1.83411 0.0595216 0)
(1.85595 0.0292483 0)
(1.89378 0.030393 0)
(1.95048 0.0607161 0)
(2.00257 0.0910466 0)
(2.0534 0.10133 0)
(2.10644 0.102002 0)
(2.1576 0.102456 0)
(2.20486 0.10743 0)
(2.2487 0.115582 0)
(2.29023 0.123322 0)
(2.33039 0.128263 0)
(2.36976 0.129048 0)
(2.40851 0.126115 0)
(2.44551 0.123274 0)
(2.47832 0.121539 0)
(2.50533 0.122285 0)
(2.52894 0.124293 0)
(2.55518 0.126301 0)
(2.58887 0.128648 0)
(2.62128 0.125015 0)
(2.64802 0.118225 0)
(2.67052 0.111226 0)
(2.68674 0.109578 0)
(2.69153 0.115002 0)
(2.70001 0.1242 0)
(2.72019 0.123147 0)
(2.75912 0.117549 0)
(2.7889 0.116063 0)
(2.81191 0.111483 0)
(2.82172 0.115781 0)
(2.80102 0.116671 0)
(2.81607 0.10408 0)
(2.84535 0.0963014 0)
(2.86999 0.0966563 0)
(2.89153 0.0967653 0)
(2.91293 0.0889443 0)
(2.90395 0.102135 0)
(2.89651 0.0517402 0)
(2.88062 -0.00310998 0)
(2.85708 -0.10012 0)
(2.7685 -0.302417 0)
(2.75801 -0.397073 0)
(2.70072 -0.529179 0)
(2.665 -0.59839 0)
(2.60729 -0.55868 0)
(2.56141 -0.468726 0)
(2.52828 -0.372013 0)
(2.49218 -0.251686 0)
(2.49161 -0.132874 0)
(2.46667 0.00705509 0)
(2.48222 0.0597643 0)
(2.4902 0.108286 0)
(2.50006 0.114355 0)
(2.50941 0.0956798 0)
(2.52385 0.0656093 0)
(2.54036 0.0627973 0)
(2.55398 0.0668191 0)
(2.56223 0.0563257 0)
(2.58169 0.0312701 0)
(2.59491 0.0235217 0)
(2.62058 0.0312164 0)
(2.65111 0.0555878 0)
(2.66998 0.0753403 0)
(2.68284 0.0701201 0)
(2.68708 0.0472121 0)
(2.68246 0.0345418 0)
(2.68992 0.041231 0)
(2.7159 0.0426935 0)
(2.73595 0.0444736 0)
(2.75572 0.0443775 0)
(2.77768 0.0435536 0)
(2.80012 0.0424751 0)
(2.81967 0.0419826 0)
(2.83261 0.0427339 0)
(2.82103 0.0448306 0)
(2.81506 0.0433412 0)
(2.8366 0.0399882 0)
(2.855 0.0375327 0)
(2.87723 0.0389042 0)
(2.90157 0.0431903 0)
(2.92305 0.044906 0)
(2.93861 0.0464098 0)
(2.94812 0.0560051 0)
(2.94903 0.0525153 0)
(2.95603 0.0403589 0)
(2.89438 -0.176662 0)
(2.63347 -0.540472 0)
(2.46387 -0.747482 0)
(2.36549 -0.814899 0)
(2.34439 -0.846275 0)
(2.33162 -0.844929 0)
(2.31108 -0.81664 0)
(2.23217 -0.685723 0)
(2.07836 -0.391219 0)
(1.91671 -0.116795 0)
(1.8645 -0.00641666 0)
(1.86879 0.0234526 0)
(1.90507 0.0792411 0)
(1.94561 0.113576 0)
(1.98214 0.12709 0)
(2.02412 0.139192 0)
(2.0739 0.149772 0)
(2.12792 0.163185 0)
(2.17986 0.176772 0)
(2.2263 0.187407 0)
(2.26732 0.194494 0)
(2.30445 0.198604 0)
(2.33914 0.20029 0)
(2.37247 0.199626 0)
(2.40658 0.199427 0)
(2.44339 0.20139 0)
(2.48176 0.206601 0)
(2.51825 0.209993 0)
(2.5487 0.212473 0)
(2.57266 0.212144 0)
(2.5958 0.198859 0)
(2.61268 0.183598 0)
(2.62529 0.183607 0)
(2.65099 0.195765 0)
(2.68084 0.192103 0)
(2.71227 0.188952 0)
(2.74024 0.19616 0)
(2.76053 0.200122 0)
(2.76918 0.189854 0)
(2.77748 0.179973 0)
(2.79114 0.190631 0)
(2.81101 0.1808 0)
(2.82866 0.17632 0)
(2.83602 0.159498 0)
(2.84894 0.145541 0)
(2.86414 0.15123 0)
(2.87687 0.133521 0)
(2.86803 0.0872438 0)
(2.83104 -0.0278961 0)
(2.75279 -0.216406 0)
(2.71107 -0.36046 0)
(2.63373 -0.501061 0)
(2.6034 -0.55677 0)
(2.6048 -0.562689 0)
(2.60795 -0.580143 0)
(2.60103 -0.574438 0)
(2.60319 -0.558671 0)
(2.60138 -0.521339 0)
(2.59605 -0.470312 0)
(2.57955 -0.376825 0)
(2.56448 -0.270209 0)
(2.55302 -0.168693 0)
(2.53504 -0.0673464 0)
(2.53464 -0.0103065 0)
(2.53932 0.00144581 0)
(2.54178 0.0276234 0)
(2.54499 0.0436336 0)
(2.55287 0.0721339 0)
(2.55743 0.091902 0)
(2.57497 0.0916594 0)
(2.59633 0.0808153 0)
(2.6142 0.0771024 0)
(2.63408 0.0925261 0)
(2.64814 0.0995294 0)
(2.65925 0.0903291 0)
(2.66393 0.0739266 0)
(2.66678 0.0618131 0)
(2.68599 0.0669036 0)
(2.7076 0.0783619 0)
(2.72995 0.0834596 0)
(2.7532 0.0795372 0)
(2.77379 0.0758983 0)
(2.79407 0.0762361 0)
(2.81304 0.078145 0)
(2.82185 0.0746929 0)
(2.8165 0.073311 0)
(2.81695 0.0764974 0)
(2.83338 0.0728744 0)
(2.85167 0.0674944 0)
(2.87249 0.0644314 0)
(2.89698 0.0679764 0)
(2.91927 0.0735838 0)
(2.93452 0.0829756 0)
(2.93858 0.0935688 0)
(2.94075 0.0805272 0)
(2.95611 0.0679439 0)
(2.59186 -0.574717 0)
(2.42435 -0.788566 0)
(2.3611 -0.862735 0)
(2.33008 -0.842375 0)
(2.3252 -0.834396 0)
(2.32246 -0.831558 0)
(2.32678 -0.833567 0)
(2.32922 -0.827586 0)
(2.31033 -0.763231 0)
(2.1737 -0.508516 0)
(1.96982 -0.133967 0)
(1.90405 0.0944441 0)
(1.9062 0.178947 0)
(1.93613 0.182345 0)
(1.98085 0.182642 0)
(2.02938 0.194422 0)
(2.08188 0.218113 0)
(2.13272 0.24157 0)
(2.1789 0.256842 0)
(2.22063 0.264587 0)
(2.25882 0.269159 0)
(2.2944 0.273954 0)
(2.32884 0.279836 0)
(2.36413 0.28391 0)
(2.40031 0.287231 0)
(2.43449 0.289584 0)
(2.46392 0.291442 0)
(2.48934 0.28735 0)
(2.51389 0.278211 0)
(2.53892 0.271964 0)
(2.56488 0.268554 0)
(2.59112 0.271166 0)
(2.61751 0.273704 0)
(2.63926 0.276554 0)
(2.66419 0.265397 0)
(2.68676 0.261418 0)
(2.70538 0.263156 0)
(2.71918 0.260514 0)
(2.73651 0.259499 0)
(2.75769 0.243009 0)
(2.77216 0.247328 0)
(2.78356 0.238503 0)
(2.78683 0.234013 0)
(2.7951 0.223985 0)
(2.8258 0.19326 0)
(2.82454 0.156983 0)
(2.78074 0.0435709 0)
(2.73529 -0.128444 0)
(2.64453 -0.346595 0)
(2.60605 -0.431395 0)
(2.58094 -0.468877 0)
(2.57479 -0.506051 0)
(2.55741 -0.532578 0)
(2.54941 -0.550704 0)
(2.55969 -0.547676 0)
(2.58049 -0.526506 0)
(2.59665 -0.510926 0)
(2.61346 -0.496217 0)
(2.62682 -0.497883 0)
(2.63564 -0.497168 0)
(2.62543 -0.454148 0)
(2.62422 -0.398469 0)
(2.60888 -0.309931 0)
(2.6 -0.229532 0)
(2.5569 -0.0909777 0)
(2.55713 -0.00987408 0)
(2.53854 0.0752462 0)
(2.55953 0.134088 0)
(2.56007 0.16062 0)
(2.57011 0.15565 0)
(2.58538 0.136966 0)
(2.60241 0.122393 0)
(2.62022 0.120069 0)
(2.63646 0.127132 0)
(2.65095 0.121584 0)
(2.66361 0.0998022 0)
(2.67227 0.0872091 0)
(2.69494 0.096714 0)
(2.71992 0.107902 0)
(2.74757 0.116836 0)
(2.7665 0.120955 0)
(2.78038 0.115285 0)
(2.79131 0.106679 0)
(2.79893 0.0969414 0)
(2.80071 0.0932173 0)
(2.81211 0.0963503 0)
(2.8319 0.0994549 0)
(2.85077 0.100544 0)
(2.86876 0.0962021 0)
(2.88423 0.0921867 0)
(2.90051 0.0936339 0)
(2.91859 0.0988406 0)
(2.92833 0.108162 0)
(2.92618 0.11877 0)
(2.94182 0.106217 0)
(2.9652 0.0945791 0)
(2.40015 -0.759245 0)
(2.35945 -0.823846 0)
(2.3436 -0.845188 0)
(2.33373 -0.854079 0)
(2.32279 -0.850288 0)
(2.3186 -0.843297 0)
(2.32329 -0.835954 0)
(2.33532 -0.819665 0)
(2.36463 -0.818158 0)
(2.36614 -0.758865 0)
(2.3077 -0.565641 0)
(2.15055 -0.212459 0)
(2.03825 0.0451413 0)
(2.02092 0.179258 0)
(2.03089 0.238116 0)
(2.06206 0.277841 0)
(2.10273 0.300491 0)
(2.14312 0.318724 0)
(2.18161 0.331262 0)
(2.21911 0.338269 0)
(2.25594 0.343527 0)
(2.29228 0.350642 0)
(2.32767 0.360026 0)
(2.36138 0.366937 0)
(2.39298 0.37248 0)
(2.42345 0.375272 0)
(2.45365 0.377084 0)
(2.48477 0.37449 0)
(2.51689 0.365031 0)
(2.54789 0.362226 0)
(2.57384 0.362232 0)
(2.59316 0.365089 0)
(2.611 0.354869 0)
(2.63431 0.353642 0)
(2.66047 0.348605 0)
(2.67971 0.343268 0)
(2.69641 0.345037 0)
(2.71968 0.331221 0)
(2.7391 0.324463 0)
(2.75112 0.304287 0)
(2.74805 0.30859 0)
(2.74806 0.304805 0)
(2.77371 0.281589 0)
(2.77083 0.245146 0)
(2.75086 0.135005 0)
(2.69535 -0.0222019 0)
(2.57851 -0.250995 0)
(2.57407 -0.350011 0)
(2.53439 -0.456325 0)
(2.50259 -0.506427 0)
(2.49493 -0.509519 0)
(2.50989 -0.501693 0)
(2.52755 -0.496457 0)
(2.54072 -0.492751 0)
(2.56675 -0.484977 0)
(2.59234 -0.470559 0)
(2.60801 -0.459086 0)
(2.61278 -0.458077 0)
(2.6188 -0.468526 0)
(2.62219 -0.478142 0)
(2.63726 -0.466803 0)
(2.65716 -0.4516 0)
(2.66917 -0.430144 0)
(2.67102 -0.401429 0)
(2.66103 -0.350599 0)
(2.64443 -0.259403 0)
(2.61523 -0.134241 0)
(2.62127 -0.0363581 0)
(2.61974 0.0581548 0)
(2.63117 0.0667043 0)
(2.61996 0.0852266 0)
(2.62193 0.0926637 0)
(2.62823 0.105575 0)
(2.63938 0.128719 0)
(2.64986 0.149858 0)
(2.66338 0.148473 0)
(2.67877 0.144016 0)
(2.69639 0.145687 0)
(2.71634 0.151111 0)
(2.73518 0.157725 0)
(2.75438 0.155618 0)
(2.77031 0.146341 0)
(2.78166 0.132225 0)
(2.78798 0.120041 0)
(2.79319 0.118636 0)
(2.80649 0.127017 0)
(2.82323 0.13458 0)
(2.84129 0.13798 0)
(2.86029 0.133609 0)
(2.87762 0.126129 0)
(2.89558 0.122326 0)
(2.91164 0.126199 0)
(2.91858 0.133851 0)
(2.92066 0.141197 0)
(2.9342 0.131042 0)
(2.95941 0.122379 0)
(2.31851 -0.841477 0)
(2.32798 -0.826724 0)
(2.33121 -0.826318 0)
(2.33382 -0.833614 0)
(2.33032 -0.838951 0)
(2.33013 -0.836052 0)
(2.33908 -0.827391 0)
(2.35462 -0.81286 0)
(2.38851 -0.790876 0)
(2.42845 -0.759963 0)
(2.47285 -0.709627 0)
(2.4565 -0.569573 0)
(2.3213 -0.249765 0)
(2.18236 0.0872314 0)
(2.10305 0.316547 0)
(2.08667 0.395449 0)
(2.11606 0.403444 0)
(2.15398 0.402872 0)
(2.19137 0.407184 0)
(2.22748 0.41665 0)
(2.26181 0.426916 0)
(2.2952 0.43492 0)
(2.32778 0.442298 0)
(2.35876 0.446354 0)
(2.38762 0.449793 0)
(2.41656 0.451389 0)
(2.44619 0.453358 0)
(2.47522 0.454131 0)
(2.50204 0.444077 0)
(2.52392 0.443478 0)
(2.54424 0.441028 0)
(2.56697 0.438341 0)
(2.59796 0.422763 0)
(2.62522 0.420361 0)
(2.64818 0.420622 0)
(2.66666 0.410735 0)
(2.67947 0.407774 0)
(2.69864 0.385395 0)
(2.71439 0.379134 0)
(2.73488 0.36144 0)
(2.7347 0.363281 0)
(2.73042 0.314705 0)
(2.72083 0.233126 0)
(2.64633 0.0473323 0)
(2.57905 -0.13804 0)
(2.49948 -0.304167 0)
(2.46301 -0.396299 0)
(2.45721 -0.444315 0)
(2.46043 -0.450863 0)
(2.47655 -0.451892 0)
(2.49363 -0.447068 0)
(2.51266 -0.435958 0)
(2.53638 -0.433967 0)
(2.55964 -0.435728 0)
(2.57098 -0.43351 0)
(2.57939 -0.422123 0)
(2.59055 -0.414677 0)
(2.60457 -0.419629 0)
(2.61706 -0.432424 0)
(2.62621 -0.441448 0)
(2.64432 -0.43293 0)
(2.66339 -0.420791 0)
(2.67872 -0.406668 0)
(2.69356 -0.402946 0)
(2.70748 -0.40219 0)
(2.72089 -0.380776 0)
(2.71978 -0.335951 0)
(2.70872 -0.25768 0)
(2.69113 -0.151207 0)
(2.68593 -0.0708722 0)
(2.65579 0.0210358 0)
(2.6357 0.0795983 0)
(2.63958 0.127757 0)
(2.63699 0.170906 0)
(2.65588 0.206872 0)
(2.66868 0.20678 0)
(2.68321 0.199181 0)
(2.69895 0.196632 0)
(2.71633 0.193588 0)
(2.73704 0.187209 0)
(2.75802 0.182348 0)
(2.77711 0.173197 0)
(2.7901 0.158215 0)
(2.79539 0.14176 0)
(2.80333 0.14439 0)
(2.81851 0.158926 0)
(2.83704 0.170368 0)
(2.8565 0.173928 0)
(2.87658 0.170734 0)
(2.89525 0.163456 0)
(2.90791 0.155721 0)
(2.91262 0.153924 0)
(2.91374 0.161671 0)
(2.91869 0.164668 0)
(2.93934 0.160478 0)
(2.96758 0.154965 0)
(2.32794 -0.839139 0)
(2.32895 -0.838326 0)
(2.33022 -0.838074 0)
(2.33047 -0.839723 0)
(2.32901 -0.840336 0)
(2.33628 -0.835132 0)
(2.35553 -0.819528 0)
(2.38369 -0.796359 0)
(2.43475 -0.749579 0)
(2.46423 -0.726296 0)
(2.54025 -0.649024 0)
(2.59163 -0.621626 0)
(2.56881 -0.495831 0)
(2.51507 -0.277757 0)
(2.32544 0.104849 0)
(2.22827 0.337012 0)
(2.171 0.472224 0)
(2.18236 0.488041 0)
(2.21539 0.500527 0)
(2.24918 0.50977 0)
(2.27955 0.520219 0)
(2.30847 0.528005 0)
(2.3387 0.535436 0)
(2.36994 0.540475 0)
(2.39897 0.544042 0)
(2.42574 0.543309 0)
(2.44979 0.539379 0)
(2.46917 0.537126 0)
(2.48907 0.522108 0)
(2.50879 0.522075 0)
(2.53674 0.517239 0)
(2.56453 0.510831 0)
(2.59209 0.489094 0)
(2.61088 0.480836 0)
(2.62445 0.482421 0)
(2.64175 0.467446 0)
(2.65222 0.462438 0)
(2.67824 0.434436 0)
(2.69129 0.425301 0)
(2.71072 0.386819 0)
(2.69081 0.324475 0)
(2.60429 0.139354 0)
(2.55449 -0.0464832 0)
(2.44693 -0.291945 0)
(2.40596 -0.362839 0)
(2.41588 -0.38482 0)
(2.43092 -0.376153 0)
(2.44654 -0.381687 0)
(2.46504 -0.390431 0)
(2.47913 -0.395412 0)
(2.48817 -0.394211 0)
(2.50115 -0.387364 0)
(2.52163 -0.389995 0)
(2.54664 -0.393379 0)
(2.57068 -0.391594 0)
(2.58991 -0.38149 0)
(2.60381 -0.374178 0)
(2.61859 -0.38046 0)
(2.63059 -0.394769 0)
(2.63621 -0.40152 0)
(2.64512 -0.392166 0)
(2.66584 -0.379795 0)
(2.69053 -0.373091 0)
(2.71224 -0.372766 0)
(2.72745 -0.377699 0)
(2.73853 -0.378024 0)
(2.7544 -0.365381 0)
(2.76118 -0.354749 0)
(2.75894 -0.317695 0)
(2.75977 -0.285165 0)
(2.75041 -0.232779 0)
(2.72513 -0.146769 0)
(2.71199 -0.0625424 0)
(2.69145 0.0458725 0)
(2.71082 0.121943 0)
(2.73545 0.148357 0)
(2.735 0.176738 0)
(2.73485 0.186259 0)
(2.74018 0.195329 0)
(2.75262 0.197586 0)
(2.76872 0.198318 0)
(2.78475 0.196647 0)
(2.79568 0.188913 0)
(2.80558 0.177828 0)
(2.81578 0.185137 0)
(2.82824 0.204816 0)
(2.83768 0.216312 0)
(2.85187 0.213314 0)
(2.87036 0.204127 0)
(2.88919 0.193495 0)
(2.90469 0.184365 0)
(2.91276 0.184785 0)
(2.91722 0.189085 0)
(2.92158 0.197566 0)
(2.93822 0.193583 0)
(2.96451 0.188595 0)
(2.32748 -0.840933 0)
(2.33204 -0.841653 0)
(2.33284 -0.841474 0)
(2.33623 -0.839793 0)
(2.33981 -0.83683 0)
(2.35552 -0.82569 0)
(2.38803 -0.799859 0)
(2.43072 -0.763607 0)
(2.48232 -0.710564 0)
(2.54867 -0.630791 0)
(2.58112 -0.605965 0)
(2.63565 -0.535576 0)
(2.65421 -0.502689 0)
(2.68393 -0.38489 0)
(2.65247 -0.233499 0)
(2.46521 0.136964 0)
(2.33306 0.41119 0)
(2.23029 0.590878 0)
(2.22346 0.623548 0)
(2.25464 0.625027 0)
(2.2878 0.618919 0)
(2.3159 0.612252 0)
(2.34293 0.614725 0)
(2.37038 0.620139 0)
(2.39463 0.62191 0)
(2.41747 0.616583 0)
(2.44213 0.61007 0)
(2.46729 0.615027 0)
(2.49873 0.604525 0)
(2.51977 0.600573 0)
(2.54056 0.589626 0)
(2.55702 0.576334 0)
(2.57466 0.546372 0)
(2.58704 0.535578 0)
(2.60419 0.533587 0)
(2.62511 0.52231 0)
(2.63876 0.511098 0)
(2.65958 0.470265 0)
(2.64492 0.405693 0)
(2.58744 0.248767 0)
(2.50779 0.0458924 0)
(2.39327 -0.209199 0)
(2.39504 -0.267813 0)
(2.39242 -0.324847 0)
(2.39444 -0.331945 0)
(2.40765 -0.332611 0)
(2.43181 -0.336736 0)
(2.44542 -0.346377 0)
(2.44984 -0.351692 0)
(2.46426 -0.349188 0)
(2.48864 -0.342097 0)
(2.51297 -0.338145 0)
(2.53579 -0.343169 0)
(2.55628 -0.354318 0)
(2.57831 -0.359167 0)
(2.60158 -0.353701 0)
(2.6196 -0.342693 0)
(2.62536 -0.334116 0)
(2.63099 -0.342038 0)
(2.64506 -0.353135 0)
(2.66276 -0.35776 0)
(2.68502 -0.351087 0)
(2.70629 -0.339589 0)
(2.72611 -0.337024 0)
(2.74372 -0.34293 0)
(2.75652 -0.347147 0)
(2.76723 -0.339924 0)
(2.77279 -0.333253 0)
(2.77292 -0.328897 0)
(2.78168 -0.319243 0)
(2.79916 -0.314377 0)
(2.80465 -0.294325 0)
(2.80248 -0.23996 0)
(2.79949 -0.167429 0)
(2.77648 -0.0353741 0)
(2.77881 0.0680014 0)
(2.79232 0.119808 0)
(2.75711 0.19095 0)
(2.75943 0.221915 0)
(2.77166 0.24576 0)
(2.77833 0.258475 0)
(2.78746 0.265555 0)
(2.79551 0.247577 0)
(2.80285 0.225934 0)
(2.82051 0.228255 0)
(2.83816 0.240586 0)
(2.84999 0.250581 0)
(2.86294 0.242978 0)
(2.87942 0.22939 0)
(2.89642 0.219766 0)
(2.91227 0.210992 0)
(2.92308 0.213224 0)
(2.93161 0.218754 0)
(2.94149 0.231284 0)
(2.95546 0.231911 0)
(2.98022 0.228063 0)
(2.33622 -0.837686 0)
(2.33963 -0.83947 0)
(2.34176 -0.838906 0)
(2.34396 -0.838498 0)
(2.35885 -0.829075 0)
(2.3876 -0.804933 0)
(2.42478 -0.774277 0)
(2.49827 -0.69655 0)
(2.55028 -0.633422 0)
(2.56879 -0.615495 0)
(2.6364 -0.542707 0)
(2.70784 -0.417295 0)
(2.73886 -0.364214 0)
(2.75106 -0.380172 0)
(2.78163 -0.305815 0)
(2.75298 -0.175003 0)
(2.63592 0.138228 0)
(2.43225 0.488849 0)
(2.29661 0.661739 0)
(2.27048 0.719427 0)
(2.29241 0.719823 0)
(2.32457 0.709464 0)
(2.35376 0.700097 0)
(2.38047 0.704532 0)
(2.40425 0.712127 0)
(2.42964 0.704943 0)
(2.45454 0.688905 0)
(2.47225 0.683168 0)
(2.49287 0.66013 0)
(2.50355 0.648754 0)
(2.51952 0.637312 0)
(2.5312 0.628316 0)
(2.55622 0.596473 0)
(2.57486 0.582148 0)
(2.59718 0.572519 0)
(2.62171 0.545623 0)
(2.61159 0.49543 0)
(2.56285 0.344426 0)
(2.45783 0.107775 0)
(2.38224 -0.0772324 0)
(2.33278 -0.215809 0)
(2.31615 -0.335021 0)
(2.32348 -0.342126 0)
(2.34622 -0.330019 0)
(2.38151 -0.315466 0)
(2.41641 -0.307586 0)
(2.44236 -0.303824 0)
(2.45377 -0.302418 0)
(2.45516 -0.299735 0)
(2.47087 -0.298823 0)
(2.50162 -0.301 0)
(2.53276 -0.304196 0)
(2.55778 -0.306497 0)
(2.5722 -0.308415 0)
(2.58091 -0.31011 0)
(2.59468 -0.309354 0)
(2.61537 -0.304455 0)
(2.6346 -0.299634 0)
(2.64713 -0.301122 0)
(2.65949 -0.309177 0)
(2.67453 -0.316428 0)
(2.69478 -0.31289 0)
(2.71808 -0.300448 0)
(2.73393 -0.289432 0)
(2.74499 -0.290219 0)
(2.7584 -0.299506 0)
(2.77406 -0.304904 0)
(2.78581 -0.301172 0)
(2.78981 -0.295743 0)
(2.79319 -0.297246 0)
(2.80431 -0.295899 0)
(2.82338 -0.292239 0)
(2.84276 -0.28423 0)
(2.85372 -0.261814 0)
(2.85971 -0.222706 0)
(2.85039 -0.158577 0)
(2.84541 -0.0923992 0)
(2.83063 -0.0247864 0)
(2.81103 0.0566227 0)
(2.81821 0.0966271 0)
(2.80327 0.170046 0)
(2.81603 0.21664 0)
(2.82813 0.204995 0)
(2.83645 0.209741 0)
(2.84864 0.228069 0)
(2.85531 0.244381 0)
(2.86316 0.262395 0)
(2.8716 0.262196 0)
(2.88426 0.253151 0)
(2.9003 0.24822 0)
(2.91567 0.248311 0)
(2.92869 0.257553 0)
(2.94379 0.263764 0)
(2.95306 0.281884 0)
(2.95948 0.279556 0)
(2.97544 0.263011 0)
(2.34285 -0.838815 0)
(2.34568 -0.843716 0)
(2.35006 -0.843509 0)
(2.36129 -0.836351 0)
(2.38492 -0.816027 0)
(2.44058 -0.764562 0)
(2.49989 -0.702863 0)
(2.53504 -0.663611 0)
(2.60143 -0.580267 0)
(2.68469 -0.479762 0)
(2.72835 -0.400735 0)
(2.74382 -0.384924 0)
(2.74586 -0.353623 0)
(2.83319 -0.257622 0)
(2.88478 -0.177551 0)
(2.90725 -0.146097 0)
(2.86443 -0.0260011 0)
(2.77024 0.165032 0)
(2.49858 0.537759 0)
(2.37337 0.738922 0)
(2.28283 0.816631 0)
(2.3009 0.811181 0)
(2.33782 0.791582 0)
(2.36901 0.780518 0)
(2.39593 0.775043 0)
(2.42022 0.754858 0)
(2.43866 0.730661 0)
(2.44737 0.726242 0)
(2.46345 0.707209 0)
(2.48081 0.692498 0)
(2.50422 0.678616 0)
(2.51872 0.669314 0)
(2.54855 0.634805 0)
(2.56855 0.606744 0)
(2.57143 0.564056 0)
(2.53618 0.445249 0)
(2.43879 0.201571 0)
(2.38674 -0.00189513 0)
(2.29885 -0.181105 0)
(2.2606 -0.256624 0)
(2.2829 -0.253863 0)
(2.3146 -0.254732 0)
(2.34225 -0.258998 0)
(2.36864 -0.25729 0)
(2.40425 -0.260624 0)
(2.44007 -0.267188 0)
(2.46386 -0.265424 0)
(2.46577 -0.258822 0)
(2.46395 -0.259105 0)
(2.48332 -0.259597 0)
(2.51133 -0.256436 0)
(2.53882 -0.251588 0)
(2.56158 -0.2497 0)
(2.5817 -0.256963 0)
(2.59746 -0.270409 0)
(2.60844 -0.281624 0)
(2.62502 -0.280705 0)
(2.64587 -0.273155 0)
(2.66062 -0.267636 0)
(2.66324 -0.264767 0)
(2.67034 -0.266305 0)
(2.69874 -0.267427 0)
(2.72526 -0.260712 0)
(2.74858 -0.25115 0)
(2.76636 -0.25123 0)
(2.77785 -0.260615 0)
(2.78543 -0.269082 0)
(2.79479 -0.274963 0)
(2.80407 -0.275093 0)
(2.81106 -0.26629 0)
(2.82156 -0.256394 0)
(2.83386 -0.252682 0)
(2.846 -0.253785 0)
(2.86007 -0.249455 0)
(2.87238 -0.248238 0)
(2.87774 -0.236186 0)
(2.88294 -0.217198 0)
(2.88226 -0.187997 0)
(2.88163 -0.149681 0)
(2.86653 -0.0858518 0)
(2.85192 -0.00758968 0)
(2.85192 0.0700615 0)
(2.84149 0.168649 0)
(2.85241 0.193022 0)
(2.85962 0.239907 0)
(2.86746 0.279641 0)
(2.87027 0.306207 0)
(2.87939 0.325722 0)
(2.89047 0.324613 0)
(2.89927 0.316134 0)
(2.90777 0.306416 0)
(2.91911 0.302408 0)
(2.937 0.308846 0)
(2.95346 0.321074 0)
(2.96627 0.320013 0)
(2.98064 0.302736 0)
(2.34846 -0.848472 0)
(2.35467 -0.847161 0)
(2.35967 -0.842199 0)
(2.38301 -0.822166 0)
(2.44255 -0.764195 0)
(2.49675 -0.70966 0)
(2.5365 -0.665482 0)
(2.64868 -0.540927 0)
(2.70947 -0.427778 0)
(2.74056 -0.408975 0)
(2.74486 -0.387346 0)
(2.81861 -0.270922 0)
(2.87171 -0.159559 0)
(2.88917 -0.121072 0)
(2.92296 -0.115201 0)
(2.94276 -0.0846355 0)
(2.91905 0.035875 0)
(2.90673 0.0938499 0)
(2.8411 0.215139 0)
(2.60663 0.54804 0)
(2.40519 0.802965 0)
(2.29623 0.866222 0)
(2.31008 0.852898 0)
(2.34619 0.829022 0)
(2.377 0.823436 0)
(2.39896 0.806475 0)
(2.41946 0.776732 0)
(2.42678 0.765804 0)
(2.45498 0.737207 0)
(2.4767 0.708616 0)
(2.49713 0.689783 0)
(2.51916 0.684367 0)
(2.51748 0.631443 0)
(2.49489 0.526685 0)
(2.43145 0.340604 0)
(2.30109 0.0382768 0)
(2.26616 -0.130451 0)
(2.25444 -0.21605 0)
(2.26287 -0.227576 0)
(2.27433 -0.233548 0)
(2.29269 -0.23076 0)
(2.32027 -0.211177 0)
(2.34917 -0.195215 0)
(2.3805 -0.200412 0)
(2.41355 -0.211288 0)
(2.44308 -0.220618 0)
(2.46357 -0.222739 0)
(2.47222 -0.221967 0)
(2.47841 -0.225431 0)
(2.49665 -0.228328 0)
(2.52531 -0.224701 0)
(2.55356 -0.214584 0)
(2.57474 -0.2086 0)
(2.59211 -0.215654 0)
(2.60369 -0.227395 0)
(2.61317 -0.238943 0)
(2.62766 -0.235511 0)
(2.64563 -0.226229 0)
(2.66378 -0.225175 0)
(2.67761 -0.232631 0)
(2.69029 -0.234644 0)
(2.70478 -0.229842 0)
(2.71809 -0.220818 0)
(2.73463 -0.208172 0)
(2.75028 -0.206547 0)
(2.7651 -0.216031 0)
(2.77617 -0.226614 0)
(2.78342 -0.228226 0)
(2.79791 -0.224302 0)
(2.81677 -0.22111 0)
(2.83436 -0.217433 0)
(2.8487 -0.21705 0)
(2.86007 -0.219314 0)
(2.87068 -0.211272 0)
(2.87219 -0.213309 0)
(2.87672 -0.211018 0)
(2.88662 -0.209169 0)
(2.90368 -0.196269 0)
(2.91414 -0.181444 0)
(2.91685 -0.175798 0)
(2.91658 -0.1468 0)
(2.91558 -0.106571 0)
(2.91196 -0.0576855 0)
(2.89488 0.0229586 0)
(2.89284 0.0892451 0)
(2.89754 0.150299 0)
(2.90723 0.211047 0)
(2.914 0.258307 0)
(2.91708 0.295149 0)
(2.91282 0.29112 0)
(2.92401 0.284025 0)
(2.93641 0.290938 0)
(2.95096 0.308375 0)
(2.96182 0.325004 0)
(2.97349 0.32971 0)
(2.98964 0.324331 0)
(2.35406 -0.849493 0)
(2.35835 -0.843752 0)
(2.37997 -0.823656 0)
(2.44046 -0.766864 0)
(2.50373 -0.701103 0)
(2.5591 -0.637555 0)
(2.6689 -0.504249 0)
(2.72571 -0.414661 0)
(2.75104 -0.391206 0)
(2.79227 -0.304384 0)
(2.84148 -0.19228 0)
(2.86068 -0.118744 0)
(2.87688 -0.0764124 0)
(2.90017 -0.0819071 0)
(2.91393 -0.0759764 0)
(2.90303 -0.00417442 0)
(2.89978 0.0346227 0)
(2.92409 0.0375926 0)
(2.92639 0.0510369 0)
(2.87656 0.151293 0)
(2.60816 0.547903 0)
(2.44347 0.772091 0)
(2.34501 0.836948 0)
(2.34689 0.838655 0)
(2.35753 0.836679 0)
(2.38186 0.813738 0)
(2.40359 0.778949 0)
(2.40889 0.759302 0)
(2.447 0.723098 0)
(2.46587 0.698975 0)
(2.47885 0.669564 0)
(2.47599 0.611076 0)
(2.41834 0.445459 0)
(2.27045 0.150544 0)
(2.2301 -0.00583203 0)
(2.21677 -0.0972787 0)
(2.23367 -0.142706 0)
(2.24752 -0.15826 0)
(2.27572 -0.173306 0)
(2.29305 -0.182026 0)
(2.30472 -0.177369 0)
(2.33077 -0.162109 0)
(2.3589 -0.155859 0)
(2.38555 -0.16448 0)
(2.41122 -0.177008 0)
(2.43788 -0.185474 0)
(2.46008 -0.1908 0)
(2.47645 -0.194568 0)
(2.48997 -0.196875 0)
(2.50518 -0.196249 0)
(2.52506 -0.188059 0)
(2.54394 -0.175279 0)
(2.55821 -0.167604 0)
(2.58206 -0.175706 0)
(2.60563 -0.188444 0)
(2.62455 -0.197788 0)
(2.64234 -0.197787 0)
(2.66129 -0.188463 0)
(2.67494 -0.178424 0)
(2.68732 -0.179561 0)
(2.69692 -0.188296 0)
(2.69999 -0.190472 0)
(2.71912 -0.177339 0)
(2.73561 -0.168889 0)
(2.75385 -0.16879 0)
(2.77197 -0.179181 0)
(2.78532 -0.189525 0)
(2.79803 -0.18677 0)
(2.81113 -0.178201 0)
(2.818 -0.175566 0)
(2.82064 -0.17868 0)
(2.82632 -0.182847 0)
(2.83312 -0.184366 0)
(2.84399 -0.175293 0)
(2.86123 -0.174584 0)
(2.87773 -0.179322 0)
(2.89308 -0.179699 0)
(2.9099 -0.170235 0)
(2.92859 -0.159452 0)
(2.94504 -0.146497 0)
(2.94678 -0.142383 0)
(2.93449 -0.143298 0)
(2.94625 -0.132096 0)
(2.94798 -0.118767 0)
(2.94961 -0.0834809 0)
(2.95195 -0.0343558 0)
(2.94865 0.0369466 0)
(2.94223 0.118857 0)
(2.93423 0.196713 0)
(2.93181 0.23392 0)
(2.91988 0.282335 0)
(2.92845 0.307189 0)
(2.94649 0.339787 0)
(2.96402 0.370149 0)
(2.97209 0.372435 0)
(2.99077 0.374602 0)
(2.3558 -0.844951 0)
(2.37601 -0.825448 0)
(2.43143 -0.771724 0)
(2.50738 -0.692326 0)
(2.58804 -0.602461 0)
(2.67825 -0.464384 0)
(2.72488 -0.389556 0)
(2.78038 -0.321396 0)
(2.84587 -0.157007 0)
(2.82765 -0.117224 0)
(2.83026 -0.071183 0)
(2.88017 0.0400948 0)
(2.90103 0.0949813 0)
(2.91322 0.0890199 0)
(2.90206 0.0854609 0)
(2.90042 0.0860049 0)
(2.91126 0.083375 0)
(2.92974 0.0737938 0)
(2.93068 0.06689 0)
(2.92299 0.0649211 0)
(2.85228 0.149048 0)
(2.67423 0.429448 0)
(2.47261 0.673692 0)
(2.35848 0.826347 0)
(2.32827 0.826737 0)
(2.34455 0.808961 0)
(2.36752 0.779596 0)
(2.39525 0.748818 0)
(2.43447 0.706667 0)
(2.44294 0.66826 0)
(2.41191 0.544742 0)
(2.32042 0.292263 0)
(2.21969 0.0658387 0)
(2.12839 -0.0874864 0)
(2.1431 -0.14673 0)
(2.16285 -0.142313 0)
(2.20248 -0.140281 0)
(2.24031 -0.141659 0)
(2.26655 -0.130881 0)
(2.29328 -0.132008 0)
(2.31888 -0.1343 0)
(2.34326 -0.129056 0)
(2.36979 -0.126485 0)
(2.39488 -0.132428 0)
(2.41377 -0.143799 0)
(2.42883 -0.153345 0)
(2.44623 -0.151961 0)
(2.46699 -0.146452 0)
(2.49013 -0.146783 0)
(2.51171 -0.149834 0)
(2.53001 -0.148514 0)
(2.54849 -0.140576 0)
(2.56557 -0.129654 0)
(2.57807 -0.131115 0)
(2.58976 -0.149224 0)
(2.603 -0.161176 0)
(2.62155 -0.157705 0)
(2.64075 -0.143269 0)
(2.65838 -0.133965 0)
(2.67658 -0.137568 0)
(2.69124 -0.148092 0)
(2.70061 -0.150498 0)
(2.70458 -0.142048 0)
(2.71489 -0.13327 0)
(2.73189 -0.133693 0)
(2.75084 -0.143012 0)
(2.76703 -0.150739 0)
(2.78301 -0.148774 0)
(2.79841 -0.140697 0)
(2.81138 -0.134461 0)
(2.81856 -0.132995 0)
(2.82022 -0.135303 0)
(2.82151 -0.138758 0)
(2.82843 -0.139802 0)
(2.84319 -0.140059 0)
(2.86186 -0.142311 0)
(2.88039 -0.142088 0)
(2.89803 -0.135674 0)
(2.91344 -0.129453 0)
(2.92416 -0.127156 0)
(2.92492 -0.130431 0)
(2.92169 -0.131569 0)
(2.93298 -0.130841 0)
(2.95132 -0.126333 0)
(2.96779 -0.12104 0)
(2.98215 -0.111184 0)
(2.99057 -0.0930915 0)
(2.98302 -0.0569917 0)
(2.97759 -0.00412917 0)
(2.97118 0.0532398 0)
(2.95744 0.105838 0)
(2.94634 0.167558 0)
(2.95234 0.235803 0)
(2.98349 0.279559 0)
(2.98808 0.318351 0)
(3.00638 0.33962 0)
(2.36311 -0.836629 0)
(2.42951 -0.778837 0)
(2.52588 -0.674246 0)
(2.58895 -0.598574 0)
(2.6858 -0.446006 0)
(2.76011 -0.289284 0)
(2.78878 -0.269067 0)
(2.80666 -0.206779 0)
(2.82568 -0.0915456 0)
(2.82373 -0.0749111 0)
(2.86307 -0.0235645 0)
(2.8978 0.0358552 0)
(2.90509 0.0691455 0)
(2.90105 0.0729613 0)
(2.89792 0.0707799 0)
(2.89641 0.0718713 0)
(2.90816 0.0659645 0)
(2.92777 0.0558814 0)
(2.92538 0.0432365 0)
(2.9196 0.0411989 0)
(2.91072 0.0305414 0)
(2.86702 0.0878896 0)
(2.74702 0.294838 0)
(2.42721 0.689511 0)
(2.36275 0.747478 0)
(2.35121 0.763868 0)
(2.35914 0.758351 0)
(2.37018 0.727948 0)
(2.37895 0.649916 0)
(2.33873 0.467355 0)
(2.24049 0.208525 0)
(2.16247 0.0183061 0)
(2.09641 -0.0595107 0)
(2.09923 -0.0636512 0)
(2.11967 -0.0773041 0)
(2.16278 -0.0804701 0)
(2.19359 -0.0966614 0)
(2.22367 -0.0978957 0)
(2.25198 -0.0838164 0)
(2.27887 -0.0802891 0)
(2.30401 -0.0813441 0)
(2.32159 -0.0853806 0)
(2.33582 -0.0883998 0)
(2.35757 -0.0984683 0)
(2.38061 -0.110008 0)
(2.40213 -0.113133 0)
(2.42674 -0.10527 0)
(2.45293 -0.0969685 0)
(2.48088 -0.0960226 0)
(2.50527 -0.101948 0)
(2.51851 -0.106914 0)
(2.52429 -0.102455 0)
(2.53487 -0.0940801 0)
(2.55188 -0.0932089 0)
(2.57308 -0.103891 0)
(2.59194 -0.113106 0)
(2.61268 -0.110828 0)
(2.6339 -0.101767 0)
(2.65457 -0.0960655 0)
(2.67263 -0.099578 0)
(2.68058 -0.106936 0)
(2.68011 -0.10744 0)
(2.68393 -0.0980875 0)
(2.69666 -0.0892728 0)
(2.71634 -0.0898584 0)
(2.73778 -0.0974272 0)
(2.75577 -0.104485 0)
(2.77137 -0.105038 0)
(2.78598 -0.100025 0)
(2.79808 -0.0942361 0)
(2.80604 -0.0914376 0)
(2.81049 -0.0933075 0)
(2.81529 -0.0965439 0)
(2.82586 -0.0975253 0)
(2.84261 -0.0965006 0)
(2.86165 -0.0973137 0)
(2.88013 -0.0966187 0)
(2.89621 -0.0916193 0)
(2.90842 -0.0868325 0)
(2.9148 -0.0868018 0)
(2.91255 -0.0927137 0)
(2.91338 -0.0954283 0)
(2.92629 -0.0954764 0)
(2.94433 -0.0908975 0)
(2.96232 -0.0876738 0)
(2.98001 -0.0843564 0)
(2.99627 -0.08249 0)
(3.00502 -0.0744584 0)
(3.00124 -0.0682568 0)
(2.99902 -0.0511959 0)
(2.998 -0.0356813 0)
(3.00036 -0.00707417 0)
(2.99962 0.0531643 0)
(3.0177 0.107174 0)
(3.01754 0.168175 0)
(3.03498 0.245758 0)
(2.44682 -0.792268 0)
(2.58917 -0.656587 0)
(2.70278 -0.493809 0)
(2.80414 -0.303504 0)
(2.87344 -0.113715 0)
(2.91422 0.00977173 0)
(2.93485 0.077125 0)
(2.93322 0.161087 0)
(2.94329 0.1571 0)
(2.97565 0.125438 0)
(3.00446 0.111059 0)
(2.98475 0.114824 0)
(2.96327 0.106853 0)
(2.95029 0.0703472 0)
(2.94439 0.0536591 0)
(2.92759 0.0380139 0)
(2.92856 0.0150164 0)
(2.94379 0.000686164 0)
(2.94227 -0.00371863 0)
(2.93549 -0.00729684 0)
(2.92973 -0.0116269 0)
(2.92227 -0.00891341 0)
(2.90811 0.0228794 0)
(2.68765 0.325179 0)
(2.54101 0.564414 0)
(2.39777 0.761307 0)
(2.31062 0.699583 0)
(2.22538 0.518219 0)
(2.1057 0.243867 0)
(1.99739 -0.0056599 0)
(1.95079 -0.132835 0)
(1.97011 -0.120447 0)
(2.01768 -0.102856 0)
(2.0662 -0.0738712 0)
(2.10472 -0.0351609 0)
(2.13544 -0.0261397 0)
(2.17753 -0.0420342 0)
(2.21058 -0.0507249 0)
(2.24396 -0.0449916 0)
(2.27804 -0.0423278 0)
(2.30628 -0.0447873 0)
(2.31855 -0.0435821 0)
(2.32582 -0.0439637 0)
(2.34737 -0.0543013 0)
(2.37347 -0.0656871 0)
(2.40005 -0.066315 0)
(2.43006 -0.060768 0)
(2.46234 -0.0583657 0)
(2.49318 -0.0615098 0)
(2.51539 -0.0658032 0)
(2.52335 -0.062063 0)
(2.52253 -0.0502681 0)
(2.52885 -0.0463432 0)
(2.54963 -0.0542419 0)
(2.57502 -0.0645707 0)
(2.59646 -0.0709904 0)
(2.61671 -0.069048 0)
(2.6379 -0.0625005 0)
(2.65952 -0.0573693 0)
(2.67789 -0.0585132 0)
(2.68653 -0.0634685 0)
(2.68473 -0.0643168 0)
(2.68507 -0.057375 0)
(2.69714 -0.0520176 0)
(2.718 -0.0538112 0)
(2.73987 -0.0599473 0)
(2.75758 -0.0643164 0)
(2.77263 -0.0634953 0)
(2.78716 -0.0586139 0)
(2.80103 -0.0541423 0)
(2.81122 -0.0533058 0)
(2.8153 -0.0569421 0)
(2.81953 -0.0611237 0)
(2.83172 -0.0619393 0)
(2.84944 -0.0602307 0)
(2.8693 -0.0598179 0)
(2.88883 -0.0585391 0)
(2.90579 -0.0548159 0)
(2.91886 -0.0516745 0)
(2.92364 -0.0525928 0)
(2.91693 -0.0585169 0)
(2.91818 -0.0610216 0)
(2.93192 -0.0610842 0)
(2.94917 -0.0578456 0)
(2.96821 -0.0552541 0)
(2.98722 -0.0557683 0)
(3.00368 -0.0521999 0)
(3.01535 -0.046593 0)
(3.01883 -0.0399991 0)
(3.00894 -0.0366044 0)
(3.00845 -0.0215386 0)
(3.02366 -0.0184041 0)
(3.03226 -0.00969699 0)
(3.0462 0.00755865 0)
(3.05666 0.0293863 0)
(3.07671 0.0854252 0)
(2.42678 -0.822057 0)
(2.52997 -0.811788 0)
(2.64737 -0.750801 0)
(2.77978 -0.61289 0)
(2.86383 -0.534697 0)
(2.92798 -0.367656 0)
(2.92877 -0.207916 0)
(2.96312 -0.138617 0)
(2.98861 -0.0493815 0)
(3.01499 0.0302975 0)
(3.01888 0.0593564 0)
(2.99567 0.0702642 0)
(2.9781 0.0699069 0)
(2.9692 0.0595026 0)
(2.96349 0.0456689 0)
(2.95785 0.0402264 0)
(2.95811 0.0321032 0)
(2.96837 0.0260405 0)
(2.96829 0.0236716 0)
(2.9639 0.0197277 0)
(2.95005 0.012199 0)
(2.93815 -0.00178968 0)
(2.93674 -0.00350184 0)
(2.90366 0.0264118 0)
(2.75553 0.173275 0)
(2.4939 0.353141 0)
(2.24998 0.387497 0)
(2.04411 0.413654 0)
(1.92607 0.298993 0)
(1.88473 0.148385 0)
(1.90756 0.0378035 0)
(1.96702 -0.0172556 0)
(2.03924 -0.0382425 0)
(2.06395 -0.0301417 0)
(2.08464 -0.0213751 0)
(2.11999 -0.0251248 0)
(2.15244 -0.0288251 0)
(2.18615 -0.0280369 0)
(2.22181 -0.0238944 0)
(2.25889 -0.0226707 0)
(2.28494 -0.0245428 0)
(2.29403 -0.0237313 0)
(2.30232 -0.0238368 0)
(2.32465 -0.0274032 0)
(2.35353 -0.0302685 0)
(2.38455 -0.0298191 0)
(2.41718 -0.0279027 0)
(2.45025 -0.0277556 0)
(2.47761 -0.0306986 0)
(2.49269 -0.0339001 0)
(2.49419 -0.0325856 0)
(2.49133 -0.0272304 0)
(2.50398 -0.0249255 0)
(2.53118 -0.0284163 0)
(2.55744 -0.0344614 0)
(2.57792 -0.0384249 0)
(2.59762 -0.0358155 0)
(2.61873 -0.0305333 0)
(2.64171 -0.0271067 0)
(2.6614 -0.0293334 0)
(2.66768 -0.0349852 0)
(2.66164 -0.0357422 0)
(2.66337 -0.0308851 0)
(2.67924 -0.0280251 0)
(2.70177 -0.0292535 0)
(2.72331 -0.033021 0)
(2.73993 -0.0351515 0)
(2.75403 -0.033367 0)
(2.76833 -0.0298005 0)
(2.78248 -0.0281794 0)
(2.79169 -0.0299368 0)
(2.7936 -0.0334569 0)
(2.79864 -0.0348614 0)
(2.81335 -0.0340577 0)
(2.83256 -0.0325988 0)
(2.85325 -0.0322525 0)
(2.87257 -0.0313212 0)
(2.88835 -0.02908 0)
(2.89877 -0.0274915 0)
(2.89967 -0.0289896 0)
(2.89439 -0.0341747 0)
(2.90161 -0.035386 0)
(2.91681 -0.0357646 0)
(2.93409 -0.0338188 0)
(2.95295 -0.0319689 0)
(2.972 -0.0322534 0)
(2.98697 -0.0291239 0)
(2.99577 -0.0268281 0)
(2.99721 -0.0241554 0)
(2.99261 -0.0300099 0)
(2.99814 -0.0300088 0)
(3.01655 -0.0292684 0)
(3.0301 -0.0265 0)
(3.04477 -0.0214253 0)
(3.06149 -0.0224109 0)
(3.08657 -0.0116852 0)
)
;

boundaryField
{
    inlet
    {
        type            fixedValue;
        value           uniform (3 0 0);
    }
    outlet
    {
        type            inletOutlet;
        inletValue      uniform (3 0 0);
        value           nonuniform List<vector> 
32
(
(3.08687 0.0116974 0)
(3.07881 -0.0887839 0)
(3.03797 -0.252519 0)
(3.00956 -0.340821 0)
(2.98755 -0.372546 0)
(2.98435 -0.323268 0)
(2.97641 -0.300976 0)
(2.97255 -0.261363 0)
(2.97671 -0.22573 0)
(2.9657 -0.186549 0)
(2.9657 -0.155231 0)
(2.9621 -0.122723 0)
(2.96916 -0.0984805 0)
(2.95924 -0.0689406 0)
(2.95898 -0.0376568 0)
(2.96201 -0.011017 0)
(2.95415 0.016889 0)
(2.95603 0.0403589 0)
(2.95611 0.0679439 0)
(2.9652 0.0945791 0)
(2.95941 0.122379 0)
(2.96758 0.154965 0)
(2.96451 0.188595 0)
(2.98022 0.228063 0)
(2.97544 0.263011 0)
(2.98064 0.302736 0)
(2.98964 0.324331 0)
(2.99077 0.374602 0)
(3.00638 0.33962 0)
(3.03498 0.245758 0)
(3.07671 0.0854252 0)
(3.08657 -0.0116852 0)
)
;
    }
    bottom
    {
        type            symmetryPlane;
    }
    top
    {
        type            symmetryPlane;
    }
    obstacle
    {
        type            slip;
    }
    defaultFaces
    {
        type            empty;
    }
}


// ************************************************************************* //
