/*--------------------------------*- C++ -*----------------------------------*\
  =========                 |
  \\      /  F ield         | OpenFOAM: The Open Source CFD Toolbox
   \\    /   O peration     | Website:  https://openfoam.org
    \\  /    A nd           | Version:  7
     \\/     M anipulation  |
\*---------------------------------------------------------------------------*/
FoamFile
{
    version     2.0;
    format      ascii;
    class       volVectorField;
    location    "1.5";
    object      U;
}
// * * * * * * * * * * * * * * * * * * * * * * * * * * * * * * * * * * * * * //

dimensions      [0 1 -1 0 0 0 0];

internalField   nonuniform List<vector> 
4608
(
(3 4.86665e-17 0)
(3 1.18498e-16 0)
(3 1.85946e-17 0)
(3 1.5685e-16 0)
(3 4.37742e-16 0)
(3 5.42105e-16 0)
(3 9.8153e-17 0)
(3 -4.63632e-16 0)
(3 -1.75159e-16 0)
(3 1.34701e-16 0)
(3 1.42101e-16 0)
(3 1.88038e-16 0)
(3 4.39374e-16 0)
(3 1.59353e-15 0)
(3 1.8711e-15 0)
(3 1.931e-15 0)
(3 2.0128e-15 0)
(3 1.50943e-15 0)
(3 8.15614e-16 0)
(3 5.65005e-16 0)
(3 -3.66912e-16 0)
(3 -5.0351e-16 0)
(3 -4.92484e-16 0)
(3 3.35716e-17 0)
(3 7.07172e-17 0)
(3 3.20605e-17 0)
(3 -1.90707e-16 0)
(3 -2.56294e-16 0)
(3 5.14782e-16 0)
(3 1.2233e-15 0)
(3 1.24082e-15 0)
(3 2.09851e-16 0)
(3 -3.54473e-16 0)
(3 -9.44033e-16 0)
(3 -1.03915e-15 0)
(3 -6.40867e-16 0)
(3 -2.61989e-17 0)
(3 1.34138e-15 0)
(3 1.61439e-15 0)
(3 1.12571e-15 0)
(3 1.10755e-15 0)
(3 6.18052e-16 0)
(3 5.26365e-17 0)
(3 -3.85031e-16 0)
(3 -4.25772e-16 0)
(3 -3.28942e-16 0)
(3 -7.73228e-16 0)
(3 -5.83571e-16 0)
(3 -1.52854e-16 0)
(3 -1.28074e-16 0)
(3 -6.58781e-16 0)
(3 -2.7305e-16 0)
(3 6.271e-16 0)
(3 1.05086e-15 0)
(3 7.61726e-16 0)
(3 6.96181e-16 0)
(3 -1.53554e-16 0)
(3 -1.1544e-15 0)
(3 -1.27567e-15 0)
(3 -1.08642e-15 0)
(3 -8.25373e-16 0)
(3 -6.64986e-16 0)
(3 -8.84834e-16 0)
(3 -8.82786e-16 0)
(3 -9.40462e-16 0)
(3 -6.69215e-16 0)
(3 -1.36503e-15 0)
(3 -3.64341e-16 0)
(3 3.47064e-16 0)
(3 1.38755e-16 0)
(3 7.3209e-17 0)
(3 -1.8561e-16 0)
(3 -1.87851e-16 0)
(3 -2.20424e-16 0)
(3 -1.04478e-15 0)
(3 -1.13686e-15 0)
(3 -5.52005e-17 0)
(3 8.96166e-16 0)
(3 6.09301e-16 0)
(3 1.02969e-17 0)
(3 5.42904e-17 0)
(3 9.96285e-17 0)
(3 -3.9034e-16 0)
(3 -1.1543e-15 0)
(3 -1.3648e-15 0)
(3 -1.42606e-15 0)
(3 -1.21638e-15 0)
(3 -1.08529e-15 0)
(3 -1.04852e-15 0)
(3 -3.86389e-16 0)
(3 1.88845e-16 0)
(3 2.25845e-16 0)
(3 -1.93014e-16 0)
(3 -4.22919e-16 0)
(3 -4.87957e-16 0)
(3 -5.61812e-16 0)
(3 -7.38867e-17 0)
(3 -6.30347e-16 0)
(3 -5.51318e-17 0)
(3 9.98341e-17 0)
(3 -4.42756e-16 0)
(3 -2.72659e-16 0)
(3 3.05723e-16 0)
(3 5.3703e-16 0)
(3 1.27236e-16 0)
(3 -1.50407e-16 0)
(3 -2.99529e-16 0)
(3 -1.3954e-15 0)
(3 -1.40822e-15 0)
(3 -1.64224e-15 0)
(3 -1.44108e-15 0)
(3 -1.2965e-15 0)
(3 -1.42501e-15 0)
(3 -1.1764e-15 0)
(3 1.08554e-16 0)
(3 3.21738e-16 0)
(3 -2.63394e-17 0)
(3 2.61803e-17 0)
(3 -5.42512e-16 0)
(3 -9.26799e-16 0)
(3 -6.55925e-17 0)
(3 2.47795e-17 0)
(3 4.19724e-16 0)
(3 3.91034e-16 0)
(3 2.50948e-16 0)
(3 -9.86283e-17 0)
(3 -1.11838e-16 0)
(3 -4.23716e-17 0)
(3 1.52234e-16 0)
(3 2.44221e-16 0)
(3 5.64299e-16 0)
(3 -9.65432e-17 0)
(3 -3.77828e-16 0)
(3 -6.64474e-16 0)
(3 -1.23115e-15 0)
(3 -1.21293e-15 0)
(3 -6.24175e-16 0)
(3 -3.90439e-16 0)
(3 3.06856e-16 0)
(3 5.95882e-16 0)
(3 3.88005e-16 0)
(3 -1.12797e-16 0)
(3 -1.57778e-17 0)
(3 6.97713e-16 0)
(3 4.19105e-17 0)
(3 2.99075e-16 0)
(3 -3.33697e-17 0)
(3 -6.61739e-17 0)
(3 5.11488e-16 0)
(3 7.138e-16 0)
(3 4.45417e-16 0)
(3 1.7981e-16 0)
(3 4.23751e-16 0)
(3 8.51704e-16 0)
(3 9.5282e-16 0)
(3 6.86133e-16 0)
(3 1.39784e-16 0)
(3 7.64855e-19 0)
(3 2.73391e-16 0)
(3 4.68045e-17 0)
(3 2.11197e-16 0)
(3 6.19481e-16 0)
(3 1.51034e-16 0)
(3 -8.33685e-18 0)
(3 -3.33898e-16 0)
(3 -4.06449e-16 0)
(3 -1.00068e-15 0)
(3 -6.38276e-16 0)
(3 8.12161e-17 0)
(3 1.00605e-16 0)
(3 2.17285e-16 0)
(3 3.28386e-16 0)
(3 -9.32683e-17 0)
(3 -2.25395e-16 0)
(3 1.46248e-16 0)
(3 6.61563e-16 0)
(3 9.15462e-16 0)
(3 1.13139e-15 0)
(3 9.63148e-16 0)
(3 7.23388e-16 0)
(3 3.19216e-16 0)
(3 -3.11654e-16 0)
(3 6.65483e-17 0)
(3 4.01152e-17 0)
(3 -7.79842e-17 0)
(3 -5.96095e-16 0)
(3 -1.03618e-15 0)
(3 -8.76685e-16 0)
(3 -5.84936e-16 0)
(3 -3.76576e-16 0)
(3 -5.34485e-16 0)
(3 -6.90069e-16 0)
(3 -7.1446e-17 0)
(3 1.3673e-16 0)
(3 3.97476e-16 0)
(3 2.5112e-16 0)
(3 -4.29076e-17 0)
(3 -3.62552e-16 0)
(3 -7.39208e-16 0)
(3 -7.1179e-16 0)
(3 1.79509e-16 0)
(3 4.1839e-16 0)
(3 1.53997e-16 0)
(3 5.38135e-16 0)
(3 8.37201e-16 0)
(3 1.03131e-15 0)
(3 1.83616e-16 0)
(3 2.6188e-16 0)
(3 -8.78877e-16 0)
(3 -1.50675e-15 0)
(3 -2.07578e-15 0)
(3 -1.58558e-15 0)
(3 -9.52931e-16 0)
(3 -2.10711e-16 0)
(3 5.81307e-16 0)
(3 8.08713e-16 0)
(3 -1.53437e-16 0)
(3 2.76473e-16 0)
(3 2.16355e-17 0)
(3 7.9678e-17 0)
(3 1.48096e-17 0)
(3 -2.45433e-16 0)
(3 -6.88387e-16 0)
(3 -1.18975e-15 0)
(3 -9.98134e-16 0)
(3 -1.16359e-15 0)
(3 -7.88795e-16 0)
(3 -4.94136e-16 0)
(3 3.44457e-16 0)
(3 8.63199e-16 0)
(3 5.31052e-16 0)
(3 -1.92326e-16 0)
(3 -1.27053e-15 0)
(3 -1.8096e-15 0)
(3 -1.66371e-15 0)
(3 -9.68253e-16 0)
(3 -8.77479e-16 0)
(3 -7.62197e-16 0)
(3 -6.68848e-16 0)
(3 6.57645e-16 0)
(3 1.82535e-16 0)
(3 1.5194e-16 0)
(3 -1.33867e-16 0)
(3 -5.47818e-16 0)
(3 -4.94848e-16 0)
(3 -7.832e-16 0)
(3 -6.09807e-16 0)
(3 -1.33538e-16 0)
(3 7.06751e-17 0)
(3 2.37653e-16 0)
(3 2.46957e-16 0)
(3 -1.53279e-16 0)
(3 -1.10583e-16 0)
(3 3.16642e-16 0)
(3 -4.79105e-17 0)
(3 -7.71474e-16 0)
(3 -1.13197e-15 0)
(3 -6.36192e-16 0)
(3 -1.22084e-16 0)
(3 -1.59593e-16 0)
(3 1.47544e-16 0)
(3 2.43659e-16 0)
(3 1.2757e-16 0)
(3 -5.45791e-16 0)
(3 -9.91871e-18 0)
(3 6.94066e-17 0)
(3 2.1268e-16 0)
(3 -2.53165e-16 0)
(3 -3.82349e-16 0)
(3 -2.76571e-16 0)
(3 -2.23832e-16 0)
(3 2.03491e-16 0)
(3 6.25527e-16 0)
(3 1.53028e-15 0)
(3 1.55517e-15 0)
(3 1.28326e-15 0)
(3 5.43665e-16 0)
(3 -1.61071e-16 0)
(3 -5.63361e-16 0)
(3 -3.94395e-16 0)
(3 -2.35486e-16 0)
(3 -5.74179e-16 0)
(3 -1.04793e-15 0)
(3 -1.2314e-15 0)
(3 -5.33968e-16 0)
(3 1.7715e-16 0)
(3 5.18866e-16 0)
(3 3.64461e-16 0)
(3 -3.78139e-18 0)
(3 -2.21756e-16 0)
(3 -8.62913e-17 0)
(3 6.90889e-18 0)
(3 -1.16035e-16 0)
(3 1.78676e-16 0)
(3 1.37043e-17 0)
(3 6.08193e-17 0)
(3 1.45533e-16 0)
(3 3.52462e-16 0)
(3 7.04761e-16 0)
(3 7.0161e-16 0)
(3 5.67422e-16 0)
(3 -7.35321e-16 0)
(3 -7.38061e-16 0)
(3 -2.14951e-16 0)
(3 -2.79996e-16 0)
(3 -5.13583e-16 0)
(3 -4.3498e-16 0)
(3 -3.20409e-16 0)
(3 -3.92613e-16 0)
(3 2.01498e-16 0)
(3 5.24513e-16 0)
(3 4.56892e-16 0)
(3 4.24352e-17 0)
(3 -5.92989e-16 0)
(3 -1.27364e-15 0)
(3 -9.14837e-16 0)
(3 -4.50043e-16 0)
(3 9.57012e-17 0)
(3 1.25148e-16 0)
(3 -1.64074e-16 0)
(3 -7.99021e-16 0)
(3 -1.71441e-15 0)
(3 -1.81747e-15 0)
(3 -1.44181e-15 0)
(3 -1.36392e-15 0)
(3 -1.25417e-15 0)
(3 -8.44548e-16 0)
(3 -6.4369e-16 0)
(3 -4.97501e-16 0)
(3 -2.69908e-16 0)
(3 -2.85324e-16 0)
(3 1.90125e-16 0)
(3 3.4722e-16 0)
(3 1.64419e-16 0)
(3 -9.15715e-17 0)
(3 -4.38557e-16 0)
(3 -9.65994e-17 0)
(3 -2.74467e-16 0)
(3 -1.11556e-16 0)
(3 3.74877e-16 0)
(3 1.92845e-16 0)
(3 -3.18854e-16 0)
(3 6.56182e-17 0)
(3 -1.55354e-16 0)
(3 -5.09013e-16 0)
(3 -9.05053e-16 0)
(3 -1.14264e-15 0)
(3 -1.03624e-15 0)
(3 -1.57807e-15 0)
(3 -1.14968e-15 0)
(3 -1.54375e-15 0)
(3 -1.9171e-15 0)
(3 -1.78765e-15 0)
(3 -1.63531e-15 0)
(3 -8.67077e-16 0)
(3 -6.2552e-17 0)
(3 -1.27877e-17 0)
(3 -3.15186e-16 0)
(3 1.03295e-16 0)
(3 5.97827e-16 0)
(3 -1.9917e-17 0)
(3 2.14549e-16 0)
(3 3.75181e-16 0)
(3 7.30654e-16 0)
(3 8.29871e-16 0)
(3 3.11105e-16 0)
(3 1.69598e-16 0)
(3 2.57137e-16 0)
(3 -2.67731e-16 0)
(3 -8.77453e-16 0)
(3 -1.20136e-15 0)
(3 -1.21036e-15 0)
(3 -7.28297e-16 0)
(3 -6.75399e-16 0)
(3 -1.02411e-15 0)
(3 -1.42917e-15 0)
(3 -1.2143e-15 0)
(3 -1.07294e-15 0)
(3 -5.28262e-16 0)
(3 1.32536e-16 0)
(3 6.84162e-17 0)
(3 -2.76604e-16 0)
(3 -1.79641e-16 0)
(3 -8.50656e-20 0)
(3 2.73733e-17 0)
(3 3.47899e-16 0)
(3 1.17304e-16 0)
(3 -2.55362e-16 0)
(3 -1.00932e-16 0)
(3 5.6671e-16 0)
(3 5.71011e-16 0)
(3 4.56082e-16 0)
(3 -2.71773e-16 0)
(3 -7.66028e-16 0)
(3 -1.20574e-15 0)
(3 -1.34007e-15 0)
(3 -9.81276e-16 0)
(3 -7.46369e-16 0)
(3 -9.09912e-16 0)
(3 -7.6914e-16 0)
(3 -5.55264e-16 0)
(3 4.02729e-17 0)
(3 -1.35581e-15 0)
(3 -2.32589e-15 0)
(3 -1.83108e-15 0)
(3 -1.62048e-15 0)
(3 -1.8571e-15 0)
(3 -1.51426e-15 0)
(3 -5.01091e-17 0)
(3 -3.02059e-16 0)
(3 -2.93759e-16 0)
(3 -4.07462e-16 0)
(3 -3.64942e-16 0)
(3 -2.6904e-16 0)
(3 -7.86924e-17 0)
(3 -5.69976e-17 0)
(3 4.18688e-16 0)
(3 6.40369e-16 0)
(3 -2.63271e-17 0)
(3 -3.65337e-16 0)
(3 -4.29726e-16 0)
(3 -3.21251e-16 0)
(3 -9.66499e-16 0)
(3 -1.29351e-15 0)
(3 -1.21278e-15 0)
(3 -1.05076e-15 0)
(3 -2.45714e-15 0)
(3 -3.61668e-15 0)
(3 -3.06465e-15 0)
(3 -1.60543e-15 0)
(3 -9.65735e-16 0)
(3 -1.44795e-15 0)
(3 -1.01926e-17 0)
(3 2.20697e-16 0)
(3 1.93285e-16 0)
(3 2.01733e-16 0)
(3 2.50749e-16 0)
(3 2.18464e-16 0)
(3 -4.39034e-17 0)
(3 8.95621e-17 0)
(3 4.67736e-16 0)
(3 3.80879e-16 0)
(3 1.68114e-16 0)
(3 -4.3987e-16 0)
(3 -6.20349e-16 0)
(3 -7.51028e-16 0)
(3 -7.03983e-16 0)
(3 -1.31379e-15 0)
(3 -1.77416e-15 0)
(3 -2.47555e-15 0)
(3 -1.43123e-15 0)
(3 -3.40636e-16 0)
(3 -1.72319e-15 0)
(3 -2.04245e-15 0)
(3 -1.74342e-15 0)
(3 -1.43865e-15 0)
(3 3.00083e-17 0)
(3 1.83867e-16 0)
(3 3.50418e-16 0)
(3 3.98449e-16 0)
(3 1.9188e-16 0)
(3 3.30661e-16 0)
(3 6.7337e-16 0)
(3 1.24378e-15 0)
(3 -2.6653e-17 0)
(3 -1.65716e-16 0)
(3 -1.4318e-16 0)
(3 -4.5673e-16 0)
(3 -8.71068e-16 0)
(3 -1.136e-15 0)
(3 -1.32473e-15 0)
(3 -1.84066e-15 0)
(3 -2.15033e-15 0)
(3 -2.30937e-15 0)
(3 -7.95495e-16 0)
(3 9.4456e-16 0)
(3 8.88324e-17 0)
(3 -1.05541e-15 0)
(3 -1.41866e-15 0)
(3 -1.17695e-15 0)
(3 -1.33002e-16 0)
(3 -5.39893e-16 0)
(3 -5.65269e-16 0)
(3 -6.76273e-16 0)
(3 -7.01685e-16 0)
(3 -6.55925e-16 0)
(3 -2.52973e-17 0)
(3 -1.22908e-16 0)
(3 -5.96156e-16 0)
(3 -7.48656e-16 0)
(3 7.9449e-17 0)
(3 6.8222e-16 0)
(3 8.79221e-16 0)
(3 5.67738e-16 0)
(3 -4.59644e-16 0)
(3 -9.47407e-16 0)
(3 -1.13666e-15 0)
(3 -5.50484e-16 0)
(3 -3.57652e-17 0)
(3 -2.62702e-16 0)
(3 -1.16904e-15 0)
(3 -1.05347e-15 0)
(3 -1.23843e-15 0)
(3 -1.56651e-15 0)
(3 -5.6546e-17 0)
(3 2.60428e-17 0)
(3 -2.36602e-16 0)
(3 -4.27684e-16 0)
(3 -2.09875e-16 0)
(3 -2.62943e-16 0)
(3 -7.65803e-16 0)
(3 -9.58391e-16 0)
(3 -4.9524e-16 0)
(3 -1.08189e-16 0)
(3 8.91957e-16 0)
(3 1.13512e-15 0)
(3 7.71724e-16 0)
(3 8.42585e-16 0)
(3 8.69881e-16 0)
(3 1.18778e-15 0)
(3 1.27933e-15 0)
(3 9.19024e-16 0)
(3 1.07523e-15 0)
(3 4.74219e-16 0)
(3 4.69814e-16 0)
(3 1.60455e-17 0)
(3 -6.95022e-16 0)
(3 -8.28625e-16 0)
(3 -9.86713e-20 0)
(3 -1.2524e-16 0)
(3 -7.20734e-17 0)
(3 2.5014e-16 0)
(3 3.07543e-16 0)
(3 -4.86327e-17 0)
(3 -8.85065e-16 0)
(3 -6.35376e-16 0)
(3 1.4445e-17 0)
(3 5.01603e-16 0)
(3 8.78562e-16 0)
(3 1.0563e-15 0)
(3 8.73408e-16 0)
(3 1.59879e-16 0)
(3 -1.43722e-16 0)
(3 2.99054e-16 0)
(3 7.83221e-16 0)
(3 7.58719e-16 0)
(3 1.90116e-16 0)
(3 5.63149e-17 0)
(3 -8.9391e-16 0)
(3 -1.34895e-15 0)
(3 -1.09439e-15 0)
(3 -7.7068e-16 0)
(3 2.66825e-16 0)
(3 1.01071e-16 0)
(3 2.06099e-16 0)
(3 4.11887e-16 0)
(3 3.52175e-16 0)
(3 9.98134e-18 0)
(3 1.31846e-16 0)
(3 5.91381e-16 0)
(3 9.48798e-16 0)
(3 1.23269e-15 0)
(3 1.75986e-15 0)
(3 1.78899e-15 0)
(3 9.15053e-16 0)
(3 -4.57197e-17 0)
(3 -1.33145e-15 0)
(3 -1.44197e-15 0)
(3 -7.80725e-16 0)
(3 -1.0873e-15 0)
(3 -8.79407e-16 0)
(3 -7.41774e-16 0)
(3 -9.31546e-16 0)
(3 -6.00248e-16 0)
(3 -5.84299e-16 0)
(3 2.41331e-16 0)
(3 1.26703e-16 0)
(3 5.99004e-16 0)
(3 9.11181e-16 0)
(3 5.20187e-16 0)
(3 5.97324e-17 0)
(3 3.0479e-16 0)
(3 8.91564e-16 0)
(3 1.39695e-15 0)
(3 1.59469e-15 0)
(3 1.42509e-15 0)
(3 5.97497e-16 0)
(3 1.80177e-16 0)
(3 1.62271e-16 0)
(3 2.6884e-17 0)
(3 4.4251e-16 0)
(3 6.68462e-16 0)
(3 1.64139e-16 0)
(3 -4.22472e-16 0)
(3 -4.93423e-16 0)
(3 -7.15525e-16 0)
(3 3.63963e-19 0)
(3 5.72994e-16 0)
(3 1.76899e-16 0)
(3 3.01999e-17 0)
(3 -9.35647e-17 0)
(3 1.5325e-16 0)
(3 2.07321e-16 0)
(3 1.66268e-16 0)
(3 2.67178e-16 0)
(3 4.04037e-16 0)
(3 2.45698e-17 0)
(3 -3.52815e-16 0)
(3 -6.52994e-17 0)
(3 2.66381e-16 0)
(3 -5.37787e-17 0)
(3 -9.05054e-17 0)
(3 2.09998e-16 0)
(3 3.29908e-16 0)
(3 8.37654e-16 0)
(3 8.41211e-16 0)
(3 3.26131e-16 0)
(3 1.46383e-15 0)
(3 1.44532e-15 0)
(3 3.90637e-16 0)
(3 2.85183e-16 0)
(3 4.09936e-16 0)
(3 9.05011e-16 0)
(3 -6.82754e-17 0)
(3 2.9112e-18 0)
(3 1.30608e-16 0)
(3 -1.89706e-16 0)
(3 9.78965e-17 0)
(3 6.8105e-16 0)
(3 6.75068e-16 0)
(3 -2.19757e-16 0)
(3 -6.67999e-16 0)
(3 -5.43733e-16 0)
(3 -7.18344e-16 0)
(3 -8.27992e-16 0)
(3 3.77765e-16 0)
(3 6.3992e-16 0)
(3 5.58098e-16 0)
(3 7.32471e-17 0)
(3 4.05129e-16 0)
(3 9.26276e-16 0)
(3 1.08426e-15 0)
(3 1.39774e-15 0)
(3 2.01845e-15 0)
(3 1.68664e-15 0)
(3 1.07823e-15 0)
(3 9.35961e-16 0)
(3 -1.96152e-16 0)
(3 -2.74019e-17 0)
(3 -1.11995e-16 0)
(3 -1.88653e-17 0)
(3 -1.25131e-16 0)
(3 -2.68525e-16 0)
(3 -1.16908e-17 0)
(3 9.36841e-17 0)
(3 3.69607e-17 0)
(3 1.17765e-16 0)
(3 -3.53442e-16 0)
(3 -1.40588e-15 0)
(3 -6.88353e-16 0)
(3 -1.50459e-16 0)
(3 6.98825e-16 0)
(3 8.40687e-16 0)
(3 5.5825e-16 0)
(3 4.26907e-16 0)
(3 1.72336e-16 0)
(3 1.62546e-16 0)
(3 8.90007e-16 0)
(3 2.0949e-15 0)
(3 1.59064e-15 0)
(3 4.34763e-16 0)
(3 3.8338e-16 0)
(3 9.06686e-17 0)
(3 -3.00088e-16 0)
(3 -3.51623e-16 0)
(3 -4.92396e-16 0)
(3 -6.87518e-16 0)
(3 -4.12471e-16 0)
(3 -1.09404e-17 0)
(3 -1.82069e-16 0)
(3 -6.75169e-16 0)
(3 -8.66869e-16 0)
(3 -1.22671e-15 0)
(3 -1.17721e-15 0)
(3 -1.02311e-15 0)
(3 -5.52248e-16 0)
(3 1.78194e-17 0)
(3 -7.51764e-17 0)
(3 -4.39944e-16 0)
(3 -8.8407e-17 0)
(3 -4.02131e-17 0)
(3 -2.31143e-18 0)
(3 5.27517e-16 0)
(3 1.41925e-15 0)
(3 1.54425e-15 0)
(3 8.85344e-16 0)
(3 -1.97389e-17 0)
(3 2.10327e-16 0)
(3 5.64042e-17 0)
(3 -1.29775e-16 0)
(3 -2.55021e-16 0)
(3 -1.03383e-16 0)
(3 -1.49878e-16 0)
(3 -2.63246e-16 0)
(3 -5.62145e-16 0)
(3 -7.93509e-16 0)
(3 -7.14665e-16 0)
(3 -6.58119e-16 0)
(3 -8.44183e-16 0)
(3 -1.46018e-15 0)
(3 -1.14145e-15 0)
(3 -3.90299e-16 0)
(3 9.50182e-16 0)
(3 9.8578e-16 0)
(3 7.68171e-16 0)
(3 7.76224e-16 0)
(3 6.98589e-16 0)
(3 1.45404e-15 0)
(3 2.64159e-15 0)
(3 2.57955e-15 0)
(3 4.80244e-17 0)
(3 3.10356e-16 0)
(3 6.74608e-16 0)
(3 5.35293e-16 0)
(3 1.08178e-16 0)
(3 -1.86372e-16 0)
(3 -9.7696e-17 0)
(3 1.7331e-16 0)
(3 -8.61734e-16 0)
(3 -9.97915e-16 0)
(3 -3.30586e-16 0)
(3 1.49174e-17 0)
(3 1.92359e-17 0)
(3 -4.43065e-16 0)
(3 -7.39255e-16 0)
(3 -6.64697e-16 0)
(3 -3.64503e-16 0)
(3 -7.84827e-16 0)
(3 -5.02242e-16 0)
(3 -3.37594e-16 0)
(3 -3.00146e-16 0)
(3 4.82198e-16 0)
(3 1.76362e-15 0)
(3 2.93493e-15 0)
(3 1.29867e-16 0)
(3 6.43745e-17 0)
(3 2.85478e-16 0)
(3 2.47303e-16 0)
(3 2.21663e-16 0)
(3 -5.67074e-17 0)
(3 -4.26177e-17 0)
(3 -2.43211e-16 0)
(3 -7.27108e-16 0)
(3 -1.15259e-15 0)
(3 -5.44368e-16 0)
(3 2.53608e-16 0)
(3 4.25277e-16 0)
(3 1.20764e-18 0)
(3 1.56718e-16 0)
(3 -3.4591e-16 0)
(3 -1.17206e-15 0)
(3 -1.56014e-15 0)
(3 -1.39111e-15 0)
(3 -1.51233e-15 0)
(3 -6.51511e-16 0)
(3 4.5442e-16 0)
(3 1.34068e-15 0)
(3 1.26845e-15 0)
(2.93381 0.0118084 0)
(2.84355 0.0818461 0)
(2.75848 0.140031 0)
(2.67077 0.233744 0)
(2.56773 0.360739 0)
(2.51714 0.433466 0)
(2.41467 0.547821 0)
(2.35316 0.628586 0)
(2.31115 0.724036 0)
(2.25439 0.798086 0)
(2.24887 0.852267 0)
(2.28318 0.886404 0)
(2.32772 0.894639 0)
(2.33637 0.889656 0)
(2.34508 0.884764 0)
(2.34622 0.867078 0)
(2.34476 0.859197 0)
(2.34259 0.850231 0)
(2.34367 0.847303 0)
(2.3459 0.849243 0)
(2.34382 0.849194 0)
(2.34048 0.849662 0)
(2.33641 0.850874 0)
(2.33358 0.850079 0)
(2.99881 0.0011453 0)
(2.98903 0.0129021 0)
(2.96149 0.0501541 0)
(2.90379 0.129114 0)
(2.79874 0.27849 0)
(2.69281 0.454954 0)
(2.51687 0.693996 0)
(2.40007 0.894547 0)
(2.21624 1.07275 0)
(2.16279 1.10517 0)
(2.15242 1.03231 0)
(2.18352 0.996652 0)
(2.24939 0.951714 0)
(2.30123 0.901628 0)
(2.33326 0.853122 0)
(2.35154 0.830852 0)
(2.35231 0.835235 0)
(2.35564 0.837173 0)
(2.35605 0.837765 0)
(2.35516 0.840277 0)
(2.35257 0.844419 0)
(2.34589 0.846748 0)
(2.34027 0.849535 0)
(2.3368 0.851048 0)
(3 -5.06367e-06 0)
(2.99999 1.12822e-05 0)
(3.00001 3.06418e-05 0)
(2.99993 2.90849e-05 0)
(2.99856 0.00201906 0)
(2.99199 0.0114114 0)
(2.96339 0.0565012 0)
(2.90377 0.167874 0)
(2.76592 0.417133 0)
(2.58502 0.713508 0)
(2.46399 0.840098 0)
(2.33695 0.932285 0)
(2.28942 0.914532 0)
(2.29686 0.900829 0)
(2.31427 0.884459 0)
(2.34894 0.867441 0)
(2.35521 0.86606 0)
(2.35835 0.84641 0)
(2.36127 0.839476 0)
(2.36028 0.839009 0)
(2.35911 0.840422 0)
(2.35322 0.843844 0)
(2.34799 0.84711 0)
(2.34458 0.849875 0)
(3 -7.42648e-08 0)
(3 -5.77202e-08 0)
(3 -5.78239e-07 0)
(3 -1.53286e-06 0)
(3.00001 -9.17186e-06 0)
(2.99999 2.07979e-05 0)
(3.00002 -6.73292e-05 0)
(2.99931 0.00120092 0)
(2.98953 0.017639 0)
(2.89569 0.171205 0)
(2.7834 0.406605 0)
(2.41702 0.810512 0)
(2.33619 0.887012 0)
(2.28337 0.945754 0)
(2.28926 0.946581 0)
(2.30827 0.922996 0)
(2.33591 0.885639 0)
(2.34502 0.860403 0)
(2.35352 0.843203 0)
(2.35842 0.839822 0)
(2.36201 0.842013 0)
(2.36102 0.845429 0)
(2.35804 0.847683 0)
(2.35312 0.849589 0)
(3 2.20245e-10 0)
(3 -2.76023e-09 0)
(3 -2.6437e-08 0)
(3 -7.8331e-08 0)
(3 -7.6374e-07 0)
(3 -7.73378e-07 0)
(3 -1.68016e-06 0)
(3 -2.07194e-06 0)
(3.00004 -8.60213e-05 0)
(2.99929 0.000938679 0)
(2.98748 0.0184542 0)
(2.85211 0.188418 0)
(2.68618 0.441742 0)
(2.41913 0.750949 0)
(2.29072 0.913456 0)
(2.29389 0.893558 0)
(2.30945 0.883374 0)
(2.32125 0.877008 0)
(2.33497 0.869269 0)
(2.34967 0.853801 0)
(2.35645 0.848978 0)
(2.3567 0.850637 0)
(2.35721 0.850569 0)
(2.35305 0.854793 0)
(3 2.46456e-12 0)
(3 6.8587e-13 0)
(3 6.72147e-11 0)
(3 1.84858e-11 0)
(3 2.01701e-10 0)
(3 -6.77887e-08 0)
(3 -6.67959e-08 0)
(3 -2.06141e-07 0)
(3 -6.52908e-06 0)
(3 -6.25538e-06 0)
(3.00003 -7.10682e-05 0)
(2.9983 0.0022868 0)
(2.97616 0.0342953 0)
(2.81934 0.224339 0)
(2.52089 0.586156 0)
(2.42558 0.740133 0)
(2.29446 0.888658 0)
(2.28515 0.897623 0)
(2.30158 0.887327 0)
(2.32454 0.86037 0)
(2.33357 0.850881 0)
(2.34247 0.849055 0)
(2.34637 0.844784 0)
(2.35074 0.841642 0)
(3 -5.72758e-15 0)
(3 8.17645e-13 0)
(3 1.76267e-11 0)
(3 2.54565e-11 0)
(3 3.1439e-11 0)
(3 -4.41432e-11 0)
(3 -7.25225e-10 0)
(3 -1.22663e-09 0)
(3 -2.30825e-08 0)
(3 -4.31935e-07 0)
(3 -7.85943e-06 0)
(3 -4.88784e-06 0)
(3 -3.28287e-05 0)
(2.99514 0.00665269 0)
(2.93726 0.0775893 0)
(2.77385 0.311861 0)
(2.41258 0.731783 0)
(2.37358 0.791384 0)
(2.3202 0.843472 0)
(2.31863 0.84417 0)
(2.32408 0.844603 0)
(2.33005 0.841153 0)
(2.33712 0.834982 0)
(2.34282 0.835435 0)
(3 -3.57421e-16 0)
(3 -1.25385e-14 0)
(3 1.13876e-13 0)
(3 1.98201e-12 0)
(3 7.12972e-12 0)
(3 7.19931e-12 0)
(3 5.84107e-12 0)
(3 2.43171e-12 0)
(3 6.64998e-11 0)
(3 -1.31367e-10 0)
(3 -3.81116e-08 0)
(3 -5.75966e-07 0)
(3 -2.27103e-06 0)
(3.00001 -2.65021e-05 0)
(2.99967 0.000578359 0)
(2.98731 0.0178382 0)
(2.86019 0.176425 0)
(2.69511 0.441963 0)
(2.34831 0.828684 0)
(2.29371 0.865049 0)
(2.31062 0.84862 0)
(2.30691 0.846685 0)
(2.31212 0.840927 0)
(2.32662 0.839022 0)
(3 1.07952e-15 0)
(3 -1.58666e-15 0)
(3 -2.0011e-15 0)
(3 5.62254e-15 0)
(3 8.28639e-14 0)
(3 8.532e-13 0)
(3 1.10568e-12 0)
(3 1.32346e-12 0)
(3 1.54201e-11 0)
(3 1.51179e-11 0)
(3 3.06889e-10 0)
(3 -6.81771e-09 0)
(3 -3.61446e-08 0)
(3 -3.11394e-06 0)
(3 -3.9475e-06 0)
(3 -1.56943e-05 0)
(2.99713 0.00485505 0)
(2.9626 0.0584358 0)
(2.72348 0.366665 0)
(2.58751 0.591965 0)
(2.36483 0.807428 0)
(2.29113 0.879037 0)
(2.28898 0.858541 0)
(2.31085 0.844887 0)
(3 -1.41095e-16 0)
(3 -1.26996e-15 0)
(3 -1.32326e-15 0)
(3 -7.01616e-16 0)
(3 -1.59841e-15 0)
(3 5.23869e-15 0)
(3 2.51451e-14 0)
(3 8.83481e-14 0)
(3 2.63553e-13 0)
(3 2.34702e-12 0)
(3 2.44472e-11 0)
(3 1.48802e-11 0)
(3 1.0983e-10 0)
(3 -2.28412e-08 0)
(3 -1.00686e-06 0)
(3 -1.11779e-06 0)
(3 -9.41915e-06 0)
(2.99956 0.000658775 0)
(2.98009 0.0303342 0)
(2.90327 0.17685 0)
(2.56318 0.593349 0)
(2.42807 0.757822 0)
(2.35568 0.794038 0)
(2.34072 0.831238 0)
(3 -1.13471e-15 0)
(3 -2.20516e-15 0)
(3 -2.32271e-15 0)
(3 -1.73966e-15 0)
(3 -1.02488e-15 0)
(3 8.30447e-16 0)
(3 2.16256e-15 0)
(3 3.53628e-15 0)
(3 4.16028e-15 0)
(3 1.47486e-14 0)
(3 3.44026e-13 0)
(3 3.25946e-12 0)
(3 1.92641e-11 0)
(3 8.7335e-11 0)
(3 -1.97322e-08 0)
(3 -1.17685e-07 0)
(3 -1.358e-06 0)
(3 -5.40631e-06 0)
(2.99991 0.000181642 0)
(2.99606 0.00751055 0)
(2.91062 0.128858 0)
(2.74494 0.392035 0)
(2.47465 0.707372 0)
(2.33149 0.897636 0)
(3 6.24261e-16 0)
(3 -9.70608e-16 0)
(3 -1.40309e-15 0)
(3 -1.41249e-15 0)
(3 -1.27808e-15 0)
(3 -1.12985e-15 0)
(3 -9.32025e-16 0)
(3 5.49386e-17 0)
(3 1.61727e-15 0)
(3 3.6182e-15 0)
(3 5.1408e-15 0)
(3 1.65243e-13 0)
(3 1.97051e-12 0)
(3 5.93814e-12 0)
(3 1.05659e-10 0)
(3 -2.42484e-09 0)
(3 -1.74889e-08 0)
(3 -1.56791e-06 0)
(3 -1.39883e-06 0)
(2.99999 9.46718e-07 0)
(2.99754 0.00435385 0)
(2.96862 0.0591663 0)
(2.79137 0.316592 0)
(2.51655 0.672239 0)
(3 3.73987e-16 0)
(3 2.28662e-18 0)
(3 -1.13018e-15 0)
(3 -1.67145e-15 0)
(3 -2.03299e-15 0)
(3 -1.05319e-15 0)
(3 2.74897e-16 0)
(3 8.0335e-16 0)
(3 1.18127e-15 0)
(3 1.01234e-15 0)
(3 1.98102e-16 0)
(3 2.36796e-15 0)
(3 1.31809e-14 0)
(3 6.87231e-13 0)
(3 1.58855e-11 0)
(3 3.193e-11 0)
(3 -1.00556e-10 0)
(3 -3.82269e-08 0)
(3 -5.56064e-07 0)
(3 -6.02093e-07 0)
(3 3.27585e-06 0)
(2.9995 0.000966057 0)
(2.97627 0.0423836 0)
(2.84642 0.235006 0)
(3 -4.9309e-16 0)
(3 -9.16607e-17 0)
(3 -7.71236e-18 0)
(3 -1.11271e-15 0)
(3 -8.93797e-16 0)
(3 -3.19686e-16 0)
(3 -3.94945e-16 0)
(3 -9.73014e-16 0)
(3 -1.12773e-15 0)
(3 -4.43003e-16 0)
(3 1.60919e-16 0)
(3 -2.21556e-16 0)
(3 -9.13456e-16 0)
(3 3.70051e-15 0)
(3 7.76153e-13 0)
(3 7.7075e-12 0)
(3 6.07574e-12 0)
(3 -2.92755e-11 0)
(3 -2.35126e-08 0)
(3 -9.46215e-08 0)
(3 -3.48717e-07 0)
(3 -1.02906e-06 0)
(2.99952 0.000902708 0)
(2.99242 0.0164467 0)
(3 2.5921e-16 0)
(3 1.17136e-15 0)
(3 1.52939e-15 0)
(3 1.2618e-15 0)
(3 4.90794e-16 0)
(3 -1.64108e-15 0)
(3 -2.39293e-15 0)
(3 -2.25595e-15 0)
(3 -6.78795e-16 0)
(3 2.09572e-17 0)
(3 -7.46267e-16 0)
(3 -1.38732e-15 0)
(3 -1.0325e-15 0)
(3 -1.57855e-15 0)
(3 3.23738e-16 0)
(3 2.30838e-13 0)
(3 1.25228e-12 0)
(3 3.94999e-12 0)
(3 -1.35234e-11 0)
(3 -5.8189e-09 0)
(3 -5.799e-08 0)
(3 -2.34027e-07 0)
(3 1.17005e-05 0)
(2.99999 -1.98469e-05 0)
(3 2.21377e-16 0)
(3 -1.8501e-16 0)
(3 -3.03658e-16 0)
(3 -1.02188e-16 0)
(3 -4.70424e-16 0)
(3 -1.15438e-15 0)
(3 -1.10875e-15 0)
(3 -2.3281e-16 0)
(3 8.71921e-16 0)
(3 5.89261e-16 0)
(3 -1.4337e-16 0)
(3 -3.6207e-16 0)
(3 -6.96677e-16 0)
(3 -1.7707e-15 0)
(3 -1.60715e-15 0)
(3 2.6559e-16 0)
(3 2.00464e-14 0)
(3 1.65753e-12 0)
(3 1.49931e-12 0)
(3 -4.00909e-11 0)
(3 -4.27719e-09 0)
(3 -5.4676e-08 0)
(3 -7.87559e-09 0)
(3 -1.62588e-06 0)
(3 -3.30573e-16 0)
(3 -9.6711e-16 0)
(3 -2.24781e-15 0)
(3 -1.88283e-15 0)
(3 -1.20865e-15 0)
(3 -5.67563e-16 0)
(3 1.37007e-15 0)
(3 1.66209e-15 0)
(3 1.18739e-15 0)
(3 4.25588e-16 0)
(3 5.98432e-16 0)
(3 -2.40465e-16 0)
(3 -1.20704e-15 0)
(3 -1.78036e-15 0)
(3 -1.02046e-15 0)
(3 -9.07899e-16 0)
(3 -4.69662e-14 0)
(3 -1.46321e-12 0)
(3 -2.10872e-12 0)
(3 4.34857e-11 0)
(3 2.66412e-09 0)
(3 6.01559e-08 0)
(3 1.58942e-09 0)
(3 1.54772e-06 0)
(3 -1.555e-15 0)
(3 -1.1679e-15 0)
(3 -1.37785e-15 0)
(3 -1.4618e-15 0)
(3 -3.6855e-17 0)
(3 6.91044e-16 0)
(3 3.58061e-16 0)
(3 5.13827e-16 0)
(3 4.82864e-17 0)
(3 -1.02869e-15 0)
(3 -1.71547e-15 0)
(3 -1.18079e-15 0)
(3 -1.00661e-15 0)
(3 -7.34468e-16 0)
(3 -4.32264e-15 0)
(3 -2.28591e-13 0)
(3 -1.2748e-12 0)
(3 -3.83555e-12 0)
(3 1.37137e-13 0)
(3 6.4001e-09 0)
(3 4.7489e-08 0)
(3 2.41353e-07 0)
(3 -1.16812e-05 0)
(2.99999 2.11229e-05 0)
(3 -2.17471e-15 0)
(3 -9.98333e-16 0)
(3 -6.87401e-16 0)
(3 1.35251e-16 0)
(3 4.22001e-16 0)
(3 2.69054e-16 0)
(3 -7.51388e-16 0)
(3 -5.88923e-16 0)
(3 -5.03449e-16 0)
(3 -6.54039e-16 0)
(3 -1.34255e-15 0)
(3 -7.88938e-16 0)
(3 -8.17613e-16 0)
(3 -5.70671e-15 0)
(3 -7.76047e-13 0)
(3 -7.70149e-12 0)
(3 -6.08131e-12 0)
(3 2.98517e-11 0)
(3 2.34345e-08 0)
(3 9.49627e-08 0)
(3 3.49992e-07 0)
(3 1.01924e-06 0)
(2.99952 -0.000901064 0)
(2.9924 -0.016474 0)
(3 -9.09547e-16 0)
(3 -6.30705e-16 0)
(3 3.51703e-16 0)
(3 7.80375e-16 0)
(3 -5.23585e-17 0)
(3 -1.13762e-15 0)
(3 -1.21236e-15 0)
(3 -6.97125e-16 0)
(3 -1.25091e-15 0)
(3 -4.53866e-16 0)
(3 2.43054e-16 0)
(3 -2.95834e-15 0)
(3 -1.57588e-14 0)
(3 -6.90107e-13 0)
(3 -1.58898e-11 0)
(3 -3.19209e-11 0)
(3 1.00598e-10 0)
(3 3.82517e-08 0)
(3 5.55915e-07 0)
(3 6.02122e-07 0)
(3 -3.26978e-06 0)
(2.9995 -0.000966517 0)
(2.97627 -0.0423612 0)
(2.84627 -0.235179 0)
(3 -1.20442e-15 0)
(3 -1.04249e-16 0)
(3 1.59658e-16 0)
(3 -3.35308e-17 0)
(3 -1.32437e-15 0)
(3 -1.96025e-15 0)
(3 -1.04507e-15 0)
(3 -8.3724e-16 0)
(3 -7.56238e-16 0)
(3 -5.86762e-16 0)
(3 -1.40327e-15 0)
(3 -1.59701e-13 0)
(3 -1.9622e-12 0)
(3 -5.93204e-12 0)
(3 -1.05654e-10 0)
(3 2.4248e-09 0)
(3 1.74896e-08 0)
(3 1.5688e-06 0)
(3 1.3968e-06 0)
(2.99999 -9.27345e-07 0)
(2.99754 -0.00435531 0)
(2.96863 -0.0591594 0)
(2.79138 -0.316587 0)
(2.51648 -0.672355 0)
(3 -5.52967e-16 0)
(3 -1.12959e-16 0)
(3 -4.26207e-17 0)
(3 -8.5936e-16 0)
(3 -1.38893e-15 0)
(3 -1.98701e-15 0)
(3 -1.03617e-15 0)
(3 -3.01959e-15 0)
(3 -1.86941e-15 0)
(3 -1.0509e-14 0)
(3 -3.38866e-13 0)
(3 -3.25697e-12 0)
(3 -1.9262e-11 0)
(3 -8.73339e-11 0)
(3 1.97324e-08 0)
(3 1.17688e-07 0)
(3 1.35792e-06 0)
(3 5.40695e-06 0)
(2.99991 -0.000181681 0)
(2.99606 -0.00750927 0)
(2.9106 -0.128881 0)
(2.74503 -0.391982 0)
(2.47461 -0.707427 0)
(2.33148 -0.897676 0)
(3 -3.73416e-16 0)
(3 -7.24295e-16 0)
(3 -9.19097e-16 0)
(3 -1.71508e-15 0)
(3 -1.7141e-15 0)
(3 -8.54933e-15 0)
(3 -2.48467e-14 0)
(3 -8.55103e-14 0)
(3 -2.60782e-13 0)
(3 -2.3461e-12 0)
(3 -2.44458e-11 0)
(3 -1.48795e-11 0)
(3 -1.09831e-10 0)
(3 2.28411e-08 0)
(3 1.00686e-06 0)
(3 1.11779e-06 0)
(3 9.41913e-06 0)
(2.99956 -0.00065877 0)
(2.98009 -0.0303346 0)
(2.90328 -0.176846 0)
(2.56316 -0.593368 0)
(2.42809 -0.757801 0)
(2.35568 -0.794045 0)
(2.34072 -0.831245 0)
(3 8.76537e-17 0)
(3 1.57836e-15 0)
(3 8.31659e-16 0)
(3 -8.75002e-15 0)
(3 -8.47852e-14 0)
(3 -8.49203e-13 0)
(3 -1.10408e-12 0)
(3 -1.32373e-12 0)
(3 -1.54194e-11 0)
(3 -1.51155e-11 0)
(3 -3.06885e-10 0)
(3 6.8177e-09 0)
(3 3.61448e-08 0)
(3 3.11392e-06 0)
(3 3.94755e-06 0)
(3 1.56938e-05 0)
(2.99713 -0.00485504 0)
(2.9626 -0.0584359 0)
(2.72348 -0.366664 0)
(2.58751 -0.591964 0)
(2.36482 -0.807432 0)
(2.29113 -0.879034 0)
(2.28898 -0.858541 0)
(2.31085 -0.844889 0)
(3 4.95278e-16 0)
(3 1.39254e-14 0)
(3 -1.13068e-13 0)
(3 -1.98146e-12 0)
(3 -7.12765e-12 0)
(3 -7.19496e-12 0)
(3 -5.84253e-12 0)
(3 -2.42944e-12 0)
(3 -6.64966e-11 0)
(3 1.31368e-10 0)
(3 3.81116e-08 0)
(3 5.75966e-07 0)
(3 2.27104e-06 0)
(3.00001 2.6502e-05 0)
(2.99967 -0.000578358 0)
(2.98731 -0.0178382 0)
(2.86019 -0.176425 0)
(2.69511 -0.441963 0)
(2.34831 -0.828684 0)
(2.29371 -0.865048 0)
(2.31062 -0.84862 0)
(2.30691 -0.846685 0)
(2.31212 -0.840927 0)
(2.32662 -0.839022 0)
(3 5.00409e-15 0)
(3 -8.1817e-13 0)
(3 -1.76271e-11 0)
(3 -2.54564e-11 0)
(3 -3.14389e-11 0)
(3 4.41439e-11 0)
(3 7.25216e-10 0)
(3 1.22663e-09 0)
(3 2.30825e-08 0)
(3 4.31935e-07 0)
(3 7.85943e-06 0)
(3 4.88784e-06 0)
(3 3.28288e-05 0)
(2.99514 -0.00665269 0)
(2.93726 -0.0775892 0)
(2.77385 -0.311861 0)
(2.41258 -0.731783 0)
(2.37358 -0.791384 0)
(2.3202 -0.843472 0)
(2.31863 -0.84417 0)
(2.32408 -0.844603 0)
(2.33005 -0.841153 0)
(2.33712 -0.834982 0)
(2.34282 -0.835435 0)
(3 -2.46545e-12 0)
(3 -6.87359e-13 0)
(3 -6.72155e-11 0)
(3 -1.84848e-11 0)
(3 -2.01702e-10 0)
(3 6.77887e-08 0)
(3 6.67959e-08 0)
(3 2.06141e-07 0)
(3 6.52908e-06 0)
(3 6.25538e-06 0)
(3.00003 7.10682e-05 0)
(2.9983 -0.0022868 0)
(2.97616 -0.0342953 0)
(2.81934 -0.224339 0)
(2.52089 -0.586156 0)
(2.42558 -0.740133 0)
(2.29446 -0.888658 0)
(2.28515 -0.897622 0)
(2.30158 -0.887327 0)
(2.32454 -0.86037 0)
(2.33357 -0.850881 0)
(2.34247 -0.849055 0)
(2.34637 -0.844784 0)
(2.35074 -0.841642 0)
(3 -2.20244e-10 0)
(3 2.76023e-09 0)
(3 2.64371e-08 0)
(3 7.83311e-08 0)
(3 7.6374e-07 0)
(3 7.73378e-07 0)
(3 1.68017e-06 0)
(3 2.07194e-06 0)
(3.00004 8.60213e-05 0)
(2.99929 -0.000938679 0)
(2.98748 -0.0184542 0)
(2.85211 -0.188418 0)
(2.68618 -0.441742 0)
(2.41913 -0.750949 0)
(2.29072 -0.913456 0)
(2.29389 -0.893558 0)
(2.30945 -0.883374 0)
(2.32125 -0.877008 0)
(2.33497 -0.869269 0)
(2.34967 -0.853801 0)
(2.35645 -0.848978 0)
(2.3567 -0.850637 0)
(2.35721 -0.850569 0)
(2.35305 -0.854793 0)
(3 7.42647e-08 0)
(3 5.77203e-08 0)
(3 5.78239e-07 0)
(3 1.53286e-06 0)
(3.00001 9.17186e-06 0)
(2.99999 -2.07979e-05 0)
(3.00002 6.73292e-05 0)
(2.99931 -0.00120092 0)
(2.98953 -0.017639 0)
(2.89569 -0.171205 0)
(2.7834 -0.406605 0)
(2.41702 -0.810512 0)
(2.33619 -0.887012 0)
(2.28337 -0.945754 0)
(2.28926 -0.946581 0)
(2.30827 -0.922996 0)
(2.33591 -0.885639 0)
(2.34502 -0.860403 0)
(2.35352 -0.843203 0)
(2.35842 -0.839822 0)
(2.36201 -0.842013 0)
(2.36102 -0.845429 0)
(2.35804 -0.847683 0)
(2.35312 -0.849589 0)
(3 5.06367e-06 0)
(2.99999 -1.12821e-05 0)
(3.00001 -3.06419e-05 0)
(2.99993 -2.90848e-05 0)
(2.99856 -0.00201906 0)
(2.99199 -0.0114114 0)
(2.96339 -0.0565012 0)
(2.90377 -0.167874 0)
(2.76592 -0.417133 0)
(2.58502 -0.713508 0)
(2.46399 -0.840098 0)
(2.33695 -0.932285 0)
(2.28942 -0.914532 0)
(2.29686 -0.900829 0)
(2.31427 -0.884459 0)
(2.34894 -0.867441 0)
(2.35521 -0.86606 0)
(2.35835 -0.84641 0)
(2.36127 -0.839476 0)
(2.36028 -0.839009 0)
(2.35911 -0.840422 0)
(2.35322 -0.843844 0)
(2.34799 -0.84711 0)
(2.34458 -0.849875 0)
(2.99881 -0.0011453 0)
(2.98903 -0.0129021 0)
(2.96149 -0.0501541 0)
(2.90379 -0.129114 0)
(2.79874 -0.27849 0)
(2.69281 -0.454954 0)
(2.51687 -0.693996 0)
(2.40007 -0.894547 0)
(2.21624 -1.07275 0)
(2.16279 -1.10517 0)
(2.15242 -1.03231 0)
(2.18352 -0.996652 0)
(2.24939 -0.951714 0)
(2.30123 -0.901628 0)
(2.33326 -0.853122 0)
(2.35154 -0.830852 0)
(2.35231 -0.835235 0)
(2.35564 -0.837173 0)
(2.35605 -0.837765 0)
(2.35516 -0.840277 0)
(2.35257 -0.844419 0)
(2.34589 -0.846748 0)
(2.34027 -0.849535 0)
(2.3368 -0.851048 0)
(2.93381 -0.0118084 0)
(2.84355 -0.0818461 0)
(2.75848 -0.140031 0)
(2.67077 -0.233744 0)
(2.56773 -0.360739 0)
(2.51714 -0.433466 0)
(2.41467 -0.547821 0)
(2.35316 -0.628586 0)
(2.31115 -0.724036 0)
(2.25439 -0.798086 0)
(2.24887 -0.852267 0)
(2.28318 -0.886404 0)
(2.32772 -0.894639 0)
(2.33637 -0.889656 0)
(2.34508 -0.884764 0)
(2.34622 -0.867078 0)
(2.34476 -0.859197 0)
(2.34259 -0.850231 0)
(2.34367 -0.847303 0)
(2.3459 -0.849243 0)
(2.34382 -0.849194 0)
(2.34048 -0.849662 0)
(2.33641 -0.850874 0)
(2.33358 -0.850079 0)
(2.42531 0.82518 0)
(2.52953 0.805857 0)
(2.65022 0.746416 0)
(2.7783 0.622673 0)
(2.86711 0.535451 0)
(2.92826 0.36823 0)
(2.92368 0.203452 0)
(2.95583 0.143783 0)
(2.98207 0.0468429 0)
(3.02592 -0.0392831 0)
(3.03929 -0.0465574 0)
(2.99752 -0.0703047 0)
(2.9554 -0.0704992 0)
(2.95008 -0.0639139 0)
(2.95767 -0.0457865 0)
(2.97348 -0.0263086 0)
(2.97214 -0.0227524 0)
(2.96154 -0.0291249 0)
(2.96123 -0.02939 0)
(2.96033 -0.0245456 0)
(2.94969 -0.00697301 0)
(2.93892 0.00368402 0)
(2.93572 0.0022817 0)
(2.90247 -0.0311836 0)
(2.76792 -0.155098 0)
(2.4672 -0.367182 0)
(2.22342 -0.402779 0)
(2.02965 -0.424903 0)
(1.88145 -0.254411 0)
(1.8186 -0.119996 0)
(1.8444 -0.0091988 0)
(1.92054 0.0318118 0)
(1.97575 0.0321481 0)
(2.00576 0.0234818 0)
(2.03009 0.0224299 0)
(2.05638 0.0230076 0)
(2.08627 0.0247862 0)
(2.11397 0.0252184 0)
(2.13803 0.0234811 0)
(2.16171 0.0219359 0)
(2.18722 0.0229459 0)
(2.21164 0.0251026 0)
(2.2314 0.0256591 0)
(2.24947 0.0264054 0)
(2.27033 0.0277464 0)
(2.29474 0.0288786 0)
(2.32112 0.0292318 0)
(2.34744 0.0291075 0)
(2.37164 0.0284912 0)
(2.39151 0.0273393 0)
(2.40429 0.026185 0)
(2.40735 0.0263259 0)
(2.40976 0.0292403 0)
(2.42495 0.0317465 0)
(2.44709 0.0320078 0)
(2.47121 0.0314008 0)
(2.49533 0.0307028 0)
(2.51699 0.0291996 0)
(2.53443 0.0283276 0)
(2.54595 0.0279018 0)
(2.55222 0.0287593 0)
(2.55778 0.0295735 0)
(2.56683 0.0319587 0)
(2.58005 0.0300091 0)
(2.59602 0.0299492 0)
(2.61266 0.0305187 0)
(2.6278 0.0286789 0)
(2.64237 0.0272607 0)
(2.65505 0.0282719 0)
(2.66363 0.031965 0)
(2.66856 0.0304845 0)
(2.67794 0.0285229 0)
(2.68984 0.0308029 0)
(2.70451 0.0255668 0)
(2.71368 0.0231987 0)
(2.71605 0.0136695 0)
(2.71198 -0.00637287 0)
(2.68346 -0.0398624 0)
(2.62895 -0.089926 0)
(2.56668 -0.142435 0)
(2.52374 -0.152214 0)
(2.5188 -0.194644 0)
(2.51756 -0.177172 0)
(2.50176 -0.141518 0)
(2.48176 -0.123001 0)
(2.45182 -0.105854 0)
(2.43455 -0.0799105 0)
(2.44131 -0.0504779 0)
(2.46814 -0.00789107 0)
(2.48364 0.0215049 0)
(2.49351 0.03122 0)
(2.50722 0.0286832 0)
(2.52846 0.0180413 0)
(2.54757 0.0088279 0)
(2.55676 0.0182786 0)
(2.56273 0.0258909 0)
(2.44568 0.792616 0)
(2.58903 0.656302 0)
(2.70531 0.490314 0)
(2.80182 0.308565 0)
(2.87289 0.114041 0)
(2.9157 -0.0182605 0)
(2.93303 -0.0988076 0)
(2.93306 -0.125494 0)
(2.94172 -0.132295 0)
(2.97217 -0.141658 0)
(3.01792 -0.118037 0)
(2.99763 -0.0857699 0)
(2.95167 -0.0865689 0)
(2.94404 -0.0878074 0)
(2.93647 -0.0725455 0)
(2.93575 -0.0297089 0)
(2.94601 0.00223804 0)
(2.94352 -0.00275467 0)
(2.93379 -0.00594017 0)
(2.93009 -0.00630902 0)
(2.92745 0.00711977 0)
(2.92463 0.0108711 0)
(2.90624 -0.0250264 0)
(2.69148 -0.325277 0)
(2.55572 -0.535026 0)
(2.38387 -0.758285 0)
(2.30066 -0.709982 0)
(2.2023 -0.512648 0)
(2.07237 -0.204027 0)
(1.91487 0.0399469 0)
(1.86923 0.137017 0)
(1.8994 0.120004 0)
(1.95687 0.0867047 0)
(2.00736 0.0465082 0)
(2.04287 0.0294038 0)
(2.07942 0.034882 0)
(2.10969 0.0411936 0)
(2.13386 0.0438912 0)
(2.15605 0.0451926 0)
(2.1783 0.0470975 0)
(2.20315 0.0509786 0)
(2.229 0.0556448 0)
(2.25197 0.0573763 0)
(2.26984 0.0569991 0)
(2.28784 0.0574832 0)
(2.31096 0.05936 0)
(2.33692 0.0603589 0)
(2.36345 0.0596647 0)
(2.38936 0.0589474 0)
(2.41195 0.0575379 0)
(2.42668 0.0533505 0)
(2.43261 0.0494101 0)
(2.43472 0.0536303 0)
(2.44428 0.0611071 0)
(2.46335 0.0623598 0)
(2.48636 0.0600109 0)
(2.51107 0.0588724 0)
(2.53486 0.0580264 0)
(2.55372 0.0572427 0)
(2.56587 0.0549124 0)
(2.57307 0.054351 0)
(2.57856 0.0552559 0)
(2.58581 0.0600177 0)
(2.59695 0.0574355 0)
(2.61134 0.0562187 0)
(2.62806 0.0574466 0)
(2.64426 0.053636 0)
(2.66077 0.0531655 0)
(2.67436 0.0551775 0)
(2.68272 0.0577417 0)
(2.6844 0.0618544 0)
(2.69519 0.0487911 0)
(2.70111 0.0393799 0)
(2.70716 0.0189124 0)
(2.70621 -0.00733227 0)
(2.69031 -0.0610042 0)
(2.67121 -0.129876 0)
(2.62457 -0.232708 0)
(2.60542 -0.291778 0)
(2.6111 -0.308268 0)
(2.59607 -0.338283 0)
(2.56109 -0.313673 0)
(2.5306 -0.260786 0)
(2.51022 -0.190089 0)
(2.50929 -0.118708 0)
(2.49049 -0.0456657 0)
(2.48021 0.00810805 0)
(2.48172 0.0300455 0)
(2.48034 0.0678167 0)
(2.48699 0.0895783 0)
(2.50242 0.0885661 0)
(2.51411 0.0760589 0)
(2.53169 0.0491936 0)
(2.54922 0.0328085 0)
(2.56702 0.0338999 0)
(2.58375 0.034459 0)
(2.3632 0.83665 0)
(2.43094 0.777299 0)
(2.52273 0.677212 0)
(2.58644 0.602347 0)
(2.6899 0.439772 0)
(2.75936 0.282531 0)
(2.79404 0.261026 0)
(2.79315 0.245063 0)
(2.82027 0.0951391 0)
(2.83397 0.0178145 0)
(2.86568 0.0193874 0)
(2.90035 0.013573 0)
(2.89944 -0.0492823 0)
(2.9035 -0.0918419 0)
(2.89901 -0.0952858 0)
(2.90761 -0.0674903 0)
(2.92283 -0.0522945 0)
(2.92887 -0.0566319 0)
(2.92201 -0.0552571 0)
(2.90912 -0.0478988 0)
(2.90457 -0.0304571 0)
(2.86905 -0.0819297 0)
(2.73718 -0.299055 0)
(2.40131 -0.689742 0)
(2.33684 -0.749868 0)
(2.3481 -0.766003 0)
(2.35855 -0.755413 0)
(2.36846 -0.729698 0)
(2.36076 -0.645635 0)
(2.27579 -0.39861 0)
(2.15659 -0.125923 0)
(2.01955 0.0468648 0)
(2.00042 0.0731192 0)
(2.01261 0.0795553 0)
(2.06018 0.0804017 0)
(2.09537 0.0823975 0)
(2.11737 0.0772092 0)
(2.13888 0.0750594 0)
(2.16276 0.0824821 0)
(2.18377 0.0889423 0)
(2.2056 0.0898615 0)
(2.22804 0.0918793 0)
(2.24816 0.0964017 0)
(2.26806 0.097347 0)
(2.28854 0.095352 0)
(2.31136 0.0977857 0)
(2.33471 0.102211 0)
(2.35793 0.102859 0)
(2.37967 0.0971152 0)
(2.40075 0.0926346 0)
(2.41759 0.0928274 0)
(2.4277 0.0958926 0)
(2.43519 0.0983143 0)
(2.44454 0.0997561 0)
(2.45869 0.10241 0)
(2.47999 0.101653 0)
(2.50256 0.0982506 0)
(2.52446 0.0944291 0)
(2.54489 0.0943372 0)
(2.5601 0.0929028 0)
(2.56983 0.0907242 0)
(2.57635 0.0902233 0)
(2.58331 0.0960824 0)
(2.59385 0.0973006 0)
(2.60751 0.0965988 0)
(2.62251 0.0985881 0)
(2.63966 0.091512 0)
(2.65538 0.0884723 0)
(2.66911 0.0881983 0)
(2.67603 0.0924652 0)
(2.67529 0.0916317 0)
(2.68108 0.0721783 0)
(2.68003 0.0510361 0)
(2.66724 -0.00483982 0)
(2.65068 -0.0807597 0)
(2.60622 -0.2059 0)
(2.59493 -0.255124 0)
(2.57397 -0.298283 0)
(2.56193 -0.355977 0)
(2.55891 -0.378965 0)
(2.57041 -0.381246 0)
(2.5828 -0.377242 0)
(2.58251 -0.35806 0)
(2.57909 -0.320416 0)
(2.57707 -0.270654 0)
(2.57899 -0.219709 0)
(2.5859 -0.166701 0)
(2.58507 -0.10972 0)
(2.56608 -0.0377283 0)
(2.5662 0.00969143 0)
(2.57746 0.0537409 0)
(2.57897 0.0570441 0)
(2.57813 0.0482678 0)
(2.57423 0.0367728 0)
(2.58124 0.0514127 0)
(2.59895 0.0672493 0)
(2.35592 0.845341 0)
(2.3762 0.825702 0)
(2.4325 0.769505 0)
(2.50344 0.698075 0)
(2.58593 0.606707 0)
(2.68078 0.451916 0)
(2.72793 0.374741 0)
(2.7732 0.347283 0)
(2.83494 0.208532 0)
(2.84122 0.058192 0)
(2.83725 0.0257489 0)
(2.87435 0.00935774 0)
(2.93193 -0.0459382 0)
(2.91393 -0.099824 0)
(2.89419 -0.0979593 0)
(2.89027 -0.0922328 0)
(2.92936 -0.0740794 0)
(2.9332 -0.0698485 0)
(2.92376 -0.0710318 0)
(2.90925 -0.0725734 0)
(2.84902 -0.149172 0)
(2.70769 -0.408155 0)
(2.42881 -0.709294 0)
(2.31534 -0.844166 0)
(2.30596 -0.825054 0)
(2.34124 -0.792969 0)
(2.36768 -0.76411 0)
(2.40077 -0.740548 0)
(2.42687 -0.716475 0)
(2.42322 -0.663638 0)
(2.36482 -0.488506 0)
(2.18419 -0.160484 0)
(2.07448 0.045219 0)
(2.04282 0.143721 0)
(2.05506 0.139211 0)
(2.08929 0.134047 0)
(2.1252 0.116419 0)
(2.15597 0.109613 0)
(2.18876 0.120088 0)
(2.21567 0.13264 0)
(2.23252 0.130492 0)
(2.24686 0.127089 0)
(2.26547 0.128241 0)
(2.28895 0.129572 0)
(2.31264 0.130055 0)
(2.32943 0.135507 0)
(2.34529 0.142837 0)
(2.36262 0.14624 0)
(2.38499 0.144724 0)
(2.40611 0.139361 0)
(2.4249 0.134367 0)
(2.44399 0.13201 0)
(2.45976 0.13161 0)
(2.46558 0.138767 0)
(2.47245 0.145385 0)
(2.4869 0.144939 0)
(2.50843 0.144307 0)
(2.53252 0.141869 0)
(2.55198 0.138273 0)
(2.56896 0.13238 0)
(2.58359 0.126833 0)
(2.59216 0.127405 0)
(2.59666 0.135536 0)
(2.60557 0.139657 0)
(2.62077 0.138187 0)
(2.63877 0.144034 0)
(2.65835 0.136286 0)
(2.66928 0.127933 0)
(2.67548 0.122991 0)
(2.67886 0.122561 0)
(2.66478 0.0873743 0)
(2.65361 0.0359349 0)
(2.6177 -0.0469213 0)
(2.58005 -0.145726 0)
(2.57513 -0.219033 0)
(2.54872 -0.325088 0)
(2.54005 -0.332186 0)
(2.54652 -0.328194 0)
(2.55212 -0.32661 0)
(2.56168 -0.338137 0)
(2.57523 -0.35539 0)
(2.59599 -0.353811 0)
(2.59733 -0.350505 0)
(2.59991 -0.33784 0)
(2.61422 -0.325802 0)
(2.62062 -0.306644 0)
(2.62778 -0.275977 0)
(2.62009 -0.208308 0)
(2.60659 -0.127277 0)
(2.59978 -0.0513027 0)
(2.59801 0.0215501 0)
(2.61487 0.0342011 0)
(2.60267 0.0650046 0)
(2.59348 0.0795338 0)
(2.59308 0.0802225 0)
(2.60578 0.0921864 0)
(2.35407 0.850108 0)
(2.35831 0.844307 0)
(2.38062 0.823205 0)
(2.43961 0.766207 0)
(2.49753 0.709944 0)
(2.56359 0.63002 0)
(2.66422 0.494171 0)
(2.72206 0.417332 0)
(2.74762 0.408097 0)
(2.77113 0.308422 0)
(2.83789 0.169839 0)
(2.85966 0.105329 0)
(2.89671 0.107139 0)
(2.90111 0.119294 0)
(2.895 0.0404079 0)
(2.8868 -0.0219097 0)
(2.90919 -0.0185074 0)
(2.93171 -0.0222214 0)
(2.92965 -0.042947 0)
(2.85143 -0.175071 0)
(2.62599 -0.550542 0)
(2.48811 -0.736549 0)
(2.33085 -0.8402 0)
(2.31803 -0.858508 0)
(2.33493 -0.851189 0)
(2.35645 -0.817556 0)
(2.3895 -0.770632 0)
(2.41988 -0.736115 0)
(2.44654 -0.713652 0)
(2.46762 -0.712553 0)
(2.46108 -0.677946 0)
(2.41994 -0.56316 0)
(2.27409 -0.271875 0)
(2.16402 -0.0160224 0)
(2.09356 0.114974 0)
(2.10257 0.155079 0)
(2.12348 0.158371 0)
(2.15708 0.164167 0)
(2.18866 0.167548 0)
(2.21231 0.165486 0)
(2.23007 0.16052 0)
(2.24634 0.16486 0)
(2.264 0.168037 0)
(2.28351 0.169402 0)
(2.30913 0.171387 0)
(2.33863 0.172614 0)
(2.36504 0.176294 0)
(2.38149 0.183318 0)
(2.38831 0.18434 0)
(2.39847 0.176351 0)
(2.41439 0.169386 0)
(2.43113 0.169164 0)
(2.45307 0.173719 0)
(2.47618 0.174718 0)
(2.49714 0.176418 0)
(2.51245 0.178955 0)
(2.52316 0.186056 0)
(2.53175 0.185107 0)
(2.54353 0.179305 0)
(2.55613 0.169632 0)
(2.56931 0.162778 0)
(2.59024 0.163861 0)
(2.6103 0.165626 0)
(2.62733 0.171012 0)
(2.63739 0.172674 0)
(2.63241 0.176453 0)
(2.64412 0.165402 0)
(2.6662 0.155872 0)
(2.66589 0.130532 0)
(2.65349 0.0758486 0)
(2.61253 -0.0206228 0)
(2.58981 -0.100876 0)
(2.52812 -0.225871 0)
(2.51698 -0.282515 0)
(2.52034 -0.319581 0)
(2.5278 -0.328691 0)
(2.53875 -0.325535 0)
(2.54824 -0.31361 0)
(2.55781 -0.304944 0)
(2.56926 -0.311489 0)
(2.58007 -0.321953 0)
(2.58796 -0.32297 0)
(2.59419 -0.316424 0)
(2.60377 -0.310078 0)
(2.61763 -0.311196 0)
(2.63404 -0.310354 0)
(2.64838 -0.302363 0)
(2.65708 -0.289629 0)
(2.64227 -0.244926 0)
(2.6426 -0.20087 0)
(2.63921 -0.163053 0)
(2.63349 -0.113963 0)
(2.62394 -0.0567057 0)
(2.61498 0.00924248 0)
(2.62621 0.0145476 0)
(2.63262 0.0657386 0)
(2.34851 0.848652 0)
(2.35473 0.847044 0)
(2.35963 0.842281 0)
(2.38541 0.820358 0)
(2.44105 0.764481 0)
(2.48652 0.72222 0)
(2.54858 0.648177 0)
(2.64825 0.525657 0)
(2.70556 0.446415 0)
(2.72503 0.424225 0)
(2.73137 0.360354 0)
(2.82015 0.254238 0)
(2.86455 0.169109 0)
(2.88904 0.131752 0)
(2.90523 0.119716 0)
(2.90796 0.0577949 0)
(2.91216 -0.0188084 0)
(2.91188 -0.0651972 0)
(2.85438 -0.18334 0)
(2.56569 -0.582804 0)
(2.42668 -0.791744 0)
(2.30671 -0.844922 0)
(2.3229 -0.840903 0)
(2.35756 -0.836191 0)
(2.37261 -0.829658 0)
(2.37906 -0.803433 0)
(2.40596 -0.766616 0)
(2.42866 -0.745665 0)
(2.45045 -0.733712 0)
(2.47871 -0.71135 0)
(2.48534 -0.699744 0)
(2.49933 -0.670837 0)
(2.48545 -0.600715 0)
(2.40741 -0.410016 0)
(2.22835 -0.0788486 0)
(2.1551 0.118395 0)
(2.12119 0.228587 0)
(2.1335 0.222339 0)
(2.16441 0.214403 0)
(2.19807 0.205599 0)
(2.22334 0.200489 0)
(2.2394 0.198732 0)
(2.25788 0.205935 0)
(2.28223 0.213762 0)
(2.3062 0.213538 0)
(2.33001 0.211803 0)
(2.35549 0.215454 0)
(2.37815 0.223037 0)
(2.39391 0.22464 0)
(2.40466 0.218499 0)
(2.42038 0.2144 0)
(2.43945 0.214769 0)
(2.45608 0.215132 0)
(2.4721 0.211453 0)
(2.48787 0.21239 0)
(2.50401 0.21269 0)
(2.52006 0.216969 0)
(2.53355 0.21928 0)
(2.54547 0.222856 0)
(2.56246 0.219615 0)
(2.57954 0.212332 0)
(2.59299 0.209432 0)
(2.60479 0.201195 0)
(2.61632 0.206575 0)
(2.62257 0.211191 0)
(2.63096 0.202911 0)
(2.62991 0.168903 0)
(2.62911 0.130279 0)
(2.59919 0.0406185 0)
(2.57721 -0.0469235 0)
(2.50903 -0.172426 0)
(2.49397 -0.237096 0)
(2.4981 -0.258365 0)
(2.50131 -0.287868 0)
(2.50691 -0.291605 0)
(2.52067 -0.288461 0)
(2.53622 -0.279675 0)
(2.55514 -0.273154 0)
(2.56748 -0.26949 0)
(2.57378 -0.279412 0)
(2.57099 -0.291225 0)
(2.57473 -0.288026 0)
(2.5932 -0.283052 0)
(2.61111 -0.284288 0)
(2.62953 -0.288725 0)
(2.64317 -0.289892 0)
(2.65521 -0.283059 0)
(2.6606 -0.273006 0)
(2.65736 -0.266925 0)
(2.65533 -0.254376 0)
(2.65724 -0.242235 0)
(2.66069 -0.224394 0)
(2.66006 -0.188031 0)
(2.65349 -0.124557 0)
(2.64937 -0.0544238 0)
(2.65123 0.0473755 0)
(2.34336 0.838364 0)
(2.34605 0.843476 0)
(2.35019 0.843288 0)
(2.3605 0.836686 0)
(2.38842 0.812731 0)
(2.43433 0.77076 0)
(2.49687 0.708126 0)
(2.54884 0.6453 0)
(2.60391 0.585503 0)
(2.67951 0.476228 0)
(2.71372 0.400768 0)
(2.71555 0.403872 0)
(2.7585 0.343849 0)
(2.84356 0.22879 0)
(2.86985 0.171536 0)
(2.88233 0.142059 0)
(2.85104 0.0454267 0)
(2.76637 -0.133247 0)
(2.49215 -0.524471 0)
(2.36662 -0.741058 0)
(2.27559 -0.818569 0)
(2.29889 -0.812279 0)
(2.34576 -0.790239 0)
(2.37881 -0.777748 0)
(2.39369 -0.775791 0)
(2.41129 -0.747324 0)
(2.42027 -0.724393 0)
(2.43286 -0.720612 0)
(2.44921 -0.720888 0)
(2.48199 -0.690326 0)
(2.49724 -0.669944 0)
(2.5192 -0.646902 0)
(2.54419 -0.643992 0)
(2.54177 -0.601324 0)
(2.5012 -0.479931 0)
(2.34946 -0.177077 0)
(2.22941 0.0844452 0)
(2.18076 0.194264 0)
(2.1697 0.237268 0)
(2.18685 0.235768 0)
(2.21449 0.241524 0)
(2.23179 0.243905 0)
(2.24796 0.24466 0)
(2.26863 0.24228 0)
(2.29377 0.246649 0)
(2.31942 0.250373 0)
(2.34532 0.254339 0)
(2.36983 0.260895 0)
(2.38554 0.263967 0)
(2.39293 0.256616 0)
(2.40544 0.249951 0)
(2.42575 0.249783 0)
(2.44904 0.252335 0)
(2.47269 0.251005 0)
(2.49539 0.24976 0)
(2.5164 0.246907 0)
(2.53283 0.252701 0)
(2.54243 0.261686 0)
(2.54558 0.270112 0)
(2.55179 0.260871 0)
(2.56332 0.245963 0)
(2.57871 0.246238 0)
(2.60146 0.237958 0)
(2.61576 0.238022 0)
(2.61739 0.219291 0)
(2.6092 0.170247 0)
(2.58362 0.0905141 0)
(2.5273 -0.0322148 0)
(2.5009 -0.114502 0)
(2.47134 -0.188376 0)
(2.44951 -0.243347 0)
(2.45115 -0.280046 0)
(2.4598 -0.28376 0)
(2.47519 -0.282258 0)
(2.49412 -0.28079 0)
(2.51424 -0.268895 0)
(2.53025 -0.255786 0)
(2.54641 -0.246144 0)
(2.56271 -0.243288 0)
(2.57114 -0.24725 0)
(2.56591 -0.251918 0)
(2.56501 -0.250181 0)
(2.57591 -0.248681 0)
(2.59268 -0.250699 0)
(2.6141 -0.256019 0)
(2.63406 -0.259508 0)
(2.65116 -0.256696 0)
(2.66184 -0.248464 0)
(2.66204 -0.245119 0)
(2.649 -0.244903 0)
(2.65365 -0.24331 0)
(2.673 -0.243251 0)
(2.68214 -0.236517 0)
(2.69191 -0.21851 0)
(2.69319 -0.183624 0)
(2.69273 -0.0951498 0)
(2.33543 0.837988 0)
(2.33895 0.840319 0)
(2.34237 0.839735 0)
(2.34434 0.838681 0)
(2.35842 0.829113 0)
(2.38724 0.806198 0)
(2.43605 0.764202 0)
(2.49762 0.696161 0)
(2.53324 0.665621 0)
(2.58374 0.608754 0)
(2.66867 0.493325 0)
(2.69621 0.422495 0)
(2.71939 0.418253 0)
(2.75319 0.381534 0)
(2.78258 0.286707 0)
(2.76243 0.13763 0)
(2.64353 -0.150765 0)
(2.43697 -0.482896 0)
(2.30259 -0.652082 0)
(2.27054 -0.726127 0)
(2.28837 -0.728641 0)
(2.32289 -0.719986 0)
(2.36003 -0.706833 0)
(2.38836 -0.708332 0)
(2.40752 -0.714129 0)
(2.42592 -0.700091 0)
(2.44442 -0.676854 0)
(2.45996 -0.671514 0)
(2.46985 -0.671098 0)
(2.48896 -0.647555 0)
(2.51075 -0.62481 0)
(2.53038 -0.614331 0)
(2.55468 -0.603423 0)
(2.57091 -0.591637 0)
(2.58835 -0.564195 0)
(2.56693 -0.488506 0)
(2.49006 -0.303179 0)
(2.30318 0.0404966 0)
(2.22998 0.194657 0)
(2.19008 0.288661 0)
(2.19744 0.286198 0)
(2.21753 0.288503 0)
(2.23837 0.288347 0)
(2.25802 0.283356 0)
(2.28227 0.280556 0)
(2.30907 0.28393 0)
(2.33505 0.29078 0)
(2.35708 0.299532 0)
(2.37095 0.30327 0)
(2.37868 0.295042 0)
(2.39001 0.286754 0)
(2.41024 0.285142 0)
(2.43463 0.287557 0)
(2.46047 0.285486 0)
(2.48478 0.283114 0)
(2.50573 0.280116 0)
(2.5199 0.288903 0)
(2.52726 0.300018 0)
(2.52875 0.313358 0)
(2.53987 0.3024 0)
(2.54973 0.286251 0)
(2.5672 0.271492 0)
(2.58679 0.251712 0)
(2.58695 0.221103 0)
(2.56049 0.13978 0)
(2.51401 0.00834048 0)
(2.49098 -0.0874294 0)
(2.45286 -0.16784 0)
(2.4398 -0.18723 0)
(2.43502 -0.190902 0)
(2.43454 -0.206977 0)
(2.44089 -0.231746 0)
(2.45739 -0.240181 0)
(2.477 -0.244238 0)
(2.49232 -0.244019 0)
(2.51151 -0.234955 0)
(2.52938 -0.224356 0)
(2.54672 -0.219871 0)
(2.56033 -0.219711 0)
(2.56372 -0.221626 0)
(2.55444 -0.218959 0)
(2.55404 -0.215834 0)
(2.5695 -0.218423 0)
(2.59197 -0.221902 0)
(2.61498 -0.228928 0)
(2.63463 -0.233603 0)
(2.65137 -0.232242 0)
(2.66287 -0.22546 0)
(2.66464 -0.221088 0)
(2.65331 -0.222901 0)
(2.65489 -0.225521 0)
(2.66855 -0.22635 0)
(2.68256 -0.223973 0)
(2.69761 -0.219657 0)
(2.70686 -0.210251 0)
(2.7196 -0.182037 0)
(2.32723 0.842003 0)
(2.33169 0.843574 0)
(2.33289 0.843271 0)
(2.33676 0.840822 0)
(2.33958 0.83738 0)
(2.35578 0.824778 0)
(2.38548 0.800425 0)
(2.4305 0.763482 0)
(2.48821 0.708374 0)
(2.55851 0.634674 0)
(2.57745 0.610511 0)
(2.64101 0.529655 0)
(2.6721 0.495951 0)
(2.70422 0.377138 0)
(2.66515 0.235488 0)
(2.47884 -0.128006 0)
(2.34267 -0.411225 0)
(2.23385 -0.597388 0)
(2.22806 -0.626717 0)
(2.25991 -0.625158 0)
(2.2914 -0.620928 0)
(2.31757 -0.618553 0)
(2.34368 -0.614951 0)
(2.36888 -0.619977 0)
(2.39271 -0.623283 0)
(2.41575 -0.619242 0)
(2.44427 -0.612488 0)
(2.47053 -0.616966 0)
(2.49135 -0.612873 0)
(2.50516 -0.595419 0)
(2.52329 -0.571743 0)
(2.53975 -0.566119 0)
(2.56558 -0.550365 0)
(2.58285 -0.542661 0)
(2.59965 -0.525842 0)
(2.62222 -0.527595 0)
(2.60664 -0.463693 0)
(2.56581 -0.346325 0)
(2.43906 -0.0985889 0)
(2.29423 0.160033 0)
(2.23462 0.271384 0)
(2.23289 0.319938 0)
(2.24318 0.316603 0)
(2.26877 0.320816 0)
(2.29263 0.324157 0)
(2.31182 0.325126 0)
(2.33142 0.326644 0)
(2.35067 0.334312 0)
(2.36521 0.337411 0)
(2.37343 0.327999 0)
(2.3833 0.323116 0)
(2.40283 0.326993 0)
(2.42609 0.332561 0)
(2.45274 0.330121 0)
(2.47763 0.326094 0)
(2.49995 0.320894 0)
(2.51571 0.328771 0)
(2.52143 0.340461 0)
(2.51423 0.345317 0)
(2.523 0.328603 0)
(2.53737 0.304589 0)
(2.53698 0.266186 0)
(2.52083 0.197583 0)
(2.47111 0.0742337 0)
(2.4284 -0.0662448 0)
(2.4317 -0.139156 0)
(2.4157 -0.204963 0)
(2.3994 -0.229263 0)
(2.39666 -0.220277 0)
(2.40621 -0.199382 0)
(2.42026 -0.199624 0)
(2.43442 -0.205809 0)
(2.4473 -0.205087 0)
(2.46484 -0.203868 0)
(2.48471 -0.204397 0)
(2.50574 -0.203276 0)
(2.52668 -0.202084 0)
(2.54562 -0.200261 0)
(2.55911 -0.198304 0)
(2.56054 -0.198012 0)
(2.54843 -0.191946 0)
(2.55016 -0.187783 0)
(2.56836 -0.19024 0)
(2.58831 -0.194631 0)
(2.60641 -0.200642 0)
(2.62347 -0.203316 0)
(2.64058 -0.200373 0)
(2.65637 -0.196268 0)
(2.66813 -0.199458 0)
(2.66244 -0.205247 0)
(2.6566 -0.207527 0)
(2.66848 -0.204999 0)
(2.68168 -0.202853 0)
(2.69678 -0.195892 0)
(2.70627 -0.189636 0)
(2.72494 -0.184302 0)
(2.33089 0.840134 0)
(2.3298 0.841607 0)
(2.32928 0.840242 0)
(2.32758 0.839276 0)
(2.3298 0.837832 0)
(2.33758 0.833534 0)
(2.35614 0.818593 0)
(2.38185 0.799184 0)
(2.43494 0.753744 0)
(2.47374 0.723431 0)
(2.54322 0.64436 0)
(2.59173 0.627445 0)
(2.57189 0.5016 0)
(2.52286 0.282293 0)
(2.32978 -0.101212 0)
(2.23338 -0.336695 0)
(2.17458 -0.475668 0)
(2.1848 -0.491559 0)
(2.21699 -0.500445 0)
(2.25154 -0.505342 0)
(2.28288 -0.517754 0)
(2.31074 -0.530518 0)
(2.33912 -0.537571 0)
(2.3676 -0.545208 0)
(2.3951 -0.546648 0)
(2.41993 -0.542988 0)
(2.44401 -0.534774 0)
(2.4639 -0.532205 0)
(2.47915 -0.522564 0)
(2.49583 -0.515129 0)
(2.52497 -0.508559 0)
(2.55718 -0.510011 0)
(2.59013 -0.497388 0)
(2.61412 -0.483908 0)
(2.62784 -0.474651 0)
(2.63931 -0.465616 0)
(2.64053 -0.459164 0)
(2.64881 -0.424749 0)
(2.62928 -0.353661 0)
(2.55579 -0.204561 0)
(2.38081 0.0976335 0)
(2.31586 0.260369 0)
(2.27182 0.362591 0)
(2.26547 0.379343 0)
(2.27927 0.380081 0)
(2.30073 0.375125 0)
(2.32318 0.365895 0)
(2.34444 0.368829 0)
(2.3635 0.373082 0)
(2.37439 0.365027 0)
(2.38202 0.36077 0)
(2.39806 0.366441 0)
(2.41821 0.377079 0)
(2.44422 0.375025 0)
(2.46999 0.373165 0)
(2.49323 0.366174 0)
(2.51113 0.372279 0)
(2.51193 0.373565 0)
(2.50977 0.366627 0)
(2.49665 0.320047 0)
(2.48273 0.260029 0)
(2.44221 0.149452 0)
(2.38516 0.0146947 0)
(2.35963 -0.0869768 0)
(2.37121 -0.129381 0)
(2.38314 -0.160052 0)
(2.38808 -0.16228 0)
(2.39321 -0.171823 0)
(2.40051 -0.178708 0)
(2.4132 -0.170547 0)
(2.42005 -0.17013 0)
(2.42403 -0.175384 0)
(2.4334 -0.174021 0)
(2.45526 -0.172813 0)
(2.47768 -0.170549 0)
(2.4996 -0.170368 0)
(2.51925 -0.172159 0)
(2.53767 -0.173155 0)
(2.55424 -0.174522 0)
(2.55879 -0.176269 0)
(2.54834 -0.170155 0)
(2.55047 -0.163993 0)
(2.56985 -0.164584 0)
(2.58856 -0.167614 0)
(2.60575 -0.171949 0)
(2.62272 -0.172506 0)
(2.63824 -0.16851 0)
(2.65224 -0.164968 0)
(2.66226 -0.168751 0)
(2.66015 -0.178227 0)
(2.65617 -0.185014 0)
(2.66744 -0.183212 0)
(2.68297 -0.179765 0)
(2.69857 -0.170484 0)
(2.70849 -0.165627 0)
(2.72876 -0.16551 0)
(2.30553 0.86338 0)
(2.31738 0.834517 0)
(2.32393 0.827749 0)
(2.32785 0.828982 0)
(2.33408 0.829598 0)
(2.33584 0.828508 0)
(2.34331 0.823855 0)
(2.35869 0.812263 0)
(2.39046 0.791594 0)
(2.42756 0.760701 0)
(2.47036 0.711067 0)
(2.45431 0.569731 0)
(2.3235 0.249981 0)
(2.1838 -0.0906644 0)
(2.10325 -0.316392 0)
(2.08861 -0.39479 0)
(2.11725 -0.403621 0)
(2.15454 -0.403409 0)
(2.19037 -0.404458 0)
(2.22594 -0.411404 0)
(2.26112 -0.424259 0)
(2.29424 -0.436389 0)
(2.32554 -0.443539 0)
(2.35537 -0.449934 0)
(2.38458 -0.452237 0)
(2.41425 -0.454518 0)
(2.44495 -0.456782 0)
(2.47431 -0.458269 0)
(2.49835 -0.448476 0)
(2.51438 -0.432909 0)
(2.52437 -0.426787 0)
(2.53896 -0.431419 0)
(2.57036 -0.425562 0)
(2.60814 -0.41422 0)
(2.64163 -0.411401 0)
(2.6683 -0.409505 0)
(2.68311 -0.400873 0)
(2.67711 -0.390074 0)
(2.68292 -0.3689 0)
(2.67993 -0.328526 0)
(2.6413 -0.228574 0)
(2.52739 -0.00189846 0)
(2.40318 0.228024 0)
(2.33695 0.365941 0)
(2.3007 0.415634 0)
(2.30789 0.41449 0)
(2.3259 0.414954 0)
(2.34845 0.410165 0)
(2.37577 0.41275 0)
(2.39682 0.405929 0)
(2.40284 0.402087 0)
(2.4083 0.406063 0)
(2.41866 0.420738 0)
(2.44291 0.418107 0)
(2.46487 0.415641 0)
(2.48114 0.402494 0)
(2.49488 0.405006 0)
(2.48658 0.374876 0)
(2.4639 0.298386 0)
(2.42758 0.191806 0)
(2.36312 0.0544756 0)
(2.3062 -0.0796623 0)
(2.30002 -0.118205 0)
(2.32316 -0.145798 0)
(2.3389 -0.159002 0)
(2.3524 -0.158057 0)
(2.37123 -0.153039 0)
(2.38579 -0.146499 0)
(2.40139 -0.147022 0)
(2.41842 -0.147087 0)
(2.42481 -0.139137 0)
(2.42387 -0.138741 0)
(2.43284 -0.14339 0)
(2.45639 -0.14484 0)
(2.48025 -0.144885 0)
(2.50301 -0.142671 0)
(2.52291 -0.142635 0)
(2.54242 -0.146065 0)
(2.55986 -0.153287 0)
(2.56428 -0.157927 0)
(2.55521 -0.151009 0)
(2.55706 -0.142802 0)
(2.57572 -0.141657 0)
(2.59521 -0.144467 0)
(2.61296 -0.14688 0)
(2.63118 -0.145354 0)
(2.64793 -0.140689 0)
(2.66273 -0.137967 0)
(2.67246 -0.142885 0)
(2.6703 -0.154639 0)
(2.66522 -0.162895 0)
(2.67376 -0.161928 0)
(2.69046 -0.156171 0)
(2.70565 -0.14559 0)
(2.71702 -0.142836 0)
(2.73707 -0.144628 0)
(2.39943 0.782981 0)
(2.34037 0.833069 0)
(2.32838 0.84399 0)
(2.33306 0.839902 0)
(2.33361 0.835715 0)
(2.33268 0.833755 0)
(2.33207 0.833276 0)
(2.34055 0.825076 0)
(2.365 0.824863 0)
(2.36235 0.761526 0)
(2.30264 0.56697 0)
(2.14757 0.208778 0)
(2.04131 -0.0477178 0)
(2.02447 -0.180633 0)
(2.03323 -0.236653 0)
(2.06398 -0.276987 0)
(2.10274 -0.300788 0)
(2.14053 -0.317554 0)
(2.17796 -0.328697 0)
(2.21637 -0.337702 0)
(2.25455 -0.346564 0)
(2.2912 -0.354735 0)
(2.32618 -0.36173 0)
(2.3601 -0.368266 0)
(2.39259 -0.370699 0)
(2.42291 -0.371448 0)
(2.4504 -0.372617 0)
(2.47632 -0.373185 0)
(2.50462 -0.367617 0)
(2.53471 -0.357853 0)
(2.561 -0.354712 0)
(2.5834 -0.360731 0)
(2.60818 -0.360624 0)
(2.63027 -0.351458 0)
(2.64895 -0.343664 0)
(2.66802 -0.337478 0)
(2.68554 -0.326947 0)
(2.69531 -0.323341 0)
(2.71169 -0.316609 0)
(2.71687 -0.314243 0)
(2.72998 -0.277753 0)
(2.7141 -0.221102 0)
(2.6447 -0.0776278 0)
(2.48706 0.196254 0)
(2.42425 0.343323 0)
(2.35845 0.435556 0)
(2.34136 0.466975 0)
(2.34774 0.469531 0)
(2.36561 0.465022 0)
(2.38225 0.454467 0)
(2.39609 0.450605 0)
(2.41314 0.448923 0)
(2.42431 0.463207 0)
(2.44267 0.455069 0)
(2.45948 0.444628 0)
(2.46423 0.419966 0)
(2.45234 0.371766 0)
(2.4096 0.255137 0)
(2.34907 0.0827319 0)
(2.33568 -0.00856661 0)
(2.29759 -0.0815354 0)
(2.29206 -0.0898001 0)
(2.30168 -0.0915914 0)
(2.32164 -0.100497 0)
(2.34269 -0.113473 0)
(2.35595 -0.125129 0)
(2.37034 -0.126141 0)
(2.38794 -0.123329 0)
(2.4045 -0.123659 0)
(2.41779 -0.119684 0)
(2.4219 -0.10863 0)
(2.42342 -0.105936 0)
(2.44266 -0.117094 0)
(2.46273 -0.121519 0)
(2.48583 -0.122086 0)
(2.50773 -0.118612 0)
(2.52732 -0.114067 0)
(2.54592 -0.11663 0)
(2.55951 -0.125538 0)
(2.56342 -0.13173 0)
(2.56276 -0.13 0)
(2.57204 -0.124167 0)
(2.58873 -0.121972 0)
(2.60529 -0.122421 0)
(2.62019 -0.121332 0)
(2.63398 -0.115665 0)
(2.64782 -0.109272 0)
(2.6605 -0.107268 0)
(2.66961 -0.112633 0)
(2.67138 -0.126381 0)
(2.67329 -0.136973 0)
(2.684 -0.137604 0)
(2.70236 -0.131815 0)
(2.71928 -0.122213 0)
(2.73218 -0.118877 0)
(2.75109 -0.120793 0)
(2.61796 0.565244 0)
(2.37142 0.856 0)
(2.33115 0.860748 0)
(2.33325 0.824935 0)
(2.33842 0.823685 0)
(2.3387 0.829191 0)
(2.33581 0.841315 0)
(2.33259 0.831993 0)
(2.30773 0.76645 0)
(2.16638 0.509764 0)
(1.96198 0.133795 0)
(1.8997 -0.100551 0)
(1.90447 -0.184509 0)
(1.93822 -0.186156 0)
(1.98448 -0.183612 0)
(2.03302 -0.19459 0)
(2.08288 -0.218181 0)
(2.13027 -0.241672 0)
(2.1747 -0.257313 0)
(2.21704 -0.266019 0)
(2.2568 -0.27223 0)
(2.29338 -0.276427 0)
(2.32682 -0.279544 0)
(2.35964 -0.282965 0)
(2.39547 -0.284764 0)
(2.43377 -0.286695 0)
(2.46914 -0.289732 0)
(2.49599 -0.291471 0)
(2.51452 -0.285491 0)
(2.53312 -0.272203 0)
(2.55394 -0.262035 0)
(2.57621 -0.263182 0)
(2.60456 -0.265485 0)
(2.63951 -0.271612 0)
(2.67315 -0.279432 0)
(2.69867 -0.282724 0)
(2.71613 -0.271143 0)
(2.72652 -0.26566 0)
(2.73346 -0.254373 0)
(2.73423 -0.250067 0)
(2.72594 -0.248232 0)
(2.75556 -0.226248 0)
(2.76138 -0.200853 0)
(2.72414 -0.0966611 0)
(2.63167 0.110142 0)
(2.5223 0.304006 0)
(2.43992 0.444496 0)
(2.39533 0.504119 0)
(2.3806 0.508342 0)
(2.39524 0.497311 0)
(2.42016 0.492956 0)
(2.44233 0.484003 0)
(2.44373 0.495858 0)
(2.44841 0.472255 0)
(2.43757 0.425901 0)
(2.39362 0.329522 0)
(2.33254 0.179441 0)
(2.27639 0.0126847 0)
(2.26894 -0.0867328 0)
(2.26938 -0.133224 0)
(2.27178 -0.136009 0)
(2.282 -0.129436 0)
(2.3031 -0.108001 0)
(2.32171 -0.0842524 0)
(2.33578 -0.0773094 0)
(2.35706 -0.0868715 0)
(2.38405 -0.0964839 0)
(2.41091 -0.101276 0)
(2.42925 -0.10405 0)
(2.43902 -0.101135 0)
(2.43758 -0.0919872 0)
(2.43931 -0.0887691 0)
(2.45618 -0.0913354 0)
(2.47614 -0.0963695 0)
(2.49625 -0.0976454 0)
(2.51934 -0.0942234 0)
(2.54215 -0.0893319 0)
(2.56059 -0.0891925 0)
(2.57083 -0.0960253 0)
(2.57279 -0.103752 0)
(2.57461 -0.105164 0)
(2.58567 -0.100042 0)
(2.60127 -0.0975385 0)
(2.61612 -0.0967087 0)
(2.62999 -0.094634 0)
(2.64421 -0.0889807 0)
(2.65717 -0.0833424 0)
(2.66878 -0.0821263 0)
(2.67738 -0.0898313 0)
(2.68132 -0.102669 0)
(2.6827 -0.10913 0)
(2.69121 -0.109593 0)
(2.70726 -0.103793 0)
(2.72467 -0.093785 0)
(2.73891 -0.090357 0)
(2.75886 -0.0927719 0)
(2.89235 0.188741 0)
(2.61962 0.569304 0)
(2.47471 0.721104 0)
(2.38023 0.787029 0)
(2.35636 0.845958 0)
(2.33551 0.855431 0)
(2.31209 0.830527 0)
(2.22776 0.689969 0)
(2.08073 0.396955 0)
(1.90779 0.114158 0)
(1.85833 0.00927199 0)
(1.86476 -0.0297915 0)
(1.90246 -0.0837853 0)
(1.9481 -0.116352 0)
(1.98754 -0.127532 0)
(2.0291 -0.138611 0)
(2.0763 -0.149113 0)
(2.12606 -0.162274 0)
(2.1748 -0.175667 0)
(2.22102 -0.186534 0)
(2.26423 -0.195801 0)
(2.30438 -0.202183 0)
(2.34148 -0.204545 0)
(2.37502 -0.203867 0)
(2.4065 -0.200152 0)
(2.43923 -0.196223 0)
(2.47068 -0.196648 0)
(2.50277 -0.202763 0)
(2.53869 -0.208115 0)
(2.56755 -0.213938 0)
(2.58995 -0.208842 0)
(2.61292 -0.196839 0)
(2.63014 -0.183356 0)
(2.64356 -0.178951 0)
(2.6625 -0.186023 0)
(2.69218 -0.194431 0)
(2.72383 -0.191978 0)
(2.75295 -0.198157 0)
(2.7679 -0.19755 0)
(2.77464 -0.182827 0)
(2.76643 -0.172384 0)
(2.76928 -0.166645 0)
(2.79128 -0.155192 0)
(2.80005 -0.138058 0)
(2.79492 -0.0873168 0)
(2.73834 0.0471663 0)
(2.6449 0.248123 0)
(2.49039 0.468958 0)
(2.42763 0.543592 0)
(2.42317 0.559286 0)
(2.43345 0.553779 0)
(2.43211 0.538889 0)
(2.41846 0.483085 0)
(2.38843 0.360901 0)
(2.35792 0.238229 0)
(2.28362 0.103299 0)
(2.25624 0.0214472 0)
(2.24441 -0.0326331 0)
(2.26455 -0.0524928 0)
(2.27356 -0.0585033 0)
(2.29509 -0.0662882 0)
(2.31431 -0.0889265 0)
(2.3267 -0.0903643 0)
(2.33886 -0.0667391 0)
(2.34881 -0.0524662 0)
(2.3672 -0.0544865 0)
(2.39204 -0.0582192 0)
(2.41649 -0.0581434 0)
(2.4353 -0.062249 0)
(2.447 -0.0706862 0)
(2.45174 -0.0778889 0)
(2.45862 -0.0767763 0)
(2.47375 -0.0732089 0)
(2.49222 -0.0706247 0)
(2.51187 -0.0678534 0)
(2.53164 -0.0620829 0)
(2.54871 -0.0560625 0)
(2.5599 -0.058608 0)
(2.56209 -0.0683957 0)
(2.56077 -0.0771154 0)
(2.58062 -0.0782619 0)
(2.59949 -0.0786282 0)
(2.61759 -0.0766688 0)
(2.6324 -0.0712612 0)
(2.64343 -0.0647496 0)
(2.65107 -0.0592441 0)
(2.6559 -0.0578913 0)
(2.65863 -0.0587963 0)
(2.66463 -0.0627924 0)
(2.6775 -0.073019 0)
(2.6885 -0.0801961 0)
(2.699 -0.0826647 0)
(2.71319 -0.0790075 0)
(2.72978 -0.0698232 0)
(2.74217 -0.0638439 0)
(2.75873 -0.0635436 0)
(2.99168 0.0166135 0)
(2.92288 0.134361 0)
(2.72774 0.425332 0)
(2.53638 0.680657 0)
(2.39526 0.843275 0)
(2.27779 0.756815 0)
(2.10942 0.510239 0)
(1.98817 0.225153 0)
(1.83108 -0.024572 0)
(1.80682 -0.0839948 0)
(1.82497 -0.0585144 0)
(1.85211 -0.0294711 0)
(1.89487 -0.0328791 0)
(1.95609 -0.0614637 0)
(2.01044 -0.0907963 0)
(2.06035 -0.100754 0)
(2.10988 -0.100314 0)
(2.15718 -0.0997071 0)
(2.20232 -0.10462 0)
(2.2457 -0.113188 0)
(2.2869 -0.121739 0)
(2.32573 -0.127927 0)
(2.36357 -0.129971 0)
(2.40314 -0.129001 0)
(2.44453 -0.12662 0)
(2.48268 -0.124997 0)
(2.51515 -0.123523 0)
(2.53549 -0.122705 0)
(2.54053 -0.122999 0)
(2.55696 -0.123766 0)
(2.59636 -0.117735 0)
(2.63126 -0.110677 0)
(2.66034 -0.106118 0)
(2.68182 -0.106958 0)
(2.69938 -0.109658 0)
(2.70826 -0.1177 0)
(2.70124 -0.124842 0)
(2.72297 -0.118009 0)
(2.76272 -0.114243 0)
(2.79446 -0.11217 0)
(2.81462 -0.105296 0)
(2.81591 -0.0935636 0)
(2.79937 -0.0939403 0)
(2.79002 -0.0977421 0)
(2.81689 -0.0960192 0)
(2.82386 -0.0697515 0)
(2.80845 0.0173209 0)
(2.68342 0.25516 0)
(2.6488 0.402572 0)
(2.51972 0.541406 0)
(2.47014 0.579012 0)
(2.35546 0.482985 0)
(2.25551 0.268887 0)
(2.28075 0.115032 0)
(2.27083 0.0148246 0)
(2.23536 -0.0458915 0)
(2.21427 -0.0842683 0)
(2.22564 -0.0832006 0)
(2.25976 -0.0624052 0)
(2.28441 -0.026082 0)
(2.30807 -0.020406 0)
(2.33646 -0.0402786 0)
(2.35067 -0.0656684 0)
(2.3644 -0.056517 0)
(2.38063 -0.0425734 0)
(2.39916 -0.0400722 0)
(2.41691 -0.0370507 0)
(2.43414 -0.0330178 0)
(2.45107 -0.0343506 0)
(2.46099 -0.0441847 0)
(2.45877 -0.0492495 0)
(2.46699 -0.0461302 0)
(2.48551 -0.0453376 0)
(2.50332 -0.0423171 0)
(2.52466 -0.0403505 0)
(2.54582 -0.0370753 0)
(2.56189 -0.0310322 0)
(2.56726 -0.0296232 0)
(2.56133 -0.0391663 0)
(2.56668 -0.0472186 0)
(2.58515 -0.0468077 0)
(2.60364 -0.0454857 0)
(2.62271 -0.044299 0)
(2.64158 -0.0444284 0)
(2.6586 -0.0438181 0)
(2.66806 -0.0390131 0)
(2.66741 -0.0319759 0)
(2.66405 -0.0300543 0)
(2.66047 -0.0370327 0)
(2.67261 -0.0428284 0)
(2.68724 -0.0444359 0)
(2.70147 -0.0478825 0)
(2.71634 -0.0483154 0)
(2.73494 -0.0431134 0)
(2.74879 -0.0373371 0)
(2.76682 -0.0373021 0)
(2.99983 0.000243486 0)
(2.99522 0.00844499 0)
(2.94544 0.0635008 0)
(2.70535 0.282918 0)
(2.37867 0.432115 0)
(2.20152 0.348937 0)
(2.0417 0.224553 0)
(1.97298 0.117524 0)
(1.85248 0.0322051 0)
(1.84722 -0.0163866 0)
(1.8705 -0.0272423 0)
(1.88171 -0.0157657 0)
(1.90661 -0.0121085 0)
(1.95392 -0.017209 0)
(2.01734 -0.0255278 0)
(2.07928 -0.0311707 0)
(2.13058 -0.0324832 0)
(2.17223 -0.0318675 0)
(2.2108 -0.0322492 0)
(2.25213 -0.0343326 0)
(2.29658 -0.0379323 0)
(2.34069 -0.0416522 0)
(2.382 -0.0427667 0)
(2.41877 -0.0417019 0)
(2.44943 -0.0412056 0)
(2.4761 -0.0410297 0)
(2.50553 -0.0388217 0)
(2.54166 -0.0413435 0)
(2.57412 -0.0496738 0)
(2.59745 -0.0444976 0)
(2.60966 -0.0392437 0)
(2.62012 -0.0424555 0)
(2.63878 -0.0420561 0)
(2.6602 -0.0424171 0)
(2.67656 -0.043861 0)
(2.68879 -0.0462563 0)
(2.71685 -0.0469699 0)
(2.74354 -0.0426503 0)
(2.76443 -0.0411459 0)
(2.77692 -0.043397 0)
(2.78486 -0.0408501 0)
(2.78552 -0.0377452 0)
(2.77228 -0.0371383 0)
(2.78451 -0.0329494 0)
(2.80801 -0.0348261 0)
(2.83141 -0.034671 0)
(2.84243 -0.0224816 0)
(2.82157 0.0340886 0)
(2.74218 0.131585 0)
(2.59051 0.217172 0)
(2.45313 0.339575 0)
(2.29799 0.266314 0)
(2.23848 0.0781883 0)
(2.26628 0.00920097 0)
(2.24327 0.0355262 0)
(2.23881 0.0342783 0)
(2.24953 -0.00861825 0)
(2.26033 -0.046085 0)
(2.28021 -0.0356232 0)
(2.2989 -0.00575208 0)
(2.309 0.00186749 0)
(2.32695 -0.00969673 0)
(2.34325 -0.0202317 0)
(2.36469 -0.0155962 0)
(2.3923 -0.0111164 0)
(2.41704 -0.0139009 0)
(2.43368 -0.0137518 0)
(2.44268 -0.0114136 0)
(2.4449 -0.0120378 0)
(2.451 -0.016183 0)
(2.46244 -0.0198751 0)
(2.47893 -0.0149202 0)
(2.49667 -0.00916094 0)
(2.50902 -0.0124631 0)
(2.52238 -0.0164788 0)
(2.53767 -0.0154762 0)
(2.54949 -0.0107174 0)
(2.5532 -0.00822282 0)
(2.56165 -0.017001 0)
(2.57618 -0.0210894 0)
(2.59418 -0.0197305 0)
(2.61325 -0.0168363 0)
(2.63022 -0.0141102 0)
(2.64639 -0.0135069 0)
(2.66196 -0.0147551 0)
(2.67218 -0.0155307 0)
(2.66539 -0.0145918 0)
(2.65033 -0.0139793 0)
(2.65669 -0.0111379 0)
(2.67013 -0.0102354 0)
(2.68271 -0.0125729 0)
(2.69607 -0.0178124 0)
(2.71079 -0.0218326 0)
(2.72759 -0.0184353 0)
(2.7411 -0.0136519 0)
(2.75883 -0.0131148 0)
(2.99982 -0.00025033 0)
(2.99529 -0.00829324 0)
(2.94522 -0.0638496 0)
(2.70396 -0.287113 0)
(2.37699 -0.425025 0)
(2.20461 -0.347774 0)
(2.04277 -0.228052 0)
(1.9717 -0.119841 0)
(1.85222 -0.0308717 0)
(1.84679 0.0174426 0)
(1.8711 0.0265908 0)
(1.88185 0.0148418 0)
(1.90663 0.0119699 0)
(1.95408 0.0174482 0)
(2.01765 0.0258151 0)
(2.07943 0.0313684 0)
(2.13002 0.0326752 0)
(2.17083 0.0322204 0)
(2.20936 0.0328104 0)
(2.25123 0.0347587 0)
(2.29662 0.0380184 0)
(2.34185 0.0415834 0)
(2.38398 0.0431151 0)
(2.42128 0.0418115 0)
(2.45289 0.0399698 0)
(2.48026 0.0391755 0)
(2.50692 0.039497 0)
(2.53415 0.0402812 0)
(2.56127 0.0428531 0)
(2.5822 0.0418588 0)
(2.60028 0.0429593 0)
(2.61911 0.0435591 0)
(2.63933 0.0423594 0)
(2.6603 0.042483 0)
(2.67587 0.0437047 0)
(2.68891 0.0445087 0)
(2.71524 0.0439945 0)
(2.73908 0.0409011 0)
(2.76001 0.0427278 0)
(2.77552 0.0435913 0)
(2.78464 0.0410262 0)
(2.78562 0.0375223 0)
(2.77305 0.0380603 0)
(2.78612 0.0350226 0)
(2.8107 0.0344724 0)
(2.83266 0.0339164 0)
(2.84261 0.0205342 0)
(2.83479 -0.0102373 0)
(2.72343 -0.160173 0)
(2.57103 -0.309125 0)
(2.40702 -0.188461 0)
(2.35164 -0.147463 0)
(2.3111 -0.192059 0)
(2.2205 -0.130025 0)
(2.22486 -0.0252359 0)
(2.23075 0.0314566 0)
(2.2525 0.0297547 0)
(2.28095 0.00833687 0)
(2.29651 0.000840854 0)
(2.29772 0.0227537 0)
(2.30996 0.0228565 0)
(2.3262 0.0146033 0)
(2.34155 0.012674 0)
(2.36003 0.0152465 0)
(2.38268 0.0158788 0)
(2.40436 0.0107278 0)
(2.42182 0.010691 0)
(2.43582 0.0120147 0)
(2.447 0.0103838 0)
(2.45195 0.0128195 0)
(2.4556 0.014115 0)
(2.46699 0.0146724 0)
(2.48287 0.0164295 0)
(2.50238 0.0142722 0)
(2.52152 0.0116188 0)
(2.53841 0.0130668 0)
(2.55045 0.0165355 0)
(2.55335 0.0156801 0)
(2.55458 0.00972519 0)
(2.5671 0.00767704 0)
(2.58506 0.00914799 0)
(2.60369 0.0120572 0)
(2.62081 0.0136192 0)
(2.63739 0.0125025 0)
(2.65249 0.00892375 0)
(2.66259 0.0056623 0)
(2.65732 0.00557821 0)
(2.64614 0.01137 0)
(2.6564 0.0193516 0)
(2.67003 0.02247 0)
(2.68589 0.0207873 0)
(2.7016 0.0166614 0)
(2.71592 0.0123813 0)
(2.73028 0.0129088 0)
(2.74218 0.0170895 0)
(2.75882 0.0188392 0)
(2.99165 -0.0167127 0)
(2.92359 -0.133443 0)
(2.72662 -0.426712 0)
(2.5355 -0.681456 0)
(2.39408 -0.841034 0)
(2.28015 -0.75723 0)
(2.11113 -0.51238 0)
(1.98631 -0.225415 0)
(1.82966 0.0261081 0)
(1.80686 0.0843613 0)
(1.82527 0.0586239 0)
(1.8522 0.0294426 0)
(1.89497 0.0331173 0)
(1.95618 0.0618944 0)
(2.01049 0.0911104 0)
(2.06042 0.100849 0)
(2.10992 0.100255 0)
(2.15731 0.0996118 0)
(2.20271 0.104353 0)
(2.24611 0.113012 0)
(2.28688 0.121524 0)
(2.32519 0.127447 0)
(2.36274 0.12942 0)
(2.40194 0.128414 0)
(2.4428 0.126729 0)
(2.48131 0.126073 0)
(2.51562 0.12413 0)
(2.54084 0.123851 0)
(2.54839 0.12704 0)
(2.56703 0.125267 0)
(2.60126 0.116542 0)
(2.63278 0.109787 0)
(2.65946 0.106415 0)
(2.68071 0.106665 0)
(2.69806 0.108305 0)
(2.70081 0.119839 0)
(2.69565 0.124945 0)
(2.72798 0.116416 0)
(2.76606 0.113546 0)
(2.79686 0.111381 0)
(2.81377 0.105386 0)
(2.81392 0.0937031 0)
(2.80261 0.0931854 0)
(2.79143 0.0961208 0)
(2.82008 0.0936526 0)
(2.82409 0.0695134 0)
(2.79755 -0.0333779 0)
(2.74344 -0.195222 0)
(2.59308 -0.448541 0)
(2.50986 -0.587336 0)
(2.43548 -0.530047 0)
(2.40252 -0.451775 0)
(2.36134 -0.341865 0)
(2.22639 -0.13441 0)
(2.20038 0.00750351 0)
(2.22757 0.0960935 0)
(2.24509 0.0897119 0)
(2.25535 0.0637122 0)
(2.26131 0.051306 0)
(2.27901 0.0480227 0)
(2.30592 0.0415115 0)
(2.33472 0.0454926 0)
(2.35063 0.0503443 0)
(2.36091 0.0514837 0)
(2.37378 0.0486973 0)
(2.39479 0.0420809 0)
(2.41518 0.0382353 0)
(2.43485 0.0360453 0)
(2.45395 0.0355122 0)
(2.46624 0.0412721 0)
(2.46082 0.0527218 0)
(2.46558 0.0515014 0)
(2.48421 0.0435953 0)
(2.50389 0.0373616 0)
(2.52584 0.033609 0)
(2.547 0.0344878 0)
(2.56428 0.0373866 0)
(2.56976 0.039157 0)
(2.56332 0.0406984 0)
(2.57219 0.0429902 0)
(2.59143 0.0456101 0)
(2.60871 0.0470946 0)
(2.62652 0.0470983 0)
(2.64435 0.0449617 0)
(2.65986 0.0396364 0)
(2.66631 0.0303589 0)
(2.65797 0.0238587 0)
(2.65455 0.0338789 0)
(2.66335 0.049666 0)
(2.6768 0.0512761 0)
(2.69532 0.0494517 0)
(2.71181 0.044731 0)
(2.7266 0.0399934 0)
(2.74085 0.0380112 0)
(2.75211 0.0408904 0)
(2.76805 0.0424275 0)
(2.8924 -0.188694 0)
(2.61993 -0.568836 0)
(2.4744 -0.721662 0)
(2.38002 -0.787083 0)
(2.35638 -0.845463 0)
(2.33557 -0.85526 0)
(2.3122 -0.830631 0)
(2.22749 -0.69018 0)
(2.0802 -0.396327 0)
(1.90819 -0.113994 0)
(1.85858 -0.00929198 0)
(1.86481 0.0296645 0)
(1.90247 0.0838159 0)
(1.94818 0.116511 0)
(1.98764 0.127391 0)
(2.0292 0.138336 0)
(2.07632 0.148897 0)
(2.12601 0.161958 0)
(2.17467 0.175321 0)
(2.22086 0.186309 0)
(2.26412 0.195546 0)
(2.30431 0.202075 0)
(2.34155 0.204636 0)
(2.37544 0.204188 0)
(2.40674 0.201251 0)
(2.4391 0.197056 0)
(2.47162 0.196352 0)
(2.50427 0.203451 0)
(2.53931 0.210729 0)
(2.56743 0.214275 0)
(2.59034 0.205968 0)
(2.61184 0.194999 0)
(2.62715 0.182117 0)
(2.63979 0.179243 0)
(2.66216 0.187767 0)
(2.69508 0.194546 0)
(2.72755 0.19254 0)
(2.75525 0.198736 0)
(2.76795 0.196401 0)
(2.77467 0.185401 0)
(2.76643 0.171811 0)
(2.76716 0.165678 0)
(2.78626 0.157681 0)
(2.79961 0.139761 0)
(2.79854 0.0907659 0)
(2.72019 -0.0668432 0)
(2.63218 -0.253942 0)
(2.5358 -0.427551 0)
(2.43403 -0.555164 0)
(2.40282 -0.580069 0)
(2.41401 -0.564679 0)
(2.42562 -0.53686 0)
(2.42241 -0.483429 0)
(2.3787 -0.364986 0)
(2.33894 -0.233397 0)
(2.28959 -0.0806194 0)
(2.27653 -0.0188411 0)
(2.25715 0.0221926 0)
(2.25565 0.0537052 0)
(2.26519 0.0642424 0)
(2.29 0.0732221 0)
(2.31538 0.0730006 0)
(2.32397 0.0756345 0)
(2.3334 0.0671061 0)
(2.34901 0.0612802 0)
(2.37255 0.0603289 0)
(2.39909 0.0643171 0)
(2.42353 0.0658981 0)
(2.44298 0.0674781 0)
(2.45294 0.0743897 0)
(2.44964 0.0781749 0)
(2.45273 0.0724139 0)
(2.47091 0.0658611 0)
(2.49062 0.0605929 0)
(2.51027 0.0563736 0)
(2.53092 0.0572278 0)
(2.55001 0.06504 0)
(2.56173 0.0718931 0)
(2.56177 0.0707564 0)
(2.56282 0.0695685 0)
(2.57703 0.0749838 0)
(2.59419 0.0765574 0)
(2.6123 0.0743622 0)
(2.62963 0.0681399 0)
(2.64527 0.0596122 0)
(2.65745 0.0533665 0)
(2.66269 0.0515995 0)
(2.66131 0.0627065 0)
(2.66092 0.0747959 0)
(2.66887 0.0797325 0)
(2.6887 0.0787823 0)
(2.70526 0.0755297 0)
(2.72045 0.0707574 0)
(2.73493 0.067322 0)
(2.74653 0.0682906 0)
(2.76224 0.0689995 0)
(2.61805 -0.5651 0)
(2.37149 -0.855784 0)
(2.33126 -0.860886 0)
(2.33324 -0.825034 0)
(2.33836 -0.823725 0)
(2.33865 -0.829215 0)
(2.33584 -0.841326 0)
(2.33254 -0.831957 0)
(2.30766 -0.766303 0)
(2.16658 -0.509762 0)
(1.96214 -0.133793 0)
(1.89965 0.100748 0)
(1.90436 0.184552 0)
(1.93825 0.186131 0)
(1.98458 0.183448 0)
(2.03308 0.194416 0)
(2.08288 0.218057 0)
(2.1303 0.241516 0)
(2.17472 0.257161 0)
(2.21702 0.265878 0)
(2.25676 0.272128 0)
(2.29332 0.276527 0)
(2.32686 0.279744 0)
(2.35961 0.283273 0)
(2.39515 0.285043 0)
(2.43336 0.286602 0)
(2.4686 0.289762 0)
(2.49509 0.292061 0)
(2.51396 0.285874 0)
(2.53337 0.271428 0)
(2.55343 0.261762 0)
(2.57521 0.264195 0)
(2.60461 0.267379 0)
(2.63983 0.2731 0)
(2.6733 0.279884 0)
(2.69768 0.279431 0)
(2.71504 0.270766 0)
(2.72626 0.266847 0)
(2.73449 0.255121 0)
(2.73433 0.251476 0)
(2.728 0.245599 0)
(2.75608 0.225844 0)
(2.76054 0.202125 0)
(2.72436 0.0941144 0)
(2.65194 -0.0925947 0)
(2.48874 -0.335686 0)
(2.44126 -0.438677 0)
(2.40188 -0.487499 0)
(2.39152 -0.502629 0)
(2.39726 -0.50364 0)
(2.4174 -0.498884 0)
(2.4363 -0.490767 0)
(2.43851 -0.498752 0)
(2.44343 -0.467047 0)
(2.43512 -0.42006 0)
(2.39562 -0.320078 0)
(2.35028 -0.192106 0)
(2.27393 -0.0203091 0)
(2.25003 0.0901856 0)
(2.26152 0.134144 0)
(2.27251 0.127521 0)
(2.28715 0.112389 0)
(2.30345 0.0984107 0)
(2.32223 0.0861473 0)
(2.34283 0.083538 0)
(2.36882 0.0907206 0)
(2.39456 0.100571 0)
(2.41654 0.106765 0)
(2.43098 0.106342 0)
(2.43628 0.0991186 0)
(2.43326 0.0913118 0)
(2.44056 0.0908116 0)
(2.46009 0.0935194 0)
(2.48082 0.0935535 0)
(2.50143 0.0926334 0)
(2.5228 0.0931818 0)
(2.54507 0.0951295 0)
(2.56556 0.097944 0)
(2.57394 0.0978464 0)
(2.56715 0.0973922 0)
(2.56614 0.0982204 0)
(2.58015 0.100821 0)
(2.60074 0.101764 0)
(2.62045 0.10044 0)
(2.63927 0.0920026 0)
(2.6552 0.0815915 0)
(2.66973 0.0789725 0)
(2.6766 0.0832738 0)
(2.67185 0.0970859 0)
(2.66999 0.110864 0)
(2.68621 0.11091 0)
(2.70253 0.107962 0)
(2.71679 0.103163 0)
(2.72892 0.0958616 0)
(2.73798 0.092842 0)
(2.75452 0.0938617 0)
(2.39939 -0.782901 0)
(2.34044 -0.833 0)
(2.32845 -0.843997 0)
(2.33307 -0.839895 0)
(2.3336 -0.835737 0)
(2.33266 -0.833777 0)
(2.33203 -0.833284 0)
(2.34054 -0.825063 0)
(2.36501 -0.82485 0)
(2.36237 -0.761516 0)
(2.30274 -0.56712 0)
(2.14755 -0.208887 0)
(2.04138 0.0475564 0)
(2.0245 0.180315 0)
(2.03326 0.236414 0)
(2.06389 0.276945 0)
(2.10254 0.300819 0)
(2.14035 0.31752 0)
(2.17788 0.328662 0)
(2.21637 0.337758 0)
(2.25457 0.346722 0)
(2.29125 0.354961 0)
(2.32627 0.361965 0)
(2.36011 0.368534 0)
(2.39264 0.370731 0)
(2.42297 0.371436 0)
(2.4503 0.372781 0)
(2.47608 0.373256 0)
(2.50435 0.367129 0)
(2.53441 0.357331 0)
(2.5605 0.35504 0)
(2.58308 0.361547 0)
(2.60817 0.361663 0)
(2.6303 0.351375 0)
(2.65017 0.343371 0)
(2.66889 0.338119 0)
(2.68544 0.328184 0)
(2.69508 0.323282 0)
(2.71125 0.316853 0)
(2.71584 0.314112 0)
(2.73011 0.27616 0)
(2.71498 0.22454 0)
(2.63249 0.0630258 0)
(2.49892 -0.177484 0)
(2.43535 -0.337688 0)
(2.35164 -0.449081 0)
(2.32605 -0.475933 0)
(2.34224 -0.468929 0)
(2.36617 -0.457099 0)
(2.38754 -0.447902 0)
(2.40434 -0.444583 0)
(2.42013 -0.446371 0)
(2.42482 -0.461408 0)
(2.43826 -0.452863 0)
(2.45822 -0.441869 0)
(2.46617 -0.420398 0)
(2.45483 -0.372816 0)
(2.41123 -0.262062 0)
(2.3443 -0.0932423 0)
(2.32454 0.00535381 0)
(2.30169 0.0703699 0)
(2.29454 0.0895496 0)
(2.30279 0.0955671 0)
(2.32111 0.106878 0)
(2.34285 0.118558 0)
(2.36135 0.124279 0)
(2.37614 0.125477 0)
(2.39188 0.123309 0)
(2.40598 0.121542 0)
(2.41522 0.113849 0)
(2.41708 0.104429 0)
(2.42741 0.111389 0)
(2.44607 0.120157 0)
(2.46755 0.120852 0)
(2.48785 0.119958 0)
(2.5081 0.118797 0)
(2.53073 0.118723 0)
(2.55205 0.120141 0)
(2.56358 0.119971 0)
(2.55713 0.119671 0)
(2.55804 0.125054 0)
(2.57326 0.130351 0)
(2.59137 0.131596 0)
(2.61132 0.128512 0)
(2.62891 0.119861 0)
(2.64329 0.108396 0)
(2.65484 0.104028 0)
(2.66239 0.110441 0)
(2.66516 0.123214 0)
(2.6671 0.134242 0)
(2.6763 0.134633 0)
(2.69074 0.13095 0)
(2.7048 0.127789 0)
(2.71839 0.12329 0)
(2.7302 0.122802 0)
(2.75173 0.122881 0)
(2.30551 -0.863369 0)
(2.31738 -0.834502 0)
(2.32394 -0.827733 0)
(2.32787 -0.828976 0)
(2.33408 -0.829632 0)
(2.33585 -0.828518 0)
(2.34331 -0.823848 0)
(2.35868 -0.812268 0)
(2.39046 -0.791583 0)
(2.42756 -0.760702 0)
(2.47036 -0.711102 0)
(2.4543 -0.569794 0)
(2.32354 -0.2501 0)
(2.18373 0.09059 0)
(2.1031 0.31628 0)
(2.08845 0.394737 0)
(2.11708 0.403681 0)
(2.15448 0.403459 0)
(2.19038 0.404508 0)
(2.22598 0.411556 0)
(2.26117 0.424452 0)
(2.29434 0.436543 0)
(2.32567 0.443706 0)
(2.35548 0.450036 0)
(2.3847 0.452024 0)
(2.41419 0.454272 0)
(2.4447 0.456677 0)
(2.47405 0.458063 0)
(2.49814 0.447998 0)
(2.51381 0.433047 0)
(2.5236 0.427556 0)
(2.53943 0.431528 0)
(2.57174 0.425419 0)
(2.60975 0.413673 0)
(2.64244 0.411416 0)
(2.66807 0.410447 0)
(2.68275 0.401578 0)
(2.67677 0.390173 0)
(2.68303 0.369155 0)
(2.67964 0.327468 0)
(2.64118 0.229032 0)
(2.52989 0.00692977 0)
(2.39469 -0.240483 0)
(2.33468 -0.359354 0)
(2.30851 -0.412016 0)
(2.31227 -0.417275 0)
(2.32387 -0.42107 0)
(2.34652 -0.413607 0)
(2.37461 -0.407948 0)
(2.39671 -0.401974 0)
(2.40284 -0.400144 0)
(2.40733 -0.406317 0)
(2.41591 -0.420784 0)
(2.44182 -0.418114 0)
(2.46436 -0.414714 0)
(2.48123 -0.402397 0)
(2.49593 -0.40512 0)
(2.48664 -0.374616 0)
(2.46309 -0.29908 0)
(2.42326 -0.190348 0)
(2.36205 -0.0474784 0)
(2.30901 0.0888167 0)
(2.30306 0.1274 0)
(2.32615 0.157008 0)
(2.33983 0.160991 0)
(2.35573 0.157765 0)
(2.37236 0.152913 0)
(2.38605 0.146852 0)
(2.4015 0.144978 0)
(2.41639 0.142282 0)
(2.42129 0.137407 0)
(2.42212 0.141266 0)
(2.4363 0.144964 0)
(2.45969 0.14578 0)
(2.48174 0.144821 0)
(2.50353 0.145715 0)
(2.52439 0.147189 0)
(2.54431 0.147388 0)
(2.55775 0.144806 0)
(2.55357 0.14328 0)
(2.54937 0.147576 0)
(2.56237 0.150904 0)
(2.58063 0.151199 0)
(2.5996 0.148736 0)
(2.61631 0.143875 0)
(2.63044 0.14003 0)
(2.6441 0.140843 0)
(2.65656 0.143523 0)
(2.66506 0.14965 0)
(2.6634 0.155901 0)
(2.66507 0.154943 0)
(2.67821 0.152079 0)
(2.69241 0.151671 0)
(2.70637 0.149587 0)
(2.71742 0.148732 0)
(2.73747 0.147743 0)
(2.33088 -0.840135 0)
(2.3298 -0.841602 0)
(2.32928 -0.840235 0)
(2.32759 -0.839274 0)
(2.3298 -0.837836 0)
(2.33758 -0.833536 0)
(2.35614 -0.818592 0)
(2.38185 -0.799182 0)
(2.43494 -0.753742 0)
(2.47374 -0.723428 0)
(2.54322 -0.644375 0)
(2.59172 -0.627427 0)
(2.57189 -0.501583 0)
(2.52286 -0.282306 0)
(2.32961 0.101309 0)
(2.23328 0.336832 0)
(2.17458 0.475735 0)
(2.18485 0.491604 0)
(2.21704 0.500505 0)
(2.25157 0.505486 0)
(2.28293 0.517851 0)
(2.31081 0.530535 0)
(2.33914 0.53762 0)
(2.36759 0.545154 0)
(2.39511 0.546368 0)
(2.41983 0.54279 0)
(2.44381 0.53475 0)
(2.4637 0.53207 0)
(2.47895 0.52241 0)
(2.49562 0.515634 0)
(2.52527 0.50899 0)
(2.55803 0.509828 0)
(2.59071 0.497213 0)
(2.61427 0.483637 0)
(2.62744 0.474748 0)
(2.63896 0.466013 0)
(2.64038 0.459418 0)
(2.6488 0.42474 0)
(2.62906 0.354044 0)
(2.55478 0.203889 0)
(2.38357 -0.0933864 0)
(2.31488 -0.261534 0)
(2.27023 -0.367928 0)
(2.2652 -0.379345 0)
(2.28072 -0.377673 0)
(2.30394 -0.372324 0)
(2.32569 -0.368178 0)
(2.34457 -0.368749 0)
(2.36248 -0.370463 0)
(2.37512 -0.364406 0)
(2.38341 -0.361992 0)
(2.39854 -0.367692 0)
(2.41774 -0.378127 0)
(2.44386 -0.375147 0)
(2.46866 -0.371518 0)
(2.49077 -0.364514 0)
(2.50854 -0.371732 0)
(2.51028 -0.37295 0)
(2.50937 -0.36455 0)
(2.49601 -0.318187 0)
(2.48242 -0.255406 0)
(2.44125 -0.139205 0)
(2.38783 -0.0056737 0)
(2.36616 0.0861717 0)
(2.37489 0.123992 0)
(2.38372 0.157284 0)
(2.38758 0.162028 0)
(2.39046 0.173326 0)
(2.39942 0.177172 0)
(2.41143 0.168958 0)
(2.41806 0.170419 0)
(2.42431 0.176338 0)
(2.43659 0.175479 0)
(2.45882 0.172446 0)
(2.47918 0.171415 0)
(2.50114 0.174527 0)
(2.52125 0.176228 0)
(2.53848 0.17316 0)
(2.54952 0.168761 0)
(2.5487 0.166714 0)
(2.54412 0.166546 0)
(2.55568 0.168553 0)
(2.57525 0.171027 0)
(2.5943 0.172721 0)
(2.61016 0.173167 0)
(2.62289 0.172195 0)
(2.6341 0.170475 0)
(2.64596 0.168325 0)
(2.65392 0.17001 0)
(2.65343 0.174276 0)
(2.65718 0.176666 0)
(2.67034 0.175207 0)
(2.68407 0.176516 0)
(2.69829 0.176565 0)
(2.71004 0.175781 0)
(2.72875 0.171679 0)
(2.32723 -0.842005 0)
(2.33169 -0.843574 0)
(2.33289 -0.84327 0)
(2.33676 -0.840822 0)
(2.33958 -0.83738 0)
(2.35578 -0.824779 0)
(2.38548 -0.800426 0)
(2.4305 -0.763485 0)
(2.48821 -0.708373 0)
(2.55851 -0.634668 0)
(2.57744 -0.610518 0)
(2.64102 -0.52965 0)
(2.67209 -0.495954 0)
(2.70421 -0.377114 0)
(2.66512 -0.235429 0)
(2.47879 0.128213 0)
(2.3428 0.411345 0)
(2.23394 0.597436 0)
(2.22812 0.626784 0)
(2.25994 0.625245 0)
(2.29147 0.620948 0)
(2.31762 0.618516 0)
(2.34366 0.614955 0)
(2.36886 0.619854 0)
(2.39266 0.62302 0)
(2.41557 0.619119 0)
(2.44408 0.612495 0)
(2.47047 0.616926 0)
(2.49135 0.612844 0)
(2.50513 0.595728 0)
(2.52353 0.571913 0)
(2.54015 0.565972 0)
(2.56574 0.550291 0)
(2.58292 0.542512 0)
(2.59949 0.52585 0)
(2.62194 0.527737 0)
(2.60652 0.46375 0)
(2.56587 0.346377 0)
(2.43816 0.0973173 0)
(2.29306 -0.161885 0)
(2.23476 -0.269338 0)
(2.23384 -0.319285 0)
(2.24379 -0.316693 0)
(2.26896 -0.32097 0)
(2.29271 -0.32307 0)
(2.31143 -0.324279 0)
(2.33073 -0.32722 0)
(2.34935 -0.333417 0)
(2.36468 -0.335811 0)
(2.37424 -0.32836 0)
(2.38375 -0.324555 0)
(2.40265 -0.328059 0)
(2.42574 -0.333356 0)
(2.45292 -0.331013 0)
(2.47856 -0.32688 0)
(2.50123 -0.321776 0)
(2.51685 -0.329468 0)
(2.52214 -0.339647 0)
(2.51501 -0.34412 0)
(2.52342 -0.327751 0)
(2.53819 -0.304235 0)
(2.537 -0.265218 0)
(2.52273 -0.198646 0)
(2.47039 -0.0722939 0)
(2.42832 0.060593 0)
(2.43083 0.135537 0)
(2.41326 0.20701 0)
(2.399 0.222436 0)
(2.39623 0.214894 0)
(2.40575 0.199822 0)
(2.41942 0.201078 0)
(2.43518 0.20358 0)
(2.45104 0.204482 0)
(2.46766 0.203628 0)
(2.48511 0.203433 0)
(2.50395 0.203089 0)
(2.52439 0.200528 0)
(2.54334 0.197697 0)
(2.55616 0.197568 0)
(2.55741 0.198433 0)
(2.55036 0.194228 0)
(2.55569 0.190535 0)
(2.57433 0.192978 0)
(2.59485 0.197368 0)
(2.61227 0.201814 0)
(2.6262 0.204057 0)
(2.63866 0.202256 0)
(2.65081 0.199362 0)
(2.6593 0.199682 0)
(2.6599 0.201197 0)
(2.66065 0.202782 0)
(2.67182 0.201833 0)
(2.68359 0.202932 0)
(2.69537 0.201968 0)
(2.70427 0.198511 0)
(2.72396 0.187678 0)
(2.33543 -0.837989 0)
(2.33895 -0.840319 0)
(2.34237 -0.839735 0)
(2.34434 -0.838681 0)
(2.35842 -0.829113 0)
(2.38724 -0.806199 0)
(2.43605 -0.764201 0)
(2.49762 -0.696162 0)
(2.53324 -0.665622 0)
(2.58374 -0.608751 0)
(2.66867 -0.493326 0)
(2.69622 -0.422491 0)
(2.71939 -0.41826 0)
(2.75318 -0.381534 0)
(2.78258 -0.286697 0)
(2.76243 -0.137595 0)
(2.64357 0.150835 0)
(2.43708 0.482873 0)
(2.30263 0.652115 0)
(2.27055 0.726128 0)
(2.28839 0.728618 0)
(2.32288 0.719929 0)
(2.35999 0.706803 0)
(2.38835 0.708207 0)
(2.40747 0.713982 0)
(2.4258 0.700061 0)
(2.44436 0.67695 0)
(2.45998 0.671583 0)
(2.46992 0.671129 0)
(2.48905 0.647699 0)
(2.51097 0.62488 0)
(2.53064 0.614263 0)
(2.55481 0.603355 0)
(2.57093 0.591593 0)
(2.58834 0.56411 0)
(2.56677 0.489015 0)
(2.49017 0.30335 0)
(2.30362 -0.0421422 0)
(2.22899 -0.19655 0)
(2.19017 -0.286554 0)
(2.19727 -0.283789 0)
(2.21742 -0.287571 0)
(2.23877 -0.288593 0)
(2.25846 -0.284115 0)
(2.28229 -0.280552 0)
(2.30932 -0.284601 0)
(2.33519 -0.29191 0)
(2.35671 -0.299558 0)
(2.37089 -0.302437 0)
(2.37852 -0.295211 0)
(2.38959 -0.287373 0)
(2.41009 -0.28543 0)
(2.43483 -0.288075 0)
(2.46093 -0.286273 0)
(2.48514 -0.283629 0)
(2.50572 -0.280402 0)
(2.51942 -0.28866 0)
(2.52671 -0.299273 0)
(2.52927 -0.312722 0)
(2.54051 -0.302807 0)
(2.55008 -0.286985 0)
(2.56656 -0.272125 0)
(2.58649 -0.252947 0)
(2.5863 -0.22208 0)
(2.5624 -0.145084 0)
(2.51292 -0.00988408 0)
(2.47917 0.0984377 0)
(2.46836 0.159653 0)
(2.44196 0.182141 0)
(2.43231 0.192474 0)
(2.4357 0.211055 0)
(2.44345 0.228497 0)
(2.45891 0.24066 0)
(2.4796 0.24243 0)
(2.4939 0.239216 0)
(2.50928 0.232203 0)
(2.52685 0.22212 0)
(2.54355 0.216695 0)
(2.55582 0.220828 0)
(2.55886 0.228471 0)
(2.55608 0.227323 0)
(2.55872 0.218813 0)
(2.57307 0.217312 0)
(2.59617 0.221121 0)
(2.61815 0.228071 0)
(2.63549 0.234054 0)
(2.6476 0.232579 0)
(2.65489 0.226454 0)
(2.65664 0.222572 0)
(2.65403 0.222661 0)
(2.65742 0.224994 0)
(2.66915 0.225058 0)
(2.68014 0.22541 0)
(2.69186 0.223283 0)
(2.70246 0.213954 0)
(2.71644 0.184079 0)
(2.34336 -0.838364 0)
(2.34605 -0.843476 0)
(2.35019 -0.843288 0)
(2.3605 -0.836686 0)
(2.38842 -0.812732 0)
(2.43433 -0.77076 0)
(2.49688 -0.708121 0)
(2.54883 -0.645309 0)
(2.60391 -0.585501 0)
(2.67951 -0.476221 0)
(2.71372 -0.400772 0)
(2.71554 -0.403876 0)
(2.7585 -0.343847 0)
(2.84357 -0.228793 0)
(2.86985 -0.171527 0)
(2.88233 -0.142081 0)
(2.85103 -0.0454235 0)
(2.76641 0.133208 0)
(2.49217 0.524415 0)
(2.3666 0.741028 0)
(2.27558 0.818511 0)
(2.29886 0.812216 0)
(2.34572 0.790179 0)
(2.37878 0.777687 0)
(2.39361 0.775749 0)
(2.41122 0.747346 0)
(2.42028 0.724494 0)
(2.43293 0.720671 0)
(2.44928 0.720921 0)
(2.48203 0.690401 0)
(2.49736 0.669984 0)
(2.51925 0.646914 0)
(2.54417 0.644027 0)
(2.5417 0.60107 0)
(2.50241 0.480919 0)
(2.34602 0.173625 0)
(2.23269 -0.0807324 0)
(2.18215 -0.194158 0)
(2.16959 -0.237945 0)
(2.18619 -0.236593 0)
(2.21248 -0.241572 0)
(2.23043 -0.243399 0)
(2.24805 -0.245202 0)
(2.26871 -0.242696 0)
(2.29374 -0.246839 0)
(2.31961 -0.251028 0)
(2.3455 -0.254774 0)
(2.37002 -0.26063 0)
(2.38589 -0.263688 0)
(2.39276 -0.257117 0)
(2.40483 -0.250083 0)
(2.42513 -0.24957 0)
(2.44864 -0.252392 0)
(2.47271 -0.251309 0)
(2.49609 -0.249969 0)
(2.5178 -0.247354 0)
(2.53445 -0.253046 0)
(2.54336 -0.261786 0)
(2.54531 -0.270509 0)
(2.55011 -0.260342 0)
(2.56127 -0.246032 0)
(2.57659 -0.246475 0)
(2.60152 -0.23816 0)
(2.61668 -0.237473 0)
(2.6184 -0.21774 0)
(2.61157 -0.172271 0)
(2.57546 -0.0777905 0)
(2.54523 0.0185652 0)
(2.49714 0.127051 0)
(2.46216 0.198838 0)
(2.45701 0.244134 0)
(2.45738 0.276451 0)
(2.45937 0.28535 0)
(2.4782 0.282678 0)
(2.49517 0.274733 0)
(2.51194 0.264319 0)
(2.52921 0.247434 0)
(2.54476 0.240429 0)
(2.5588 0.247352 0)
(2.56685 0.257615 0)
(2.56894 0.260931 0)
(2.57765 0.256617 0)
(2.59072 0.252001 0)
(2.60422 0.251311 0)
(2.61894 0.25539 0)
(2.63257 0.260674 0)
(2.64633 0.258123 0)
(2.65655 0.251549 0)
(2.66126 0.245887 0)
(2.65701 0.244953 0)
(2.6554 0.246723 0)
(2.66983 0.243171 0)
(2.68036 0.239615 0)
(2.68639 0.221471 0)
(2.68438 0.179042 0)
(2.68997 0.0926548 0)
(2.34851 -0.848652 0)
(2.35473 -0.847044 0)
(2.35963 -0.842281 0)
(2.38541 -0.820358 0)
(2.44105 -0.764481 0)
(2.48652 -0.722219 0)
(2.54858 -0.648177 0)
(2.64825 -0.52566 0)
(2.70556 -0.446414 0)
(2.72503 -0.424222 0)
(2.73136 -0.360356 0)
(2.82015 -0.254242 0)
(2.86455 -0.169109 0)
(2.88904 -0.131754 0)
(2.90523 -0.119714 0)
(2.90796 -0.057794 0)
(2.91216 0.0188024 0)
(2.91188 0.0651839 0)
(2.85438 0.183307 0)
(2.56571 0.582716 0)
(2.4267 0.791638 0)
(2.30669 0.844866 0)
(2.32289 0.840878 0)
(2.35756 0.836175 0)
(2.37259 0.829634 0)
(2.3791 0.803416 0)
(2.40599 0.766676 0)
(2.42873 0.745736 0)
(2.45051 0.7338 0)
(2.47873 0.711454 0)
(2.48539 0.699819 0)
(2.49933 0.670859 0)
(2.48545 0.600807 0)
(2.40658 0.409303 0)
(2.23025 0.080494 0)
(2.15307 -0.120097 0)
(2.12115 -0.228192 0)
(2.13418 -0.220999 0)
(2.16567 -0.21435 0)
(2.19946 -0.207069 0)
(2.22371 -0.201449 0)
(2.23899 -0.198738 0)
(2.25784 -0.20635 0)
(2.28208 -0.213805 0)
(2.3059 -0.21327 0)
(2.32982 -0.211446 0)
(2.35539 -0.215163 0)
(2.37819 -0.222785 0)
(2.39392 -0.224662 0)
(2.40427 -0.218886 0)
(2.4198 -0.214664 0)
(2.4388 -0.214751 0)
(2.45544 -0.214754 0)
(2.47164 -0.211123 0)
(2.48773 -0.212188 0)
(2.50428 -0.213193 0)
(2.52075 -0.217368 0)
(2.53411 -0.219604 0)
(2.54542 -0.224215 0)
(2.56196 -0.221379 0)
(2.57858 -0.213636 0)
(2.59158 -0.208762 0)
(2.60401 -0.20106 0)
(2.61595 -0.206645 0)
(2.62293 -0.210922 0)
(2.63133 -0.202138 0)
(2.62955 -0.168346 0)
(2.63158 -0.129799 0)
(2.60036 -0.0417507 0)
(2.56622 0.0534508 0)
(2.5359 0.14837 0)
(2.48564 0.247889 0)
(2.49154 0.271918 0)
(2.49475 0.29508 0)
(2.49999 0.296656 0)
(2.51509 0.290034 0)
(2.53236 0.275257 0)
(2.54957 0.265793 0)
(2.56869 0.266722 0)
(2.58407 0.2745 0)
(2.58437 0.287026 0)
(2.57518 0.288644 0)
(2.58085 0.283331 0)
(2.59877 0.283295 0)
(2.61878 0.286646 0)
(2.63827 0.287896 0)
(2.6572 0.284634 0)
(2.66805 0.273435 0)
(2.66527 0.265292 0)
(2.66015 0.261162 0)
(2.66 0.245296 0)
(2.66067 0.228757 0)
(2.65887 0.192013 0)
(2.65059 0.126575 0)
(2.64479 0.051081 0)
(2.65029 -0.0520708 0)
(2.35407 -0.850108 0)
(2.35831 -0.844307 0)
(2.38062 -0.823205 0)
(2.43961 -0.766207 0)
(2.49753 -0.709945 0)
(2.56359 -0.630019 0)
(2.66422 -0.494171 0)
(2.72206 -0.417333 0)
(2.74762 -0.408097 0)
(2.77113 -0.308422 0)
(2.83789 -0.16984 0)
(2.85966 -0.10533 0)
(2.8967 -0.107137 0)
(2.90111 -0.119297 0)
(2.895 -0.0404071 0)
(2.8868 0.021911 0)
(2.90919 0.0185066 0)
(2.93171 0.0222194 0)
(2.92965 0.0429378 0)
(2.85142 0.175064 0)
(2.62604 0.550415 0)
(2.4881 0.736525 0)
(2.33082 0.840228 0)
(2.31796 0.858541 0)
(2.33493 0.85122 0)
(2.3565 0.8176 0)
(2.38954 0.77067 0)
(2.41993 0.736171 0)
(2.44658 0.713725 0)
(2.46765 0.712688 0)
(2.46107 0.677927 0)
(2.41986 0.563062 0)
(2.27412 0.271835 0)
(2.16402 0.0161654 0)
(2.09401 -0.114863 0)
(2.10176 -0.155948 0)
(2.12314 -0.158688 0)
(2.15727 -0.16395 0)
(2.18882 -0.16736 0)
(2.21213 -0.165671 0)
(2.22974 -0.160571 0)
(2.24622 -0.164826 0)
(2.26395 -0.167845 0)
(2.28337 -0.168915 0)
(2.3092 -0.171066 0)
(2.33877 -0.17262 0)
(2.36523 -0.176414 0)
(2.3815 -0.183523 0)
(2.38813 -0.184626 0)
(2.39824 -0.176523 0)
(2.41412 -0.169424 0)
(2.43115 -0.169139 0)
(2.45338 -0.173626 0)
(2.47659 -0.174591 0)
(2.4976 -0.176094 0)
(2.51274 -0.178873 0)
(2.523 -0.186343 0)
(2.53189 -0.185654 0)
(2.54347 -0.179998 0)
(2.5556 -0.170039 0)
(2.56952 -0.163446 0)
(2.59119 -0.164336 0)
(2.61111 -0.166051 0)
(2.62767 -0.170799 0)
(2.63693 -0.172132 0)
(2.63206 -0.176219 0)
(2.64433 -0.166349 0)
(2.66642 -0.156247 0)
(2.66628 -0.131229 0)
(2.65578 -0.0802876 0)
(2.61243 0.025058 0)
(2.5799 0.106671 0)
(2.5501 0.188523 0)
(2.50915 0.287154 0)
(2.50698 0.32572 0)
(2.52519 0.334881 0)
(2.53557 0.328671 0)
(2.54546 0.315912 0)
(2.55681 0.305672 0)
(2.57227 0.308462 0)
(2.58834 0.31824 0)
(2.58552 0.320758 0)
(2.58723 0.315474 0)
(2.59858 0.312111 0)
(2.61418 0.310634 0)
(2.63265 0.30914 0)
(2.64826 0.300923 0)
(2.65811 0.291399 0)
(2.64555 0.254507 0)
(2.64184 0.203094 0)
(2.64042 0.159208 0)
(2.63549 0.110541 0)
(2.63113 0.063887 0)
(2.61412 -0.0136093 0)
(2.62089 -0.0238007 0)
(2.63049 -0.0690452 0)
(2.35592 -0.845341 0)
(2.3762 -0.825702 0)
(2.4325 -0.769505 0)
(2.50344 -0.698074 0)
(2.58593 -0.606707 0)
(2.68078 -0.451916 0)
(2.72793 -0.374741 0)
(2.7732 -0.347284 0)
(2.83494 -0.208532 0)
(2.84122 -0.05819 0)
(2.83725 -0.0257531 0)
(2.87436 -0.00935497 0)
(2.93192 0.0459416 0)
(2.91393 0.0998202 0)
(2.89419 0.0979606 0)
(2.89027 0.0922344 0)
(2.92936 0.0740793 0)
(2.9332 0.0698463 0)
(2.92376 0.0710302 0)
(2.90925 0.0725714 0)
(2.84901 0.149172 0)
(2.70771 0.408164 0)
(2.42869 0.709434 0)
(2.31532 0.844191 0)
(2.306 0.825062 0)
(2.34129 0.792986 0)
(2.36773 0.764158 0)
(2.40083 0.740586 0)
(2.42689 0.716523 0)
(2.4232 0.663613 0)
(2.36497 0.488619 0)
(2.18396 0.160135 0)
(2.07437 -0.0453008 0)
(2.04285 -0.143633 0)
(2.05512 -0.139206 0)
(2.08945 -0.133746 0)
(2.12528 -0.116603 0)
(2.15594 -0.109722 0)
(2.1889 -0.120226 0)
(2.21583 -0.13271 0)
(2.23253 -0.130246 0)
(2.24695 -0.127053 0)
(2.26553 -0.128196 0)
(2.28891 -0.129286 0)
(2.31264 -0.129889 0)
(2.32953 -0.135829 0)
(2.34538 -0.143176 0)
(2.36246 -0.146487 0)
(2.38479 -0.144865 0)
(2.40595 -0.139323 0)
(2.42482 -0.134234 0)
(2.44415 -0.131799 0)
(2.46011 -0.13158 0)
(2.46583 -0.138759 0)
(2.47247 -0.145078 0)
(2.48672 -0.144848 0)
(2.50853 -0.144578 0)
(2.53262 -0.142246 0)
(2.55196 -0.138449 0)
(2.56904 -0.132374 0)
(2.58404 -0.126911 0)
(2.59237 -0.127907 0)
(2.59674 -0.136169 0)
(2.60572 -0.139673 0)
(2.62113 -0.138322 0)
(2.63907 -0.144289 0)
(2.65829 -0.136686 0)
(2.66877 -0.128507 0)
(2.67486 -0.12308 0)
(2.6793 -0.123291 0)
(2.66453 -0.0894511 0)
(2.65203 -0.0358468 0)
(2.62221 0.0432638 0)
(2.57239 0.159069 0)
(2.58423 0.205265 0)
(2.55925 0.287925 0)
(2.53751 0.33684 0)
(2.53987 0.343674 0)
(2.5499 0.341727 0)
(2.56146 0.342819 0)
(2.57438 0.356335 0)
(2.59151 0.351746 0)
(2.5973 0.344609 0)
(2.60003 0.339355 0)
(2.61405 0.32346 0)
(2.61997 0.301797 0)
(2.62714 0.275605 0)
(2.61946 0.213504 0)
(2.60607 0.130343 0)
(2.60092 0.0500038 0)
(2.59865 -0.0268308 0)
(2.61541 -0.0405535 0)
(2.60367 -0.0687278 0)
(2.59692 -0.081189 0)
(2.59362 -0.082656 0)
(2.60605 -0.0918968 0)
(2.3632 -0.83665 0)
(2.43094 -0.777299 0)
(2.52273 -0.677212 0)
(2.58644 -0.602347 0)
(2.6899 -0.439772 0)
(2.75936 -0.282531 0)
(2.79404 -0.261026 0)
(2.79315 -0.245063 0)
(2.82027 -0.0951387 0)
(2.83397 -0.0178142 0)
(2.86568 -0.0193885 0)
(2.90035 -0.0135726 0)
(2.89944 0.0492823 0)
(2.9035 0.0918414 0)
(2.89901 0.0952862 0)
(2.90761 0.0674912 0)
(2.92284 0.0522941 0)
(2.92887 0.0566315 0)
(2.92201 0.055257 0)
(2.90912 0.0478977 0)
(2.90457 0.0304591 0)
(2.86904 0.0819528 0)
(2.73713 0.299139 0)
(2.40128 0.689859 0)
(2.33688 0.749872 0)
(2.34816 0.765965 0)
(2.35857 0.755416 0)
(2.36847 0.729717 0)
(2.36077 0.645645 0)
(2.27573 0.398523 0)
(2.15668 0.125937 0)
(2.01955 -0.0470354 0)
(2.00028 -0.0731509 0)
(2.01258 -0.0795067 0)
(2.06022 -0.0804005 0)
(2.09541 -0.0822892 0)
(2.11743 -0.0773078 0)
(2.13879 -0.0750341 0)
(2.16258 -0.082363 0)
(2.18368 -0.088741 0)
(2.20576 -0.0897605 0)
(2.22819 -0.0920763 0)
(2.2482 -0.0966151 0)
(2.26806 -0.097493 0)
(2.28858 -0.0955114 0)
(2.31138 -0.0980287 0)
(2.33463 -0.102421 0)
(2.3578 -0.102962 0)
(2.37956 -0.0970319 0)
(2.40068 -0.092421 0)
(2.41759 -0.092658 0)
(2.42781 -0.0958935 0)
(2.43538 -0.0985718 0)
(2.44456 -0.0999756 0)
(2.45863 -0.102309 0)
(2.47992 -0.101643 0)
(2.5025 -0.0982549 0)
(2.52442 -0.0943087 0)
(2.54487 -0.094147 0)
(2.56016 -0.0927165 0)
(2.5699 -0.0905227 0)
(2.57637 -0.0903205 0)
(2.58323 -0.0965591 0)
(2.59369 -0.0975617 0)
(2.60729 -0.0969273 0)
(2.62238 -0.0989292 0)
(2.63963 -0.0919676 0)
(2.65527 -0.0889349 0)
(2.66884 -0.0878955 0)
(2.67592 -0.092433 0)
(2.67519 -0.0917581 0)
(2.68097 -0.0723574 0)
(2.68066 -0.0513657 0)
(2.66735 0.00324071 0)
(2.65279 0.0824733 0)
(2.60451 0.208332 0)
(2.58206 0.276188 0)
(2.58619 0.298503 0)
(2.56986 0.342057 0)
(2.55714 0.363964 0)
(2.56572 0.378519 0)
(2.57899 0.37632 0)
(2.58148 0.359555 0)
(2.57885 0.321632 0)
(2.57624 0.267243 0)
(2.57785 0.216261 0)
(2.58475 0.167159 0)
(2.58715 0.114142 0)
(2.56735 0.0395045 0)
(2.56525 -0.0135624 0)
(2.57404 -0.0590281 0)
(2.57825 -0.06082 0)
(2.57895 -0.0511292 0)
(2.57673 -0.0368542 0)
(2.58415 -0.0477883 0)
(2.6005 -0.0640553 0)
(2.44568 -0.792616 0)
(2.58903 -0.656302 0)
(2.70531 -0.490314 0)
(2.80182 -0.308565 0)
(2.87289 -0.114041 0)
(2.9157 0.0182606 0)
(2.93303 0.098808 0)
(2.93306 0.125493 0)
(2.94172 0.132294 0)
(2.97217 0.141658 0)
(3.01792 0.118037 0)
(2.99763 0.0857698 0)
(2.95167 0.0865689 0)
(2.94404 0.0878073 0)
(2.93647 0.0725454 0)
(2.93575 0.0297091 0)
(2.94601 -0.00223778 0)
(2.94352 0.00275463 0)
(2.93379 0.00594002 0)
(2.93009 0.00630891 0)
(2.92745 -0.00711939 0)
(2.92463 -0.0108697 0)
(2.90623 0.0250544 0)
(2.69151 0.325299 0)
(2.55576 0.535029 0)
(2.38388 0.758296 0)
(2.30066 0.709971 0)
(2.20229 0.512637 0)
(2.07239 0.204018 0)
(1.91482 -0.0400195 0)
(1.86923 -0.137018 0)
(1.89937 -0.120056 0)
(1.95683 -0.086733 0)
(2.00735 -0.0464805 0)
(2.0429 -0.0293917 0)
(2.07944 -0.0348404 0)
(2.10974 -0.041218 0)
(2.13387 -0.0438644 0)
(2.156 -0.0450965 0)
(2.17826 -0.0469591 0)
(2.2032 -0.0509678 0)
(2.22914 -0.0557468 0)
(2.25205 -0.0575047 0)
(2.26989 -0.0571097 0)
(2.28786 -0.0576214 0)
(2.31092 -0.0595306 0)
(2.33684 -0.0604482 0)
(2.36336 -0.059627 0)
(2.38931 -0.0588366 0)
(2.41196 -0.0573719 0)
(2.42675 -0.0531517 0)
(2.43266 -0.0491319 0)
(2.43465 -0.0535158 0)
(2.44418 -0.0611785 0)
(2.46329 -0.0623269 0)
(2.48636 -0.0600208 0)
(2.51109 -0.0588797 0)
(2.53487 -0.0578509 0)
(2.55376 -0.0570799 0)
(2.56594 -0.0547785 0)
(2.57307 -0.0542256 0)
(2.57835 -0.0551838 0)
(2.58549 -0.0601665 0)
(2.59655 -0.0574996 0)
(2.61097 -0.0564283 0)
(2.62781 -0.0577374 0)
(2.64414 -0.0540179 0)
(2.6607 -0.0535124 0)
(2.67433 -0.0549397 0)
(2.68284 -0.0577699 0)
(2.68454 -0.0618774 0)
(2.69531 -0.0489447 0)
(2.70142 -0.0395028 0)
(2.70722 -0.0189867 0)
(2.70615 0.00709616 0)
(2.689 0.0632733 0)
(2.6703 0.133781 0)
(2.63013 0.242976 0)
(2.60532 0.300066 0)
(2.60122 0.307674 0)
(2.59217 0.331589 0)
(2.56334 0.308454 0)
(2.53273 0.251026 0)
(2.51302 0.18566 0)
(2.50882 0.115825 0)
(2.49085 0.0446907 0)
(2.48012 -0.00643106 0)
(2.48199 -0.0257112 0)
(2.47932 -0.0634324 0)
(2.48408 -0.0905859 0)
(2.50067 -0.0914801 0)
(2.51415 -0.0774845 0)
(2.53256 -0.051879 0)
(2.55191 -0.0337375 0)
(2.57039 -0.0314853 0)
(2.58331 -0.0314317 0)
(2.42531 -0.82518 0)
(2.52953 -0.805857 0)
(2.65022 -0.746416 0)
(2.7783 -0.622673 0)
(2.86711 -0.535451 0)
(2.92826 -0.36823 0)
(2.92368 -0.203452 0)
(2.95583 -0.143783 0)
(2.98207 -0.046843 0)
(3.02592 0.0392831 0)
(3.03929 0.0465575 0)
(2.99752 0.0703046 0)
(2.9554 0.0704991 0)
(2.95008 0.0639138 0)
(2.95767 0.0457865 0)
(2.97348 0.0263086 0)
(2.97214 0.0227525 0)
(2.96154 0.029125 0)
(2.96123 0.02939 0)
(2.96033 0.0245457 0)
(2.94969 0.00697306 0)
(2.93892 -0.0036836 0)
(2.93572 -0.00228063 0)
(2.90248 0.0311793 0)
(2.76795 0.155084 0)
(2.46722 0.367155 0)
(2.22341 0.402734 0)
(2.02962 0.424877 0)
(1.88144 0.254408 0)
(1.81858 0.119979 0)
(1.84438 0.00918364 0)
(1.92052 -0.0318221 0)
(1.97577 -0.0321546 0)
(2.00577 -0.0234779 0)
(2.03011 -0.0224351 0)
(2.0564 -0.0230116 0)
(2.08629 -0.0247947 0)
(2.11396 -0.0252111 0)
(2.13801 -0.0234559 0)
(2.16168 -0.0219085 0)
(2.1872 -0.0229625 0)
(2.21158 -0.025112 0)
(2.23134 -0.0256513 0)
(2.24943 -0.0264045 0)
(2.2703 -0.0277843 0)
(2.29468 -0.0289281 0)
(2.32104 -0.0292405 0)
(2.34738 -0.0290914 0)
(2.37161 -0.0284533 0)
(2.3915 -0.0272816 0)
(2.40425 -0.0261507 0)
(2.40716 -0.0262865 0)
(2.40947 -0.0292176 0)
(2.4248 -0.0317758 0)
(2.44706 -0.0319878 0)
(2.47125 -0.0314221 0)
(2.49539 -0.0307258 0)
(2.51702 -0.0290935 0)
(2.53454 -0.0282769 0)
(2.54603 -0.0278663 0)
(2.55216 -0.0287396 0)
(2.55755 -0.0295326 0)
(2.56648 -0.0319116 0)
(2.57971 -0.0298744 0)
(2.59581 -0.0299192 0)
(2.6126 -0.0305831 0)
(2.62778 -0.028829 0)
(2.64232 -0.0273369 0)
(2.65503 -0.0280661 0)
(2.66379 -0.0320258 0)
(2.66878 -0.0303886 0)
(2.67811 -0.0286624 0)
(2.69 -0.0307388 0)
(2.70467 -0.02563 0)
(2.71366 -0.023359 0)
(2.71568 -0.013477 0)
(2.71205 0.00718395 0)
(2.68521 0.0415128 0)
(2.63248 0.0840239 0)
(2.56303 0.142968 0)
(2.51955 0.145765 0)
(2.51643 0.190775 0)
(2.51649 0.185603 0)
(2.5026 0.145913 0)
(2.48601 0.119496 0)
(2.45519 0.103054 0)
(2.43705 0.0788145 0)
(2.4376 0.0511324 0)
(2.46517 0.00938379 0)
(2.48284 -0.0221065 0)
(2.49197 -0.0332602 0)
(2.50639 -0.0294624 0)
(2.52887 -0.0192385 0)
(2.55138 -0.0102205 0)
(2.56138 -0.0186884 0)
(2.56236 -0.0262322 0)
)
;

boundaryField
{
    inlet
    {
        type            fixedValue;
        value           uniform (3 0 0);
    }
    outlet
    {
        type            inletOutlet;
        inletValue      uniform (3 0 0);
        value           nonuniform List<vector> 
32
(
(2.56273 0.0258909 0)
(2.58375 0.034459 0)
(2.59895 0.0672493 0)
(2.60578 0.0921864 0)
(2.63262 0.0657386 0)
(2.65123 0.0473755 0)
(2.69273 -0.0951498 0)
(2.7196 -0.182037 0)
(2.72494 -0.184302 0)
(2.72876 -0.16551 0)
(2.73707 -0.144628 0)
(2.75109 -0.120793 0)
(2.75886 -0.0927719 0)
(2.75873 -0.0635436 0)
(2.76682 -0.0373021 0)
(2.75883 -0.0131148 0)
(2.75882 0.0188392 0)
(2.76805 0.0424275 0)
(2.76224 0.0689995 0)
(2.75452 0.0938617 0)
(2.75173 0.122881 0)
(2.73747 0.147743 0)
(2.72875 0.171679 0)
(2.72396 0.187678 0)
(2.71644 0.184079 0)
(2.68997 0.0926548 0)
(2.65029 -0.0520708 0)
(2.63049 -0.0690452 0)
(2.60605 -0.0918968 0)
(2.6005 -0.0640553 0)
(2.58331 -0.0314317 0)
(2.56236 -0.0262322 0)
)
;
    }
    bottom
    {
        type            symmetryPlane;
    }
    top
    {
        type            symmetryPlane;
    }
    obstacle
    {
        type            slip;
    }
    defaultFaces
    {
        type            empty;
    }
}


// ************************************************************************* //
