/*--------------------------------*- C++ -*----------------------------------*\
  =========                 |
  \\      /  F ield         | OpenFOAM: The Open Source CFD Toolbox
   \\    /   O peration     | Website:  https://openfoam.org
    \\  /    A nd           | Version:  7
     \\/     M anipulation  |
\*---------------------------------------------------------------------------*/
FoamFile
{
    version     2.0;
    format      ascii;
    class       volVectorField;
    location    "2.5";
    object      U;
}
// * * * * * * * * * * * * * * * * * * * * * * * * * * * * * * * * * * * * * //

dimensions      [0 1 -1 0 0 0 0];

internalField   nonuniform List<vector> 
4608
(
(3 -2.39361e-16 0)
(3 -4.78685e-16 0)
(3 -1.98431e-16 0)
(3 1.93807e-16 0)
(3 -9.39279e-17 0)
(3 -5.99222e-16 0)
(3 -4.7104e-16 0)
(3 -5.02915e-16 0)
(3 2.6706e-16 0)
(3 7.58589e-16 0)
(3 8.48976e-16 0)
(3 6.85973e-17 0)
(3 -2.90932e-16 0)
(3 -3.1894e-16 0)
(3 -3.74106e-16 0)
(3 -4.54069e-16 0)
(3 -7.76622e-16 0)
(3 -1.15362e-15 0)
(3 -1.2095e-15 0)
(3 -5.31436e-16 0)
(3 -4.48288e-16 0)
(3 7.23131e-16 0)
(3 1.44442e-15 0)
(3 1.01382e-15 0)
(3 -8.68931e-17 0)
(3 2.76433e-16 0)
(3 6.34961e-16 0)
(3 1.30213e-15 0)
(3 1.27146e-15 0)
(3 -4.32473e-17 0)
(3 -1.67447e-16 0)
(3 -4.14564e-16 0)
(3 1.08924e-15 0)
(3 2.2084e-15 0)
(3 2.2814e-15 0)
(3 1.69442e-15 0)
(3 1.0906e-15 0)
(3 1.4681e-15 0)
(3 7.4396e-16 0)
(3 4.33236e-16 0)
(3 -4.11749e-16 0)
(3 -1.29759e-15 0)
(3 -1.09438e-15 0)
(3 -3.41287e-16 0)
(3 -1.93482e-17 0)
(3 6.5105e-16 0)
(3 1.07432e-15 0)
(3 1.05154e-15 0)
(3 8.29533e-17 0)
(3 6.54681e-16 0)
(3 1.00333e-15 0)
(3 1.83809e-15 0)
(3 2.14816e-15 0)
(3 1.95204e-15 0)
(3 1.37419e-15 0)
(3 8.29194e-16 0)
(3 1.14916e-15 0)
(3 2.31873e-15 0)
(3 3.22164e-15 0)
(3 3.54317e-15 0)
(3 3.87493e-15 0)
(3 3.01439e-15 0)
(3 2.89004e-15 0)
(3 2.58028e-15 0)
(3 1.04891e-15 0)
(3 2.58813e-16 0)
(3 -2.02527e-17 0)
(3 -3.92764e-16 0)
(3 -1.04173e-15 0)
(3 -1.42347e-15 0)
(3 -1.08985e-15 0)
(3 -7.51601e-16 0)
(3 -2.13798e-16 0)
(3 -6.74122e-16 0)
(3 -1.40479e-16 0)
(3 8.78854e-16 0)
(3 1.31859e-15 0)
(3 1.55317e-15 0)
(3 9.2083e-16 0)
(3 5.74784e-16 0)
(3 9.0167e-16 0)
(3 1.41482e-15 0)
(3 1.99449e-15 0)
(3 2.39548e-15 0)
(3 2.56582e-15 0)
(3 2.59826e-15 0)
(3 2.10613e-15 0)
(3 1.50107e-15 0)
(3 1.09375e-15 0)
(3 1.00329e-15 0)
(3 9.92524e-16 0)
(3 5.46307e-16 0)
(3 -1.32471e-16 0)
(3 -8.683e-16 0)
(3 -1.57604e-15 0)
(3 -1.06924e-15 0)
(3 -2.78478e-16 0)
(3 -9.71153e-16 0)
(3 -5.16249e-16 0)
(3 2.43496e-17 0)
(3 4.24852e-16 0)
(3 6.62733e-16 0)
(3 7.55819e-16 0)
(3 7.24593e-16 0)
(3 4.95988e-16 0)
(3 3.09904e-16 0)
(3 7.07457e-16 0)
(3 1.19551e-15 0)
(3 1.0647e-15 0)
(3 1.25128e-15 0)
(3 1.08802e-15 0)
(3 1.13409e-15 0)
(3 7.22111e-16 0)
(3 6.48414e-16 0)
(3 1.26586e-15 0)
(3 1.57597e-15 0)
(3 1.44754e-15 0)
(3 7.30452e-16 0)
(3 -4.67444e-16 0)
(3 -2.36423e-16 0)
(3 1.28165e-16 0)
(3 -6.22875e-17 0)
(3 -2.49621e-16 0)
(3 -2.74225e-16 0)
(3 2.60693e-16 0)
(3 8.14144e-16 0)
(3 7.6576e-16 0)
(3 7.90396e-16 0)
(3 4.62765e-16 0)
(3 2.82217e-16 0)
(3 4.30461e-17 0)
(3 2.37049e-16 0)
(3 2.43357e-19 0)
(3 1.60566e-16 0)
(3 4.38754e-16 0)
(3 2.45898e-16 0)
(3 -2.9589e-16 0)
(3 -2.36138e-16 0)
(3 1.04761e-15 0)
(3 1.9926e-15 0)
(3 1.60687e-15 0)
(3 -6.67879e-16 0)
(3 -1.02465e-15 0)
(3 -1.76911e-16 0)
(3 8.48809e-17 0)
(3 2.74665e-16 0)
(3 6.41974e-17 0)
(3 -3.31562e-16 0)
(3 -8.51167e-17 0)
(3 9.21675e-17 0)
(3 1.45368e-16 0)
(3 4.27138e-16 0)
(3 4.75819e-16 0)
(3 3.67483e-16 0)
(3 -6.27958e-16 0)
(3 -9.8793e-16 0)
(3 -6.06843e-16 0)
(3 -4.79911e-16 0)
(3 -2.98862e-16 0)
(3 -4.3965e-16 0)
(3 -6.33425e-17 0)
(3 8.64208e-16 0)
(3 1.11682e-15 0)
(3 1.18469e-15 0)
(3 5.4507e-16 0)
(3 -1.40495e-15 0)
(3 -1.56881e-15 0)
(3 -2.8228e-17 0)
(3 2.96912e-16 0)
(3 6.20413e-16 0)
(3 2.5219e-16 0)
(3 -1.57504e-16 0)
(3 -4.25526e-16 0)
(3 -6.78889e-16 0)
(3 -2.59532e-16 0)
(3 -1.02871e-16 0)
(3 -5.80206e-16 0)
(3 -6.09936e-16 0)
(3 -6.14285e-16 0)
(3 -4.06242e-16 0)
(3 6.17593e-17 0)
(3 -2.3606e-16 0)
(3 -8.02877e-16 0)
(3 -5.69023e-16 0)
(3 1.04997e-15 0)
(3 1.8439e-15 0)
(3 2.05773e-15 0)
(3 2.04896e-15 0)
(3 1.29691e-15 0)
(3 1.97814e-17 0)
(3 -4.35992e-16 0)
(3 6.09549e-16 0)
(3 1.08855e-16 0)
(3 2.59713e-16 0)
(3 3.88981e-16 0)
(3 8.56836e-16 0)
(3 4.98082e-16 0)
(3 -9.26516e-16 0)
(3 -1.38638e-15 0)
(3 -1.39841e-15 0)
(3 -9.46854e-16 0)
(3 -5.67888e-16 0)
(3 -4.22993e-17 0)
(3 1.5009e-16 0)
(3 2.62785e-16 0)
(3 5.7111e-16 0)
(3 -2.58884e-16 0)
(3 -6.04912e-16 0)
(3 -3.1048e-16 0)
(3 4.27507e-16 0)
(3 1.05962e-15 0)
(3 1.73385e-15 0)
(3 6.83508e-16 0)
(3 3.40437e-16 0)
(3 8.25108e-17 0)
(3 4.70833e-16 0)
(3 -3.50989e-17 0)
(3 2.0637e-16 0)
(3 6.59132e-16 0)
(3 6.7183e-16 0)
(3 3.07411e-16 0)
(3 -2.54379e-16 0)
(3 -6.10877e-16 0)
(3 -5.19879e-16 0)
(3 -1.25798e-16 0)
(3 -2.17265e-16 0)
(3 -1.15984e-16 0)
(3 -3.40419e-16 0)
(3 -1.72159e-16 0)
(3 2.33606e-16 0)
(3 6.03428e-16 0)
(3 1.57829e-16 0)
(3 -1.04049e-16 0)
(3 1.13015e-18 0)
(3 1.71537e-16 0)
(3 2.89421e-16 0)
(3 1.81472e-15 0)
(3 2.27731e-15 0)
(3 2.79444e-15 0)
(3 2.19021e-15 0)
(3 3.00725e-16 0)
(3 2.07057e-16 0)
(3 2.43693e-16 0)
(3 -1.67608e-17 0)
(3 -5.38667e-16 0)
(3 -7.82985e-17 0)
(3 4.00069e-16 0)
(3 5.85131e-16 0)
(3 4.40645e-16 0)
(3 1.27223e-16 0)
(3 5.30932e-17 0)
(3 -2.8551e-16 0)
(3 -7.13714e-16 0)
(3 -5.04579e-16 0)
(3 1.58677e-16 0)
(3 1.31906e-16 0)
(3 -2.32483e-16 0)
(3 -3.59203e-16 0)
(3 -2.1726e-16 0)
(3 1.39201e-16 0)
(3 2.88646e-15 0)
(3 4.73543e-15 0)
(3 5.43996e-15 0)
(3 3.12375e-15 0)
(3 -9.3061e-17 0)
(3 -6.52522e-16 0)
(3 -5.8813e-16 0)
(3 -6.0069e-16 0)
(3 -6.69902e-16 0)
(3 -5.98487e-16 0)
(3 -2.8575e-16 0)
(3 -4.47034e-16 0)
(3 -5.54509e-16 0)
(3 -7.85928e-16 0)
(3 -5.77746e-16 0)
(3 -4.54669e-16 0)
(3 -8.73384e-16 0)
(3 -6.53087e-16 0)
(3 -6.38986e-16 0)
(3 2.62531e-17 0)
(3 -1.97201e-16 0)
(3 -2.91296e-16 0)
(3 -2.36322e-16 0)
(3 -5.69811e-16 0)
(3 2.69813e-16 0)
(3 1.61149e-15 0)
(3 3.04203e-15 0)
(3 3.53288e-15 0)
(3 -1.2536e-16 0)
(3 -3.96374e-16 0)
(3 -4.89017e-16 0)
(3 -4.15712e-16 0)
(3 -4.61754e-16 0)
(3 -8.79643e-16 0)
(3 -8.91967e-16 0)
(3 -7.90162e-16 0)
(3 -7.6811e-16 0)
(3 -5.33545e-16 0)
(3 -4.58721e-16 0)
(3 1.47311e-16 0)
(3 6.85757e-17 0)
(3 3.1044e-16 0)
(3 -1.01069e-16 0)
(3 5.03676e-16 0)
(3 1.03213e-15 0)
(3 9.9071e-16 0)
(3 3.15928e-16 0)
(3 -6.27462e-16 0)
(3 -3.55091e-16 0)
(3 1.27545e-15 0)
(3 1.33512e-15 0)
(3 1.46894e-15 0)
(3 9.08733e-17 0)
(3 1.47545e-16 0)
(3 1.58508e-16 0)
(3 5.43805e-16 0)
(3 3.77749e-16 0)
(3 -3.07896e-16 0)
(3 -7.88256e-16 0)
(3 -9.93342e-16 0)
(3 -8.72507e-16 0)
(3 -7.29872e-16 0)
(3 -6.70589e-16 0)
(3 -7.14212e-16 0)
(3 -6.0184e-16 0)
(3 -5.36352e-16 0)
(3 -1.05962e-16 0)
(3 4.73583e-16 0)
(3 1.19231e-15 0)
(3 1.62376e-15 0)
(3 1.26205e-15 0)
(3 1.20731e-15 0)
(3 1.27147e-15 0)
(3 2.38425e-15 0)
(3 1.4103e-15 0)
(3 8.16983e-16 0)
(3 6.80464e-17 0)
(3 4.11536e-16 0)
(3 3.90751e-16 0)
(3 -1.04187e-16 0)
(3 -2.84995e-17 0)
(3 1.00807e-16 0)
(3 -3.18464e-16 0)
(3 -5.97618e-16 0)
(3 -1.29726e-15 0)
(3 -1.35122e-15 0)
(3 -1.24055e-15 0)
(3 -1.44663e-15 0)
(3 -1.34947e-15 0)
(3 -1.04897e-15 0)
(3 -3.74494e-16 0)
(3 -1.21599e-16 0)
(3 4.92093e-16 0)
(3 1.02423e-15 0)
(3 1.94505e-15 0)
(3 1.98576e-15 0)
(3 1.03552e-15 0)
(3 1.41302e-16 0)
(3 -6.63371e-16 0)
(3 -5.93275e-16 0)
(3 1.30573e-16 0)
(3 2.88991e-16 0)
(3 1.19251e-16 0)
(3 -2.28668e-16 0)
(3 -7.54801e-17 0)
(3 3.8641e-16 0)
(3 2.34591e-16 0)
(3 2.87479e-16 0)
(3 -1.74762e-17 0)
(3 2.39922e-16 0)
(3 -5.78456e-17 0)
(3 -3.46169e-16 0)
(3 -4.34739e-16 0)
(3 -3.15684e-16 0)
(3 -4.75347e-16 0)
(3 -3.36039e-16 0)
(3 -5.90863e-16 0)
(3 -5.14387e-16 0)
(3 -6.44923e-16 0)
(3 -5.48144e-16 0)
(3 -7.13504e-16 0)
(3 -2.51987e-15 0)
(3 -4.07164e-15 0)
(3 -3.60509e-15 0)
(3 -5.02482e-17 0)
(3 -4.01633e-17 0)
(3 -1.43881e-16 0)
(3 -1.41305e-16 0)
(3 6.22536e-16 0)
(3 1.13886e-15 0)
(3 1.47274e-15 0)
(3 1.2425e-15 0)
(3 8.30557e-16 0)
(3 1.69008e-16 0)
(3 -2.61537e-17 0)
(3 3.33174e-16 0)
(3 6.71866e-16 0)
(3 6.2027e-16 0)
(3 7.38304e-17 0)
(3 1.47507e-18 0)
(3 -7.70323e-16 0)
(3 -7.73326e-16 0)
(3 -2.17969e-15 0)
(3 -2.8819e-15 0)
(3 -3.15251e-15 0)
(3 -3.58636e-15 0)
(3 -3.21447e-15 0)
(3 -2.99639e-15 0)
(3 -2.53527e-16 0)
(3 1.25732e-17 0)
(3 1.38652e-16 0)
(3 -1.49194e-19 0)
(3 2.95643e-18 0)
(3 6.12432e-17 0)
(3 4.5122e-16 0)
(3 5.65225e-16 0)
(3 5.61266e-16 0)
(3 1.41908e-17 0)
(3 -1.61021e-16 0)
(3 7.57743e-17 0)
(3 -1.27833e-16 0)
(3 -5.33889e-17 0)
(3 -1.10561e-16 0)
(3 -5.3737e-16 0)
(3 -8.40901e-16 0)
(3 -1.13278e-15 0)
(3 -1.95786e-15 0)
(3 -2.27875e-15 0)
(3 -2.42441e-15 0)
(3 -1.75207e-15 0)
(3 -1.38275e-15 0)
(3 -1.54168e-15 0)
(3 3.92241e-17 0)
(3 9.5556e-17 0)
(3 9.02401e-17 0)
(3 -2.79671e-17 0)
(3 -7.94116e-16 0)
(3 -1.44735e-15 0)
(3 -1.63222e-15 0)
(3 -8.4511e-16 0)
(3 6.33846e-16 0)
(3 1.1215e-15 0)
(3 9.64733e-16 0)
(3 1.61868e-16 0)
(3 -9.16961e-16 0)
(3 -1.38047e-15 0)
(3 -1.82692e-15 0)
(3 -1.8937e-15 0)
(3 -1.40865e-15 0)
(3 -1.63798e-15 0)
(3 -1.32225e-15 0)
(3 -6.56009e-16 0)
(3 -2.85592e-16 0)
(3 3.94014e-16 0)
(3 2.07747e-16 0)
(3 3.07008e-16 0)
(3 1.98569e-16 0)
(3 6.54696e-18 0)
(3 -1.89469e-16 0)
(3 -8.35085e-17 0)
(3 -2.80154e-16 0)
(3 -1.34536e-16 0)
(3 -4.89164e-16 0)
(3 -2.67342e-16 0)
(3 1.50372e-16 0)
(3 -1.71404e-16 0)
(3 -1.63147e-16 0)
(3 -2.95432e-16 0)
(3 -6.99638e-16 0)
(3 -1.00631e-15 0)
(3 -1.1583e-15 0)
(3 -6.01462e-16 0)
(3 -8.26122e-16 0)
(3 2.26037e-16 0)
(3 1.1957e-15 0)
(3 1.13515e-15 0)
(3 6.16992e-16 0)
(3 9.71458e-16 0)
(3 2.38105e-15 0)
(3 2.4974e-15 0)
(3 -1.35552e-17 0)
(3 -1.8351e-16 0)
(3 -3.75862e-16 0)
(3 -2.79139e-16 0)
(3 -1.81297e-17 0)
(3 1.86427e-16 0)
(3 1.80688e-16 0)
(3 -1.04944e-15 0)
(3 -1.2697e-15 0)
(3 -1.21712e-15 0)
(3 -1.0451e-15 0)
(3 -3.53008e-16 0)
(3 1.50744e-16 0)
(3 5.01973e-16 0)
(3 1.12958e-15 0)
(3 1.3104e-15 0)
(3 1.52298e-15 0)
(3 1.88048e-15 0)
(3 2.74365e-15 0)
(3 1.18937e-16 0)
(3 -1.31581e-15 0)
(3 -8.91839e-16 0)
(3 5.10639e-16 0)
(3 6.21518e-16 0)
(3 -3.95369e-16 0)
(3 -4.44098e-16 0)
(3 -4.4844e-16 0)
(3 -4.2644e-16 0)
(3 -1.36749e-16 0)
(3 7.66241e-17 0)
(3 3.27441e-16 0)
(3 1.09399e-16 0)
(3 -3.70679e-17 0)
(3 3.10978e-17 0)
(3 3.04217e-16 0)
(3 5.57048e-16 0)
(3 3.48763e-16 0)
(3 3.17518e-16 0)
(3 7.86757e-16 0)
(3 1.04122e-15 0)
(3 1.45495e-15 0)
(3 1.06379e-15 0)
(3 1.1483e-15 0)
(3 6.19266e-16 0)
(3 -6.30504e-16 0)
(3 -1.49575e-15 0)
(3 -1.82345e-15 0)
(3 -1.7612e-15 0)
(3 9.16988e-18 0)
(3 -2.00011e-17 0)
(3 -1.24125e-16 0)
(3 -1.4833e-16 0)
(3 2.58249e-17 0)
(3 1.87032e-16 0)
(3 1.42398e-16 0)
(3 2.01791e-16 0)
(3 2.00162e-16 0)
(3 1.58098e-16 0)
(3 5.77989e-16 0)
(3 3.49872e-16 0)
(3 -2.34095e-16 0)
(3 -9.24183e-16 0)
(3 -6.08369e-16 0)
(3 -6.81997e-17 0)
(3 -2.97609e-16 0)
(3 -4.07168e-16 0)
(3 -6.1641e-16 0)
(3 -5.24262e-16 0)
(3 -1.36756e-15 0)
(3 -2.84693e-15 0)
(3 -3.83761e-15 0)
(3 -3.72756e-15 0)
(3 1.55616e-16 0)
(3 1.00898e-16 0)
(3 -1.45369e-17 0)
(3 -4.92162e-16 0)
(3 -7.55336e-16 0)
(3 -1.16881e-15 0)
(3 -1.25318e-15 0)
(3 -5.41426e-16 0)
(3 1.03235e-16 0)
(3 2.12483e-16 0)
(3 2.51764e-16 0)
(3 1.65447e-16 0)
(3 5.97754e-16 0)
(3 8.7792e-16 0)
(3 7.27278e-16 0)
(3 3.10899e-16 0)
(3 -7.68862e-16 0)
(3 -1.34302e-15 0)
(3 -1.92128e-15 0)
(3 -2.02018e-15 0)
(3 -2.35024e-15 0)
(3 -3.63824e-15 0)
(3 -3.7296e-15 0)
(3 -3.639e-15 0)
(3 -2.80101e-16 0)
(3 -3.21538e-16 0)
(3 -2.06894e-16 0)
(3 -3.77195e-16 0)
(3 -2.89513e-16 0)
(3 1.62134e-16 0)
(3 2.9834e-16 0)
(3 1.94166e-16 0)
(3 8.56669e-17 0)
(3 4.80363e-16 0)
(3 2.86447e-16 0)
(3 3.86219e-16 0)
(3 6.28198e-16 0)
(3 1.02729e-15 0)
(3 4.8209e-16 0)
(3 -2.42619e-16 0)
(3 -2.73138e-16 0)
(3 -7.91627e-16 0)
(3 -1.08217e-15 0)
(3 -1.39902e-15 0)
(3 -9.6281e-16 0)
(3 -6.45594e-16 0)
(3 -1.75434e-16 0)
(3 -1.14e-15 0)
(3 9.45231e-17 0)
(3 1.44358e-16 0)
(3 -1.57545e-16 0)
(3 -2.27411e-16 0)
(3 -7.82233e-17 0)
(3 1.20232e-16 0)
(3 -7.42111e-19 0)
(3 -4.81713e-16 0)
(3 -6.30688e-16 0)
(3 -4.04211e-16 0)
(3 -2.31622e-16 0)
(3 5.49408e-17 0)
(3 -2.01031e-17 0)
(3 -3.58982e-16 0)
(3 -4.37609e-16 0)
(3 -5.1079e-16 0)
(3 -5.11787e-16 0)
(3 7.65706e-17 0)
(3 1.13987e-16 0)
(3 -2.10881e-16 0)
(3 5.68976e-17 0)
(3 8.89101e-16 0)
(3 4.84211e-16 0)
(3 -1.1007e-15 0)
(3 2.0683e-16 0)
(3 1.60038e-16 0)
(3 1.07909e-16 0)
(3 5.3295e-16 0)
(3 -3.31599e-16 0)
(3 -1.23505e-15 0)
(3 -1.16613e-15 0)
(3 -7.09577e-16 0)
(3 -1.35644e-16 0)
(3 -6.20763e-16 0)
(3 -3.86061e-16 0)
(3 -5.17116e-16 0)
(3 -4.94604e-16 0)
(3 -6.53742e-16 0)
(3 -5.2647e-16 0)
(3 -2.24653e-16 0)
(3 -3.0569e-16 0)
(3 -2.78556e-16 0)
(3 -7.78805e-16 0)
(3 -2.22597e-16 0)
(3 4.2031e-16 0)
(3 7.60015e-16 0)
(3 1.56671e-16 0)
(3 -2.75351e-15 0)
(3 -2.82282e-16 0)
(3 -6.62704e-16 0)
(3 -4.00398e-16 0)
(3 -1.77123e-16 0)
(3 -3.3442e-16 0)
(3 -3.71525e-16 0)
(3 1.12731e-17 0)
(3 3.95266e-16 0)
(3 8.96917e-16 0)
(3 5.15802e-16 0)
(3 2.56902e-16 0)
(3 -2.56112e-16 0)
(3 -3.43368e-16 0)
(3 -2.40808e-16 0)
(3 -9.22349e-17 0)
(3 4.87129e-16 0)
(3 5.90631e-16 0)
(3 1.27325e-16 0)
(3 -9.67569e-16 0)
(3 -9.99561e-16 0)
(3 -4.81833e-16 0)
(3 -2.9751e-16 0)
(3 1.30039e-16 0)
(3 -1.63552e-15 0)
(3 8.82789e-17 0)
(3 2.6058e-16 0)
(3 -7.4522e-17 0)
(3 -1.53267e-16 0)
(3 -3.80948e-17 0)
(3 4.43046e-16 0)
(3 1.02201e-15 0)
(3 7.02565e-16 0)
(3 -2.43655e-16 0)
(3 -3.49155e-16 0)
(3 -4.2458e-16 0)
(3 -4.42902e-16 0)
(3 -6.19544e-16 0)
(3 -3.90284e-16 0)
(3 -4.09855e-16 0)
(3 -2.14464e-16 0)
(3 -6.25866e-16 0)
(3 -7.27614e-16 0)
(3 -5.96016e-16 0)
(3 -8.38439e-16 0)
(3 -6.75129e-16 0)
(3 -2.41662e-16 0)
(3 4.47502e-16 0)
(3 1.81845e-16 0)
(3 2.73258e-16 0)
(3 8.73748e-16 0)
(3 9.45025e-16 0)
(3 7.37853e-16 0)
(3 1.01867e-15 0)
(3 1.39058e-15 0)
(3 1.16396e-15 0)
(3 1.13367e-15 0)
(3 -1.01659e-15 0)
(3 -2.16907e-15 0)
(3 -2.10278e-15 0)
(3 -1.72833e-15 0)
(3 -1.55509e-15 0)
(3 -1.75023e-15 0)
(3 -2.54442e-15 0)
(3 -3.16979e-15 0)
(3 -3.08318e-15 0)
(3 -2.48221e-15 0)
(3 -6.40923e-16 0)
(3 1.08662e-15 0)
(3 2.22627e-15 0)
(3 2.1516e-15 0)
(3 2.64739e-15 0)
(3 3.41948e-15 0)
(3 -2.05196e-16 0)
(3 -3.45851e-16 0)
(3 -7.49838e-17 0)
(3 1.69297e-16 0)
(3 5.25302e-16 0)
(3 1.30084e-15 0)
(3 1.44639e-15 0)
(3 1.061e-15 0)
(3 2.84864e-16 0)
(3 2.14156e-16 0)
(3 -1.07813e-15 0)
(3 -1.71097e-15 0)
(3 -1.67046e-15 0)
(3 -1.61951e-15 0)
(3 -2.41557e-15 0)
(3 -3.4385e-15 0)
(3 -3.12755e-15 0)
(3 -2.47215e-15 0)
(3 -2.0117e-15 0)
(3 2.75786e-16 0)
(3 2.85385e-15 0)
(3 3.08807e-15 0)
(3 2.92308e-15 0)
(3 2.69367e-15 0)
(3 -2.88787e-16 0)
(3 -4.69129e-16 0)
(3 -3.40903e-16 0)
(3 -4.71527e-17 0)
(3 2.83327e-16 0)
(3 7.16592e-16 0)
(3 1.06982e-15 0)
(3 6.25886e-16 0)
(3 6.59445e-16 0)
(3 8.73151e-16 0)
(3 -1.35474e-17 0)
(3 -5.73427e-16 0)
(3 -7.87806e-16 0)
(3 -8.42156e-16 0)
(3 -9.16873e-16 0)
(3 -1.33347e-15 0)
(3 -1.33067e-15 0)
(3 -1.42446e-15 0)
(3 -1.62249e-15 0)
(3 -6.53714e-16 0)
(3 1.45276e-16 0)
(3 9.03892e-16 0)
(3 1.18596e-15 0)
(3 1.11707e-15 0)
(2.93132 0.0358428 0)
(2.85602 0.0352143 0)
(2.74985 0.159746 0)
(2.67019 0.241482 0)
(2.58295 0.340969 0)
(2.49145 0.452079 0)
(2.43062 0.541421 0)
(2.34871 0.625196 0)
(2.31061 0.72396 0)
(2.25762 0.800048 0)
(2.25076 0.854989 0)
(2.28428 0.887849 0)
(2.32301 0.898699 0)
(2.33507 0.886288 0)
(2.34587 0.881273 0)
(2.34848 0.865444 0)
(2.3489 0.858842 0)
(2.34583 0.852934 0)
(2.3415 0.849817 0)
(2.3413 0.84928 0)
(2.34066 0.848524 0)
(2.33953 0.848234 0)
(2.33789 0.848878 0)
(2.33711 0.849451 0)
(2.99849 0.00163824 0)
(2.99137 0.0105111 0)
(2.96014 0.0486374 0)
(2.90041 0.134468 0)
(2.80828 0.270647 0)
(2.6709 0.47115 0)
(2.54373 0.677771 0)
(2.38121 0.902266 0)
(2.21474 1.07409 0)
(2.16758 1.10136 0)
(2.14921 1.04406 0)
(2.18753 1.00148 0)
(2.24218 0.951609 0)
(2.30469 0.899733 0)
(2.32885 0.858177 0)
(2.34793 0.827167 0)
(2.3563 0.833993 0)
(2.35654 0.842701 0)
(2.35315 0.845956 0)
(2.34859 0.846231 0)
(2.34697 0.846014 0)
(2.34477 0.846249 0)
(2.34226 0.847189 0)
(2.34002 0.84947 0)
(3 3.88147e-07 0)
(3.00002 -2.34297e-05 0)
(2.99994 3.65395e-05 0)
(2.99984 0.000248525 0)
(2.99868 0.00177465 0)
(2.99106 0.0132149 0)
(2.96669 0.0516893 0)
(2.89594 0.176561 0)
(2.7698 0.415712 0)
(2.61206 0.686374 0)
(2.43586 0.859305 0)
(2.33273 0.92693 0)
(2.30008 0.916379 0)
(2.30324 0.902355 0)
(2.30635 0.894375 0)
(2.34294 0.860983 0)
(2.35728 0.859662 0)
(2.35859 0.856345 0)
(2.35763 0.849203 0)
(2.35474 0.848287 0)
(2.35337 0.847218 0)
(2.35373 0.847194 0)
(2.35006 0.848596 0)
(2.34571 0.851627 0)
(3 -1.27744e-09 0)
(3 -1.01287e-06 0)
(3 -2.0225e-06 0)
(3 -1.37146e-06 0)
(3 -8.44625e-06 0)
(2.99999 2.35634e-05 0)
(3.00004 -8.98546e-05 0)
(2.99927 0.00109528 0)
(2.98904 0.0198091 0)
(2.91971 0.139398 0)
(2.68239 0.487882 0)
(2.51507 0.714878 0)
(2.33914 0.892643 0)
(2.26751 0.974105 0)
(2.27355 0.95422 0)
(2.30501 0.912564 0)
(2.33248 0.876691 0)
(2.34626 0.863197 0)
(2.35473 0.851267 0)
(2.36075 0.841322 0)
(2.36045 0.84238 0)
(2.35957 0.845967 0)
(2.35839 0.84553 0)
(2.35243 0.847507 0)
(3 -1.93799e-10 0)
(3 2.972e-09 0)
(3 -8.34817e-08 0)
(3 -1.2895e-07 0)
(3 -5.26618e-07 0)
(3 -6.41073e-07 0)
(3 -5.54686e-06 0)
(3 -5.68412e-06 0)
(3.00002 -4.5759e-05 0)
(2.99944 0.000571992 0)
(2.98207 0.0237143 0)
(2.88415 0.157695 0)
(2.65015 0.466449 0)
(2.36694 0.810713 0)
(2.36405 0.837133 0)
(2.3091 0.878437 0)
(2.31373 0.877356 0)
(2.32926 0.872188 0)
(2.34831 0.850937 0)
(2.35427 0.844973 0)
(2.35942 0.844301 0)
(2.36087 0.84135 0)
(2.35927 0.842048 0)
(2.35394 0.841256 0)
(3 -8.66308e-13 0)
(3 1.47125e-10 0)
(3 3.16362e-10 0)
(3 -8.31112e-10 0)
(3 -2.97129e-10 0)
(3 -3.42702e-08 0)
(3 -8.01891e-08 0)
(3 -3.55061e-07 0)
(3 -5.98377e-06 0)
(3 -5.65655e-06 0)
(3.00002 -5.2755e-05 0)
(2.99894 0.00138236 0)
(2.96708 0.0415042 0)
(2.81463 0.228527 0)
(2.62053 0.518423 0)
(2.30915 0.874958 0)
(2.26219 0.886072 0)
(2.30801 0.876061 0)
(2.31018 0.872082 0)
(2.32344 0.864474 0)
(2.34439 0.852558 0)
(2.34913 0.845531 0)
(2.35061 0.839623 0)
(2.34836 0.840498 0)
(3 4.14711e-14 0)
(3 -8.18373e-14 0)
(3 2.15474e-11 0)
(3 1.579e-11 0)
(3 1.68457e-11 0)
(3 -2.7453e-10 0)
(3 -5.24699e-10 0)
(3 -6.75997e-10 0)
(3 -8.52831e-09 0)
(3 -3.53513e-07 0)
(3 -3.82743e-06 0)
(3.00001 -1.03204e-05 0)
(2.99997 9.629e-06 0)
(2.99621 0.00581207 0)
(2.94707 0.0690984 0)
(2.7085 0.368072 0)
(2.55775 0.595997 0)
(2.3186 0.84047 0)
(2.26693 0.897916 0)
(2.28459 0.877221 0)
(2.31179 0.854695 0)
(2.32476 0.850645 0)
(2.33549 0.848657 0)
(2.33952 0.841911 0)
(3 6.89335e-15 0)
(3 7.58979e-15 0)
(3 1.53537e-14 0)
(3 1.15701e-12 0)
(3 1.88384e-12 0)
(3 2.33547e-12 0)
(3 3.09419e-12 0)
(3 4.48629e-12 0)
(3 6.49945e-11 0)
(3 -5.39462e-10 0)
(3 -1.20247e-08 0)
(3 -1.70544e-06 0)
(3 -1.68531e-06 0)
(3.00001 -1.65028e-05 0)
(2.99963 0.000482341 0)
(2.98406 0.022754 0)
(2.90387 0.149523 0)
(2.56593 0.551496 0)
(2.44027 0.719377 0)
(2.35419 0.807019 0)
(2.32005 0.848296 0)
(2.31301 0.852142 0)
(2.32249 0.848073 0)
(2.32856 0.838082 0)
(3 1.76517e-15 0)
(3 1.86719e-15 0)
(3 1.24868e-15 0)
(3 2.90133e-15 0)
(3 1.9024e-14 0)
(3 2.75037e-13 0)
(3 9.00264e-13 0)
(3 1.91028e-12 0)
(3 1.40874e-11 0)
(3 2.00531e-11 0)
(3 4.81694e-11 0)
(3 -1.60291e-08 0)
(3 -1.58308e-07 0)
(3 -3.58791e-06 0)
(3 -1.88463e-06 0)
(2.99999 8.60756e-06 0)
(2.9977 0.00371951 0)
(2.93957 0.0819864 0)
(2.8205 0.286831 0)
(2.45092 0.718752 0)
(2.34723 0.830803 0)
(2.32542 0.836887 0)
(2.32109 0.839229 0)
(2.31609 0.841025 0)
(3 2.25189e-15 0)
(3 2.38601e-15 0)
(3 4.44036e-16 0)
(3 3.49023e-16 0)
(3 -5.71159e-16 0)
(3 2.06179e-15 0)
(3 4.54889e-14 0)
(3 1.64447e-13 0)
(3 5.31723e-13 0)
(3 3.851e-12 0)
(3 7.07723e-12 0)
(3 1.13179e-10 0)
(3 -1.52063e-09 0)
(3 -3.01262e-08 0)
(3 -4.61405e-07 0)
(3 -7.62635e-07 0)
(3.00001 -1.54725e-05 0)
(2.99934 0.00124063 0)
(2.98952 0.0201932 0)
(2.84189 0.218265 0)
(2.64144 0.499924 0)
(2.4476 0.737991 0)
(2.32194 0.87643 0)
(2.30404 0.863742 0)
(3 2.69997e-15 0)
(3 3.46609e-15 0)
(3 1.67586e-15 0)
(3 -7.01536e-16 0)
(3 -2.20164e-15 0)
(3 -3.83065e-15 0)
(3 -4.22453e-15 0)
(3 7.94314e-16 0)
(3 6.97566e-16 0)
(3 3.49562e-14 0)
(3 5.27249e-13 0)
(3 1.80615e-11 0)
(3 1.51057e-11 0)
(3 2.23675e-10 0)
(3 -4.76958e-09 0)
(3 -7.73156e-08 0)
(3 -2.34035e-06 0)
(3 -5.19779e-06 0)
(2.99996 5.02048e-05 0)
(2.99316 0.0114737 0)
(2.94776 0.0900716 0)
(2.68765 0.44523 0)
(2.47436 0.725159 0)
(2.38069 0.791726 0)
(3 3.0059e-15 0)
(3 2.0429e-15 0)
(3 7.18656e-16 0)
(3 5.05929e-16 0)
(3 2.06708e-16 0)
(3 -2.43939e-15 0)
(3 -4.17217e-15 0)
(3 -3.94043e-15 0)
(3 -4.30974e-15 0)
(3 -3.81712e-15 0)
(3 -1.41099e-15 0)
(3 3.24282e-13 0)
(3 2.60232e-12 0)
(3 2.2592e-11 0)
(3 6.77673e-11 0)
(3 -1.74692e-09 0)
(3 -4.77991e-08 0)
(3 -1.32128e-06 0)
(3 -1.50077e-06 0)
(2.99999 1.71354e-05 0)
(2.99869 0.00271939 0)
(2.9605 0.0588544 0)
(2.77063 0.337844 0)
(2.56996 0.622445 0)
(3 8.81067e-16 0)
(3 -8.17744e-18 0)
(3 -1.04137e-15 0)
(3 -5.20281e-16 0)
(3 -8.95063e-16 0)
(3 -1.47198e-15 0)
(3 -1.65784e-15 0)
(3 -1.63535e-15 0)
(3 -1.57069e-15 0)
(3 -8.35254e-16 0)
(3 -6.76165e-16 0)
(3 -1.21386e-15 0)
(3 2.01085e-14 0)
(3 9.50551e-13 0)
(3 1.73735e-11 0)
(3 1.32579e-11 0)
(3 3.132e-11 0)
(3 -2.02753e-08 0)
(3 -3.65844e-07 0)
(3 -5.54261e-07 0)
(3 1.54646e-06 0)
(2.99926 0.00127648 0)
(2.97574 0.0434951 0)
(2.87208 0.226135 0)
(3 6.2285e-16 0)
(3 1.08685e-15 0)
(3 1.64475e-15 0)
(3 9.66173e-16 0)
(3 -3.83909e-16 0)
(3 7.36788e-17 0)
(3 -3.47506e-16 0)
(3 -4.57199e-16 0)
(3 -3.24125e-16 0)
(3 1.68718e-15 0)
(3 1.7877e-15 0)
(3 9.71227e-16 0)
(3 2.2656e-16 0)
(3 -6.49988e-16 0)
(3 8.01983e-13 0)
(3 3.03338e-12 0)
(3 2.47098e-11 0)
(3 6.55193e-11 0)
(3 -1.9522e-08 0)
(3 -1.07249e-07 0)
(3 -1.76448e-07 0)
(3 -3.56673e-06 0)
(2.99958 0.000949362 0)
(2.99504 0.0122327 0)
(3 -6.21216e-16 0)
(3 -1.23575e-15 0)
(3 -9.55596e-16 0)
(3 -8.29618e-16 0)
(3 -9.69953e-17 0)
(3 2.44572e-16 0)
(3 -8.11722e-17 0)
(3 -6.04516e-16 0)
(3 -2.81904e-16 0)
(3 3.01235e-17 0)
(3 7.10017e-16 0)
(3 9.13426e-16 0)
(3 5.05054e-16 0)
(3 1.38424e-16 0)
(3 4.20361e-15 0)
(3 1.07569e-13 0)
(3 1.67523e-12 0)
(3 7.8816e-12 0)
(3 -4.27467e-11 0)
(3 -8.31762e-09 0)
(3 -3.90179e-08 0)
(3 -7.0728e-07 0)
(3 4.80943e-06 0)
(3 -5.42327e-05 0)
(3 -3.15504e-15 0)
(3 -3.13218e-15 0)
(3 -2.78389e-15 0)
(3 -1.35583e-15 0)
(3 -5.66165e-16 0)
(3 -9.42483e-16 0)
(3 -4.64601e-16 0)
(3 -6.9827e-17 0)
(3 4.65679e-16 0)
(3 1.62294e-16 0)
(3 -7.42589e-17 0)
(3 4.46339e-16 0)
(3 1.18031e-15 0)
(3 2.39808e-15 0)
(3 1.94561e-15 0)
(3 1.82113e-15 0)
(3 2.42039e-14 0)
(3 8.02013e-13 0)
(3 3.96552e-13 0)
(3 -4.43382e-11 0)
(3 -3.74167e-09 0)
(3 -5.20084e-08 0)
(3 -1.21985e-07 0)
(3 -1.06773e-05 0)
(3 -2.44701e-15 0)
(3 -2.10158e-15 0)
(3 -1.08771e-15 0)
(3 1.83249e-16 0)
(3 3.05848e-16 0)
(3 -1.76927e-16 0)
(3 -2.50573e-16 0)
(3 7.23002e-16 0)
(3 1.69375e-15 0)
(3 1.84695e-15 0)
(3 1.08076e-15 0)
(3 5.73452e-16 0)
(3 2.60229e-16 0)
(3 1.94771e-16 0)
(3 -6.70884e-16 0)
(3 -5.77905e-15 0)
(3 5.0603e-17 0)
(3 -6.05134e-13 0)
(3 -7.15649e-13 0)
(3 1.33387e-10 0)
(3 1.72034e-09 0)
(3 7.8819e-08 0)
(3 1.23938e-06 0)
(3 -1.242e-06 0)
(3 -8.38999e-16 0)
(3 -5.83897e-16 0)
(3 -9.60204e-17 0)
(3 6.75614e-16 0)
(3 1.56166e-15 0)
(3 1.24302e-15 0)
(3 1.01902e-15 0)
(3 1.80934e-15 0)
(3 2.05986e-15 0)
(3 1.97678e-15 0)
(3 9.06759e-16 0)
(3 -3.05712e-16 0)
(3 -1.30671e-15 0)
(3 -1.41362e-15 0)
(3 -2.51572e-15 0)
(3 -1.63281e-13 0)
(3 -2.24181e-12 0)
(3 -2.24822e-12 0)
(3 1.05054e-10 0)
(3 1.32967e-08 0)
(3 6.39684e-08 0)
(3 9.32378e-08 0)
(3 5.43289e-06 0)
(2.99997 -6.17088e-05 0)
(3 -6.08796e-16 0)
(3 -8.40353e-16 0)
(3 -8.11694e-16 0)
(3 -7.43509e-16 0)
(3 -3.11449e-16 0)
(3 -4.13703e-17 0)
(3 5.96478e-16 0)
(3 9.72841e-16 0)
(3 1.07095e-15 0)
(3 9.2749e-16 0)
(3 8.24666e-16 0)
(3 2.43071e-16 0)
(3 -1.75289e-15 0)
(3 -3.76466e-15 0)
(3 -8.06035e-13 0)
(3 -3.35949e-12 0)
(3 -2.4629e-11 0)
(3 -2.65862e-11 0)
(3 1.75771e-08 0)
(3 1.78794e-07 0)
(3 2.77201e-07 0)
(3 6.05467e-07 0)
(2.9997 -0.000634774 0)
(2.98999 -0.0190506 0)
(3 1.19786e-15 0)
(3 -1.7822e-15 0)
(3 -2.07643e-15 0)
(3 -2.23279e-15 0)
(3 -2.86393e-15 0)
(3 -2.56235e-15 0)
(3 -1.59635e-15 0)
(3 -1.79703e-15 0)
(3 -1.26965e-15 0)
(3 -6.03618e-16 0)
(3 -5.4067e-17 0)
(3 -1.60006e-16 0)
(3 -1.80944e-14 0)
(3 -8.4324e-13 0)
(3 -1.58915e-11 0)
(3 -1.3156e-11 0)
(3 -1.11979e-10 0)
(3 2.39037e-08 0)
(3 2.8161e-07 0)
(3 5.35171e-07 0)
(3 2.00093e-06 0)
(2.99931 -0.00149245 0)
(2.97892 -0.033954 0)
(2.83666 -0.259035 0)
(3 2.18539e-16 0)
(3 2.03701e-16 0)
(3 -1.86509e-15 0)
(3 -2.92626e-15 0)
(3 -2.54639e-15 0)
(3 -2.08763e-15 0)
(3 -1.83896e-15 0)
(3 -2.30362e-15 0)
(3 -3.79966e-15 0)
(3 -3.34636e-15 0)
(3 -3.39387e-15 0)
(3 -3.00938e-13 0)
(3 -2.57666e-12 0)
(3 -2.34307e-11 0)
(3 -5.53623e-11 0)
(3 1.85603e-09 0)
(3 4.36966e-08 0)
(3 1.20838e-06 0)
(3 1.27346e-06 0)
(3 2.07091e-06 0)
(2.9984 -0.00338455 0)
(2.96819 -0.0504673 0)
(2.75553 -0.35154 0)
(2.53779 -0.637758 0)
(3 -1.27912e-15 0)
(3 2.91561e-16 0)
(3 9.4236e-16 0)
(3 4.51747e-16 0)
(3 1.97379e-16 0)
(3 7.03549e-16 0)
(3 -4.84867e-16 0)
(3 -5.56393e-15 0)
(3 -7.72987e-15 0)
(3 -4.29001e-14 0)
(3 -5.49198e-13 0)
(3 -1.79277e-11 0)
(3 -1.50764e-11 0)
(3 -2.32818e-10 0)
(3 4.81339e-09 0)
(3 7.37601e-08 0)
(3 2.31799e-06 0)
(3 4.81717e-06 0)
(2.99996 -5.21339e-05 0)
(2.9935 -0.010724 0)
(2.94409 -0.0963564 0)
(2.70314 -0.427081 0)
(2.45578 -0.749588 0)
(2.37447 -0.776681 0)
(3 -1.97788e-15 0)
(3 -2.00801e-16 0)
(3 1.7795e-15 0)
(3 3.09452e-15 0)
(3 3.90222e-15 0)
(3 1.19255e-15 0)
(3 -4.19976e-14 0)
(3 -1.59272e-13 0)
(3 -5.40406e-13 0)
(3 -3.77038e-12 0)
(3 -7.91731e-12 0)
(3 -1.07846e-10 0)
(3 1.32746e-09 0)
(3 3.7092e-08 0)
(3 3.9669e-07 0)
(3 7.97386e-07 0)
(3.00001 1.47775e-05 0)
(2.99937 -0.0012033 0)
(2.98913 -0.0200815 0)
(2.84155 -0.217228 0)
(2.65388 -0.491015 0)
(2.43524 -0.74677 0)
(2.31545 -0.889402 0)
(2.29877 -0.865986 0)
(3 -1.58119e-15 0)
(3 -1.37739e-15 0)
(3 -5.31519e-17 0)
(3 -1.06321e-15 0)
(3 -1.65372e-14 0)
(3 -2.7822e-13 0)
(3 -8.91215e-13 0)
(3 -1.91177e-12 0)
(3 -1.42207e-11 0)
(3 -1.99905e-11 0)
(3 -5.11699e-11 0)
(3 1.59327e-08 0)
(3 1.57929e-07 0)
(3 3.5448e-06 0)
(3 1.4072e-06 0)
(3 -5.13867e-06 0)
(2.99764 -0.00381924 0)
(2.94028 -0.0808516 0)
(2.81344 -0.289538 0)
(2.4536 -0.711072 0)
(2.35314 -0.825528 0)
(2.32437 -0.841602 0)
(2.31895 -0.842721 0)
(2.31675 -0.839857 0)
(3 -8.43516e-15 0)
(3 -7.38077e-15 0)
(3 -1.51843e-14 0)
(3 -1.15778e-12 0)
(3 -1.89402e-12 0)
(3 -2.36248e-12 0)
(3 -3.08354e-12 0)
(3 -4.47054e-12 0)
(3 -6.95974e-11 0)
(3 5.35113e-10 0)
(3 1.21217e-08 0)
(3 1.70911e-06 0)
(3 1.67652e-06 0)
(3.00001 1.63177e-05 0)
(2.99963 -0.000480679 0)
(2.98422 -0.0225858 0)
(2.90276 -0.150405 0)
(2.56784 -0.549704 0)
(2.43657 -0.721639 0)
(2.35456 -0.80379 0)
(2.32161 -0.848304 0)
(2.31347 -0.854028 0)
(2.32085 -0.849911 0)
(2.32774 -0.837102 0)
(3 -4.14914e-14 0)
(3 8.28969e-14 0)
(3 -2.16194e-11 0)
(3 -1.58398e-11 0)
(3 -1.66395e-11 0)
(3 2.69971e-10 0)
(3 5.32174e-10 0)
(3 4.90231e-10 0)
(3 9.30259e-09 0)
(3 3.52945e-07 0)
(3 3.79482e-06 0)
(3.00001 1.05665e-05 0)
(2.99997 -1.22229e-05 0)
(2.99621 -0.00578071 0)
(2.94668 -0.0695842 0)
(2.70975 -0.366428 0)
(2.55815 -0.596032 0)
(2.31696 -0.842653 0)
(2.26552 -0.89916 0)
(2.28427 -0.875903 0)
(2.3124 -0.853694 0)
(2.32551 -0.85145 0)
(2.3359 -0.849936 0)
(2.33818 -0.841595 0)
(3 8.66092e-13 0)
(3 -1.46265e-10 0)
(3 -3.16835e-10 0)
(3 8.39855e-10 0)
(3 3.11266e-10 0)
(3 3.41929e-08 0)
(3 8.04884e-08 0)
(3 3.53313e-07 0)
(3 6.008e-06 0)
(3 5.64589e-06 0)
(3.00002 5.2719e-05 0)
(2.99893 -0.00138219 0)
(2.96714 -0.0414759 0)
(2.81449 -0.228707 0)
(2.61992 -0.518633 0)
(2.30937 -0.873871 0)
(2.26292 -0.885999 0)
(2.30788 -0.876615 0)
(2.3101 -0.872374 0)
(2.32401 -0.863836 0)
(2.34491 -0.851733 0)
(2.35008 -0.845903 0)
(2.35 -0.840322 0)
(2.34744 -0.840779 0)
(3 1.92758e-10 0)
(3 -2.94313e-09 0)
(3 8.33842e-08 0)
(3 1.29664e-07 0)
(3 5.28269e-07 0)
(3 6.41483e-07 0)
(3 5.54082e-06 0)
(3 5.68053e-06 0)
(3.00002 4.60274e-05 0)
(2.99944 -0.000574679 0)
(2.98208 -0.0236738 0)
(2.88391 -0.158007 0)
(2.65093 -0.465933 0)
(2.36669 -0.811128 0)
(2.36346 -0.837251 0)
(2.30911 -0.878399 0)
(2.31389 -0.877167 0)
(2.32939 -0.872307 0)
(2.34832 -0.85156 0)
(2.35432 -0.8445 0)
(2.35964 -0.844175 0)
(2.36112 -0.841274 0)
(2.35908 -0.842313 0)
(2.35342 -0.841461 0)
(3 1.27146e-09 0)
(3 1.00549e-06 0)
(3 2.02108e-06 0)
(3 1.38003e-06 0)
(3 8.45465e-06 0)
(2.99999 -2.35571e-05 0)
(3.00004 8.93348e-05 0)
(2.99928 -0.00109213 0)
(2.98902 -0.0198396 0)
(2.91991 -0.139235 0)
(2.68214 -0.48819 0)
(2.51485 -0.715036 0)
(2.33985 -0.892002 0)
(2.26752 -0.97417 0)
(2.27334 -0.954482 0)
(2.30488 -0.912784 0)
(2.33255 -0.876379 0)
(2.34664 -0.862997 0)
(2.35453 -0.851498 0)
(2.36058 -0.841275 0)
(2.36044 -0.842191 0)
(2.35964 -0.845939 0)
(2.35843 -0.845665 0)
(2.35243 -0.84752 0)
(3 -3.8983e-07 0)
(3.00002 2.28922e-05 0)
(2.99994 -3.32269e-05 0)
(2.99984 -0.000249398 0)
(2.99868 -0.00177719 0)
(2.99106 -0.0132109 0)
(2.96669 -0.0516967 0)
(2.89596 -0.176514 0)
(2.76965 -0.415847 0)
(2.6123 -0.686186 0)
(2.43572 -0.859425 0)
(2.33273 -0.926941 0)
(2.30009 -0.916319 0)
(2.30327 -0.902324 0)
(2.30623 -0.894538 0)
(2.34294 -0.861044 0)
(2.35732 -0.859334 0)
(2.35879 -0.856381 0)
(2.35762 -0.849313 0)
(2.35464 -0.848322 0)
(2.35334 -0.847133 0)
(2.35373 -0.847238 0)
(2.35007 -0.848711 0)
(2.34571 -0.851632 0)
(2.99849 -0.00164025 0)
(2.99136 -0.010516 0)
(2.96016 -0.0486182 0)
(2.90041 -0.134451 0)
(2.80827 -0.27066 0)
(2.67093 -0.471142 0)
(2.5437 -0.67779 0)
(2.38127 -0.902233 0)
(2.21469 -1.07414 0)
(2.16756 -1.10129 0)
(2.14919 -1.04409 0)
(2.18756 -1.0015 0)
(2.24214 -0.951594 0)
(2.3047 -0.899715 0)
(2.32883 -0.858274 0)
(2.34792 -0.827153 0)
(2.35628 -0.833834 0)
(2.35661 -0.84262 0)
(2.35315 -0.846056 0)
(2.34855 -0.846316 0)
(2.34694 -0.846054 0)
(2.34477 -0.846282 0)
(2.34226 -0.84723 0)
(2.34002 -0.849462 0)
(2.93133 -0.0358827 0)
(2.85599 -0.035312 0)
(2.7499 -0.159529 0)
(2.67015 -0.241549 0)
(2.58291 -0.341051 0)
(2.49151 -0.451981 0)
(2.4306 -0.541417 0)
(2.34874 -0.625224 0)
(2.31061 -0.723971 0)
(2.25759 -0.800039 0)
(2.25074 -0.854983 0)
(2.28429 -0.887848 0)
(2.32299 -0.898739 0)
(2.33509 -0.886239 0)
(2.3459 -0.881316 0)
(2.34848 -0.865434 0)
(2.34891 -0.858791 0)
(2.34586 -0.852913 0)
(2.34151 -0.849849 0)
(2.34126 -0.849313 0)
(2.34063 -0.848535 0)
(2.33952 -0.848245 0)
(2.33788 -0.848887 0)
(2.33712 -0.849453 0)
(2.43129 0.821293 0)
(2.52128 0.829158 0)
(2.65762 0.712717 0)
(2.78726 0.607594 0)
(2.86142 0.559891 0)
(2.91993 0.336452 0)
(2.94115 0.233427 0)
(2.95858 0.137421 0)
(2.98566 0.0218718 0)
(3.00757 -0.0359501 0)
(3.00096 -0.0729511 0)
(3.0027 -0.0761283 0)
(2.99249 -0.0643242 0)
(2.98221 -0.0545484 0)
(2.96939 -0.0418371 0)
(2.95129 -0.0399156 0)
(2.94472 -0.0364602 0)
(2.96352 -0.0246926 0)
(2.96692 -0.0153606 0)
(2.96225 -0.0114109 0)
(2.95318 -0.00822678 0)
(2.94037 -0.00297509 0)
(2.93942 0.00263819 0)
(2.91658 -0.0172207 0)
(2.74597 -0.130691 0)
(2.42555 -0.412256 0)
(2.24805 -0.424549 0)
(2.06322 -0.412857 0)
(1.89107 -0.241354 0)
(1.80983 -0.130616 0)
(1.8319 -0.0112212 0)
(1.91079 0.0297305 0)
(1.98556 0.0329852 0)
(2.02681 0.0295067 0)
(2.04665 0.0252983 0)
(2.06564 0.0219868 0)
(2.08608 0.0204601 0)
(2.10792 0.021092 0)
(2.13171 0.0218065 0)
(2.15811 0.0237458 0)
(2.18572 0.0264962 0)
(2.20964 0.0274098 0)
(2.22996 0.0275657 0)
(2.24945 0.0282071 0)
(2.26979 0.0285937 0)
(2.29106 0.028658 0)
(2.312 0.0286069 0)
(2.33076 0.02814 0)
(2.34657 0.027014 0)
(2.36083 0.0255877 0)
(2.37509 0.0253113 0)
(2.39023 0.0269707 0)
(2.40599 0.0289578 0)
(2.42121 0.0295472 0)
(2.43496 0.0306071 0)
(2.44388 0.0312009 0)
(2.4509 0.0315029 0)
(2.46469 0.0308609 0)
(2.48498 0.0292178 0)
(2.5073 0.027676 0)
(2.52989 0.0270544 0)
(2.54947 0.0268533 0)
(2.56242 0.0263784 0)
(2.56176 0.0255234 0)
(2.54739 0.0267554 0)
(2.54231 0.0340447 0)
(2.5588 0.0352452 0)
(2.57657 0.0321834 0)
(2.6009 0.0313575 0)
(2.62264 0.02943 0)
(2.64176 0.0230853 0)
(2.64231 0.00641651 0)
(2.59692 -0.0437448 0)
(2.50705 -0.111769 0)
(2.39476 -0.168207 0)
(2.27421 -0.125337 0)
(2.18844 -0.127117 0)
(2.13996 -0.142138 0)
(2.12421 -0.0883685 0)
(2.1596 -0.00986158 0)
(2.16606 0.0245291 0)
(2.18477 0.0240407 0)
(2.21629 0.0124943 0)
(2.24786 0.00906783 0)
(2.25242 0.0144984 0)
(2.2229 0.0215737 0)
(2.20839 0.020775 0)
(2.22529 0.0189272 0)
(2.24477 0.0175714 0)
(2.27155 0.0180671 0)
(2.30537 0.0173588 0)
(2.32169 0.0143609 0)
(2.33935 0.012556 0)
(2.35736 0.0113331 0)
(2.35164 0.0131202 0)
(2.32505 0.0165997 0)
(2.45092 0.789368 0)
(2.58602 0.663962 0)
(2.70663 0.499481 0)
(2.81677 0.282949 0)
(2.86953 0.122193 0)
(2.90612 0.0276899 0)
(2.93035 -0.0903481 0)
(2.92666 -0.179708 0)
(2.94835 -0.182041 0)
(2.9782 -0.124684 0)
(2.9872 -0.129754 0)
(2.97378 -0.133844 0)
(2.97207 -0.12017 0)
(2.9614 -0.0760628 0)
(2.95684 -0.0426464 0)
(2.93637 -0.0284504 0)
(2.91719 -0.0190824 0)
(2.92946 -0.0103527 0)
(2.94457 0.00847879 0)
(2.94018 0.0142161 0)
(2.93831 0.0158463 0)
(2.92654 0.00674834 0)
(2.90501 -0.0300346 0)
(2.72916 -0.257365 0)
(2.52664 -0.51423 0)
(2.36027 -0.77057 0)
(2.28958 -0.727405 0)
(2.19953 -0.522532 0)
(2.08294 -0.203202 0)
(1.91605 0.0400906 0)
(1.85748 0.138571 0)
(1.90807 0.118399 0)
(1.96587 0.0868125 0)
(2.01909 0.058143 0)
(2.05899 0.0429475 0)
(2.08878 0.0390552 0)
(2.11065 0.036717 0)
(2.12807 0.0365525 0)
(2.14693 0.0382447 0)
(2.17268 0.042716 0)
(2.20353 0.0507142 0)
(2.23242 0.0575753 0)
(2.25289 0.0602805 0)
(2.26903 0.0616459 0)
(2.28609 0.0626348 0)
(2.3057 0.0617387 0)
(2.32679 0.0582862 0)
(2.34789 0.0558129 0)
(2.367 0.0547951 0)
(2.38319 0.0529362 0)
(2.39862 0.049155 0)
(2.41475 0.0470945 0)
(2.43125 0.0489856 0)
(2.44667 0.0538806 0)
(2.45917 0.0605188 0)
(2.46653 0.0662982 0)
(2.46923 0.0695579 0)
(2.47795 0.0673123 0)
(2.49699 0.0615986 0)
(2.51929 0.0565056 0)
(2.54257 0.053596 0)
(2.56427 0.0504516 0)
(2.58089 0.04582 0)
(2.58651 0.0395118 0)
(2.57785 0.040602 0)
(2.56717 0.0602344 0)
(2.5761 0.0686124 0)
(2.59123 0.0650884 0)
(2.61815 0.0539302 0)
(2.62384 0.0369099 0)
(2.62192 0.000657438 0)
(2.58482 -0.0977466 0)
(2.55021 -0.221823 0)
(2.47962 -0.344701 0)
(2.42389 -0.36191 0)
(2.34929 -0.312476 0)
(2.26592 -0.21869 0)
(2.22174 -0.108337 0)
(2.18427 -0.0114397 0)
(2.17503 0.0731894 0)
(2.18028 0.0947036 0)
(2.19519 0.0763265 0)
(2.21502 0.0409644 0)
(2.23738 0.0213582 0)
(2.25136 0.0264407 0)
(2.23987 0.0274058 0)
(2.22928 0.0270029 0)
(2.24497 0.0274173 0)
(2.26223 0.0299942 0)
(2.2844 0.0374366 0)
(2.31412 0.0397431 0)
(2.33067 0.0321813 0)
(2.34843 0.0233053 0)
(2.3657 0.0155365 0)
(2.3652 0.0110208 0)
(2.34338 0.0198743 0)
(2.36455 0.838523 0)
(2.43534 0.777426 0)
(2.5177 0.69375 0)
(2.58421 0.60123 0)
(2.69979 0.410288 0)
(2.76103 0.319322 0)
(2.78202 0.286302 0)
(2.80777 0.146879 0)
(2.81763 0.0946683 0)
(2.82707 0.0967119 0)
(2.87575 0.0265682 0)
(2.89683 -0.0472843 0)
(2.88567 -0.081645 0)
(2.90487 -0.0782073 0)
(2.91228 -0.0591818 0)
(2.90753 -0.0513267 0)
(2.89847 -0.0557111 0)
(2.90773 -0.0605885 0)
(2.92106 -0.0452755 0)
(2.92599 -0.0367133 0)
(2.92329 -0.0283959 0)
(2.87035 -0.0996245 0)
(2.70878 -0.327204 0)
(2.44909 -0.641299 0)
(2.37204 -0.717329 0)
(2.3471 -0.774455 0)
(2.3483 -0.772853 0)
(2.35011 -0.741602 0)
(2.34839 -0.650068 0)
(2.2794 -0.401573 0)
(2.16262 -0.129642 0)
(2.03818 0.0525406 0)
(2.01205 0.0783911 0)
(2.02246 0.0864118 0)
(2.06731 0.0919595 0)
(2.09776 0.0862107 0)
(2.11517 0.0767447 0)
(2.13153 0.0743327 0)
(2.15146 0.0761323 0)
(2.17654 0.0782668 0)
(2.20558 0.0854249 0)
(2.23017 0.0968488 0)
(2.24938 0.101135 0)
(2.26762 0.100139 0)
(2.28585 0.101059 0)
(2.30211 0.105764 0)
(2.31756 0.106457 0)
(2.33554 0.0976429 0)
(2.35488 0.0894752 0)
(2.37447 0.0875112 0)
(2.39333 0.0900989 0)
(2.41339 0.0942882 0)
(2.43358 0.0983464 0)
(2.45087 0.1005 0)
(2.46149 0.100843 0)
(2.46689 0.10515 0)
(2.46823 0.110606 0)
(2.47285 0.110861 0)
(2.48869 0.104159 0)
(2.50959 0.0962066 0)
(2.53172 0.0912628 0)
(2.55395 0.0882852 0)
(2.57116 0.0852816 0)
(2.57836 0.0822123 0)
(2.57939 0.0925336 0)
(2.57055 0.102961 0)
(2.57731 0.097681 0)
(2.5881 0.0945514 0)
(2.59058 0.0787149 0)
(2.58128 0.0342686 0)
(2.51776 -0.100382 0)
(2.47766 -0.229932 0)
(2.44845 -0.340372 0)
(2.40585 -0.388761 0)
(2.38208 -0.393831 0)
(2.36794 -0.366153 0)
(2.36172 -0.317989 0)
(2.3496 -0.259964 0)
(2.31382 -0.158195 0)
(2.27793 -0.0424237 0)
(2.27512 0.0511221 0)
(2.25258 0.0540532 0)
(2.24644 0.0372516 0)
(2.24436 0.0262999 0)
(2.25473 0.0408508 0)
(2.2493 0.0488673 0)
(2.24649 0.0517369 0)
(2.26212 0.0525615 0)
(2.27927 0.0554736 0)
(2.2978 0.0621066 0)
(2.31679 0.0635983 0)
(2.33208 0.0595371 0)
(2.34659 0.0481209 0)
(2.35875 0.0363822 0)
(2.3602 0.0303525 0)
(2.35257 0.0420058 0)
(2.35488 0.845596 0)
(2.37617 0.827941 0)
(2.429 0.778876 0)
(2.50068 0.707677 0)
(2.59747 0.582009 0)
(2.66348 0.481937 0)
(2.7168 0.426628 0)
(2.80357 0.271321 0)
(2.8237 0.137801 0)
(2.82473 0.130069 0)
(2.85684 0.0914081 0)
(2.89931 -0.0228202 0)
(2.88691 -0.0930579 0)
(2.88684 -0.102163 0)
(2.91485 -0.0880853 0)
(2.92101 -0.0673397 0)
(2.91091 -0.0646211 0)
(2.9119 -0.0678465 0)
(2.91405 -0.068388 0)
(2.91501 -0.0673273 0)
(2.88493 -0.125611 0)
(2.6455 -0.461033 0)
(2.40679 -0.739425 0)
(2.36432 -0.789166 0)
(2.35305 -0.803255 0)
(2.35837 -0.797703 0)
(2.37156 -0.784765 0)
(2.38566 -0.763215 0)
(2.40876 -0.727277 0)
(2.41208 -0.666534 0)
(2.36973 -0.492997 0)
(2.20203 -0.162717 0)
(2.08799 0.0483585 0)
(2.05158 0.149552 0)
(2.05694 0.150042 0)
(2.08748 0.143328 0)
(2.12158 0.125662 0)
(2.15097 0.122589 0)
(2.17849 0.129616 0)
(2.20241 0.123985 0)
(2.22629 0.120861 0)
(2.24833 0.126228 0)
(2.2683 0.13129 0)
(2.28797 0.132862 0)
(2.30537 0.138886 0)
(2.31602 0.150129 0)
(2.32228 0.158271 0)
(2.33762 0.153317 0)
(2.3599 0.140881 0)
(2.38137 0.130839 0)
(2.40572 0.128121 0)
(2.43163 0.129192 0)
(2.45611 0.130491 0)
(2.47616 0.131044 0)
(2.48443 0.132286 0)
(2.48199 0.138808 0)
(2.47975 0.146099 0)
(2.48376 0.149739 0)
(2.50163 0.151105 0)
(2.52214 0.149674 0)
(2.5399 0.143273 0)
(2.55482 0.134954 0)
(2.57002 0.127245 0)
(2.58717 0.123443 0)
(2.59986 0.124992 0)
(2.59486 0.132098 0)
(2.58349 0.113683 0)
(2.57231 0.0904353 0)
(2.53937 0.0358705 0)
(2.45738 -0.096651 0)
(2.40342 -0.227385 0)
(2.39761 -0.304914 0)
(2.38592 -0.353686 0)
(2.38825 -0.357339 0)
(2.39021 -0.360654 0)
(2.39303 -0.350354 0)
(2.40258 -0.335245 0)
(2.39607 -0.301779 0)
(2.3845 -0.243253 0)
(2.35587 -0.155949 0)
(2.31846 -0.0327866 0)
(2.30642 0.022572 0)
(2.25967 0.0656273 0)
(2.24957 0.066418 0)
(2.24524 0.0665407 0)
(2.25203 0.0730178 0)
(2.26344 0.0691596 0)
(2.27829 0.0654171 0)
(2.29943 0.0704466 0)
(2.31774 0.0815274 0)
(2.32971 0.0888907 0)
(2.34147 0.0875547 0)
(2.34953 0.0795527 0)
(2.35313 0.0662994 0)
(2.35388 0.0564602 0)
(2.36309 0.0561046 0)
(2.35429 0.844395 0)
(2.3585 0.841329 0)
(2.38366 0.820512 0)
(2.43437 0.77255 0)
(2.48789 0.715684 0)
(2.58475 0.603566 0)
(2.6582 0.506438 0)
(2.69063 0.479249 0)
(2.74748 0.371892 0)
(2.80886 0.217288 0)
(2.8381 0.193816 0)
(2.82848 0.212278 0)
(2.86953 0.128471 0)
(2.88648 0.0230715 0)
(2.90844 0.00813084 0)
(2.92895 0.0444734 0)
(2.91347 0.0129239 0)
(2.90987 -0.0415432 0)
(2.90722 -0.0684825 0)
(2.84908 -0.18299 0)
(2.7089 -0.460532 0)
(2.38608 -0.82165 0)
(2.31437 -0.876226 0)
(2.33342 -0.853362 0)
(2.35334 -0.827133 0)
(2.37922 -0.799472 0)
(2.40738 -0.767002 0)
(2.4141 -0.75475 0)
(2.42755 -0.734385 0)
(2.45015 -0.716942 0)
(2.45586 -0.675358 0)
(2.42587 -0.55913 0)
(2.29334 -0.27896 0)
(2.17239 -0.0212973 0)
(2.10166 0.122813 0)
(2.09278 0.160848 0)
(2.11015 0.171136 0)
(2.13543 0.181633 0)
(2.15879 0.174901 0)
(2.18347 0.152943 0)
(2.21433 0.15226 0)
(2.24386 0.158438 0)
(2.27424 0.160542 0)
(2.30501 0.160656 0)
(2.32808 0.166569 0)
(2.33472 0.181291 0)
(2.32584 0.192245 0)
(2.32801 0.185571 0)
(2.3469 0.175699 0)
(2.37101 0.170058 0)
(2.3972 0.169634 0)
(2.42219 0.170396 0)
(2.4459 0.169214 0)
(2.46644 0.167146 0)
(2.48153 0.168397 0)
(2.49136 0.169917 0)
(2.49525 0.173464 0)
(2.49789 0.18013 0)
(2.50326 0.185856 0)
(2.51124 0.183022 0)
(2.5261 0.180414 0)
(2.55232 0.181293 0)
(2.57484 0.177298 0)
(2.59598 0.167105 0)
(2.60683 0.161818 0)
(2.59649 0.1329 0)
(2.56709 0.0694102 0)
(2.50802 -0.0121219 0)
(2.41982 -0.124548 0)
(2.35243 -0.225108 0)
(2.3379 -0.290529 0)
(2.35393 -0.323743 0)
(2.36537 -0.328081 0)
(2.37989 -0.324209 0)
(2.39377 -0.315512 0)
(2.40869 -0.315039 0)
(2.42054 -0.30895 0)
(2.42032 -0.302065 0)
(2.41475 -0.281359 0)
(2.40663 -0.248794 0)
(2.38619 -0.200547 0)
(2.35578 -0.125956 0)
(2.30349 -0.0322943 0)
(2.26371 0.0335886 0)
(2.25757 0.0524946 0)
(2.2662 0.0820117 0)
(2.26568 0.103041 0)
(2.27708 0.105247 0)
(2.29669 0.101305 0)
(2.31687 0.102911 0)
(2.33064 0.104211 0)
(2.3366 0.101337 0)
(2.3375 0.092496 0)
(2.33646 0.0785271 0)
(2.34097 0.071465 0)
(2.36329 0.0747587 0)
(2.34672 0.846212 0)
(2.35442 0.843783 0)
(2.35999 0.838921 0)
(2.38784 0.816349 0)
(2.44379 0.760582 0)
(2.48187 0.721162 0)
(2.56005 0.639693 0)
(2.65658 0.513809 0)
(2.69358 0.470683 0)
(2.71742 0.413918 0)
(2.77861 0.306745 0)
(2.82479 0.263517 0)
(2.85865 0.223522 0)
(2.89238 0.125424 0)
(2.89771 0.0663616 0)
(2.92699 0.0785831 0)
(2.93823 0.0136563 0)
(2.91407 -0.0839322 0)
(2.82399 -0.244524 0)
(2.5991 -0.561872 0)
(2.44008 -0.766064 0)
(2.30111 -0.871317 0)
(2.30769 -0.871627 0)
(2.33231 -0.851075 0)
(2.36891 -0.81113 0)
(2.39404 -0.787926 0)
(2.41337 -0.77307 0)
(2.4272 -0.757461 0)
(2.43594 -0.743123 0)
(2.45867 -0.721191 0)
(2.48644 -0.697135 0)
(2.50493 -0.661376 0)
(2.49403 -0.595401 0)
(2.40634 -0.404767 0)
(2.22808 -0.0756576 0)
(2.15365 0.100531 0)
(2.12262 0.211991 0)
(2.11124 0.237926 0)
(2.13884 0.227089 0)
(2.17098 0.205074 0)
(2.19816 0.188617 0)
(2.23173 0.194424 0)
(2.26636 0.201335 0)
(2.29579 0.201241 0)
(2.31838 0.202593 0)
(2.33082 0.21014 0)
(2.327 0.217484 0)
(2.33172 0.219241 0)
(2.35581 0.218873 0)
(2.38065 0.220177 0)
(2.40238 0.222758 0)
(2.42208 0.222539 0)
(2.44223 0.218637 0)
(2.46343 0.211183 0)
(2.48275 0.205027 0)
(2.49821 0.205304 0)
(2.50711 0.211327 0)
(2.50886 0.215413 0)
(2.49976 0.218174 0)
(2.50499 0.220171 0)
(2.52567 0.224319 0)
(2.54724 0.220574 0)
(2.56368 0.213176 0)
(2.57409 0.20009 0)
(2.57366 0.16712 0)
(2.53318 0.0611032 0)
(2.47449 -0.0648576 0)
(2.39183 -0.17603 0)
(2.33178 -0.225992 0)
(2.31246 -0.243428 0)
(2.32787 -0.270295 0)
(2.34399 -0.281366 0)
(2.36402 -0.284896 0)
(2.38219 -0.279238 0)
(2.39699 -0.275074 0)
(2.41146 -0.279436 0)
(2.42441 -0.280007 0)
(2.43113 -0.274151 0)
(2.41905 -0.268396 0)
(2.41474 -0.260295 0)
(2.41597 -0.252647 0)
(2.40851 -0.226635 0)
(2.37905 -0.163418 0)
(2.32527 -0.0652964 0)
(2.30199 0.00977529 0)
(2.27943 0.095686 0)
(2.2694 0.141137 0)
(2.27174 0.14027 0)
(2.28134 0.131026 0)
(2.29763 0.124422 0)
(2.31665 0.12095 0)
(2.32663 0.115275 0)
(2.32463 0.103221 0)
(2.32525 0.0945219 0)
(2.33777 0.0938049 0)
(2.35906 0.0986757 0)
(2.34003 0.843085 0)
(2.34291 0.848145 0)
(2.35147 0.84537 0)
(2.35767 0.840242 0)
(2.38244 0.820319 0)
(2.44105 0.767439 0)
(2.50429 0.69962 0)
(2.5376 0.661567 0)
(2.60532 0.585841 0)
(2.69167 0.471199 0)
(2.72985 0.392006 0)
(2.75777 0.375517 0)
(2.77918 0.369602 0)
(2.83701 0.274518 0)
(2.8779 0.165919 0)
(2.90047 0.142768 0)
(2.86949 0.0287471 0)
(2.78796 -0.180272 0)
(2.50871 -0.560416 0)
(2.376 -0.743902 0)
(2.27831 -0.815127 0)
(2.30148 -0.813923 0)
(2.33637 -0.80094 0)
(2.36536 -0.778763 0)
(2.38948 -0.754861 0)
(2.40899 -0.741291 0)
(2.42321 -0.730648 0)
(2.43765 -0.713664 0)
(2.44708 -0.707338 0)
(2.47022 -0.693979 0)
(2.5006 -0.673414 0)
(2.52662 -0.63622 0)
(2.55009 -0.637614 0)
(2.54554 -0.59991 0)
(2.49722 -0.476817 0)
(2.37233 -0.21979 0)
(2.23079 0.0518596 0)
(2.13718 0.217792 0)
(2.15336 0.237316 0)
(2.17094 0.238408 0)
(2.20111 0.243198 0)
(2.22615 0.247364 0)
(2.25557 0.24627 0)
(2.28542 0.242557 0)
(2.30802 0.241814 0)
(2.32205 0.240682 0)
(2.32498 0.241098 0)
(2.32678 0.245364 0)
(2.34437 0.253441 0)
(2.36759 0.261519 0)
(2.38815 0.26589 0)
(2.40872 0.263068 0)
(2.42928 0.25547 0)
(2.4489 0.245754 0)
(2.46824 0.241556 0)
(2.4852 0.24483 0)
(2.49709 0.248832 0)
(2.50012 0.245553 0)
(2.4997 0.255016 0)
(2.5077 0.2644 0)
(2.52109 0.257782 0)
(2.54053 0.25086 0)
(2.54583 0.227686 0)
(2.5337 0.178665 0)
(2.468 0.0341484 0)
(2.42493 -0.100736 0)
(2.3598 -0.210584 0)
(2.31839 -0.259768 0)
(2.287 -0.262852 0)
(2.29511 -0.248333 0)
(2.31493 -0.25095 0)
(2.33208 -0.253352 0)
(2.34988 -0.25114 0)
(2.36795 -0.243909 0)
(2.38608 -0.243055 0)
(2.40427 -0.249199 0)
(2.41869 -0.252231 0)
(2.42798 -0.248432 0)
(2.42113 -0.243443 0)
(2.40788 -0.243584 0)
(2.41751 -0.241298 0)
(2.42728 -0.238268 0)
(2.43003 -0.222272 0)
(2.41128 -0.171911 0)
(2.37827 -0.0909561 0)
(2.33235 0.0208652 0)
(2.31204 0.110879 0)
(2.28393 0.134671 0)
(2.27812 0.131626 0)
(2.28307 0.12351 0)
(2.29993 0.125 0)
(2.31281 0.128164 0)
(2.31393 0.121024 0)
(2.31769 0.112148 0)
(2.33239 0.115177 0)
(2.35577 0.122725 0)
(2.33102 0.838232 0)
(2.33228 0.839883 0)
(2.33763 0.841923 0)
(2.34477 0.84209 0)
(2.35768 0.835517 0)
(2.38289 0.816027 0)
(2.43235 0.772065 0)
(2.50066 0.691897 0)
(2.54038 0.653614 0)
(2.56266 0.617187 0)
(2.65261 0.522299 0)
(2.71291 0.424359 0)
(2.75185 0.380642 0)
(2.77027 0.385828 0)
(2.79305 0.293643 0)
(2.75949 0.182282 0)
(2.63569 -0.126909 0)
(2.43757 -0.488167 0)
(2.29628 -0.66802 0)
(2.26728 -0.726073 0)
(2.28785 -0.725195 0)
(2.32056 -0.714044 0)
(2.35071 -0.708399 0)
(2.37818 -0.702867 0)
(2.40526 -0.691885 0)
(2.4272 -0.682578 0)
(2.44239 -0.674562 0)
(2.45796 -0.662704 0)
(2.47655 -0.654774 0)
(2.48924 -0.65104 0)
(2.50845 -0.635044 0)
(2.53758 -0.604278 0)
(2.56213 -0.594817 0)
(2.58063 -0.591392 0)
(2.59647 -0.567599 0)
(2.57472 -0.503436 0)
(2.48392 -0.319541 0)
(2.30462 -0.00454351 0)
(2.23211 0.180504 0)
(2.17801 0.302995 0)
(2.18183 0.308984 0)
(2.20478 0.306978 0)
(2.23876 0.297261 0)
(2.26973 0.282148 0)
(2.29462 0.277472 0)
(2.31391 0.279724 0)
(2.32355 0.279959 0)
(2.32675 0.279352 0)
(2.33553 0.28448 0)
(2.35293 0.294685 0)
(2.37413 0.300599 0)
(2.39873 0.298295 0)
(2.42319 0.29314 0)
(2.44551 0.289154 0)
(2.46331 0.289063 0)
(2.47733 0.288346 0)
(2.48895 0.286656 0)
(2.4941 0.284807 0)
(2.49539 0.290911 0)
(2.49677 0.290433 0)
(2.51384 0.276402 0)
(2.50916 0.243116 0)
(2.47656 0.16697 0)
(2.39013 -0.00329691 0)
(2.36682 -0.113406 0)
(2.32669 -0.196955 0)
(2.30609 -0.22024 0)
(2.29468 -0.224354 0)
(2.2911 -0.225365 0)
(2.3009 -0.2184 0)
(2.31767 -0.216887 0)
(2.32981 -0.220075 0)
(2.34541 -0.217883 0)
(2.36483 -0.213562 0)
(2.38499 -0.214519 0)
(2.40417 -0.218632 0)
(2.41804 -0.221329 0)
(2.42416 -0.219683 0)
(2.41838 -0.216914 0)
(2.40543 -0.219642 0)
(2.41089 -0.219817 0)
(2.43074 -0.220763 0)
(2.44009 -0.218622 0)
(2.44844 -0.207845 0)
(2.44279 -0.171308 0)
(2.41456 -0.0956726 0)
(2.37779 0.0109713 0)
(2.3292 0.112016 0)
(2.27523 0.158228 0)
(2.26948 0.158055 0)
(2.27456 0.152655 0)
(2.289 0.147133 0)
(2.30453 0.141617 0)
(2.31788 0.133527 0)
(2.33268 0.135927 0)
(2.358 0.144914 0)
(2.32272 0.835909 0)
(2.32766 0.832757 0)
(2.33285 0.832941 0)
(2.33963 0.835471 0)
(2.34619 0.836093 0)
(2.36188 0.824686 0)
(2.3856 0.803185 0)
(2.42393 0.766403 0)
(2.484 0.703927 0)
(2.53969 0.634062 0)
(2.56316 0.614698 0)
(2.62282 0.544101 0)
(2.65797 0.506524 0)
(2.69396 0.38754 0)
(2.662 0.230085 0)
(2.47157 -0.123392 0)
(2.32854 -0.407714 0)
(2.21927 -0.597765 0)
(2.21545 -0.625608 0)
(2.24859 -0.624338 0)
(2.28429 -0.615971 0)
(2.31361 -0.612734 0)
(2.34225 -0.616717 0)
(2.37142 -0.620988 0)
(2.40163 -0.618493 0)
(2.42642 -0.609437 0)
(2.44347 -0.600264 0)
(2.4598 -0.59636 0)
(2.48489 -0.591734 0)
(2.50615 -0.591665 0)
(2.52973 -0.572758 0)
(2.54673 -0.552972 0)
(2.56466 -0.54672 0)
(2.58597 -0.548815 0)
(2.61019 -0.531434 0)
(2.62549 -0.528009 0)
(2.61414 -0.479131 0)
(2.57357 -0.359816 0)
(2.45673 -0.11454 0)
(2.30076 0.159228 0)
(2.24801 0.273333 0)
(2.22884 0.328031 0)
(2.24298 0.326525 0)
(2.26798 0.329411 0)
(2.28743 0.322531 0)
(2.30576 0.322755 0)
(2.32362 0.323462 0)
(2.33869 0.321122 0)
(2.34859 0.32485 0)
(2.35593 0.335783 0)
(2.36806 0.338113 0)
(2.38924 0.333115 0)
(2.4131 0.329249 0)
(2.43544 0.3315 0)
(2.45131 0.333212 0)
(2.46774 0.332619 0)
(2.48421 0.328581 0)
(2.49853 0.322871 0)
(2.49943 0.325815 0)
(2.49042 0.290332 0)
(2.46644 0.235534 0)
(2.40306 0.127636 0)
(2.32037 -0.0290093 0)
(2.28861 -0.141055 0)
(2.27461 -0.203936 0)
(2.26802 -0.218503 0)
(2.2716 -0.218082 0)
(2.28177 -0.210316 0)
(2.29437 -0.200406 0)
(2.30731 -0.19374 0)
(2.31499 -0.186552 0)
(2.32287 -0.187118 0)
(2.33805 -0.187999 0)
(2.35681 -0.186827 0)
(2.37584 -0.187521 0)
(2.39341 -0.189905 0)
(2.40667 -0.192458 0)
(2.41411 -0.193757 0)
(2.41143 -0.191807 0)
(2.40293 -0.191102 0)
(2.40996 -0.194846 0)
(2.4243 -0.19535 0)
(2.44032 -0.195717 0)
(2.45333 -0.193254 0)
(2.46639 -0.186822 0)
(2.4722 -0.165979 0)
(2.44931 -0.104759 0)
(2.41065 -0.0163288 0)
(2.36775 0.059591 0)
(2.28802 0.120214 0)
(2.26329 0.161211 0)
(2.27079 0.160365 0)
(2.30353 0.166612 0)
(2.31854 0.164617 0)
(2.33291 0.161779 0)
(2.35889 0.165797 0)
(2.30468 0.849505 0)
(2.31534 0.837268 0)
(2.32723 0.833738 0)
(2.33135 0.835022 0)
(2.33587 0.836444 0)
(2.34103 0.833623 0)
(2.35986 0.817643 0)
(2.38315 0.797604 0)
(2.43417 0.750809 0)
(2.47039 0.717944 0)
(2.53381 0.637915 0)
(2.58315 0.617765 0)
(2.56786 0.509858 0)
(2.51569 0.287277 0)
(2.32671 -0.0961295 0)
(2.22413 -0.321813 0)
(2.17034 -0.460077 0)
(2.17469 -0.486196 0)
(2.20546 -0.503616 0)
(2.23991 -0.510985 0)
(2.27188 -0.51453 0)
(2.30288 -0.522061 0)
(2.33616 -0.532991 0)
(2.37043 -0.544624 0)
(2.40431 -0.548373 0)
(2.43406 -0.543133 0)
(2.45671 -0.534406 0)
(2.47293 -0.527208 0)
(2.48684 -0.518211 0)
(2.50132 -0.519581 0)
(2.53153 -0.503741 0)
(2.56043 -0.486948 0)
(2.58356 -0.48555 0)
(2.60842 -0.485059 0)
(2.62579 -0.474397 0)
(2.64467 -0.46254 0)
(2.65138 -0.460965 0)
(2.65823 -0.438525 0)
(2.6405 -0.360984 0)
(2.56745 -0.205572 0)
(2.39122 0.10372 0)
(2.31443 0.271621 0)
(2.26895 0.361493 0)
(2.26377 0.378049 0)
(2.27787 0.376549 0)
(2.29707 0.374225 0)
(2.31652 0.36931 0)
(2.33308 0.363025 0)
(2.34294 0.363727 0)
(2.35128 0.376573 0)
(2.36752 0.3807 0)
(2.39014 0.378032 0)
(2.41171 0.37392 0)
(2.42891 0.377803 0)
(2.44122 0.372401 0)
(2.45551 0.360611 0)
(2.46638 0.361793 0)
(2.47559 0.350186 0)
(2.4625 0.304692 0)
(2.41957 0.207759 0)
(2.33439 0.0610947 0)
(2.25809 -0.0585097 0)
(2.2471 -0.111304 0)
(2.24283 -0.156967 0)
(2.2423 -0.170374 0)
(2.25748 -0.177477 0)
(2.27248 -0.178733 0)
(2.28358 -0.176059 0)
(2.29421 -0.171385 0)
(2.30381 -0.164288 0)
(2.31146 -0.158013 0)
(2.32076 -0.157005 0)
(2.33559 -0.159318 0)
(2.35378 -0.160933 0)
(2.37242 -0.162199 0)
(2.38912 -0.16331 0)
(2.40184 -0.165331 0)
(2.41004 -0.168426 0)
(2.41119 -0.168691 0)
(2.40322 -0.162993 0)
(2.4019 -0.163075 0)
(2.41964 -0.165954 0)
(2.43892 -0.168519 0)
(2.457 -0.169697 0)
(2.47486 -0.170121 0)
(2.48852 -0.165905 0)
(2.49508 -0.156856 0)
(2.4762 -0.117596 0)
(2.43982 -0.0416404 0)
(2.37591 0.0331129 0)
(2.30944 0.103681 0)
(2.2864 0.154046 0)
(2.30407 0.182047 0)
(2.32666 0.194061 0)
(2.33325 0.194593 0)
(2.3556 0.191031 0)
(2.34239 0.823305 0)
(2.32968 0.834032 0)
(2.32807 0.838933 0)
(2.32707 0.8389 0)
(2.32869 0.837918 0)
(2.33093 0.836859 0)
(2.3361 0.833242 0)
(2.35393 0.818858 0)
(2.38373 0.797006 0)
(2.42619 0.761068 0)
(2.46799 0.70571 0)
(2.45563 0.566224 0)
(2.32734 0.253856 0)
(2.19082 -0.0834683 0)
(2.103 -0.309325 0)
(2.08483 -0.384865 0)
(2.11076 -0.393779 0)
(2.1463 -0.399494 0)
(2.18383 -0.410359 0)
(2.2221 -0.420481 0)
(2.25962 -0.427773 0)
(2.29553 -0.435427 0)
(2.32945 -0.443584 0)
(2.36102 -0.452961 0)
(2.39224 -0.456094 0)
(2.42438 -0.452463 0)
(2.4549 -0.449563 0)
(2.48183 -0.448142 0)
(2.50301 -0.44621 0)
(2.51807 -0.446326 0)
(2.52979 -0.431256 0)
(2.5437 -0.41539 0)
(2.56549 -0.41875 0)
(2.60528 -0.413953 0)
(2.64288 -0.408868 0)
(2.66895 -0.409722 0)
(2.69427 -0.408591 0)
(2.70617 -0.392511 0)
(2.7023 -0.390871 0)
(2.68619 -0.332796 0)
(2.64363 -0.229558 0)
(2.53747 -0.015692 0)
(2.3838 0.24254 0)
(2.32779 0.364396 0)
(2.29639 0.415743 0)
(2.30634 0.410394 0)
(2.33096 0.405899 0)
(2.35247 0.400968 0)
(2.35959 0.404391 0)
(2.36176 0.419225 0)
(2.37225 0.420372 0)
(2.39078 0.416315 0)
(2.41109 0.411453 0)
(2.42642 0.418155 0)
(2.43974 0.408704 0)
(2.45009 0.396352 0)
(2.44701 0.370423 0)
(2.4161 0.298549 0)
(2.35743 0.160096 0)
(2.25705 -0.0248803 0)
(2.21848 -0.0978587 0)
(2.19798 -0.148295 0)
(2.19761 -0.161841 0)
(2.21561 -0.159365 0)
(2.2332 -0.155149 0)
(2.25079 -0.144504 0)
(2.27012 -0.139023 0)
(2.28862 -0.141301 0)
(2.30203 -0.146327 0)
(2.31127 -0.143936 0)
(2.31822 -0.137836 0)
(2.3264 -0.134044 0)
(2.33993 -0.135861 0)
(2.35637 -0.138128 0)
(2.37251 -0.139116 0)
(2.38651 -0.138991 0)
(2.39766 -0.139187 0)
(2.4064 -0.140702 0)
(2.41253 -0.141271 0)
(2.41209 -0.137996 0)
(2.40977 -0.135429 0)
(2.42435 -0.137928 0)
(2.44241 -0.140919 0)
(2.46153 -0.144378 0)
(2.47874 -0.145354 0)
(2.49391 -0.147586 0)
(2.50472 -0.146838 0)
(2.50959 -0.143258 0)
(2.49109 -0.105982 0)
(2.46485 -0.0498707 0)
(2.40813 0.0187356 0)
(2.34128 0.117747 0)
(2.32719 0.174139 0)
(2.34004 0.209773 0)
(2.34855 0.213351 0)
(2.35984 0.209587 0)
(2.35761 0.868244 0)
(2.3205 0.877079 0)
(2.30668 0.84215 0)
(2.32079 0.82322 0)
(2.32872 0.823636 0)
(2.33315 0.827973 0)
(2.33625 0.835908 0)
(2.34329 0.830553 0)
(2.36432 0.825242 0)
(2.36423 0.75826 0)
(2.3102 0.562716 0)
(2.15929 0.216721 0)
(2.05034 -0.0492419 0)
(2.02594 -0.192186 0)
(2.03225 -0.237846 0)
(2.06344 -0.271658 0)
(2.10234 -0.292233 0)
(2.14065 -0.314926 0)
(2.17674 -0.331839 0)
(2.2141 -0.337646 0)
(2.25377 -0.338663 0)
(2.29376 -0.345161 0)
(2.33159 -0.357718 0)
(2.36635 -0.372121 0)
(2.39981 -0.379238 0)
(2.43295 -0.377509 0)
(2.46357 -0.375052 0)
(2.49167 -0.372416 0)
(2.51685 -0.372059 0)
(2.53899 -0.37377 0)
(2.55876 -0.366018 0)
(2.57686 -0.357192 0)
(2.59443 -0.356035 0)
(2.61338 -0.346277 0)
(2.63592 -0.339129 0)
(2.65908 -0.34484 0)
(2.68253 -0.335105 0)
(2.70549 -0.327166 0)
(2.72945 -0.323085 0)
(2.73656 -0.314159 0)
(2.73933 -0.281916 0)
(2.7183 -0.224771 0)
(2.65251 -0.0933176 0)
(2.47433 0.205414 0)
(2.39803 0.361712 0)
(2.35301 0.435378 0)
(2.34777 0.456522 0)
(2.35295 0.459394 0)
(2.36259 0.458204 0)
(2.36486 0.466202 0)
(2.37461 0.461023 0)
(2.39348 0.452731 0)
(2.41118 0.446738 0)
(2.41871 0.449179 0)
(2.4306 0.432069 0)
(2.41861 0.385996 0)
(2.3664 0.280228 0)
(2.27469 0.0939614 0)
(2.23055 -0.0330465 0)
(2.19556 -0.0651191 0)
(2.19609 -0.0808087 0)
(2.19928 -0.0971226 0)
(2.21342 -0.12554 0)
(2.225 -0.133046 0)
(2.23522 -0.12994 0)
(2.25282 -0.118498 0)
(2.27187 -0.108947 0)
(2.28997 -0.107278 0)
(2.3003 -0.109063 0)
(2.3057 -0.107811 0)
(2.31575 -0.107981 0)
(2.33132 -0.112222 0)
(2.3474 -0.116039 0)
(2.36194 -0.116804 0)
(2.37518 -0.115986 0)
(2.38824 -0.115377 0)
(2.40146 -0.115488 0)
(2.41372 -0.115839 0)
(2.42377 -0.115691 0)
(2.42843 -0.113396 0)
(2.42708 -0.11217 0)
(2.43611 -0.114711 0)
(2.4529 -0.11729 0)
(2.47051 -0.119136 0)
(2.48669 -0.119065 0)
(2.5 -0.119876 0)
(2.51044 -0.122774 0)
(2.51774 -0.125971 0)
(2.51676 -0.123502 0)
(2.50839 -0.0893947 0)
(2.49166 -0.0454924 0)
(2.45662 0.00888512 0)
(2.39836 0.108366 0)
(2.38914 0.181642 0)
(2.37175 0.233463 0)
(2.37204 0.233743 0)
(2.59108 0.621439 0)
(2.40266 0.814564 0)
(2.34404 0.797808 0)
(2.34689 0.824282 0)
(2.34134 0.839127 0)
(2.33847 0.851223 0)
(2.33107 0.850497 0)
(2.32808 0.834724 0)
(2.30295 0.752463 0)
(2.16653 0.48863 0)
(1.97842 0.128341 0)
(1.90832 -0.0946741 0)
(1.92107 -0.181158 0)
(1.94435 -0.191435 0)
(1.98751 -0.188882 0)
(2.03624 -0.195795 0)
(2.08858 -0.215896 0)
(2.13683 -0.237666 0)
(2.17855 -0.253206 0)
(2.21736 -0.260459 0)
(2.25596 -0.261858 0)
(2.29415 -0.26581 0)
(2.33233 -0.274247 0)
(2.37 -0.283665 0)
(2.40645 -0.288625 0)
(2.44216 -0.288601 0)
(2.47526 -0.290962 0)
(2.50308 -0.294005 0)
(2.5241 -0.29585 0)
(2.53942 -0.289557 0)
(2.55394 -0.273236 0)
(2.57711 -0.267308 0)
(2.61115 -0.275019 0)
(2.64146 -0.282456 0)
(2.66687 -0.281951 0)
(2.68443 -0.273117 0)
(2.70254 -0.262594 0)
(2.71535 -0.258031 0)
(2.72099 -0.255217 0)
(2.73295 -0.248333 0)
(2.7453 -0.251634 0)
(2.76206 -0.243218 0)
(2.75205 -0.192692 0)
(2.71376 -0.0936048 0)
(2.60897 0.11995 0)
(2.5062 0.313891 0)
(2.4151 0.473427 0)
(2.36011 0.518879 0)
(2.35903 0.516398 0)
(2.36874 0.510739 0)
(2.39527 0.505349 0)
(2.40736 0.495343 0)
(2.41172 0.482649 0)
(2.40417 0.453835 0)
(2.37189 0.374202 0)
(2.29227 0.205144 0)
(2.22087 0.0498484 0)
(2.18684 -0.0764729 0)
(2.17053 -0.114265 0)
(2.17103 -0.100787 0)
(2.182 -0.0896375 0)
(2.20014 -0.0881463 0)
(2.21833 -0.0943897 0)
(2.23866 -0.103956 0)
(2.25552 -0.109645 0)
(2.27442 -0.104394 0)
(2.29384 -0.0941823 0)
(2.30824 -0.0848493 0)
(2.31625 -0.0793211 0)
(2.32248 -0.0789682 0)
(2.3331 -0.0839918 0)
(2.34677 -0.0902499 0)
(2.35979 -0.0934698 0)
(2.37167 -0.0929363 0)
(2.38311 -0.0928183 0)
(2.39609 -0.0955921 0)
(2.41128 -0.0977464 0)
(2.42677 -0.0957662 0)
(2.43975 -0.0912639 0)
(2.44752 -0.0881536 0)
(2.44864 -0.0884937 0)
(2.4504 -0.090853 0)
(2.4602 -0.0922466 0)
(2.474 -0.091503 0)
(2.48845 -0.0907644 0)
(2.50346 -0.0910291 0)
(2.51822 -0.0951576 0)
(2.53052 -0.102129 0)
(2.53523 -0.106585 0)
(2.53383 -0.0989242 0)
(2.52835 -0.0723721 0)
(2.52272 -0.0428303 0)
(2.5029 -0.00227611 0)
(2.45478 0.101148 0)
(2.45208 0.161666 0)
(2.40489 0.220151 0)
(2.86118 0.230208 0)
(2.62552 0.549954 0)
(2.4866 0.687317 0)
(2.36712 0.831203 0)
(2.33941 0.888949 0)
(2.31763 0.870185 0)
(2.29755 0.812992 0)
(2.22559 0.654764 0)
(2.08408 0.378302 0)
(1.90721 0.106703 0)
(1.86018 0.00900738 0)
(1.87409 -0.0315562 0)
(1.91019 -0.0752814 0)
(1.95368 -0.114403 0)
(1.99082 -0.136878 0)
(2.03349 -0.146385 0)
(2.08424 -0.150726 0)
(2.13574 -0.15738 0)
(2.18126 -0.169874 0)
(2.22196 -0.184854 0)
(2.26194 -0.193465 0)
(2.30166 -0.194582 0)
(2.33919 -0.194524 0)
(2.37716 -0.198977 0)
(2.41862 -0.201719 0)
(2.45964 -0.20054 0)
(2.49466 -0.20121 0)
(2.52094 -0.206557 0)
(2.54038 -0.216667 0)
(2.55675 -0.222243 0)
(2.57836 -0.214719 0)
(2.60156 -0.202572 0)
(2.61524 -0.193771 0)
(2.62152 -0.196552 0)
(2.65386 -0.193333 0)
(2.68965 -0.19416 0)
(2.72444 -0.194222 0)
(2.7493 -0.193172 0)
(2.75665 -0.193906 0)
(2.75683 -0.188116 0)
(2.76496 -0.180968 0)
(2.76885 -0.180934 0)
(2.76415 -0.173932 0)
(2.7865 -0.142704 0)
(2.7749 -0.0870763 0)
(2.71274 0.0586358 0)
(2.56984 0.306931 0)
(2.50306 0.466125 0)
(2.40673 0.54708 0)
(2.38877 0.564031 0)
(2.39914 0.551147 0)
(2.39546 0.525078 0)
(2.36562 0.455857 0)
(2.31561 0.333458 0)
(2.22575 0.132277 0)
(2.19849 0.0351604 0)
(2.17656 -0.0272107 0)
(2.17761 -0.0379375 0)
(2.18428 -0.0485351 0)
(2.1951 -0.0553898 0)
(2.20371 -0.0693761 0)
(2.21186 -0.0769874 0)
(2.22756 -0.0733765 0)
(2.24698 -0.0719785 0)
(2.26975 -0.0758686 0)
(2.29227 -0.0811801 0)
(2.31185 -0.076118 0)
(2.32505 -0.061841 0)
(2.33184 -0.0486946 0)
(2.33749 -0.0469442 0)
(2.34549 -0.055503 0)
(2.3587 -0.0635496 0)
(2.37385 -0.0662194 0)
(2.38703 -0.067078 0)
(2.39902 -0.0702833 0)
(2.40999 -0.0756412 0)
(2.42104 -0.0764445 0)
(2.43439 -0.0694608 0)
(2.44613 -0.0587339 0)
(2.45123 -0.0523895 0)
(2.45175 -0.0567073 0)
(2.45463 -0.0648275 0)
(2.46477 -0.0678813 0)
(2.47938 -0.0665037 0)
(2.4947 -0.0655489 0)
(2.51024 -0.0646988 0)
(2.52435 -0.0658939 0)
(2.53535 -0.0670528 0)
(2.54293 -0.0750003 0)
(2.54792 -0.0778015 0)
(2.54674 -0.0677712 0)
(2.5501 -0.0507247 0)
(2.54722 -0.0380892 0)
(2.53361 0.000988494 0)
(2.51469 0.0662215 0)
(2.45748 0.171454 0)
(2.98956 0.0192863 0)
(2.91735 0.144982 0)
(2.80249 0.374667 0)
(2.48568 0.751201 0)
(2.36994 0.893711 0)
(2.20911 0.672268 0)
(2.19155 0.501129 0)
(2.05529 0.234768 0)
(1.82347 0.018042 0)
(1.78559 -0.0828919 0)
(1.81053 -0.0657661 0)
(1.85542 -0.0304869 0)
(1.89856 -0.02909 0)
(1.95997 -0.055598 0)
(2.01224 -0.0909872 0)
(2.06144 -0.104996 0)
(2.11411 -0.105102 0)
(2.16366 -0.101174 0)
(2.20402 -0.104636 0)
(2.24117 -0.116981 0)
(2.2815 -0.128917 0)
(2.32212 -0.135052 0)
(2.36001 -0.125511 0)
(2.39626 -0.115473 0)
(2.42744 -0.113342 0)
(2.45832 -0.115001 0)
(2.4926 -0.117108 0)
(2.52407 -0.118795 0)
(2.54539 -0.123383 0)
(2.56814 -0.123184 0)
(2.595 -0.124425 0)
(2.62277 -0.131523 0)
(2.64224 -0.127003 0)
(2.6541 -0.118815 0)
(2.6647 -0.114645 0)
(2.68092 -0.128888 0)
(2.70078 -0.132034 0)
(2.71914 -0.118775 0)
(2.74383 -0.115428 0)
(2.77386 -0.115985 0)
(2.80053 -0.116451 0)
(2.80764 -0.107463 0)
(2.79905 -0.101192 0)
(2.8032 -0.0907805 0)
(2.81885 -0.0746436 0)
(2.81596 -0.0472908 0)
(2.78025 0.0387313 0)
(2.64539 0.308189 0)
(2.5882 0.428745 0)
(2.49691 0.531539 0)
(2.43412 0.523085 0)
(2.31535 0.413977 0)
(2.19173 0.215283 0)
(2.1666 0.0559905 0)
(2.15757 -0.0527564 0)
(2.15776 -0.0762491 0)
(2.16215 -0.0683334 0)
(2.1785 -0.052591 0)
(2.19774 -0.0307614 0)
(2.21003 -0.022511 0)
(2.22758 -0.0420768 0)
(2.23612 -0.05963 0)
(2.25122 -0.0560743 0)
(2.26645 -0.0454728 0)
(2.28244 -0.0444584 0)
(2.30382 -0.0492935 0)
(2.32384 -0.0493773 0)
(2.34005 -0.0400282 0)
(2.35106 -0.029664 0)
(2.3581 -0.0279283 0)
(2.36297 -0.0340652 0)
(2.36518 -0.038962 0)
(2.3727 -0.0389782 0)
(2.38609 -0.0376781 0)
(2.40091 -0.0386351 0)
(2.41522 -0.0440292 0)
(2.42849 -0.0477007 0)
(2.4438 -0.0446556 0)
(2.45715 -0.0353882 0)
(2.46332 -0.0292025 0)
(2.46065 -0.0341797 0)
(2.46114 -0.0427868 0)
(2.47166 -0.0454612 0)
(2.48687 -0.0436364 0)
(2.50251 -0.0426038 0)
(2.51803 -0.0411634 0)
(2.53227 -0.0410388 0)
(2.54405 -0.0405729 0)
(2.55253 -0.0411682 0)
(2.5575 -0.0400688 0)
(2.56124 -0.0395039 0)
(2.56547 -0.0333274 0)
(2.56495 -0.0389306 0)
(2.56629 -0.0210762 0)
(2.55934 -0.00320752 0)
(2.52112 0.0708097 0)
(2.99981 0.000335018 0)
(2.9966 0.00874196 0)
(2.99081 0.00318173 0)
(2.70374 0.384368 0)
(2.38188 0.57342 0)
(2.13402 0.158535 0)
(2.09231 0.109786 0)
(1.97284 0.132262 0)
(1.8261 0.0821443 0)
(1.82035 -0.0169486 0)
(1.84719 -0.0395063 0)
(1.87873 -0.0209096 0)
(1.90321 0.00315785 0)
(1.94807 -1.62475e-05 0)
(2.01326 -0.0175503 0)
(2.08092 -0.0325493 0)
(2.13234 -0.0354616 0)
(2.16277 -0.0352755 0)
(2.19273 -0.0346353 0)
(2.22852 -0.039347 0)
(2.26258 -0.0444269 0)
(2.30682 -0.0456261 0)
(2.36371 -0.0411901 0)
(2.41609 -0.037225 0)
(2.4564 -0.0346821 0)
(2.48217 -0.0349153 0)
(2.49734 -0.0370236 0)
(2.51008 -0.0329898 0)
(2.53241 -0.0325521 0)
(2.5547 -0.032844 0)
(2.57274 -0.0387292 0)
(2.60187 -0.0420194 0)
(2.63909 -0.0388335 0)
(2.67386 -0.0354423 0)
(2.69994 -0.037166 0)
(2.70919 -0.047007 0)
(2.70559 -0.0451994 0)
(2.72384 -0.0334293 0)
(2.74807 -0.0327072 0)
(2.76867 -0.0380632 0)
(2.78189 -0.0392668 0)
(2.80448 -0.0304657 0)
(2.8227 -0.0321306 0)
(2.83521 -0.0269343 0)
(2.84864 -0.0116278 0)
(2.85172 -0.0118678 0)
(2.84699 -0.0105801 0)
(2.80995 0.0311741 0)
(2.70574 0.150879 0)
(2.52815 0.179458 0)
(2.38807 0.240335 0)
(2.26419 0.222924 0)
(2.18091 0.107046 0)
(2.16611 0.0131841 0)
(2.16687 0.00545247 0)
(2.17419 -0.00187764 0)
(2.19877 -0.0208997 0)
(2.21554 -0.0303504 0)
(2.21497 -0.0130675 0)
(2.21031 -0.00218526 0)
(2.21837 -0.0136545 0)
(2.23397 -0.0280868 0)
(2.25596 -0.021923 0)
(2.27095 -0.0101378 0)
(2.28699 -0.0116097 0)
(2.3018 -0.0192214 0)
(2.31726 -0.0197974 0)
(2.33529 -0.0127297 0)
(2.35064 -0.00560496 0)
(2.35797 -0.00500926 0)
(2.36076 -0.0105598 0)
(2.36849 -0.0148218 0)
(2.37996 -0.0145823 0)
(2.39399 -0.013969 0)
(2.41077 -0.0130382 0)
(2.42761 -0.0132825 0)
(2.44237 -0.0140281 0)
(2.45081 -0.0141271 0)
(2.45501 -0.0114478 0)
(2.45635 -0.00923225 0)
(2.45235 -0.0132504 0)
(2.452 -0.0196199 0)
(2.46212 -0.021942 0)
(2.47721 -0.020715 0)
(2.49309 -0.0201095 0)
(2.50924 -0.0185092 0)
(2.52445 -0.016466 0)
(2.53697 -0.0131875 0)
(2.5461 -0.00904227 0)
(2.55287 -0.00625638 0)
(2.55746 -0.00453726 0)
(2.56086 -0.00337826 0)
(2.56182 -0.015538 0)
(2.56943 -0.0137083 0)
(2.57186 -0.0114392 0)
(2.55896 0.00206878 0)
(2.99988 -0.000163616 0)
(2.99678 -0.00498999 0)
(2.92753 -0.140071 0)
(2.75232 -0.188687 0)
(2.47565 -0.267861 0)
(2.29218 -0.450405 0)
(1.94669 -0.268311 0)
(1.91026 -0.0458742 0)
(1.85184 0.011675 0)
(1.84914 -0.00173034 0)
(1.86981 -0.00441633 0)
(1.88415 0.0136348 0)
(1.90399 0.0322919 0)
(1.94643 0.0408542 0)
(2.00392 0.0374584 0)
(2.05988 0.0273254 0)
(2.10907 0.0262904 0)
(2.1595 0.0288882 0)
(2.20818 0.0267367 0)
(2.25247 0.0247025 0)
(2.29742 0.0291829 0)
(2.33682 0.0400894 0)
(2.36543 0.0411251 0)
(2.39591 0.0353332 0)
(2.42362 0.0373148 0)
(2.44373 0.0431876 0)
(2.47755 0.0446734 0)
(2.51799 0.0418688 0)
(2.5571 0.0404832 0)
(2.5878 0.0416352 0)
(2.6099 0.0440591 0)
(2.62969 0.0487804 0)
(2.64031 0.0437833 0)
(2.65345 0.032441 0)
(2.6568 0.0273403 0)
(2.67077 0.037525 0)
(2.70855 0.0423585 0)
(2.73846 0.0439229 0)
(2.77191 0.0400134 0)
(2.79895 0.0322458 0)
(2.80963 0.0356784 0)
(2.803 0.0357641 0)
(2.8037 0.0308771 0)
(2.8107 0.0358634 0)
(2.80532 0.0401133 0)
(2.83493 0.0267094 0)
(2.83803 0.0166869 0)
(2.81936 -0.009525 0)
(2.70691 -0.141516 0)
(2.53613 -0.352014 0)
(2.35074 -0.235315 0)
(2.27336 -0.14073 0)
(2.23044 -0.132185 0)
(2.15112 -0.0799 0)
(2.15523 -0.00932677 0)
(2.16165 0.0349298 0)
(2.19369 0.0374559 0)
(2.22347 0.0148862 0)
(2.22457 0.0120523 0)
(2.22114 0.0146062 0)
(2.22549 0.00964954 0)
(2.23836 0.00625425 0)
(2.2532 0.0112691 0)
(2.26621 0.0180263 0)
(2.28336 0.0132972 0)
(2.30162 0.00899348 0)
(2.32143 0.0115336 0)
(2.34122 0.0150033 0)
(2.35627 0.0167781 0)
(2.36271 0.0161861 0)
(2.36573 0.0124298 0)
(2.36906 0.0115011 0)
(2.37339 0.0121131 0)
(2.38363 0.0143653 0)
(2.39929 0.0139571 0)
(2.41602 0.0130536 0)
(2.43263 0.0129268 0)
(2.44783 0.01304 0)
(2.45856 0.015189 0)
(2.46081 0.0170444 0)
(2.4535 0.0145491 0)
(2.45089 0.0103857 0)
(2.46142 0.00921783 0)
(2.47638 0.0099915 0)
(2.49259 0.00979637 0)
(2.50955 0.010064 0)
(2.52691 0.0113615 0)
(2.5426 0.0147075 0)
(2.55377 0.0203113 0)
(2.56011 0.0267738 0)
(2.55942 0.0283981 0)
(2.55605 0.0294045 0)
(2.55813 0.0182917 0)
(2.57387 0.00254644 0)
(2.57579 -0.00218377 0)
(2.55879 -0.0224452 0)
(2.99396 -0.0137041 0)
(2.92769 -0.129797 0)
(2.64002 -0.545898 0)
(2.5418 -0.66405 0)
(2.42495 -0.783191 0)
(2.36012 -0.783991 0)
(2.06151 -0.497702 0)
(1.91642 -0.185594 0)
(1.87402 0.00152299 0)
(1.83554 0.0523759 0)
(1.84003 0.0371056 0)
(1.85424 0.032257 0)
(1.89185 0.040434 0)
(1.95018 0.0702437 0)
(2.00345 0.0899079 0)
(2.05398 0.0935078 0)
(2.10504 0.0948345 0)
(2.15468 0.0973477 0)
(2.19823 0.0960766 0)
(2.23926 0.100207 0)
(2.2813 0.117732 0)
(2.32642 0.1326 0)
(2.37302 0.13357 0)
(2.40904 0.127092 0)
(2.43812 0.122736 0)
(2.46637 0.126364 0)
(2.49213 0.12975 0)
(2.51658 0.119932 0)
(2.53915 0.112416 0)
(2.56009 0.114267 0)
(2.58401 0.120724 0)
(2.6171 0.126695 0)
(2.65907 0.131527 0)
(2.68194 0.129734 0)
(2.6778 0.117283 0)
(2.6749 0.115878 0)
(2.69281 0.116236 0)
(2.71802 0.11802 0)
(2.74099 0.107883 0)
(2.76038 0.0997718 0)
(2.77445 0.110675 0)
(2.78831 0.110226 0)
(2.80268 0.115808 0)
(2.80091 0.115843 0)
(2.80635 0.0911134 0)
(2.80383 0.056928 0)
(2.76623 -0.03856 0)
(2.68464 -0.223383 0)
(2.57399 -0.436357 0)
(2.48047 -0.597005 0)
(2.38083 -0.522135 0)
(2.31193 -0.39025 0)
(2.26858 -0.24155 0)
(2.16774 -0.0607581 0)
(2.12076 0.0802868 0)
(2.13904 0.105305 0)
(2.16615 0.0800636 0)
(2.18558 0.0519932 0)
(2.20396 0.0429991 0)
(2.22223 0.0425206 0)
(2.23496 0.046966 0)
(2.23855 0.0495243 0)
(2.24738 0.0457394 0)
(2.26296 0.0397388 0)
(2.28337 0.0383783 0)
(2.30106 0.0398367 0)
(2.31416 0.040258 0)
(2.32936 0.0441793 0)
(2.34533 0.0464711 0)
(2.35937 0.0427354 0)
(2.37112 0.0366363 0)
(2.37921 0.0345524 0)
(2.3827 0.0411486 0)
(2.38518 0.0465354 0)
(2.40195 0.0461862 0)
(2.41895 0.0425792 0)
(2.43561 0.0366446 0)
(2.45315 0.0341639 0)
(2.46771 0.0355907 0)
(2.47307 0.0383811 0)
(2.4646 0.0383592 0)
(2.45831 0.0355617 0)
(2.46882 0.0344563 0)
(2.48354 0.0344582 0)
(2.49962 0.0337988 0)
(2.51622 0.0333451 0)
(2.53352 0.0337727 0)
(2.55133 0.0355641 0)
(2.56554 0.0410766 0)
(2.56688 0.0524657 0)
(2.55778 0.0592809 0)
(2.54347 0.0487383 0)
(2.54684 0.0341511 0)
(2.55282 0.0172947 0)
(2.55145 -0.00513616 0)
(2.51448 -0.0938376 0)
(2.9067 -0.16779 0)
(2.66555 -0.522644 0)
(2.38693 -0.837619 0)
(2.34167 -0.833391 0)
(2.35889 -0.835857 0)
(2.34982 -0.833883 0)
(2.31139 -0.795904 0)
(2.2263 -0.661266 0)
(2.07529 -0.374697 0)
(1.91842 -0.120266 0)
(1.86994 -0.014141 0)
(1.86947 0.0288116 0)
(1.90365 0.0889129 0)
(1.94599 0.115066 0)
(1.9839 0.120762 0)
(2.02544 0.135242 0)
(2.07383 0.148966 0)
(2.12933 0.160755 0)
(2.18522 0.172212 0)
(2.23576 0.186133 0)
(2.28008 0.20106 0)
(2.31888 0.209748 0)
(2.35171 0.21201 0)
(2.38025 0.207958 0)
(2.40937 0.20282 0)
(2.44011 0.198765 0)
(2.47037 0.192935 0)
(2.49904 0.188584 0)
(2.52999 0.193046 0)
(2.56486 0.204866 0)
(2.59827 0.210674 0)
(2.6279 0.209516 0)
(2.64283 0.203456 0)
(2.64208 0.203922 0)
(2.65191 0.199319 0)
(2.6838 0.190204 0)
(2.71709 0.198911 0)
(2.73048 0.215535 0)
(2.74051 0.20023 0)
(2.76057 0.180654 0)
(2.78043 0.17789 0)
(2.80334 0.170469 0)
(2.82353 0.171953 0)
(2.81592 0.130515 0)
(2.78664 0.0675426 0)
(2.70625 -0.0655959 0)
(2.55102 -0.324271 0)
(2.49452 -0.441887 0)
(2.41903 -0.530656 0)
(2.39754 -0.56845 0)
(2.39992 -0.562226 0)
(2.39531 -0.526234 0)
(2.37437 -0.446218 0)
(2.31811 -0.31569 0)
(2.23175 -0.135048 0)
(2.18861 -0.0227508 0)
(2.17551 0.00538667 0)
(2.18491 0.0377814 0)
(2.18993 0.0620641 0)
(2.20702 0.0755777 0)
(2.21377 0.0763498 0)
(2.21533 0.0678306 0)
(2.22443 0.0610906 0)
(2.24102 0.0619176 0)
(2.26137 0.0658565 0)
(2.28189 0.0678655 0)
(2.30202 0.0665206 0)
(2.3183 0.0662025 0)
(2.33261 0.0670742 0)
(2.347 0.0658319 0)
(2.35794 0.0628412 0)
(2.36422 0.0639264 0)
(2.36756 0.0701944 0)
(2.37466 0.0726258 0)
(2.38911 0.0701126 0)
(2.4077 0.0643386 0)
(2.4258 0.0577611 0)
(2.44256 0.0547879 0)
(2.45799 0.0561386 0)
(2.46695 0.0607466 0)
(2.46064 0.0644449 0)
(2.44972 0.0633389 0)
(2.45702 0.0608086 0)
(2.47067 0.0600692 0)
(2.48635 0.0591897 0)
(2.50268 0.0587191 0)
(2.52068 0.0595685 0)
(2.54033 0.0629267 0)
(2.55807 0.0708552 0)
(2.5674 0.0767838 0)
(2.55732 0.0767881 0)
(2.53938 0.0598889 0)
(2.53301 0.0404215 0)
(2.51712 0.00892085 0)
(2.48808 -0.053366 0)
(2.43494 -0.179015 0)
(2.61069 -0.566739 0)
(2.46943 -0.755725 0)
(2.3388 -0.84917 0)
(2.31409 -0.857702 0)
(2.319 -0.846895 0)
(2.3261 -0.838688 0)
(2.33215 -0.838454 0)
(2.3332 -0.828712 0)
(2.30843 -0.75961 0)
(2.16486 -0.501911 0)
(1.98315 -0.140348 0)
(1.91257 0.0917556 0)
(1.90717 0.177309 0)
(1.9413 0.17888 0)
(1.98734 0.178262 0)
(2.03292 0.194621 0)
(2.08177 0.221755 0)
(2.13307 0.245696 0)
(2.18367 0.26165 0)
(2.23048 0.270998 0)
(2.27095 0.277003 0)
(2.30449 0.280522 0)
(2.33403 0.282798 0)
(2.36584 0.281613 0)
(2.40082 0.281008 0)
(2.43649 0.280955 0)
(2.47134 0.279813 0)
(2.50288 0.279168 0)
(2.52921 0.2805 0)
(2.54767 0.279082 0)
(2.56641 0.271148 0)
(2.58796 0.273155 0)
(2.61055 0.281044 0)
(2.64102 0.280185 0)
(2.66714 0.276348 0)
(2.68974 0.269973 0)
(2.69589 0.273517 0)
(2.69335 0.277671 0)
(2.71201 0.255187 0)
(2.7339 0.234342 0)
(2.75988 0.230982 0)
(2.78134 0.221392 0)
(2.7748 0.198497 0)
(2.72443 0.0883539 0)
(2.62201 -0.114622 0)
(2.46611 -0.351576 0)
(2.41201 -0.470698 0)
(2.35719 -0.509341 0)
(2.36749 -0.506172 0)
(2.38315 -0.502333 0)
(2.39952 -0.505901 0)
(2.41682 -0.493972 0)
(2.42046 -0.492564 0)
(2.40143 -0.44228 0)
(2.37031 -0.363116 0)
(2.2967 -0.222069 0)
(2.20144 -0.0499284 0)
(2.17155 0.0559309 0)
(2.17658 0.116717 0)
(2.18472 0.112535 0)
(2.19865 0.0973801 0)
(2.20846 0.0848193 0)
(2.22012 0.0893244 0)
(2.23372 0.109356 0)
(2.24751 0.107865 0)
(2.2693 0.0958728 0)
(2.28704 0.0882026 0)
(2.3035 0.086382 0)
(2.31949 0.0875858 0)
(2.33482 0.0907105 0)
(2.34556 0.0951833 0)
(2.34966 0.0984981 0)
(2.35372 0.0978685 0)
(2.36356 0.0950738 0)
(2.37886 0.0915389 0)
(2.39663 0.0871082 0)
(2.41439 0.0832777 0)
(2.43225 0.0818346 0)
(2.44988 0.082139 0)
(2.4633 0.0836728 0)
(2.45891 0.0879474 0)
(2.44427 0.0931616 0)
(2.45218 0.0948356 0)
(2.46623 0.0952472 0)
(2.48217 0.095718 0)
(2.49893 0.0954959 0)
(2.5175 0.0947997 0)
(2.53528 0.0944432 0)
(2.54921 0.0948125 0)
(2.5558 0.0961915 0)
(2.54406 0.0846422 0)
(2.52081 0.0446992 0)
(2.4975 0.017018 0)
(2.43923 -0.067446 0)
(2.40149 -0.131238 0)
(2.37626 -0.211541 0)
(2.39051 -0.797475 0)
(2.35162 -0.860847 0)
(2.32939 -0.855679 0)
(2.32058 -0.846639 0)
(2.31862 -0.832043 0)
(2.32089 -0.82834 0)
(2.32764 -0.82883 0)
(2.34381 -0.820144 0)
(2.36686 -0.814418 0)
(2.36871 -0.756252 0)
(2.30978 -0.561242 0)
(2.15179 -0.203098 0)
(2.0518 0.0458973 0)
(2.02499 0.171876 0)
(2.03288 0.233223 0)
(2.06117 0.279268 0)
(2.09911 0.306062 0)
(2.13954 0.321552 0)
(2.18237 0.331009 0)
(2.22597 0.339714 0)
(2.26615 0.34932 0)
(2.30045 0.356436 0)
(2.33078 0.35872 0)
(2.36144 0.3568 0)
(2.39317 0.35806 0)
(2.42399 0.362182 0)
(2.4499 0.36315 0)
(2.47208 0.361423 0)
(2.49934 0.361776 0)
(2.53643 0.362774 0)
(2.57425 0.358894 0)
(2.6009 0.361609 0)
(2.62216 0.376668 0)
(2.63716 0.369154 0)
(2.64762 0.340111 0)
(2.65288 0.319293 0)
(2.67054 0.33065 0)
(2.69367 0.340314 0)
(2.72043 0.323219 0)
(2.71732 0.309092 0)
(2.73484 0.278089 0)
(2.72221 0.216596 0)
(2.64584 0.0736677 0)
(2.48844 -0.190533 0)
(2.40871 -0.354814 0)
(2.33432 -0.466387 0)
(2.32195 -0.478147 0)
(2.33422 -0.473116 0)
(2.35655 -0.457986 0)
(2.37461 -0.446391 0)
(2.39101 -0.447652 0)
(2.40623 -0.451623 0)
(2.41467 -0.454078 0)
(2.41141 -0.451678 0)
(2.42109 -0.426278 0)
(2.4132 -0.393738 0)
(2.3638 -0.296577 0)
(2.26957 -0.120122 0)
(2.23693 -5.03632e-06 0)
(2.21095 0.0825353 0)
(2.20711 0.0919342 0)
(2.2084 0.105801 0)
(2.21457 0.134807 0)
(2.21207 0.138632 0)
(2.22517 0.126927 0)
(2.24794 0.115033 0)
(2.26783 0.109892 0)
(2.28962 0.111473 0)
(2.31049 0.113038 0)
(2.32705 0.114458 0)
(2.33469 0.117839 0)
(2.33321 0.119297 0)
(2.33624 0.116318 0)
(2.35054 0.115566 0)
(2.36835 0.115214 0)
(2.38608 0.113264 0)
(2.40277 0.109989 0)
(2.4187 0.106707 0)
(2.43387 0.104395 0)
(2.44545 0.103628 0)
(2.44579 0.106954 0)
(2.43492 0.114772 0)
(2.43837 0.122039 0)
(2.45192 0.123659 0)
(2.4684 0.12397 0)
(2.48627 0.123402 0)
(2.50325 0.117931 0)
(2.52009 0.114663 0)
(2.5308 0.111664 0)
(2.5313 0.0956913 0)
(2.50484 0.0385013 0)
(2.47221 -0.0155218 0)
(2.41187 -0.0860442 0)
(2.35605 -0.155012 0)
(2.34045 -0.169558 0)
(2.35077 -0.205751 0)
(2.34861 -0.815745 0)
(2.34324 -0.832589 0)
(2.3373 -0.844452 0)
(2.32849 -0.848891 0)
(2.32086 -0.844136 0)
(2.32336 -0.837488 0)
(2.33088 -0.830118 0)
(2.35018 -0.815023 0)
(2.38501 -0.791892 0)
(2.42777 -0.761226 0)
(2.47013 -0.704433 0)
(2.45559 -0.564001 0)
(2.33217 -0.253129 0)
(2.18024 0.0918834 0)
(2.09622 0.312242 0)
(2.08282 0.395927 0)
(2.11445 0.407876 0)
(2.15754 0.407615 0)
(2.19791 0.408252 0)
(2.23543 0.41589 0)
(2.26941 0.427367 0)
(2.29918 0.43465 0)
(2.32598 0.433331 0)
(2.35226 0.42804 0)
(2.3793 0.43105 0)
(2.40787 0.443567 0)
(2.43982 0.452369 0)
(2.47635 0.455339 0)
(2.51072 0.455797 0)
(2.53825 0.454882 0)
(2.5588 0.444328 0)
(2.57586 0.432063 0)
(2.58878 0.43253 0)
(2.60415 0.424978 0)
(2.62529 0.404391 0)
(2.64532 0.385982 0)
(2.66163 0.393158 0)
(2.67057 0.395357 0)
(2.69288 0.379804 0)
(2.69027 0.336299 0)
(2.6544 0.233717 0)
(2.53313 -0.00567449 0)
(2.39635 -0.236295 0)
(2.3354 -0.34702 0)
(2.30786 -0.406371 0)
(2.30323 -0.415629 0)
(2.317 -0.422696 0)
(2.33542 -0.419658 0)
(2.35432 -0.406077 0)
(2.37325 -0.400273 0)
(2.39186 -0.40389 0)
(2.40819 -0.410193 0)
(2.41885 -0.411342 0)
(2.4205 -0.416532 0)
(2.41878 -0.410747 0)
(2.43823 -0.401941 0)
(2.44282 -0.382766 0)
(2.42098 -0.315554 0)
(2.34734 -0.159967 0)
(2.28135 -0.00308421 0)
(2.23588 0.109128 0)
(2.21894 0.152869 0)
(2.2003 0.172197 0)
(2.20199 0.169041 0)
(2.22049 0.156764 0)
(2.23913 0.145236 0)
(2.26059 0.142009 0)
(2.28489 0.14123 0)
(2.30763 0.139665 0)
(2.32458 0.138369 0)
(2.33306 0.138889 0)
(2.33036 0.142605 0)
(2.32948 0.145153 0)
(2.34257 0.144358 0)
(2.35956 0.143976 0)
(2.37718 0.142271 0)
(2.39387 0.138462 0)
(2.4093 0.133709 0)
(2.42332 0.130289 0)
(2.43375 0.128308 0)
(2.43711 0.128578 0)
(2.43331 0.135455 0)
(2.4349 0.148596 0)
(2.44704 0.155028 0)
(2.4645 0.155284 0)
(2.48216 0.153277 0)
(2.49353 0.145397 0)
(2.50558 0.132796 0)
(2.49941 0.102956 0)
(2.47154 0.0392302 0)
(2.42607 -0.0560119 0)
(2.38731 -0.120242 0)
(2.33906 -0.173707 0)
(2.31877 -0.179125 0)
(2.3235 -0.184817 0)
(2.34129 -0.189248 0)
(2.30861 -0.843437 0)
(2.32486 -0.834425 0)
(2.32999 -0.835861 0)
(2.332 -0.838469 0)
(2.3319 -0.839757 0)
(2.33566 -0.834994 0)
(2.35511 -0.81701 0)
(2.38038 -0.79505 0)
(2.43278 -0.748999 0)
(2.4703 -0.719977 0)
(2.53442 -0.641463 0)
(2.58305 -0.619526 0)
(2.56853 -0.510811 0)
(2.51674 -0.290711 0)
(2.31955 0.0987441 0)
(2.22481 0.335568 0)
(2.16599 0.476994 0)
(2.18021 0.491223 0)
(2.21373 0.499329 0)
(2.24698 0.504106 0)
(2.27691 0.515381 0)
(2.30478 0.525965 0)
(2.33418 0.527095 0)
(2.36571 0.524348 0)
(2.39707 0.530031 0)
(2.42494 0.544987 0)
(2.44968 0.550114 0)
(2.4723 0.542455 0)
(2.49261 0.529041 0)
(2.51221 0.519531 0)
(2.53925 0.505503 0)
(2.56701 0.502393 0)
(2.58747 0.505821 0)
(2.59926 0.501502 0)
(2.60861 0.469065 0)
(2.61313 0.43948 0)
(2.62387 0.448744 0)
(2.65602 0.433316 0)
(2.64142 0.367978 0)
(2.57502 0.201938 0)
(2.41383 -0.0930419 0)
(2.33424 -0.254538 0)
(2.27382 -0.346313 0)
(2.25924 -0.370453 0)
(2.27061 -0.3785 0)
(2.2872 -0.382279 0)
(2.30359 -0.381377 0)
(2.32512 -0.373854 0)
(2.3483 -0.365073 0)
(2.37183 -0.363248 0)
(2.39157 -0.365461 0)
(2.40455 -0.367756 0)
(2.41094 -0.368189 0)
(2.41078 -0.373196 0)
(2.41534 -0.373989 0)
(2.43612 -0.366002 0)
(2.45542 -0.36333 0)
(2.47498 -0.350574 0)
(2.47227 -0.313421 0)
(2.42249 -0.205416 0)
(2.34428 -0.0408276 0)
(2.30831 0.053506 0)
(2.24595 0.125324 0)
(2.229 0.15974 0)
(2.22526 0.175877 0)
(2.23174 0.182237 0)
(2.25775 0.178637 0)
(2.28322 0.172278 0)
(2.30489 0.166292 0)
(2.32255 0.163021 0)
(2.33527 0.161244 0)
(2.3354 0.164728 0)
(2.32731 0.172306 0)
(2.33678 0.172075 0)
(2.35331 0.170267 0)
(2.37131 0.169308 0)
(2.38892 0.166448 0)
(2.40432 0.160719 0)
(2.41732 0.155008 0)
(2.42758 0.151881 0)
(2.43514 0.15293 0)
(2.44069 0.15823 0)
(2.44146 0.171577 0)
(2.44401 0.180475 0)
(2.46083 0.181544 0)
(2.4714 0.176115 0)
(2.47564 0.156722 0)
(2.4644 0.114748 0)
(2.43545 0.046354 0)
(2.37561 -0.0768042 0)
(2.34771 -0.156083 0)
(2.31739 -0.19388 0)
(2.31519 -0.192909 0)
(2.31922 -0.181639 0)
(2.32831 -0.178074 0)
(2.3377 -0.176623 0)
(2.32442 -0.834105 0)
(2.33104 -0.8308 0)
(2.33552 -0.833106 0)
(2.34023 -0.836312 0)
(2.34439 -0.836902 0)
(2.35981 -0.825215 0)
(2.38411 -0.802311 0)
(2.42287 -0.765319 0)
(2.48517 -0.702567 0)
(2.54223 -0.634641 0)
(2.56379 -0.616862 0)
(2.62353 -0.545101 0)
(2.65927 -0.506291 0)
(2.69607 -0.385715 0)
(2.66221 -0.227823 0)
(2.4731 0.129799 0)
(2.33643 0.403922 0)
(2.2271 0.589131 0)
(2.21929 0.621528 0)
(2.24836 0.620243 0)
(2.27951 0.616539 0)
(2.30623 0.616328 0)
(2.33333 0.611629 0)
(2.36185 0.605682 0)
(2.39076 0.609265 0)
(2.41473 0.620685 0)
(2.43544 0.620502 0)
(2.45929 0.611173 0)
(2.49153 0.60464 0)
(2.52454 0.595522 0)
(2.55213 0.575436 0)
(2.5646 0.569114 0)
(2.56603 0.561785 0)
(2.56261 0.551869 0)
(2.57752 0.520167 0)
(2.60265 0.497649 0)
(2.60649 0.456697 0)
(2.57884 0.359028 0)
(2.43847 0.0835625 0)
(2.33568 -0.136748 0)
(2.26035 -0.264981 0)
(2.24508 -0.305963 0)
(2.24049 -0.311307 0)
(2.25608 -0.325341 0)
(2.27503 -0.327164 0)
(2.29101 -0.327433 0)
(2.30822 -0.331177 0)
(2.33036 -0.333126 0)
(2.35532 -0.331459 0)
(2.37886 -0.328683 0)
(2.39697 -0.326414 0)
(2.40739 -0.325827 0)
(2.4106 -0.327285 0)
(2.4152 -0.333196 0)
(2.42978 -0.33647 0)
(2.45281 -0.334097 0)
(2.47346 -0.331629 0)
(2.49123 -0.326439 0)
(2.51004 -0.323554 0)
(2.50694 -0.302373 0)
(2.48415 -0.239572 0)
(2.41392 -0.0997914 0)
(2.33509 0.0378996 0)
(2.27561 0.141167 0)
(2.24558 0.211953 0)
(2.24021 0.224741 0)
(2.25464 0.216 0)
(2.27602 0.20412 0)
(2.29791 0.195983 0)
(2.32096 0.189135 0)
(2.34053 0.185946 0)
(2.34705 0.189619 0)
(2.33642 0.197208 0)
(2.33984 0.201925 0)
(2.35602 0.199794 0)
(2.37168 0.197285 0)
(2.38826 0.194181 0)
(2.40336 0.187998 0)
(2.41629 0.181284 0)
(2.4279 0.178175 0)
(2.43592 0.179326 0)
(2.44275 0.187448 0)
(2.44822 0.200357 0)
(2.44844 0.20338 0)
(2.45427 0.194414 0)
(2.4502 0.171531 0)
(2.43246 0.126097 0)
(2.38675 0.0388439 0)
(2.3292 -0.0758781 0)
(2.32338 -0.146327 0)
(2.3115 -0.174216 0)
(2.31116 -0.171193 0)
(2.3141 -0.16339 0)
(2.32726 -0.159126 0)
(2.34018 -0.163655 0)
(2.34158 -0.161001 0)
(2.33217 -0.836676 0)
(2.33357 -0.839102 0)
(2.33878 -0.842319 0)
(2.34542 -0.842533 0)
(2.35838 -0.835847 0)
(2.38389 -0.816093 0)
(2.43386 -0.770897 0)
(2.50095 -0.691066 0)
(2.54049 -0.653941 0)
(2.56404 -0.616749 0)
(2.65469 -0.521426 0)
(2.71341 -0.424442 0)
(2.7522 -0.38295 0)
(2.77083 -0.386205 0)
(2.79461 -0.292129 0)
(2.76227 -0.181459 0)
(2.64135 0.124392 0)
(2.44499 0.476294 0)
(2.295 0.656852 0)
(2.26372 0.721368 0)
(2.28114 0.723948 0)
(2.31089 0.716074 0)
(2.3417 0.70487 0)
(2.37248 0.690835 0)
(2.40021 0.690334 0)
(2.42313 0.702796 0)
(2.44477 0.703109 0)
(2.47046 0.682693 0)
(2.48976 0.662689 0)
(2.50934 0.638816 0)
(2.52547 0.618438 0)
(2.52986 0.619066 0)
(2.53691 0.613223 0)
(2.54685 0.595576 0)
(2.57072 0.549232 0)
(2.56192 0.472319 0)
(2.49894 0.312077 0)
(2.31367 -0.00248729 0)
(2.23761 -0.181761 0)
(2.1997 -0.283203 0)
(2.20637 -0.278891 0)
(2.22705 -0.278116 0)
(2.24064 -0.285672 0)
(2.2473 -0.294727 0)
(2.26263 -0.287866 0)
(2.28107 -0.279999 0)
(2.3041 -0.284254 0)
(2.32823 -0.290574 0)
(2.35579 -0.291311 0)
(2.38306 -0.28831 0)
(2.40454 -0.286944 0)
(2.4161 -0.288228 0)
(2.41632 -0.292262 0)
(2.41844 -0.293955 0)
(2.43218 -0.294654 0)
(2.4536 -0.290698 0)
(2.47769 -0.29024 0)
(2.49935 -0.29197 0)
(2.51971 -0.292849 0)
(2.53091 -0.292035 0)
(2.53519 -0.283935 0)
(2.51716 -0.238746 0)
(2.46967 -0.134595 0)
(2.40768 -0.0180194 0)
(2.325 0.121144 0)
(2.28619 0.185855 0)
(2.28081 0.20943 0)
(2.2936 0.222371 0)
(2.30503 0.225311 0)
(2.32701 0.221068 0)
(2.34855 0.214345 0)
(2.35983 0.212563 0)
(2.35312 0.217401 0)
(2.34139 0.225021 0)
(2.35445 0.224989 0)
(2.37051 0.222159 0)
(2.38886 0.22105 0)
(2.40769 0.217976 0)
(2.42299 0.211711 0)
(2.43418 0.206053 0)
(2.44356 0.208755 0)
(2.45198 0.215351 0)
(2.45211 0.222913 0)
(2.44589 0.209306 0)
(2.43083 0.171988 0)
(2.40229 0.118232 0)
(2.33721 0.015552 0)
(2.29491 -0.0631317 0)
(2.28256 -0.141597 0)
(2.29507 -0.169709 0)
(2.30287 -0.165327 0)
(2.31189 -0.1532 0)
(2.32113 -0.143152 0)
(2.33598 -0.146636 0)
(2.34395 -0.151823 0)
(2.34515 -0.143915 0)
(2.33878 -0.842671 0)
(2.34289 -0.847779 0)
(2.35205 -0.845238 0)
(2.35837 -0.840182 0)
(2.38325 -0.820503 0)
(2.44132 -0.767246 0)
(2.50293 -0.699985 0)
(2.53659 -0.660787 0)
(2.607 -0.583081 0)
(2.69167 -0.469597 0)
(2.72873 -0.393519 0)
(2.75651 -0.378166 0)
(2.77956 -0.370724 0)
(2.84031 -0.271118 0)
(2.8771 -0.163314 0)
(2.90173 -0.144722 0)
(2.87063 -0.0343121 0)
(2.7887 0.170272 0)
(2.50946 0.543733 0)
(2.36148 0.745237 0)
(2.27156 0.824283 0)
(2.29451 0.817071 0)
(2.33017 0.800096 0)
(2.36814 0.768767 0)
(2.39178 0.755708 0)
(2.4106 0.75777 0)
(2.42979 0.74937 0)
(2.44891 0.721152 0)
(2.45617 0.701337 0)
(2.47877 0.676372 0)
(2.49993 0.663083 0)
(2.5154 0.657349 0)
(2.53332 0.65133 0)
(2.52477 0.57938 0)
(2.49289 0.466777 0)
(2.34137 0.175834 0)
(2.23063 -0.0617593 0)
(2.17599 -0.160804 0)
(2.17694 -0.222941 0)
(2.18401 -0.233455 0)
(2.21403 -0.241837 0)
(2.2324 -0.242453 0)
(2.24439 -0.251453 0)
(2.25663 -0.257185 0)
(2.27417 -0.250674 0)
(2.29255 -0.242643 0)
(2.31396 -0.243217 0)
(2.3388 -0.249404 0)
(2.36409 -0.25143 0)
(2.3902 -0.248094 0)
(2.41306 -0.248022 0)
(2.42559 -0.253917 0)
(2.42662 -0.261358 0)
(2.43106 -0.259221 0)
(2.4438 -0.255904 0)
(2.45983 -0.252215 0)
(2.47725 -0.249758 0)
(2.49734 -0.24851 0)
(2.52311 -0.255399 0)
(2.54571 -0.258422 0)
(2.55963 -0.254298 0)
(2.56029 -0.254083 0)
(2.54146 -0.21542 0)
(2.51644 -0.164564 0)
(2.459 -0.0611224 0)
(2.36961 0.101876 0)
(2.33457 0.19072 0)
(2.3094 0.270792 0)
(2.31099 0.269302 0)
(2.32083 0.260837 0)
(2.33732 0.249655 0)
(2.35387 0.241902 0)
(2.36447 0.242278 0)
(2.35823 0.250053 0)
(2.35847 0.255017 0)
(2.37547 0.255396 0)
(2.39008 0.252002 0)
(2.40571 0.246546 0)
(2.42036 0.238909 0)
(2.4338 0.236025 0)
(2.445 0.237207 0)
(2.45155 0.238734 0)
(2.43951 0.218605 0)
(2.41391 0.154257 0)
(2.37579 0.0835494 0)
(2.31049 -0.00460055 0)
(2.26565 -0.0735339 0)
(2.25352 -0.118313 0)
(2.27982 -0.137824 0)
(2.29209 -0.140266 0)
(2.3092 -0.136156 0)
(2.32004 -0.123167 0)
(2.33253 -0.121043 0)
(2.34578 -0.13101 0)
(2.34953 -0.13617 0)
(2.35185 -0.128083 0)
(2.34603 -0.846056 0)
(2.35445 -0.843746 0)
(2.36011 -0.838895 0)
(2.38801 -0.816102 0)
(2.443 -0.761237 0)
(2.48039 -0.72207 0)
(2.5628 -0.636264 0)
(2.65621 -0.512315 0)
(2.69008 -0.475011 0)
(2.71626 -0.414782 0)
(2.77956 -0.303862 0)
(2.82593 -0.262384 0)
(2.85794 -0.226061 0)
(2.89142 -0.126364 0)
(2.89704 -0.066706 0)
(2.92878 -0.0790401 0)
(2.93824 -0.0177619 0)
(2.91223 0.082856 0)
(2.82872 0.233451 0)
(2.59214 0.555945 0)
(2.41849 0.786889 0)
(2.29786 0.871138 0)
(2.30964 0.861917 0)
(2.33824 0.837453 0)
(2.36773 0.814275 0)
(2.39073 0.805343 0)
(2.40961 0.792606 0)
(2.4226 0.767504 0)
(2.44456 0.732045 0)
(2.46841 0.690334 0)
(2.48431 0.680926 0)
(2.502 0.657318 0)
(2.48467 0.587878 0)
(2.40334 0.401093 0)
(2.22459 0.0720371 0)
(2.12516 -0.126903 0)
(2.1177 -0.210758 0)
(2.13384 -0.195556 0)
(2.16804 -0.196512 0)
(2.19596 -0.204066 0)
(2.2161 -0.207685 0)
(2.23144 -0.202655 0)
(2.24993 -0.213847 0)
(2.27018 -0.228847 0)
(2.29236 -0.226506 0)
(2.31398 -0.215501 0)
(2.3311 -0.205904 0)
(2.34706 -0.204989 0)
(2.37027 -0.207643 0)
(2.39673 -0.210069 0)
(2.42193 -0.213664 0)
(2.43631 -0.223035 0)
(2.43604 -0.229628 0)
(2.43314 -0.221904 0)
(2.44448 -0.213454 0)
(2.46632 -0.209482 0)
(2.48701 -0.21115 0)
(2.50664 -0.212088 0)
(2.52552 -0.2084 0)
(2.54244 -0.210364 0)
(2.55251 -0.210421 0)
(2.55933 -0.216016 0)
(2.55548 -0.220713 0)
(2.55569 -0.205298 0)
(2.54547 -0.164924 0)
(2.5139 -0.0840385 0)
(2.45044 0.0459854 0)
(2.37065 0.198388 0)
(2.35638 0.244285 0)
(2.34665 0.271419 0)
(2.34844 0.268913 0)
(2.35651 0.26709 0)
(2.37454 0.264807 0)
(2.38007 0.271313 0)
(2.36854 0.280605 0)
(2.37207 0.282858 0)
(2.39459 0.286016 0)
(2.41222 0.283383 0)
(2.42776 0.273008 0)
(2.43989 0.259041 0)
(2.44657 0.248539 0)
(2.4334 0.214694 0)
(2.39077 0.124017 0)
(2.35921 0.0336566 0)
(2.28338 -0.0610318 0)
(2.24179 -0.110374 0)
(2.23887 -0.128264 0)
(2.25945 -0.127254 0)
(2.28239 -0.117819 0)
(2.29888 -0.114816 0)
(2.31714 -0.104831 0)
(2.33205 -0.0969751 0)
(2.34853 -0.100607 0)
(2.35682 -0.113385 0)
(2.35716 -0.116011 0)
(2.3614 -0.1097 0)
(2.35414 -0.844354 0)
(2.35846 -0.84127 0)
(2.38376 -0.82035 0)
(2.43411 -0.772601 0)
(2.48813 -0.715049 0)
(2.58555 -0.602376 0)
(2.65781 -0.506784 0)
(2.68926 -0.480694 0)
(2.74753 -0.371538 0)
(2.80871 -0.216479 0)
(2.8382 -0.193655 0)
(2.82964 -0.214068 0)
(2.8697 -0.13027 0)
(2.8866 -0.0227333 0)
(2.90819 -0.00672905 0)
(2.93032 -0.0440702 0)
(2.91359 -0.0145939 0)
(2.90841 0.0405543 0)
(2.90719 0.0699494 0)
(2.8614 0.165711 0)
(2.64318 0.512431 0)
(2.42335 0.8033 0)
(2.33883 0.849241 0)
(2.34065 0.84438 0)
(2.35596 0.833645 0)
(2.37834 0.819623 0)
(2.39607 0.795001 0)
(2.40287 0.762872 0)
(2.43514 0.720012 0)
(2.45175 0.686471 0)
(2.45735 0.652145 0)
(2.42799 0.555485 0)
(2.27809 0.262899 0)
(2.15968 0.0114308 0)
(2.09856 -0.108035 0)
(2.09564 -0.15172 0)
(2.11355 -0.153265 0)
(2.15149 -0.152602 0)
(2.18274 -0.155786 0)
(2.20221 -0.173829 0)
(2.21703 -0.171511 0)
(2.23302 -0.168139 0)
(2.25291 -0.177181 0)
(2.27162 -0.185953 0)
(2.29488 -0.18126 0)
(2.32041 -0.171954 0)
(2.34337 -0.168525 0)
(2.36358 -0.169615 0)
(2.38392 -0.168636 0)
(2.39905 -0.170948 0)
(2.40672 -0.179349 0)
(2.41578 -0.18732 0)
(2.42933 -0.193141 0)
(2.44186 -0.19166 0)
(2.44897 -0.177018 0)
(2.45691 -0.162197 0)
(2.47947 -0.15885 0)
(2.50328 -0.162164 0)
(2.52713 -0.167455 0)
(2.55173 -0.170366 0)
(2.56453 -0.17312 0)
(2.56925 -0.18492 0)
(2.57299 -0.189135 0)
(2.5725 -0.188201 0)
(2.57814 -0.179396 0)
(2.56996 -0.146188 0)
(2.55259 -0.0834454 0)
(2.50271 0.0201687 0)
(2.42057 0.172015 0)
(2.39081 0.257939 0)
(2.35991 0.313751 0)
(2.36008 0.310456 0)
(2.36699 0.30194 0)
(2.38047 0.303163 0)
(2.38668 0.307961 0)
(2.37801 0.317664 0)
(2.39327 0.310725 0)
(2.40688 0.30845 0)
(2.41572 0.294518 0)
(2.42068 0.268222 0)
(2.40374 0.210272 0)
(2.35734 0.098877 0)
(2.33496 0.0101196 0)
(2.29631 -0.0770662 0)
(2.25997 -0.0991641 0)
(2.24634 -0.098071 0)
(2.25014 -0.0935842 0)
(2.27169 -0.0911224 0)
(2.29618 -0.0890749 0)
(2.31345 -0.0826249 0)
(2.32149 -0.0741081 0)
(2.33117 -0.0749308 0)
(2.34351 -0.0833898 0)
(2.35106 -0.0932394 0)
(2.35404 -0.090775 0)
(2.36368 -0.0846706 0)
(2.35488 -0.845545 0)
(2.37614 -0.827853 0)
(2.42875 -0.77903 0)
(2.50103 -0.70712 0)
(2.5972 -0.58174 0)
(2.66285 -0.483882 0)
(2.71767 -0.425863 0)
(2.80387 -0.2687 0)
(2.82282 -0.139036 0)
(2.82436 -0.131081 0)
(2.85803 -0.0908562 0)
(2.90017 0.0237069 0)
(2.88719 0.09239 0)
(2.88694 0.100905 0)
(2.91467 0.0870252 0)
(2.9213 0.0666208 0)
(2.91114 0.0640553 0)
(2.91179 0.0678057 0)
(2.91363 0.0686239 0)
(2.91474 0.0679813 0)
(2.88005 0.126089 0)
(2.63777 0.48898 0)
(2.45783 0.698412 0)
(2.36188 0.796069 0)
(2.34866 0.814561 0)
(2.34866 0.813852 0)
(2.36412 0.794738 0)
(2.38317 0.758466 0)
(2.41121 0.710292 0)
(2.41639 0.647008 0)
(2.37127 0.484798 0)
(2.19826 0.166995 0)
(2.08346 -0.0461863 0)
(2.04783 -0.149382 0)
(2.06131 -0.136047 0)
(2.09305 -0.124144 0)
(2.12514 -0.114056 0)
(2.152 -0.109953 0)
(2.17908 -0.119053 0)
(2.20088 -0.136844 0)
(2.21548 -0.138905 0)
(2.2329 -0.135471 0)
(2.25518 -0.136195 0)
(2.27815 -0.135465 0)
(2.30063 -0.129327 0)
(2.32503 -0.123732 0)
(2.34967 -0.123569 0)
(2.36857 -0.128497 0)
(2.37468 -0.137499 0)
(2.37934 -0.142748 0)
(2.39215 -0.143836 0)
(2.40885 -0.145831 0)
(2.42679 -0.146881 0)
(2.44564 -0.146136 0)
(2.4625 -0.140339 0)
(2.47606 -0.127048 0)
(2.49064 -0.115952 0)
(2.50955 -0.116805 0)
(2.52473 -0.125877 0)
(2.53186 -0.135294 0)
(2.53661 -0.142661 0)
(2.54516 -0.147154 0)
(2.56202 -0.145399 0)
(2.58024 -0.152306 0)
(2.59615 -0.148076 0)
(2.59614 -0.137955 0)
(2.59059 -0.110547 0)
(2.57583 -0.0665029 0)
(2.54013 0.000298757 0)
(2.46048 0.143427 0)
(2.40886 0.255092 0)
(2.38907 0.295914 0)
(2.37713 0.325064 0)
(2.38195 0.32473 0)
(2.39275 0.335157 0)
(2.38815 0.344185 0)
(2.3964 0.33486 0)
(2.39805 0.32021 0)
(2.38838 0.273213 0)
(2.36596 0.196037 0)
(2.31022 0.0768617 0)
(2.28295 -0.0238831 0)
(2.26063 -0.0984482 0)
(2.2517 -0.116276 0)
(2.25357 -0.112271 0)
(2.26053 -0.0919998 0)
(2.2708 -0.0735043 0)
(2.28434 -0.0648144 0)
(2.2968 -0.0644076 0)
(2.30655 -0.059857 0)
(2.31542 -0.0580852 0)
(2.32688 -0.0622887 0)
(2.3383 -0.0674659 0)
(2.34784 -0.0729417 0)
(2.35562 -0.0697847 0)
(2.36918 -0.0653043 0)
(2.36467 -0.838424 0)
(2.43559 -0.777105 0)
(2.51634 -0.695379 0)
(2.58539 -0.599602 0)
(2.70102 -0.408551 0)
(2.76095 -0.322 0)
(2.78103 -0.286759 0)
(2.80687 -0.145723 0)
(2.81744 -0.0952312 0)
(2.82798 -0.0970094 0)
(2.87543 -0.0263543 0)
(2.89623 0.0480009 0)
(2.88555 0.0810497 0)
(2.90525 0.0780515 0)
(2.91245 0.0588274 0)
(2.90777 0.0506493 0)
(2.89868 0.0556395 0)
(2.90788 0.0612264 0)
(2.92048 0.0451597 0)
(2.92553 0.0374963 0)
(2.92288 0.0292436 0)
(2.87218 0.0986125 0)
(2.73703 0.311974 0)
(2.44023 0.66011 0)
(2.35595 0.741055 0)
(2.3413 0.778338 0)
(2.34828 0.768389 0)
(2.3536 0.728514 0)
(2.3556 0.635747 0)
(2.28148 0.391485 0)
(2.16372 0.132387 0)
(2.03922 -0.0390057 0)
(2.01672 -0.0756115 0)
(2.02651 -0.0846671 0)
(2.07171 -0.0798778 0)
(2.09678 -0.0768727 0)
(2.10973 -0.0842753 0)
(2.12628 -0.0803882 0)
(2.15451 -0.0865212 0)
(2.18503 -0.10251 0)
(2.20915 -0.106216 0)
(2.2311 -0.0978507 0)
(2.25265 -0.0912877 0)
(2.27332 -0.0880037 0)
(2.29127 -0.0851556 0)
(2.30777 -0.0833819 0)
(2.32622 -0.0888959 0)
(2.34262 -0.0988669 0)
(2.35406 -0.105389 0)
(2.36681 -0.107022 0)
(2.3856 -0.106587 0)
(2.40726 -0.105468 0)
(2.42859 -0.101318 0)
(2.44793 -0.0946503 0)
(2.46391 -0.0857934 0)
(2.47393 -0.0783429 0)
(2.47813 -0.077853 0)
(2.48461 -0.0865949 0)
(2.49704 -0.0970437 0)
(2.5097 -0.10212 0)
(2.52284 -0.105022 0)
(2.53941 -0.109025 0)
(2.55806 -0.105634 0)
(2.57506 -0.104567 0)
(2.589 -0.0992163 0)
(2.59855 -0.091503 0)
(2.60048 -0.0818429 0)
(2.59655 -0.0813653 0)
(2.59173 -0.0524884 0)
(2.56875 -0.00412394 0)
(2.52037 0.0930943 0)
(2.44403 0.234299 0)
(2.42296 0.295395 0)
(2.39398 0.347315 0)
(2.39202 0.356391 0)
(2.38315 0.348432 0)
(2.36951 0.317628 0)
(2.34678 0.252891 0)
(2.32035 0.168674 0)
(2.29145 0.0944287 0)
(2.23497 0.00541841 0)
(2.22159 -0.0580207 0)
(2.22904 -0.0778314 0)
(2.23525 -0.0775557 0)
(2.25245 -0.0660652 0)
(2.27095 -0.0523955 0)
(2.28424 -0.0448916 0)
(2.28931 -0.0419254 0)
(2.28736 -0.0424128 0)
(2.2892 -0.0414357 0)
(2.3006 -0.042381 0)
(2.31592 -0.0464322 0)
(2.32948 -0.0488341 0)
(2.34022 -0.0490981 0)
(2.3487 -0.0465402 0)
(2.36245 -0.0453026 0)
(2.45082 -0.789317 0)
(2.58579 -0.664721 0)
(2.70823 -0.497887 0)
(2.81665 -0.282084 0)
(2.86901 -0.124401 0)
(2.9052 -0.0282251 0)
(2.92977 0.0913212 0)
(2.92719 0.178506 0)
(2.94989 0.181159 0)
(2.97922 0.124584 0)
(2.98662 0.13094 0)
(2.97241 0.135325 0)
(2.97141 0.120436 0)
(2.96095 0.0754335 0)
(2.95699 0.0422883 0)
(2.93644 0.0275397 0)
(2.91773 0.0191651 0)
(2.93047 0.0109981 0)
(2.94369 -0.00851889 0)
(2.93919 -0.0138835 0)
(2.93772 -0.0149845 0)
(2.92669 -0.00727417 0)
(2.90801 0.0271816 0)
(2.71434 0.277562 0)
(2.52164 0.530785 0)
(2.36607 0.775422 0)
(2.29435 0.721814 0)
(2.20066 0.508969 0)
(2.08211 0.196352 0)
(1.91288 -0.0451029 0)
(1.86263 -0.135445 0)
(1.91559 -0.108517 0)
(1.97305 -0.0852729 0)
(2.02547 -0.0589114 0)
(2.05876 -0.0352382 0)
(2.08101 -0.0304081 0)
(2.09588 -0.0385958 0)
(2.11823 -0.0460581 0)
(2.14549 -0.0524178 0)
(2.17583 -0.057257 0)
(2.20598 -0.0566597 0)
(2.23654 -0.0555706 0)
(2.26457 -0.0569103 0)
(2.28552 -0.0558748 0)
(2.29924 -0.0480795 0)
(2.30988 -0.0388988 0)
(2.32157 -0.0401311 0)
(2.33578 -0.0530395 0)
(2.3503 -0.0655846 0)
(2.36731 -0.068597 0)
(2.38945 -0.0642852 0)
(2.41365 -0.0600319 0)
(2.43791 -0.0568425 0)
(2.46019 -0.0543432 0)
(2.4779 -0.050795 0)
(2.4872 -0.045016 0)
(2.48584 -0.0369763 0)
(2.48438 -0.0366953 0)
(2.49206 -0.0498017 0)
(2.50606 -0.0626834 0)
(2.52281 -0.0663277 0)
(2.54181 -0.0633047 0)
(2.56128 -0.0587532 0)
(2.58182 -0.0579639 0)
(2.59887 -0.0574378 0)
(2.61236 -0.0540063 0)
(2.61623 -0.0490375 0)
(2.61556 -0.0569548 0)
(2.61588 -0.0441712 0)
(2.6072 -0.00734331 0)
(2.59584 0.0149217 0)
(2.55439 0.0880212 0)
(2.49283 0.204688 0)
(2.46008 0.263042 0)
(2.41746 0.331359 0)
(2.34786 0.288582 0)
(2.28534 0.207403 0)
(2.24915 0.0955699 0)
(2.20301 0.00721632 0)
(2.16518 -0.0187194 0)
(2.1515 -0.0483859 0)
(2.17152 -0.0680582 0)
(2.19995 -0.0626084 0)
(2.22234 -0.0493657 0)
(2.24585 -0.031196 0)
(2.26794 -0.0254997 0)
(2.28402 -0.0251134 0)
(2.28601 -0.022504 0)
(2.2754 -0.0177793 0)
(2.27973 -0.0191422 0)
(2.2956 -0.0238261 0)
(2.31236 -0.0278749 0)
(2.32757 -0.0291101 0)
(2.34175 -0.0298671 0)
(2.3521 -0.0280931 0)
(2.36358 -0.0261774 0)
(2.43123 -0.821983 0)
(2.52081 -0.828604 0)
(2.65957 -0.708285 0)
(2.78686 -0.612422 0)
(2.861 -0.562171 0)
(2.91852 -0.334317 0)
(2.94023 -0.236168 0)
(2.95892 -0.136983 0)
(2.9874 -0.019181 0)
(3.00879 0.0364357 0)
(3.00081 0.073071 0)
(3.00184 0.0764002 0)
(2.99165 0.0642664 0)
(2.98115 0.0541841 0)
(2.96953 0.0416471 0)
(2.95091 0.0395128 0)
(2.94552 0.0364094 0)
(2.9647 0.0247116 0)
(2.96631 0.0155186 0)
(2.96135 0.0112536 0)
(2.95212 0.00828142 0)
(2.94001 0.00299919 0)
(2.93981 -0.00288169 0)
(2.91323 0.0198324 0)
(2.74462 0.143522 0)
(2.4502 0.40428 0)
(2.25314 0.401848 0)
(2.04371 0.402666 0)
(1.88229 0.248806 0)
(1.80594 0.13309 0)
(1.83751 0.0134883 0)
(1.92294 -0.0260443 0)
(1.99914 -0.0338735 0)
(2.03022 -0.0330992 0)
(2.04167 -0.0251199 0)
(2.05287 -0.0193739 0)
(2.06972 -0.02097 0)
(2.0964 -0.0251094 0)
(2.12739 -0.0265231 0)
(2.15846 -0.0262738 0)
(2.19069 -0.025502 0)
(2.22293 -0.0256923 0)
(2.24952 -0.0270831 0)
(2.26653 -0.0274819 0)
(2.27703 -0.025046 0)
(2.28565 -0.0227221 0)
(2.29625 -0.0243703 0)
(2.31003 -0.02937 0)
(2.32693 -0.0331623 0)
(2.34842 -0.0322344 0)
(2.37342 -0.0298345 0)
(2.39966 -0.0286835 0)
(2.42427 -0.0280512 0)
(2.44484 -0.0275203 0)
(2.45957 -0.0260608 0)
(2.4669 -0.0245554 0)
(2.46615 -0.025345 0)
(2.46167 -0.0297118 0)
(2.46571 -0.0328705 0)
(2.48379 -0.0334107 0)
(2.5054 -0.0322798 0)
(2.52629 -0.0302128 0)
(2.54797 -0.0279196 0)
(2.56955 -0.0270324 0)
(2.58653 -0.0266272 0)
(2.59639 -0.0250754 0)
(2.60033 -0.0222698 0)
(2.60166 -0.0284702 0)
(2.59809 -0.0351793 0)
(2.60259 -0.0282867 0)
(2.60714 -0.0235478 0)
(2.60135 -0.0128571 0)
(2.56708 0.0272737 0)
(2.4794 0.0805584 0)
(2.3633 0.147427 0)
(2.30698 0.16902 0)
(2.25639 0.137883 0)
(2.19987 0.0990877 0)
(2.14646 0.0783297 0)
(2.13351 0.0517622 0)
(2.15222 0.00235496 0)
(2.16979 -0.0253757 0)
(2.18959 -0.0256359 0)
(2.21494 -0.020326 0)
(2.23965 -0.0129123 0)
(2.26212 -0.012201 0)
(2.27511 -0.0140196 0)
(2.27042 -0.0162575 0)
(2.25883 -0.0140655 0)
(2.26687 -0.0127166 0)
(2.28417 -0.0137821 0)
(2.30202 -0.0147049 0)
(2.31797 -0.0145188 0)
(2.33241 -0.0151956 0)
(2.34144 -0.0145466 0)
(2.35211 -0.0137006 0)
)
;

boundaryField
{
    inlet
    {
        type            fixedValue;
        value           uniform (3 0 0);
    }
    outlet
    {
        type            inletOutlet;
        inletValue      uniform (3 0 0);
        value           nonuniform List<vector> 
32
(
(2.32505 0.0165997 0)
(2.34338 0.0198743 0)
(2.35257 0.0420058 0)
(2.36309 0.0561046 0)
(2.36329 0.0747587 0)
(2.35906 0.0986757 0)
(2.35577 0.122725 0)
(2.358 0.144914 0)
(2.35889 0.165797 0)
(2.3556 0.191031 0)
(2.35984 0.209587 0)
(2.37204 0.233743 0)
(2.40489 0.220151 0)
(2.45748 0.171454 0)
(2.52112 0.0708097 0)
(2.55896 0.00206878 0)
(2.55879 -0.0224452 0)
(2.51448 -0.0938376 0)
(2.43494 -0.179015 0)
(2.37626 -0.211541 0)
(2.35077 -0.205751 0)
(2.34129 -0.189248 0)
(2.3377 -0.176623 0)
(2.34158 -0.161001 0)
(2.34515 -0.143915 0)
(2.35185 -0.128083 0)
(2.3614 -0.1097 0)
(2.36368 -0.0846706 0)
(2.36918 -0.0653043 0)
(2.36245 -0.0453026 0)
(2.36358 -0.0261774 0)
(2.35211 -0.0137006 0)
)
;
    }
    bottom
    {
        type            symmetryPlane;
    }
    top
    {
        type            symmetryPlane;
    }
    obstacle
    {
        type            slip;
    }
    defaultFaces
    {
        type            empty;
    }
}


// ************************************************************************* //
