/*--------------------------------*- C++ -*----------------------------------*\
  =========                 |
  \\      /  F ield         | OpenFOAM: The Open Source CFD Toolbox
   \\    /   O peration     | Website:  https://openfoam.org
    \\  /    A nd           | Version:  7
     \\/     M anipulation  |
\*---------------------------------------------------------------------------*/
FoamFile
{
    version     2.0;
    format      ascii;
    class       volVectorField;
    location    "0.6";
    object      U;
}
// * * * * * * * * * * * * * * * * * * * * * * * * * * * * * * * * * * * * * //

dimensions      [0 1 -1 0 0 0 0];

internalField   nonuniform List<vector> 
4608
(
(3 -4.93102e-17 0)
(3 2.42505e-16 0)
(3 -1.15764e-16 0)
(3 4.7316e-17 0)
(3 -2.66132e-17 0)
(3 -8.73199e-16 0)
(3 -2.14511e-15 0)
(3 -2.0059e-16 0)
(3 1.09255e-15 0)
(3 1.93481e-15 0)
(3 1.87681e-15 0)
(3 6.25848e-16 0)
(3 3.57439e-16 0)
(3 -2.12442e-16 0)
(3 -6.7569e-16 0)
(3 -7.16419e-16 0)
(3 -6.82111e-16 0)
(3 -5.05432e-16 0)
(3 -3.69808e-16 0)
(3 -1.66135e-16 0)
(3 8.66658e-17 0)
(3 2.0806e-16 0)
(3 4.16396e-16 0)
(3 4.54662e-16 0)
(3 -3.15128e-17 0)
(3 -6.74578e-17 0)
(3 -6.25601e-17 0)
(3 1.38863e-16 0)
(3 -9.56326e-17 0)
(3 -9.74987e-16 0)
(3 -1.77034e-15 0)
(3 -9.87018e-16 0)
(3 3.12207e-16 0)
(3 8.62322e-16 0)
(3 1.58068e-15 0)
(3 4.03677e-16 0)
(3 -4.77515e-16 0)
(3 -1.32261e-15 0)
(3 -9.99942e-16 0)
(3 -8.53279e-16 0)
(3 -8.88357e-16 0)
(3 -8.77913e-16 0)
(3 -5.37375e-16 0)
(3 -7.41541e-16 0)
(3 -2.72794e-16 0)
(3 4.76688e-16 0)
(3 1.35751e-15 0)
(3 1.92194e-15 0)
(3 2.53243e-16 0)
(3 -1.86005e-17 0)
(3 -6.53748e-16 0)
(3 -6.31635e-16 0)
(3 -5.94539e-16 0)
(3 -5.91699e-16 0)
(3 -6.56273e-16 0)
(3 -1.04978e-15 0)
(3 -5.35105e-17 0)
(3 4.51524e-16 0)
(3 1.1602e-15 0)
(3 -2.46808e-16 0)
(3 -1.10406e-15 0)
(3 -1.47446e-15 0)
(3 -1.67508e-15 0)
(3 -2.11912e-15 0)
(3 -2.25189e-15 0)
(3 -2.42589e-15 0)
(3 -2.67581e-15 0)
(3 -2.57837e-15 0)
(3 -6.71883e-16 0)
(3 4.89486e-16 0)
(3 1.0761e-15 0)
(3 1.90143e-15 0)
(3 -1.03753e-19 0)
(3 2.47475e-16 0)
(3 -7.78003e-17 0)
(3 -5.4978e-16 0)
(3 -5.72871e-16 0)
(3 -4.31587e-16 0)
(3 -4.63496e-16 0)
(3 -5.98554e-16 0)
(3 2.58622e-18 0)
(3 1.54203e-16 0)
(3 1.21538e-16 0)
(3 -5.37229e-16 0)
(3 -9.17797e-16 0)
(3 -7.27614e-16 0)
(3 -1.29176e-15 0)
(3 -2.03344e-15 0)
(3 -2.08982e-15 0)
(3 -2.14273e-15 0)
(3 -2.34489e-15 0)
(3 -2.19993e-15 0)
(3 -1.51894e-15 0)
(3 -7.29837e-16 0)
(3 -1.83492e-17 0)
(3 1.61879e-15 0)
(3 -3.03459e-16 0)
(3 -2.61875e-16 0)
(3 7.68332e-16 0)
(3 1.40087e-15 0)
(3 5.41815e-16 0)
(3 1.15584e-16 0)
(3 -1.56818e-16 0)
(3 -2.32762e-16 0)
(3 -6.21123e-16 0)
(3 -5.37294e-16 0)
(3 -1.52357e-15 0)
(3 -2.20265e-15 0)
(3 -1.92764e-15 0)
(3 -1.97589e-15 0)
(3 -1.69489e-15 0)
(3 -2.0388e-15 0)
(3 -2.38061e-15 0)
(3 -2.21153e-15 0)
(3 -2.24175e-15 0)
(3 -2.25886e-15 0)
(3 -1.90115e-15 0)
(3 -1.44214e-15 0)
(3 -1.00587e-15 0)
(3 1.13771e-16 0)
(3 1.15189e-16 0)
(3 1.80198e-16 0)
(3 4.43301e-16 0)
(3 7.59076e-16 0)
(3 8.00993e-16 0)
(3 5.73545e-16 0)
(3 1.76919e-16 0)
(3 2.38626e-16 0)
(3 4.98056e-16 0)
(3 -1.48085e-16 0)
(3 -8.68354e-16 0)
(3 -1.24381e-15 0)
(3 -1.13898e-15 0)
(3 -1.41209e-15 0)
(3 -1.65652e-15 0)
(3 -2.09148e-15 0)
(3 -2.74178e-15 0)
(3 -2.49173e-15 0)
(3 -2.69072e-15 0)
(3 -2.94655e-15 0)
(3 -3.30979e-15 0)
(3 -3.26214e-15 0)
(3 -2.04114e-15 0)
(3 -1.71391e-15 0)
(3 1.60871e-16 0)
(3 5.43582e-16 0)
(3 5.3405e-16 0)
(3 -1.80041e-16 0)
(3 -2.63124e-16 0)
(3 9.42709e-17 0)
(3 2.99838e-16 0)
(3 1.1933e-15 0)
(3 1.76002e-15 0)
(3 5.0615e-16 0)
(3 6.15503e-17 0)
(3 -1.00601e-15 0)
(3 -1.18741e-15 0)
(3 -7.29605e-17 0)
(3 -3.53986e-16 0)
(3 -7.29069e-16 0)
(3 -1.10109e-15 0)
(3 -1.93804e-15 0)
(3 -2.44603e-15 0)
(3 -3.31413e-15 0)
(3 -4.26802e-15 0)
(3 -4.48972e-15 0)
(3 -3.07986e-15 0)
(3 -2.01226e-15 0)
(3 1.798e-17 0)
(3 3.60444e-16 0)
(3 2.7402e-16 0)
(3 1.02335e-16 0)
(3 -2.68509e-16 0)
(3 -1.299e-16 0)
(3 -4.55568e-16 0)
(3 -5.78075e-16 0)
(3 -1.13422e-16 0)
(3 4.80591e-16 0)
(3 2.93738e-16 0)
(3 -2.08444e-16 0)
(3 -2.6116e-16 0)
(3 -5.64177e-16 0)
(3 -5.8974e-16 0)
(3 -3.41644e-16 0)
(3 -6.97026e-16 0)
(3 -1.57457e-15 0)
(3 -2.29587e-15 0)
(3 -2.95065e-15 0)
(3 -2.9682e-15 0)
(3 -2.6995e-15 0)
(3 -1.71951e-15 0)
(3 -1.70534e-15 0)
(3 -1.4065e-16 0)
(3 -1.19652e-16 0)
(3 -4.94368e-18 0)
(3 2.81617e-16 0)
(3 3.73612e-16 0)
(3 -1.7579e-17 0)
(3 -3.22141e-16 0)
(3 -6.85134e-16 0)
(3 -4.42174e-16 0)
(3 4.78629e-16 0)
(3 6.44099e-16 0)
(3 1.39159e-15 0)
(3 2.73989e-15 0)
(3 2.34575e-15 0)
(3 1.64925e-15 0)
(3 1.08585e-15 0)
(3 2.65808e-16 0)
(3 -5.68141e-16 0)
(3 -1.35693e-15 0)
(3 -1.4356e-15 0)
(3 -3.22683e-16 0)
(3 3.73851e-17 0)
(3 3.64191e-16 0)
(3 -1.4554e-16 0)
(3 -1.77511e-16 0)
(3 -8.33989e-16 0)
(3 -6.14491e-16 0)
(3 -3.89981e-16 0)
(3 -3.3938e-16 0)
(3 -4.52234e-16 0)
(3 -3.09615e-16 0)
(3 -1.34096e-16 0)
(3 -1.01513e-16 0)
(3 6.28846e-16 0)
(3 8.38258e-16 0)
(3 2.74402e-15 0)
(3 2.96486e-15 0)
(3 2.94422e-15 0)
(3 2.59954e-15 0)
(3 1.99698e-15 0)
(3 1.58466e-15 0)
(3 1.07606e-15 0)
(3 1.64336e-15 0)
(3 2.41834e-15 0)
(3 2.23327e-15 0)
(3 9.34876e-16 0)
(3 -1.88667e-16 0)
(3 -8.1085e-16 0)
(3 -2.20699e-16 0)
(3 -1.86054e-16 0)
(3 -2.59373e-16 0)
(3 -2.5741e-16 0)
(3 -1.48482e-16 0)
(3 2.10883e-16 0)
(3 9.08972e-17 0)
(3 -5.62569e-17 0)
(3 -2.17037e-18 0)
(3 3.20234e-16 0)
(3 3.49816e-16 0)
(3 2.74716e-16 0)
(3 3.88826e-16 0)
(3 1.05278e-15 0)
(3 1.29527e-15 0)
(3 1.30693e-15 0)
(3 1.61131e-15 0)
(3 2.57963e-15 0)
(3 3.1352e-15 0)
(3 3.83259e-15 0)
(3 3.1012e-15 0)
(3 1.4451e-15 0)
(3 1.96646e-16 0)
(3 3.70968e-16 0)
(3 4.17911e-16 0)
(3 7.28259e-16 0)
(3 2.69747e-16 0)
(3 8.39851e-17 0)
(3 9.47665e-17 0)
(3 -3.26434e-17 0)
(3 -3.64858e-16 0)
(3 -1.29678e-15 0)
(3 -1.79503e-15 0)
(3 -3.56761e-16 0)
(3 1.73341e-17 0)
(3 -1.88891e-16 0)
(3 9.73311e-17 0)
(3 -8.60483e-17 0)
(3 -1.60173e-16 0)
(3 1.20201e-15 0)
(3 1.9448e-15 0)
(3 2.55369e-15 0)
(3 2.4336e-15 0)
(3 2.37862e-15 0)
(3 2.39637e-15 0)
(3 1.24626e-15 0)
(3 -7.42699e-16 0)
(3 -1.30279e-15 0)
(3 1.19232e-16 0)
(3 -3.85982e-17 0)
(3 4.12531e-17 0)
(3 -9.07334e-17 0)
(3 -2.51071e-16 0)
(3 -7.08692e-16 0)
(3 -1.24858e-15 0)
(3 -1.84612e-15 0)
(3 -2.59133e-15 0)
(3 -1.09665e-15 0)
(3 4.0841e-16 0)
(3 4.99564e-16 0)
(3 5.77495e-16 0)
(3 1.26008e-16 0)
(3 6.72989e-17 0)
(3 8.5819e-16 0)
(3 1.71838e-15 0)
(3 1.84847e-15 0)
(3 1.64304e-15 0)
(3 8.9411e-16 0)
(3 4.48013e-16 0)
(3 4.50747e-16 0)
(3 -8.1322e-17 0)
(3 -6.61953e-16 0)
(3 -1.50792e-16 0)
(3 -2.83119e-16 0)
(3 4.75246e-16 0)
(3 2.2346e-16 0)
(3 -1.34967e-16 0)
(3 -2.15414e-16 0)
(3 2.76252e-16 0)
(3 3.59478e-16 0)
(3 -3.45897e-16 0)
(3 -3.88361e-16 0)
(3 -3.5971e-16 0)
(3 1.38176e-16 0)
(3 9.40114e-16 0)
(3 1.38481e-15 0)
(3 1.30331e-15 0)
(3 1.51399e-15 0)
(3 1.51181e-15 0)
(3 1.60412e-15 0)
(3 1.14586e-15 0)
(3 3.33857e-16 0)
(3 -2.8155e-16 0)
(3 -4.2906e-16 0)
(3 -2.26047e-16 0)
(3 1.02651e-16 0)
(3 -8.9828e-17 0)
(3 -1.01788e-16 0)
(3 -1.96469e-16 0)
(3 -2.78918e-16 0)
(3 -2.65621e-16 0)
(3 3.2188e-17 0)
(3 5.11565e-16 0)
(3 6.62753e-16 0)
(3 2.04367e-16 0)
(3 1.50881e-16 0)
(3 7.45034e-16 0)
(3 1.19484e-15 0)
(3 1.30782e-15 0)
(3 1.76077e-15 0)
(3 1.43575e-15 0)
(3 6.95999e-16 0)
(3 2.45744e-16 0)
(3 4.20012e-16 0)
(3 4.34605e-16 0)
(3 1.38773e-16 0)
(3 -9.81941e-17 0)
(3 -2.08229e-15 0)
(3 -2.30585e-15 0)
(3 -1.71523e-15 0)
(3 -1.43219e-16 0)
(3 -3.57317e-16 0)
(3 -8.84607e-16 0)
(3 -6.18123e-16 0)
(3 -3.61601e-16 0)
(3 -2.69408e-16 0)
(3 -2.5928e-16 0)
(3 1.85337e-16 0)
(3 1.02181e-15 0)
(3 1.3748e-15 0)
(3 1.63881e-15 0)
(3 1.40786e-15 0)
(3 7.89293e-16 0)
(3 6.15186e-16 0)
(3 1.12438e-16 0)
(3 -5.61687e-16 0)
(3 -4.65308e-16 0)
(3 -9.39325e-16 0)
(3 -1.17218e-15 0)
(3 -1.50181e-15 0)
(3 -1.11602e-15 0)
(3 -1.73112e-15 0)
(3 -2.12486e-15 0)
(3 -1.25608e-15 0)
(3 1.59853e-16 0)
(3 7.08859e-16 0)
(3 4.63036e-16 0)
(3 1.51592e-16 0)
(3 7.4494e-17 0)
(3 7.14226e-16 0)
(3 6.14279e-16 0)
(3 1.08039e-15 0)
(3 1.66565e-15 0)
(3 1.15291e-15 0)
(3 2.03434e-16 0)
(3 4.47993e-17 0)
(3 1.02382e-16 0)
(3 -3.9875e-16 0)
(3 5.36036e-17 0)
(3 -6.20076e-17 0)
(3 -2.39415e-16 0)
(3 -8.96098e-16 0)
(3 -1.71992e-15 0)
(3 -1.54623e-15 0)
(3 -4.94313e-16 0)
(3 1.98151e-15 0)
(3 2.28203e-15 0)
(3 3.2363e-15 0)
(3 2.38185e-16 0)
(3 3.84695e-16 0)
(3 1.15418e-15 0)
(3 1.03373e-15 0)
(3 1.12084e-15 0)
(3 1.00614e-15 0)
(3 5.40924e-16 0)
(3 -7.34088e-17 0)
(3 4.48503e-16 0)
(3 2.72451e-16 0)
(3 -1.06805e-16 0)
(3 1.46841e-16 0)
(3 3.8176e-16 0)
(3 3.97938e-16 0)
(3 4.63658e-16 0)
(3 7.6722e-16 0)
(3 4.31038e-16 0)
(3 2.43847e-16 0)
(3 -4.04786e-16 0)
(3 -7.48871e-16 0)
(3 6.14184e-16 0)
(3 1.83766e-15 0)
(3 3.58331e-15 0)
(3 3.95672e-15 0)
(3 1.01627e-17 0)
(3 -3.37029e-16 0)
(3 -1.50928e-16 0)
(3 3.15039e-16 0)
(3 7.57099e-16 0)
(3 1.23877e-15 0)
(3 1.27651e-15 0)
(3 4.53804e-16 0)
(3 -9.33633e-17 0)
(3 -3.49234e-16 0)
(3 -8.90525e-16 0)
(3 -1.02721e-15 0)
(3 -3.75895e-16 0)
(3 5.9031e-17 0)
(3 1.67314e-16 0)
(3 9.03845e-17 0)
(3 3.09977e-16 0)
(3 3.70634e-16 0)
(3 1.0571e-15 0)
(3 1.36766e-15 0)
(3 1.05385e-15 0)
(3 1.4679e-15 0)
(3 1.52395e-15 0)
(3 9.25808e-16 0)
(3 -2.22962e-16 0)
(3 -6.06268e-16 0)
(3 -8.09293e-16 0)
(3 -3.32807e-16 0)
(3 7.71527e-16 0)
(3 1.27923e-15 0)
(3 2.05368e-15 0)
(3 2.1885e-15 0)
(3 1.39722e-16 0)
(3 -7.39665e-16 0)
(3 -1.29487e-15 0)
(3 -5.25896e-16 0)
(3 -6.15643e-16 0)
(3 -6.21953e-16 0)
(3 -7.33916e-17 0)
(3 -4.10389e-17 0)
(3 -1.05437e-17 0)
(3 -1.48702e-17 0)
(3 9.33861e-17 0)
(3 8.08643e-16 0)
(3 1.69262e-15 0)
(3 1.66322e-15 0)
(3 7.03931e-16 0)
(3 4.68932e-16 0)
(3 -1.37449e-16 0)
(3 -2.88921e-16 0)
(3 -5.07262e-16 0)
(3 -4.90026e-16 0)
(3 -2.46658e-16 0)
(3 -1.26564e-15 0)
(3 -1.03659e-15 0)
(3 2.52229e-17 0)
(3 3.80741e-16 0)
(3 4.4326e-16 0)
(3 8.93857e-16 0)
(3 1.04663e-15 0)
(3 8.04198e-18 0)
(3 -5.76492e-16 0)
(3 -3.80972e-16 0)
(3 1.11653e-16 0)
(3 -1.40328e-16 0)
(3 -8.04657e-16 0)
(3 -1.07023e-15 0)
(3 -9.62209e-16 0)
(3 -6.21497e-16 0)
(3 -9.38524e-16 0)
(3 -8.99619e-16 0)
(3 -1.15321e-15 0)
(3 1.52493e-16 0)
(3 2.63638e-16 0)
(3 4.95416e-16 0)
(3 2.57647e-16 0)
(3 -1.36154e-16 0)
(3 -1.31712e-15 0)
(3 -2.32023e-15 0)
(3 -1.57494e-15 0)
(3 2.02783e-16 0)
(3 8.29297e-16 0)
(3 4.83105e-16 0)
(3 -2.03189e-16 0)
(3 -6.83008e-16 0)
(3 -8.69839e-16 0)
(3 -1.45064e-15 0)
(3 -1.44558e-15 0)
(3 -1.82618e-15 0)
(3 -1.64268e-15 0)
(3 -1.36928e-15 0)
(3 -1.61948e-15 0)
(3 -1.43487e-15 0)
(3 -1.50663e-15 0)
(3 -2.06879e-15 0)
(3 -2.13199e-15 0)
(3 1.55272e-16 0)
(3 1.08351e-16 0)
(3 1.62514e-16 0)
(3 3.16315e-16 0)
(3 2.65626e-16 0)
(3 -3.13524e-16 0)
(3 -1.06864e-15 0)
(3 -2.56317e-15 0)
(3 -1.77477e-15 0)
(3 7.5012e-17 0)
(3 -4.79696e-16 0)
(3 -7.38064e-16 0)
(3 -4.68116e-16 0)
(3 -5.27409e-16 0)
(3 -6.22774e-16 0)
(3 -9.06634e-16 0)
(3 -9.56459e-16 0)
(3 -6.47465e-16 0)
(3 -3.58933e-16 0)
(3 -2.63109e-16 0)
(3 -8.29539e-16 0)
(3 -1.51765e-15 0)
(3 -2.03297e-15 0)
(3 -1.93088e-15 0)
(3 -8.63911e-17 0)
(3 3.78919e-17 0)
(3 -5.83748e-16 0)
(3 -7.11859e-16 0)
(3 -4.5886e-16 0)
(3 -2.05469e-16 0)
(3 -8.55096e-18 0)
(3 -3.17052e-16 0)
(3 -1.89868e-15 0)
(3 -2.05778e-15 0)
(3 -1.5475e-15 0)
(3 -8.90717e-16 0)
(3 -1.01485e-15 0)
(3 -9.40921e-16 0)
(3 -3.15213e-16 0)
(3 -1.57996e-16 0)
(3 1.94748e-17 0)
(3 -1.14887e-16 0)
(3 -2.66028e-16 0)
(3 -3.36728e-16 0)
(3 -1.39735e-15 0)
(3 -1.22594e-15 0)
(3 -1.007e-15 0)
(3 -1.30976e-15 0)
(3 -2.06943e-16 0)
(3 2.49267e-16 0)
(3 2.6188e-16 0)
(3 -4.59092e-16 0)
(3 -7.0856e-16 0)
(3 -1.7916e-16 0)
(3 -1.55408e-17 0)
(3 6.75232e-16 0)
(3 7.42652e-16 0)
(3 -3.82817e-17 0)
(3 -2.48036e-16 0)
(3 -1.10276e-15 0)
(3 -2.16811e-15 0)
(3 -1.81893e-15 0)
(3 -1.55285e-15 0)
(3 -1.47035e-15 0)
(3 -1.10825e-15 0)
(3 -7.58374e-16 0)
(3 -8.39781e-16 0)
(3 -1.20203e-15 0)
(3 -1.24546e-15 0)
(3 -1.16234e-15 0)
(3 -1.57592e-15 0)
(3 -1.87111e-15 0)
(3 -3.14299e-17 0)
(3 -1.15803e-17 0)
(3 1.94594e-16 0)
(3 7.06443e-17 0)
(3 -3.87314e-16 0)
(3 -4.68386e-17 0)
(3 2.1391e-16 0)
(3 1.74593e-15 0)
(3 3.82275e-15 0)
(3 2.17326e-15 0)
(3 1.83535e-15 0)
(3 1.38169e-16 0)
(3 -7.23087e-17 0)
(3 -7.54383e-16 0)
(3 -1.89416e-15 0)
(3 -3.14263e-15 0)
(3 -1.6393e-15 0)
(3 -6.7137e-16 0)
(3 -4.42324e-16 0)
(3 -6.12169e-16 0)
(3 -8.79328e-17 0)
(3 -2.07796e-16 0)
(3 -9.31921e-16 0)
(3 -1.15358e-15 0)
(3 1.03094e-16 0)
(3 1.2649e-16 0)
(3 1.88026e-16 0)
(3 1.28955e-16 0)
(3 1.85643e-16 0)
(3 5.42956e-16 0)
(3 1.30176e-15 0)
(3 1.07048e-15 0)
(3 -2.96458e-16 0)
(3 -4.94975e-16 0)
(3 -4.15097e-16 0)
(3 -9.46107e-17 0)
(3 6.92334e-16 0)
(3 1.22788e-15 0)
(3 1.05828e-15 0)
(3 1.00327e-15 0)
(3 9.38438e-16 0)
(3 9.81517e-17 0)
(3 -8.51056e-16 0)
(3 -7.95369e-16 0)
(3 2.49546e-16 0)
(3 5.88275e-16 0)
(3 5.90436e-16 0)
(3 -4.47153e-16 0)
(3 2.04813e-17 0)
(3 -2.07313e-17 0)
(3 1.16805e-16 0)
(3 5.71714e-16 0)
(3 1.34246e-15 0)
(3 1.62854e-15 0)
(3 2.00994e-15 0)
(3 6.70009e-16 0)
(3 -1.33778e-15 0)
(3 -1.5265e-15 0)
(3 -1.81559e-15 0)
(3 -1.5434e-15 0)
(3 -5.6118e-16 0)
(3 1.22287e-15 0)
(3 2.45438e-15 0)
(3 2.47963e-15 0)
(3 1.03625e-15 0)
(3 -4.11019e-16 0)
(3 -1.97352e-15 0)
(3 -1.69983e-15 0)
(3 -1.96125e-15 0)
(3 -1.43938e-15 0)
(3 5.43098e-17 0)
(3 1.08654e-15 0)
(3 -9.63031e-17 0)
(3 1.91081e-16 0)
(3 5.62252e-16 0)
(3 1.05157e-15 0)
(3 1.7543e-15 0)
(3 2.40112e-15 0)
(3 8.81624e-16 0)
(3 3.96854e-16 0)
(3 7.03414e-16 0)
(3 3.77817e-16 0)
(3 1.87493e-16 0)
(3 -1.17466e-16 0)
(3 2.48992e-17 0)
(3 -8.46401e-17 0)
(3 -8.16357e-16 0)
(3 -1.47058e-15 0)
(3 -1.90268e-15 0)
(3 -1.95977e-15 0)
(3 -1.52783e-15 0)
(3 -1.91415e-15 0)
(3 -1.86383e-15 0)
(3 -1.32734e-15 0)
(3 -6.74706e-16 0)
(3 1.03101e-15 0)
(3 -2.87908e-16 0)
(3 -1.54635e-16 0)
(3 6.32818e-17 0)
(3 -9.10936e-17 0)
(3 -9.53455e-16 0)
(3 -1.761e-15 0)
(3 -1.88616e-15 0)
(3 -1.52581e-15 0)
(3 -1.41939e-15 0)
(3 -2.684e-16 0)
(3 1.20621e-15 0)
(3 1.92076e-15 0)
(3 9.26003e-16 0)
(3 -1.96885e-16 0)
(3 -1.11287e-15 0)
(3 -1.3144e-15 0)
(3 -1.67528e-15 0)
(3 -1.37904e-15 0)
(3 -1.00675e-15 0)
(3 -6.44415e-16 0)
(3 9.05863e-16 0)
(3 1.2393e-15 0)
(3 7.9198e-16 0)
(3 2.10812e-15 0)
(3 5.76122e-17 0)
(3 -4.02167e-16 0)
(3 -1.1107e-15 0)
(3 -1.65379e-15 0)
(3 -2.24842e-15 0)
(3 -2.59537e-15 0)
(3 -2.5888e-15 0)
(3 -1.85141e-15 0)
(3 -5.46229e-16 0)
(3 -2.66353e-16 0)
(3 -1.33256e-16 0)
(3 -3.81002e-16 0)
(3 -1.25678e-15 0)
(3 -2.26929e-15 0)
(3 -1.88974e-15 0)
(3 -4.01745e-16 0)
(3 -5.13605e-17 0)
(3 7.66127e-17 0)
(3 7.76412e-16 0)
(3 1.16298e-15 0)
(3 1.57087e-15 0)
(3 1.71777e-15 0)
(3 2.18424e-15 0)
(3 2.06029e-15 0)
(3 1.61824e-16 0)
(3 1.36442e-16 0)
(3 -5.00984e-16 0)
(3 -5.71782e-16 0)
(3 -4.46217e-16 0)
(3 -3.37056e-16 0)
(3 -2.09727e-16 0)
(3 2.11918e-16 0)
(3 6.3038e-16 0)
(3 4.44923e-16 0)
(3 2.17215e-16 0)
(3 -3.90687e-16 0)
(3 -1.21327e-15 0)
(3 -1.89009e-15 0)
(3 -1.94753e-15 0)
(3 -1.83917e-15 0)
(3 -1.14972e-15 0)
(3 1.45248e-16 0)
(3 7.2354e-16 0)
(3 5.71168e-16 0)
(3 9.50599e-18 0)
(3 9.66225e-16 0)
(3 1.84105e-15 0)
(3 1.79674e-15 0)
(2.93164 0.0360905 0)
(2.85134 0.0493578 0)
(2.75724 0.136583 0)
(2.66375 0.252303 0)
(2.58398 0.342926 0)
(2.49754 0.444797 0)
(2.42244 0.545759 0)
(2.35052 0.626686 0)
(2.31218 0.722846 0)
(2.25813 0.799118 0)
(2.24968 0.85673 0)
(2.28585 0.884572 0)
(2.32769 0.89859 0)
(2.33464 0.891087 0)
(2.34291 0.880605 0)
(2.34672 0.865977 0)
(2.34957 0.856125 0)
(2.34874 0.851943 0)
(2.3434 0.851352 0)
(2.33849 0.851096 0)
(2.33754 0.849892 0)
(2.33959 0.848645 0)
(2.33999 0.848648 0)
(2.33903 0.84908 0)
(2.99841 0.00171957 0)
(2.99091 0.0112795 0)
(2.96234 0.0466847 0)
(2.89896 0.13373 0)
(2.80734 0.271754 0)
(2.67617 0.467369 0)
(2.53183 0.684935 0)
(2.39353 0.896734 0)
(2.21346 1.07631 0)
(2.16574 1.0994 0)
(2.14057 1.04479 0)
(2.19637 1.00223 0)
(2.24548 0.948397 0)
(2.30241 0.897326 0)
(2.32911 0.858927 0)
(2.34839 0.827917 0)
(2.35534 0.829364 0)
(2.3599 0.837516 0)
(2.35279 0.846612 0)
(2.34846 0.850297 0)
(2.34313 0.851254 0)
(2.34236 0.850168 0)
(2.34263 0.849416 0)
(2.34078 0.849891 0)
(3 5.15359e-07 0)
(3.00003 7.62753e-06 0)
(3.00001 -8.99278e-05 0)
(2.9998 0.00024038 0)
(2.99863 0.00188179 0)
(2.99121 0.012873 0)
(2.96561 0.0537087 0)
(2.90133 0.169635 0)
(2.75759 0.426566 0)
(2.61932 0.682092 0)
(2.43397 0.858724 0)
(2.33433 0.930692 0)
(2.2948 0.913551 0)
(2.30538 0.897857 0)
(2.30771 0.898096 0)
(2.33976 0.871771 0)
(2.35737 0.848297 0)
(2.3627 0.851433 0)
(2.35943 0.850334 0)
(2.3557 0.85042 0)
(2.3508 0.850768 0)
(2.34895 0.85021 0)
(2.3484 0.850248 0)
(2.34582 0.851161 0)
(3 -6.35857e-10 0)
(3 -6.6831e-07 0)
(3 -1.58649e-06 0)
(3 -1.55864e-06 0)
(3 -8.78448e-06 0)
(2.99999 2.36115e-05 0)
(3.00001 -2.76135e-05 0)
(2.9994 0.000846699 0)
(2.98766 0.0214223 0)
(2.92406 0.137245 0)
(2.69517 0.475507 0)
(2.46304 0.758398 0)
(2.36445 0.872294 0)
(2.29258 0.952049 0)
(2.27757 0.950801 0)
(2.29855 0.923371 0)
(2.32865 0.879799 0)
(2.35029 0.851966 0)
(2.35884 0.844355 0)
(2.36188 0.838786 0)
(2.36106 0.839822 0)
(2.35858 0.842535 0)
(2.35635 0.845391 0)
(2.35255 0.848128 0)
(3 -1.28861e-10 0)
(3 2.05316e-09 0)
(3 -7.02286e-08 0)
(3 -1.41773e-07 0)
(3 -5.78472e-07 0)
(3 -6.6928e-07 0)
(3 -4.22904e-06 0)
(3 -5.52767e-06 0)
(3.00003 -6.91597e-05 0)
(2.99943 0.000707413 0)
(2.98269 0.0221946 0)
(2.87258 0.166085 0)
(2.68396 0.448911 0)
(2.35616 0.827472 0)
(2.34292 0.849663 0)
(2.30563 0.881984 0)
(2.30776 0.878459 0)
(2.32003 0.870723 0)
(2.34711 0.853929 0)
(2.35905 0.846146 0)
(2.35986 0.842183 0)
(2.36028 0.837956 0)
(2.35999 0.839792 0)
(2.35434 0.846842 0)
(3 -1.15532e-12 0)
(3 1.03218e-10 0)
(3 3.32981e-10 0)
(3 -1.00885e-09 0)
(3 -7.81364e-10 0)
(3 -3.43145e-08 0)
(3 -7.98754e-08 0)
(3 -3.38874e-07 0)
(3 -6.03004e-06 0)
(3 -5.66768e-06 0)
(3.00003 -5.89111e-05 0)
(2.9988 0.0016354 0)
(2.97364 0.0343839 0)
(2.78789 0.259404 0)
(2.63522 0.507551 0)
(2.33954 0.830903 0)
(2.24732 0.924975 0)
(2.28012 0.892048 0)
(2.31101 0.872892 0)
(2.32413 0.868473 0)
(2.3374 0.857001 0)
(2.34538 0.849102 0)
(2.35215 0.839901 0)
(2.35112 0.840216 0)
(3 1.55156e-14 0)
(3 -9.71787e-14 0)
(3 2.6065e-11 0)
(3 2.43983e-11 0)
(3 1.96221e-11 0)
(3 -2.11837e-10 0)
(3 -5.92307e-10 0)
(3 -9.91215e-10 0)
(3 -1.35138e-08 0)
(3 -2.9554e-07 0)
(3 -5.29341e-06 0)
(3.00001 -3.39571e-06 0)
(3 -4.69013e-05 0)
(2.99493 0.00744423 0)
(2.95476 0.0655236 0)
(2.6999 0.3779 0)
(2.52089 0.61894 0)
(2.38755 0.782544 0)
(2.29511 0.873152 0)
(2.28931 0.879456 0)
(2.3056 0.865712 0)
(2.32446 0.848804 0)
(2.33536 0.839678 0)
(2.34144 0.840398 0)
(3 1.62447e-15 0)
(3 -3.64217e-15 0)
(3 3.60497e-14 0)
(3 1.6787e-12 0)
(3 2.90784e-12 0)
(3 2.78243e-12 0)
(3 3.13363e-12 0)
(3 4.09545e-12 0)
(3 9.00976e-11 0)
(3 -1.15407e-09 0)
(3 -7.27454e-09 0)
(3 -1.34087e-06 0)
(3 -1.93498e-06 0)
(3.00001 -1.72637e-05 0)
(2.99971 0.000397741 0)
(2.98261 0.0237569 0)
(2.90038 0.148345 0)
(2.59458 0.531555 0)
(2.38447 0.778664 0)
(2.3463 0.809292 0)
(2.32047 0.840554 0)
(2.31533 0.842621 0)
(2.32669 0.837328 0)
(2.33548 0.832274 0)
(3 -1.1908e-15 0)
(3 -1.62293e-15 0)
(3 -2.91078e-15 0)
(3 -3.89372e-15 0)
(3 2.49653e-14 0)
(3 2.87509e-13 0)
(3 9.8533e-13 0)
(3 1.67057e-12 0)
(3 8.89166e-12 0)
(3 1.42423e-11 0)
(3 3.15943e-11 0)
(3 -1.92227e-08 0)
(3 -1.06205e-07 0)
(3 -2.6857e-06 0)
(3 -4.65966e-06 0)
(2.99998 2.45795e-05 0)
(2.99788 0.0037015 0)
(2.94255 0.0766473 0)
(2.77052 0.313332 0)
(2.52512 0.635054 0)
(2.32104 0.892663 0)
(2.29108 0.861481 0)
(2.31611 0.837539 0)
(2.32256 0.836984 0)
(3 -1.00685e-15 0)
(3 -2.04631e-15 0)
(3 -3.95434e-15 0)
(3 -5.16683e-15 0)
(3 -5.30224e-15 0)
(3 -1.91618e-15 0)
(3 3.05016e-14 0)
(3 1.90252e-13 0)
(3 2.95448e-13 0)
(3 2.53746e-12 0)
(3 5.37914e-12 0)
(3 6.3074e-11 0)
(3 -6.67134e-10 0)
(3 -2.80334e-08 0)
(3 -8.76678e-07 0)
(3 -8.08949e-07 0)
(3 -9.81652e-06 0)
(2.99936 0.000999804 0)
(2.98455 0.0269374 0)
(2.87687 0.18454 0)
(2.57838 0.574435 0)
(2.45697 0.713499 0)
(2.34854 0.825208 0)
(2.32094 0.854353 0)
(3 1.90851e-16 0)
(3 -2.66088e-15 0)
(3 -4.60184e-15 0)
(3 -2.67977e-15 0)
(3 -1.01168e-15 0)
(3 -4.37517e-16 0)
(3 -9.75267e-16 0)
(3 2.40375e-15 0)
(3 5.20385e-15 0)
(3 3.93464e-14 0)
(3 3.21645e-13 0)
(3 1.61094e-11 0)
(3 1.62787e-11 0)
(3 1.49947e-10 0)
(3 -1.26642e-08 0)
(3 -1.10281e-07 0)
(3 -1.35694e-06 0)
(3 -6.26882e-06 0)
(2.99994 9.86776e-05 0)
(2.99494 0.00903396 0)
(2.9203 0.115342 0)
(2.75618 0.385888 0)
(2.41679 0.775028 0)
(2.36743 0.838221 0)
(3 -1.03557e-15 0)
(3 -1.97805e-16 0)
(3 -6.69404e-17 0)
(3 -4.1167e-16 0)
(3 -9.13561e-16 0)
(3 -1.67727e-15 0)
(3 -2.831e-15 0)
(3 -2.28872e-15 0)
(3 -1.62444e-15 0)
(3 1.35428e-15 0)
(3 4.15044e-15 0)
(3 3.30757e-13 0)
(3 3.19225e-12 0)
(3 1.84216e-11 0)
(3 7.52394e-11 0)
(3 -1.79113e-09 0)
(3 -3.14882e-08 0)
(3 -1.56053e-06 0)
(3 -1.61658e-06 0)
(3 -4.89976e-06 0)
(2.99799 0.0039264 0)
(2.97123 0.0520754 0)
(2.77355 0.326301 0)
(2.51057 0.678173 0)
(3 -4.91585e-16 0)
(3 1.29532e-15 0)
(3 3.49075e-15 0)
(3 4.28436e-15 0)
(3 2.3738e-15 0)
(3 6.61664e-16 0)
(3 -5.97295e-16 0)
(3 -1.59837e-15 0)
(3 -2.0728e-15 0)
(3 -1.54372e-15 0)
(3 1.75957e-15 0)
(3 -2.70272e-15 0)
(3 3.85186e-14 0)
(3 1.13312e-12 0)
(3 2.02689e-11 0)
(3 1.68818e-11 0)
(3 -4.67711e-11 0)
(3 -3.94014e-08 0)
(3 -5.36248e-07 0)
(3 -4.56595e-07 0)
(3 -4.43641e-06 0)
(2.99941 0.00115849 0)
(2.97475 0.043149 0)
(2.88605 0.197011 0)
(3 4.90421e-16 0)
(3 1.18782e-15 0)
(3 2.67549e-15 0)
(3 3.68534e-15 0)
(3 4.29616e-15 0)
(3 3.11602e-15 0)
(3 1.78634e-15 0)
(3 7.14434e-18 0)
(3 -1.88856e-15 0)
(3 -2.51669e-15 0)
(3 -2.14646e-15 0)
(3 -2.38238e-15 0)
(3 -4.1586e-15 0)
(3 2.46804e-16 0)
(3 8.98095e-13 0)
(3 4.37596e-12 0)
(3 9.04943e-12 0)
(3 4.43927e-11 0)
(3 -1.8346e-08 0)
(3 -1.18571e-07 0)
(3 -5.62354e-07 0)
(3 -1.78091e-06 0)
(2.99959 0.000829625 0)
(2.99249 0.0172151 0)
(3 -1.30372e-15 0)
(3 -1.12143e-15 0)
(3 3.87414e-16 0)
(3 1.35439e-15 0)
(3 2.51359e-15 0)
(3 3.68115e-15 0)
(3 3.33808e-15 0)
(3 1.89233e-16 0)
(3 -1.79709e-15 0)
(3 -2.3967e-15 0)
(3 -2.26521e-15 0)
(3 -1.93622e-15 0)
(3 -3.34642e-15 0)
(3 -2.0494e-15 0)
(3 4.77186e-15 0)
(3 1.3446e-13 0)
(3 2.56888e-12 0)
(3 6.15769e-12 0)
(3 -3.90499e-11 0)
(3 -9.48672e-09 0)
(3 -7.86226e-08 0)
(3 -4.66688e-07 0)
(3 1.4332e-05 0)
(3 -3.02861e-05 0)
(3 -2.728e-16 0)
(3 8.51586e-17 0)
(3 2.03847e-16 0)
(3 6.3707e-16 0)
(3 7.79296e-16 0)
(3 1.25908e-15 0)
(3 5.68107e-16 0)
(3 4.45819e-16 0)
(3 5.07186e-16 0)
(3 5.57194e-16 0)
(3 -2.35251e-15 0)
(3 -3.59605e-15 0)
(3 -3.96995e-15 0)
(3 -3.17434e-16 0)
(3 3.61081e-16 0)
(3 1.37268e-15 0)
(3 7.2142e-14 0)
(3 1.5476e-12 0)
(3 7.87475e-13 0)
(3 -1.4528e-10 0)
(3 -2.46615e-09 0)
(3 -1.293e-07 0)
(3 -6.21336e-08 0)
(3 -4.30532e-07 0)
(3 3.6256e-15 0)
(3 3.67835e-15 0)
(3 2.4276e-15 0)
(3 7.77475e-16 0)
(3 -2.01311e-16 0)
(3 5.59392e-18 0)
(3 4.44313e-16 0)
(3 2.28604e-15 0)
(3 2.97294e-15 0)
(3 -7.95438e-16 0)
(3 -1.64367e-15 0)
(3 -2.19053e-15 0)
(3 -2.22157e-16 0)
(3 1.73601e-15 0)
(3 5.70979e-16 0)
(3 2.61828e-18 0)
(3 -9.18032e-14 0)
(3 -1.53779e-12 0)
(3 -8.029e-13 0)
(3 1.45228e-10 0)
(3 2.46587e-09 0)
(3 1.29305e-07 0)
(3 6.21132e-08 0)
(3 4.30513e-07 0)
(3 2.48036e-15 0)
(3 1.79542e-15 0)
(3 1.37255e-15 0)
(3 1.07543e-15 0)
(3 9.94412e-16 0)
(3 6.29323e-16 0)
(3 1.31785e-15 0)
(3 2.01119e-15 0)
(3 9.61491e-16 0)
(3 -3.47526e-16 0)
(3 -8.71817e-16 0)
(3 8.5359e-16 0)
(3 1.50459e-15 0)
(3 1.83529e-15 0)
(3 -2.46002e-15 0)
(3 -1.26985e-13 0)
(3 -2.58328e-12 0)
(3 -6.14811e-12 0)
(3 3.90844e-11 0)
(3 9.48682e-09 0)
(3 7.86217e-08 0)
(3 4.66691e-07 0)
(3 -1.4332e-05 0)
(3 3.02862e-05 0)
(3 7.35469e-16 0)
(3 4.10879e-16 0)
(3 2.35291e-16 0)
(3 4.70199e-16 0)
(3 1.0984e-15 0)
(3 2.9479e-16 0)
(3 -7.5474e-16 0)
(3 -1.58347e-15 0)
(3 -6.35652e-16 0)
(3 -8.36733e-16 0)
(3 -1.40169e-15 0)
(3 3.45658e-16 0)
(3 -9.70416e-16 0)
(3 -4.07972e-15 0)
(3 -8.9961e-13 0)
(3 -4.37045e-12 0)
(3 -9.05272e-12 0)
(3 -4.43917e-11 0)
(3 1.8346e-08 0)
(3 1.18572e-07 0)
(3 5.62352e-07 0)
(3 1.78091e-06 0)
(2.99959 -0.000829625 0)
(2.99249 -0.0172151 0)
(3 -1.51529e-17 0)
(3 -3.75753e-16 0)
(3 -2.79052e-16 0)
(3 -2.00483e-16 0)
(3 -1.00164e-16 0)
(3 -4.27381e-16 0)
(3 -2.41551e-16 0)
(3 -2.55303e-16 0)
(3 3.19422e-16 0)
(3 3.78569e-17 0)
(3 2.16667e-16 0)
(3 8.00939e-16 0)
(3 -4.00495e-14 0)
(3 -1.1288e-12 0)
(3 -2.02624e-11 0)
(3 -1.68787e-11 0)
(3 4.6769e-11 0)
(3 3.94014e-08 0)
(3 5.36248e-07 0)
(3 4.56595e-07 0)
(3 4.43641e-06 0)
(2.99941 -0.00115849 0)
(2.97475 -0.043149 0)
(2.88605 -0.197011 0)
(3 -1.28567e-15 0)
(3 -1.42677e-15 0)
(3 -1.00725e-15 0)
(3 -5.65217e-16 0)
(3 -2.13673e-16 0)
(3 3.44296e-16 0)
(3 5.62773e-16 0)
(3 -4.21534e-17 0)
(3 8.30634e-16 0)
(3 1.16323e-15 0)
(3 -8.41786e-17 0)
(3 -3.26123e-13 0)
(3 -3.18851e-12 0)
(3 -1.84179e-11 0)
(3 -7.524e-11 0)
(3 1.79112e-09 0)
(3 3.14882e-08 0)
(3 1.56053e-06 0)
(3 1.61658e-06 0)
(3 4.89977e-06 0)
(2.99799 -0.0039264 0)
(2.97123 -0.0520754 0)
(2.77355 -0.326301 0)
(2.51057 -0.678173 0)
(3 -1.40703e-15 0)
(3 -1.1247e-15 0)
(3 -2.27266e-15 0)
(3 -2.51732e-15 0)
(3 -2.76459e-15 0)
(3 -2.19988e-15 0)
(3 8.31562e-17 0)
(3 -1.47702e-15 0)
(3 -1.6424e-15 0)
(3 -3.1981e-14 0)
(3 -3.15267e-13 0)
(3 -1.61046e-11 0)
(3 -1.6276e-11 0)
(3 -1.49947e-10 0)
(3 1.26642e-08 0)
(3 1.10281e-07 0)
(3 1.35694e-06 0)
(3 6.26882e-06 0)
(2.99994 -9.86776e-05 0)
(2.99494 -0.00903395 0)
(2.9203 -0.115342 0)
(2.75618 -0.385888 0)
(2.41679 -0.775028 0)
(2.36743 -0.838221 0)
(3 -2.36876e-15 0)
(3 -2.63554e-15 0)
(3 -2.76133e-15 0)
(3 -2.77256e-15 0)
(3 -3.41013e-15 0)
(3 -6.37451e-15 0)
(3 -3.44244e-14 0)
(3 -1.91292e-13 0)
(3 -2.97304e-13 0)
(3 -2.54503e-12 0)
(3 -5.38992e-12 0)
(3 -6.30843e-11 0)
(3 6.6713e-10 0)
(3 2.80334e-08 0)
(3 8.76678e-07 0)
(3 8.0895e-07 0)
(3 9.81652e-06 0)
(2.99936 -0.000999804 0)
(2.98455 -0.0269374 0)
(2.87687 -0.18454 0)
(2.57838 -0.574435 0)
(2.45697 -0.713499 0)
(2.34854 -0.825208 0)
(2.32094 -0.854353 0)
(3 -1.40429e-15 0)
(3 -1.92078e-15 0)
(3 -1.48326e-15 0)
(3 -3.60694e-15 0)
(3 -3.1849e-14 0)
(3 -2.91056e-13 0)
(3 -9.89338e-13 0)
(3 -1.67161e-12 0)
(3 -8.89466e-12 0)
(3 -1.42493e-11 0)
(3 -3.16023e-11 0)
(3 1.92227e-08 0)
(3 1.06205e-07 0)
(3 2.6857e-06 0)
(3 4.65966e-06 0)
(2.99998 -2.45795e-05 0)
(2.99788 -0.0037015 0)
(2.94255 -0.0766473 0)
(2.77052 -0.313332 0)
(2.52512 -0.635054 0)
(2.32104 -0.892663 0)
(2.29108 -0.861481 0)
(2.31611 -0.837539 0)
(2.32256 -0.836984 0)
(3 -5.17764e-15 0)
(3 -4.64212e-17 0)
(3 -4.00226e-14 0)
(3 -1.67782e-12 0)
(3 -2.91559e-12 0)
(3 -2.78626e-12 0)
(3 -3.13529e-12 0)
(3 -4.0953e-12 0)
(3 -9.00949e-11 0)
(3 1.15406e-09 0)
(3 7.27453e-09 0)
(3 1.34087e-06 0)
(3 1.93498e-06 0)
(3.00001 1.72637e-05 0)
(2.99971 -0.000397741 0)
(2.98261 -0.0237569 0)
(2.90038 -0.148345 0)
(2.59458 -0.531555 0)
(2.38447 -0.778664 0)
(2.3463 -0.809292 0)
(2.32047 -0.840554 0)
(2.31533 -0.842621 0)
(2.32669 -0.837328 0)
(2.33548 -0.832274 0)
(3 -1.82701e-14 0)
(3 9.51676e-14 0)
(3 -2.60675e-11 0)
(3 -2.43969e-11 0)
(3 -1.96293e-11 0)
(3 2.11833e-10 0)
(3 5.92297e-10 0)
(3 9.91196e-10 0)
(3 1.35137e-08 0)
(3 2.9554e-07 0)
(3 5.29341e-06 0)
(3.00001 3.39571e-06 0)
(3 4.69013e-05 0)
(2.99493 -0.00744423 0)
(2.95476 -0.0655236 0)
(2.6999 -0.3779 0)
(2.52089 -0.61894 0)
(2.38755 -0.782544 0)
(2.29511 -0.873152 0)
(2.28931 -0.879456 0)
(2.3056 -0.865712 0)
(2.32446 -0.848804 0)
(2.33536 -0.839678 0)
(2.34144 -0.840398 0)
(3 1.15514e-12 0)
(3 -1.03224e-10 0)
(3 -3.32986e-10 0)
(3 1.00885e-09 0)
(3 7.81374e-10 0)
(3 3.43145e-08 0)
(3 7.98749e-08 0)
(3 3.38873e-07 0)
(3 6.03004e-06 0)
(3 5.66768e-06 0)
(3.00003 5.89111e-05 0)
(2.9988 -0.0016354 0)
(2.97364 -0.0343839 0)
(2.78789 -0.259404 0)
(2.63522 -0.507551 0)
(2.33954 -0.830903 0)
(2.24732 -0.924975 0)
(2.28012 -0.892048 0)
(2.31101 -0.872892 0)
(2.32413 -0.868473 0)
(2.3374 -0.857001 0)
(2.34538 -0.849102 0)
(2.35215 -0.839901 0)
(2.35112 -0.840216 0)
(3 1.2886e-10 0)
(3 -2.05317e-09 0)
(3 7.02287e-08 0)
(3 1.41773e-07 0)
(3 5.78476e-07 0)
(3 6.69279e-07 0)
(3 4.22904e-06 0)
(3 5.52766e-06 0)
(3.00003 6.91597e-05 0)
(2.99943 -0.000707413 0)
(2.98269 -0.0221946 0)
(2.87258 -0.166085 0)
(2.68396 -0.448911 0)
(2.35616 -0.827472 0)
(2.34292 -0.849663 0)
(2.30563 -0.881984 0)
(2.30776 -0.878459 0)
(2.32003 -0.870723 0)
(2.34711 -0.853929 0)
(2.35905 -0.846146 0)
(2.35986 -0.842183 0)
(2.36028 -0.837956 0)
(2.35999 -0.839792 0)
(2.35434 -0.846842 0)
(3 6.35859e-10 0)
(3 6.6831e-07 0)
(3 1.58649e-06 0)
(3 1.55864e-06 0)
(3 8.78448e-06 0)
(2.99999 -2.36115e-05 0)
(3.00001 2.76135e-05 0)
(2.9994 -0.000846699 0)
(2.98766 -0.0214223 0)
(2.92406 -0.137245 0)
(2.69517 -0.475507 0)
(2.46304 -0.758398 0)
(2.36445 -0.872294 0)
(2.29258 -0.952049 0)
(2.27757 -0.950801 0)
(2.29855 -0.923371 0)
(2.32865 -0.879799 0)
(2.35029 -0.851966 0)
(2.35884 -0.844355 0)
(2.36188 -0.838786 0)
(2.36106 -0.839822 0)
(2.35858 -0.842535 0)
(2.35635 -0.845391 0)
(2.35255 -0.848128 0)
(3 -5.15358e-07 0)
(3.00003 -7.6275e-06 0)
(3.00001 8.99277e-05 0)
(2.9998 -0.00024038 0)
(2.99863 -0.00188179 0)
(2.99121 -0.012873 0)
(2.96561 -0.0537087 0)
(2.90133 -0.169635 0)
(2.75759 -0.426566 0)
(2.61932 -0.682092 0)
(2.43397 -0.858724 0)
(2.33433 -0.930692 0)
(2.2948 -0.913551 0)
(2.30538 -0.897857 0)
(2.30771 -0.898096 0)
(2.33976 -0.871771 0)
(2.35737 -0.848297 0)
(2.3627 -0.851433 0)
(2.35943 -0.850334 0)
(2.3557 -0.85042 0)
(2.3508 -0.850768 0)
(2.34895 -0.85021 0)
(2.3484 -0.850248 0)
(2.34582 -0.851161 0)
(2.99841 -0.00171957 0)
(2.99091 -0.0112795 0)
(2.96234 -0.0466847 0)
(2.89896 -0.133729 0)
(2.80734 -0.271754 0)
(2.67617 -0.467369 0)
(2.53183 -0.684935 0)
(2.39353 -0.896734 0)
(2.21346 -1.07631 0)
(2.16574 -1.0994 0)
(2.14057 -1.04479 0)
(2.19637 -1.00223 0)
(2.24548 -0.948397 0)
(2.30241 -0.897326 0)
(2.32911 -0.858927 0)
(2.34839 -0.827917 0)
(2.35534 -0.829364 0)
(2.3599 -0.837516 0)
(2.35279 -0.846612 0)
(2.34846 -0.850297 0)
(2.34313 -0.851254 0)
(2.34236 -0.850168 0)
(2.34263 -0.849416 0)
(2.34078 -0.849891 0)
(2.93164 -0.0360905 0)
(2.85134 -0.0493578 0)
(2.75724 -0.136583 0)
(2.66375 -0.252303 0)
(2.58398 -0.342926 0)
(2.49754 -0.444797 0)
(2.42244 -0.545759 0)
(2.35052 -0.626686 0)
(2.31218 -0.722846 0)
(2.25813 -0.799118 0)
(2.24968 -0.85673 0)
(2.28585 -0.884572 0)
(2.32769 -0.89859 0)
(2.33464 -0.891087 0)
(2.34291 -0.880605 0)
(2.34672 -0.865977 0)
(2.34957 -0.856125 0)
(2.34874 -0.851943 0)
(2.3434 -0.851352 0)
(2.33849 -0.851096 0)
(2.33754 -0.849892 0)
(2.33959 -0.848645 0)
(2.33999 -0.848648 0)
(2.33903 -0.84908 0)
(2.43397 0.819569 0)
(2.51789 0.836229 0)
(2.6519 0.714008 0)
(2.7862 0.594223 0)
(2.86189 0.564424 0)
(2.92008 0.337963 0)
(2.94149 0.229645 0)
(2.96219 0.129361 0)
(2.99262 0.0194806 0)
(3.00713 -0.0236753 0)
(2.99194 -0.0663371 0)
(2.98488 -0.0780512 0)
(2.99782 -0.0646376 0)
(2.99496 -0.0505525 0)
(2.98658 -0.038328 0)
(2.96771 -0.0364099 0)
(2.96778 -0.0340816 0)
(2.9851 -0.0261475 0)
(2.99955 -0.0155794 0)
(3.00135 -0.0124269 0)
(3.00268 -0.0101519 0)
(3.00348 -0.00738562 0)
(3.00097 -0.00162449 0)
(3.00397 0.00370437 0)
(3.00883 0.00545718 0)
(3.01396 0.00644134 0)
(3.02016 0.00740985 0)
(3.02491 0.0052417 0)
(3.01865 -0.00376202 0)
(2.98859 -0.0480895 0)
(2.91647 -0.149039 0)
(2.8162 -0.260057 0)
(2.67672 -0.346636 0)
(2.59475 -0.420261 0)
(2.5752 -0.44904 0)
(2.55821 -0.400185 0)
(2.54053 -0.353965 0)
(2.51346 -0.290028 0)
(2.52062 -0.248505 0)
(2.53493 -0.18796 0)
(2.53727 -0.13605 0)
(2.57005 -0.0696512 0)
(2.58347 -0.018505 0)
(2.60328 0.00900803 0)
(2.6407 0.0303049 0)
(2.67875 0.0456546 0)
(2.69871 0.0571206 0)
(2.71779 0.0580017 0)
(2.74275 0.0607765 0)
(2.76699 0.0560804 0)
(2.79268 0.0513183 0)
(2.81888 0.0521076 0)
(2.83937 0.0532785 0)
(2.85739 0.0526665 0)
(2.8803 0.0545602 0)
(2.90615 0.0569423 0)
(2.92948 0.0542036 0)
(2.94937 0.0490173 0)
(2.96959 0.0449791 0)
(2.99459 0.050464 0)
(3.01877 0.0607049 0)
(3.03049 0.0634348 0)
(3.03401 0.05616 0)
(3.03393 0.048225 0)
(3.03549 0.0470105 0)
(3.04434 0.0547059 0)
(3.05379 0.0633153 0)
(3.05951 0.0647297 0)
(3.06504 0.0597688 0)
(3.07205 0.0535035 0)
(3.08149 0.0486689 0)
(3.09182 0.0478166 0)
(3.10377 0.0502206 0)
(3.1174 0.0542687 0)
(3.12897 0.0588508 0)
(3.1349 0.0612866 0)
(3.13478 0.0615712 0)
(3.1286 0.0611937 0)
(3.11484 0.0604122 0)
(3.1017 0.060104 0)
(3.11064 0.0594653 0)
(3.11931 0.0594884 0)
(3.12626 0.059743 0)
(3.13293 0.0597842 0)
(3.14102 0.0594051 0)
(3.15088 0.05622 0)
(3.16342 0.0474658 0)
(3.18423 0.0364093 0)
(3.20496 0.0294583 0)
(3.21521 0.029264 0)
(3.22333 0.0314775 0)
(3.2257 0.0372758 0)
(3.21125 0.0535445 0)
(3.19807 0.06018 0)
(3.18473 0.0752533 0)
(3.14597 0.078625 0)
(2.45243 0.787827 0)
(2.58392 0.666218 0)
(2.70139 0.503411 0)
(2.81773 0.267357 0)
(2.86842 0.129476 0)
(2.89927 0.0509775 0)
(2.93238 -0.102557 0)
(2.92281 -0.195515 0)
(2.9594 -0.176449 0)
(2.97711 -0.115746 0)
(2.98082 -0.121287 0)
(2.97062 -0.1307 0)
(2.97418 -0.117295 0)
(2.97216 -0.0658232 0)
(2.96979 -0.0405898 0)
(2.95269 -0.0354891 0)
(2.95376 -0.0230455 0)
(2.96453 -0.00253402 0)
(2.97512 0.0105842 0)
(2.97934 0.0162764 0)
(2.9809 0.0150794 0)
(2.98515 0.00967247 0)
(2.98764 0.0100051 0)
(2.99177 0.0107301 0)
(2.99669 0.0141995 0)
(3.00309 0.0153884 0)
(3.00469 0.00913269 0)
(3.00017 -0.017276 0)
(2.92529 -0.153302 0)
(2.84616 -0.354156 0)
(2.74016 -0.621537 0)
(2.73511 -0.65721 0)
(2.69098 -0.696548 0)
(2.65887 -0.705845 0)
(2.62231 -0.644261 0)
(2.60904 -0.5449 0)
(2.60913 -0.419056 0)
(2.59891 -0.261351 0)
(2.60995 -0.131507 0)
(2.619 -0.0142343 0)
(2.60279 0.0980731 0)
(2.61716 0.161861 0)
(2.63244 0.186706 0)
(2.64233 0.180121 0)
(2.65806 0.16753 0)
(2.67401 0.150643 0)
(2.703 0.136424 0)
(2.73384 0.133066 0)
(2.76732 0.129994 0)
(2.80209 0.122447 0)
(2.83604 0.105871 0)
(2.86788 0.0943452 0)
(2.89248 0.0927169 0)
(2.91088 0.0855664 0)
(2.93151 0.0762287 0)
(2.95571 0.0722112 0)
(2.98067 0.0666475 0)
(3.00098 0.0606878 0)
(3.01855 0.0535218 0)
(3.03785 0.0619306 0)
(3.05603 0.0776345 0)
(3.07095 0.0874548 0)
(3.08201 0.0835188 0)
(3.0868 0.0720602 0)
(3.08513 0.0659042 0)
(3.08496 0.0746409 0)
(3.0882 0.0891278 0)
(3.09343 0.0966204 0)
(3.10073 0.0928552 0)
(3.10836 0.0846995 0)
(3.11584 0.0768401 0)
(3.12209 0.0730688 0)
(3.12993 0.0743227 0)
(3.14209 0.0796045 0)
(3.15428 0.0858303 0)
(3.16168 0.0902319 0)
(3.16344 0.091585 0)
(3.16034 0.0893836 0)
(3.15127 0.0824243 0)
(3.13904 0.0742238 0)
(3.14566 0.0749804 0)
(3.1513 0.0758839 0)
(3.15533 0.0775353 0)
(3.16073 0.0795803 0)
(3.1654 0.0813512 0)
(3.17093 0.0793135 0)
(3.18036 0.0713055 0)
(3.19498 0.058328 0)
(3.2103 0.046069 0)
(3.22119 0.0387955 0)
(3.22547 0.0343208 0)
(3.22567 0.0301738 0)
(3.21735 0.0309718 0)
(3.20618 0.0345528 0)
(3.1966 0.0437273 0)
(3.18762 0.0869116 0)
(2.36461 0.837146 0)
(2.43508 0.776138 0)
(2.51834 0.692975 0)
(2.58606 0.591997 0)
(2.69262 0.416197 0)
(2.75695 0.346317 0)
(2.78736 0.2659 0)
(2.80392 0.118114 0)
(2.8201 0.110332 0)
(2.83406 0.101917 0)
(2.87866 0.0328623 0)
(2.88817 -0.0564163 0)
(2.89754 -0.0731847 0)
(2.92069 -0.0577268 0)
(2.92027 -0.0545598 0)
(2.92316 -0.0630179 0)
(2.94247 -0.0623116 0)
(2.95229 -0.0522144 0)
(2.95707 -0.037942 0)
(2.95904 -0.0335253 0)
(2.96328 -0.0273632 0)
(2.96739 -0.021336 0)
(2.97342 -0.010952 0)
(2.97824 0.000976842 0)
(2.98232 0.00410052 0)
(2.97856 -0.0109424 0)
(2.94084 -0.0915992 0)
(2.87969 -0.227121 0)
(2.71281 -0.509088 0)
(2.62281 -0.748487 0)
(2.64961 -0.729987 0)
(2.66645 -0.721489 0)
(2.66853 -0.724271 0)
(2.6671 -0.74568 0)
(2.67958 -0.751937 0)
(2.70108 -0.737382 0)
(2.71828 -0.682126 0)
(2.74668 -0.629973 0)
(2.77053 -0.578947 0)
(2.78288 -0.486594 0)
(2.79929 -0.37387 0)
(2.81051 -0.256464 0)
(2.82988 -0.159464 0)
(2.84487 -0.0864816 0)
(2.84518 -0.0109798 0)
(2.82874 0.0474299 0)
(2.83811 0.096352 0)
(2.84099 0.122926 0)
(2.85166 0.14536 0)
(2.87497 0.143358 0)
(2.89629 0.135667 0)
(2.91767 0.140997 0)
(2.93479 0.155138 0)
(2.94765 0.161213 0)
(2.96366 0.158177 0)
(2.98952 0.162103 0)
(3.01502 0.165699 0)
(3.03747 0.158019 0)
(3.05661 0.146404 0)
(3.07053 0.150898 0)
(3.08056 0.162304 0)
(3.09095 0.164203 0)
(3.10284 0.156351 0)
(3.10923 0.153779 0)
(3.10833 0.15608 0)
(3.1054 0.156225 0)
(3.1033 0.156623 0)
(3.10426 0.156478 0)
(3.11071 0.151422 0)
(3.11863 0.142499 0)
(3.12465 0.134753 0)
(3.12941 0.129273 0)
(3.13626 0.128933 0)
(3.14641 0.13332 0)
(3.15701 0.14067 0)
(3.16445 0.148557 0)
(3.16751 0.150024 0)
(3.16559 0.145698 0)
(3.15906 0.146435 0)
(3.15561 0.147647 0)
(3.15946 0.147303 0)
(3.16814 0.148132 0)
(3.17231 0.148188 0)
(3.17427 0.146366 0)
(3.17695 0.141326 0)
(3.18219 0.133626 0)
(3.18805 0.119617 0)
(3.19738 0.103654 0)
(3.21021 0.0933173 0)
(3.22106 0.090834 0)
(3.22104 0.097316 0)
(3.21544 0.103799 0)
(3.20674 0.116715 0)
(3.20586 0.123652 0)
(3.20977 0.140351 0)
(3.2337 0.153194 0)
(2.35551 0.844634 0)
(2.37721 0.825031 0)
(2.42532 0.78156 0)
(2.50584 0.697759 0)
(2.59914 0.564728 0)
(2.6509 0.515641 0)
(2.71634 0.434608 0)
(2.79734 0.225757 0)
(2.81555 0.148317 0)
(2.82143 0.163803 0)
(2.87743 0.0659091 0)
(2.88529 -0.0622891 0)
(2.89686 -0.0833464 0)
(2.91576 -0.0630023 0)
(2.92071 -0.0717199 0)
(2.92404 -0.0869248 0)
(2.9406 -0.0850854 0)
(2.96459 -0.06476 0)
(2.95763 -0.0489318 0)
(2.95452 -0.0477735 0)
(2.9555 -0.0443193 0)
(2.96183 -0.0421071 0)
(2.96665 -0.0301097 0)
(2.97359 -0.0224465 0)
(2.94836 -0.0732233 0)
(2.88549 -0.212603 0)
(2.73687 -0.489601 0)
(2.67888 -0.593724 0)
(2.63902 -0.706452 0)
(2.61915 -0.787743 0)
(2.63156 -0.790941 0)
(2.644 -0.779158 0)
(2.66384 -0.751769 0)
(2.68045 -0.738865 0)
(2.70851 -0.721345 0)
(2.73277 -0.699057 0)
(2.76831 -0.65362 0)
(2.78745 -0.639826 0)
(2.798 -0.651391 0)
(2.82627 -0.635443 0)
(2.84215 -0.583475 0)
(2.85955 -0.51388 0)
(2.87112 -0.442248 0)
(2.88365 -0.340475 0)
(2.8935 -0.22127 0)
(2.90374 -0.109822 0)
(2.93088 -0.0199224 0)
(2.90391 0.109443 0)
(2.91644 0.172526 0)
(2.93507 0.182924 0)
(2.94656 0.211852 0)
(2.94815 0.23621 0)
(2.95241 0.26146 0)
(2.96982 0.252544 0)
(2.98956 0.247973 0)
(3.0103 0.261121 0)
(3.02601 0.267895 0)
(3.04682 0.250722 0)
(3.0649 0.228046 0)
(3.08836 0.220832 0)
(3.10942 0.225784 0)
(3.12517 0.228687 0)
(3.13744 0.220243 0)
(3.14991 0.207189 0)
(3.1583 0.200582 0)
(3.16107 0.196956 0)
(3.15743 0.201393 0)
(3.14888 0.216526 0)
(3.14887 0.218413 0)
(3.15764 0.203757 0)
(3.16644 0.191046 0)
(3.1745 0.181902 0)
(3.18052 0.180126 0)
(3.18563 0.189605 0)
(3.18968 0.204414 0)
(3.19301 0.214069 0)
(3.19521 0.213093 0)
(3.19929 0.199511 0)
(3.20675 0.180064 0)
(3.21134 0.169762 0)
(3.21833 0.167414 0)
(3.22854 0.175109 0)
(3.23031 0.183814 0)
(3.22802 0.184667 0)
(3.22662 0.18312 0)
(3.225 0.178965 0)
(3.22352 0.171767 0)
(3.22243 0.157201 0)
(3.2263 0.135856 0)
(3.23616 0.121141 0)
(3.24124 0.125965 0)
(3.2398 0.140882 0)
(3.23634 0.162796 0)
(3.23915 0.183366 0)
(3.2479 0.20624 0)
(3.26019 0.211784 0)
(2.35424 0.845444 0)
(2.35851 0.84068 0)
(2.38313 0.819208 0)
(2.43109 0.774817 0)
(2.50668 0.687654 0)
(2.57758 0.609451 0)
(2.63643 0.555569 0)
(2.70854 0.422304 0)
(2.75286 0.321977 0)
(2.78853 0.303687 0)
(2.84126 0.222119 0)
(2.85731 0.108458 0)
(2.87208 0.101854 0)
(2.87928 0.125949 0)
(2.91763 0.0608229 0)
(2.92244 -0.0031302 0)
(2.93204 -0.0106681 0)
(2.95012 -0.0141111 0)
(2.95935 -0.0282179 0)
(2.96182 -0.0325108 0)
(2.96544 -0.0423741 0)
(2.9702 -0.0559458 0)
(2.96612 -0.0849476 0)
(2.93447 -0.185744 0)
(2.83892 -0.398744 0)
(2.68051 -0.676407 0)
(2.61638 -0.775024 0)
(2.62741 -0.740514 0)
(2.63779 -0.780296 0)
(2.63637 -0.801907 0)
(2.63822 -0.807294 0)
(2.66347 -0.790688 0)
(2.69726 -0.756293 0)
(2.72979 -0.708845 0)
(2.75038 -0.687677 0)
(2.76196 -0.680718 0)
(2.79102 -0.649317 0)
(2.81157 -0.616388 0)
(2.82824 -0.612457 0)
(2.8415 -0.61658 0)
(2.87172 -0.594651 0)
(2.88857 -0.559824 0)
(2.89576 -0.555175 0)
(2.91789 -0.5406 0)
(2.93372 -0.507697 0)
(2.95876 -0.470806 0)
(2.9662 -0.37417 0)
(2.96871 -0.25389 0)
(2.97778 -0.148977 0)
(2.97948 -0.0463901 0)
(2.98994 0.0130908 0)
(2.99636 0.0700314 0)
(3.01378 0.113699 0)
(3.04617 0.142777 0)
(3.0542 0.170863 0)
(3.06228 0.21987 0)
(3.07276 0.242194 0)
(3.08439 0.237513 0)
(3.09435 0.226489 0)
(3.11278 0.227507 0)
(3.13536 0.238495 0)
(3.15439 0.257992 0)
(3.16157 0.268643 0)
(3.1667 0.269382 0)
(3.17176 0.272972 0)
(3.17795 0.27661 0)
(3.18236 0.283725 0)
(3.18302 0.290241 0)
(3.18345 0.290382 0)
(3.1937 0.281565 0)
(3.2047 0.275309 0)
(3.21469 0.267572 0)
(3.22092 0.261992 0)
(3.22632 0.263253 0)
(3.23303 0.268226 0)
(3.23905 0.272259 0)
(3.24136 0.268984 0)
(3.24117 0.261463 0)
(3.24298 0.254961 0)
(3.24624 0.251944 0)
(3.25305 0.253803 0)
(3.26667 0.256102 0)
(3.2711 0.258571 0)
(3.27483 0.259524 0)
(3.2725 0.253738 0)
(3.26814 0.243625 0)
(3.26489 0.235458 0)
(3.25765 0.225716 0)
(3.24725 0.210967 0)
(3.24693 0.196081 0)
(3.25665 0.192369 0)
(3.25928 0.193557 0)
(3.25664 0.192898 0)
(3.25524 0.186712 0)
(3.25716 0.18183 0)
(3.29 0.162578 0)
(2.34857 0.848623 0)
(2.35301 0.845519 0)
(2.35778 0.839814 0)
(2.38523 0.815765 0)
(2.44149 0.759249 0)
(2.49123 0.712493 0)
(2.5591 0.653439 0)
(2.65545 0.514822 0)
(2.69678 0.433652 0)
(2.71445 0.440158 0)
(2.77223 0.370768 0)
(2.83825 0.218525 0)
(2.8665 0.162099 0)
(2.87964 0.184468 0)
(2.92149 0.128441 0)
(2.94264 0.0184847 0)
(2.95058 -0.00890722 0)
(2.97289 -0.00853005 0)
(2.97682 -0.0391189 0)
(2.97121 -0.0573467 0)
(2.96529 -0.097252 0)
(2.94374 -0.176205 0)
(2.85719 -0.390813 0)
(2.80254 -0.566898 0)
(2.70997 -0.729837 0)
(2.59046 -0.875331 0)
(2.57031 -0.875551 0)
(2.59332 -0.841832 0)
(2.62999 -0.800663 0)
(2.6592 -0.780322 0)
(2.67789 -0.779415 0)
(2.69853 -0.767963 0)
(2.73384 -0.732459 0)
(2.74871 -0.706087 0)
(2.76052 -0.707781 0)
(2.7814 -0.685929 0)
(2.82025 -0.63392 0)
(2.82974 -0.598806 0)
(2.83935 -0.599293 0)
(2.8515 -0.603317 0)
(2.88595 -0.579488 0)
(2.90778 -0.538978 0)
(2.91596 -0.524436 0)
(2.92344 -0.526192 0)
(2.95256 -0.513851 0)
(2.97639 -0.507896 0)
(2.99997 -0.485404 0)
(3.01899 -0.455701 0)
(3.02577 -0.411271 0)
(3.01149 -0.338971 0)
(3.02337 -0.277697 0)
(3.03102 -0.208341 0)
(3.04129 -0.133153 0)
(3.06221 -0.0541429 0)
(3.05919 0.0491629 0)
(3.07517 0.129657 0)
(3.07628 0.214993 0)
(3.08579 0.267665 0)
(3.0966 0.266531 0)
(3.11048 0.295808 0)
(3.12395 0.321946 0)
(3.1413 0.342758 0)
(3.15576 0.367345 0)
(3.1714 0.383858 0)
(3.17651 0.394846 0)
(3.18041 0.399289 0)
(3.18279 0.410383 0)
(3.18164 0.406584 0)
(3.18173 0.394315 0)
(3.18771 0.389639 0)
(3.19857 0.381604 0)
(3.20593 0.370531 0)
(3.21249 0.356397 0)
(3.21921 0.350237 0)
(3.22949 0.348923 0)
(3.24126 0.349858 0)
(3.24779 0.34818 0)
(3.25355 0.344987 0)
(3.25755 0.34317 0)
(3.26123 0.341316 0)
(3.26706 0.340412 0)
(3.27389 0.344251 0)
(3.27677 0.345304 0)
(3.27646 0.346319 0)
(3.27431 0.342718 0)
(3.26713 0.327376 0)
(3.26437 0.312695 0)
(3.26088 0.30455 0)
(3.25315 0.294261 0)
(3.24775 0.274038 0)
(3.25093 0.248874 0)
(3.25099 0.227544 0)
(3.24858 0.214861 0)
(3.24553 0.200468 0)
(3.24027 0.175351 0)
(3.25132 0.0977598 0)
(2.34161 0.842541 0)
(2.34306 0.846888 0)
(2.3485 0.84658 0)
(2.3558 0.839989 0)
(2.38231 0.816319 0)
(2.43812 0.767169 0)
(2.49493 0.720339 0)
(2.56145 0.639065 0)
(2.61922 0.556756 0)
(2.65975 0.525082 0)
(2.73929 0.4303 0)
(2.78356 0.326057 0)
(2.80013 0.317103 0)
(2.81843 0.314257 0)
(2.89444 0.222706 0)
(2.91533 0.111412 0)
(2.9232 0.0972866 0)
(2.9406 0.131168 0)
(2.9522 0.0571478 0)
(2.93049 -0.0165665 0)
(2.89023 -0.17182 0)
(2.73438 -0.480373 0)
(2.63461 -0.731707 0)
(2.64581 -0.769721 0)
(2.59717 -0.837406 0)
(2.58353 -0.869473 0)
(2.57201 -0.878358 0)
(2.6048 -0.845245 0)
(2.63859 -0.790911 0)
(2.6648 -0.761498 0)
(2.68649 -0.767622 0)
(2.71255 -0.762297 0)
(2.74415 -0.734559 0)
(2.75805 -0.708578 0)
(2.7719 -0.713735 0)
(2.78777 -0.707902 0)
(2.82596 -0.659563 0)
(2.84254 -0.606093 0)
(2.85297 -0.596981 0)
(2.86323 -0.605448 0)
(2.89445 -0.583143 0)
(2.92275 -0.537259 0)
(2.93025 -0.515706 0)
(2.93504 -0.506951 0)
(2.95564 -0.497847 0)
(2.98217 -0.492463 0)
(3.00854 -0.480927 0)
(3.04195 -0.448654 0)
(3.05267 -0.424454 0)
(3.04203 -0.409748 0)
(3.05926 -0.380643 0)
(3.07388 -0.372766 0)
(3.08512 -0.35385 0)
(3.09906 -0.313698 0)
(3.11654 -0.258496 0)
(3.11505 -0.17285 0)
(3.11915 -0.0924271 0)
(3.12106 -0.01814 0)
(3.121 0.0285635 0)
(3.12069 0.0843345 0)
(3.11707 0.173996 0)
(3.15882 0.198576 0)
(3.16846 0.247535 0)
(3.17357 0.303358 0)
(3.1972 0.317251 0)
(3.19791 0.354619 0)
(3.19332 0.37485 0)
(3.19063 0.379542 0)
(3.19306 0.38217 0)
(3.19644 0.39034 0)
(3.20175 0.394991 0)
(3.20903 0.389557 0)
(3.21423 0.379718 0)
(3.22229 0.37585 0)
(3.23509 0.376341 0)
(3.24927 0.379277 0)
(3.26047 0.382276 0)
(3.26902 0.381725 0)
(3.2737 0.381472 0)
(3.27532 0.37882 0)
(3.27604 0.374618 0)
(3.27702 0.373822 0)
(3.27894 0.371289 0)
(3.27807 0.361747 0)
(3.2791 0.354081 0)
(3.27823 0.332336 0)
(3.26593 0.309447 0)
(3.25563 0.289538 0)
(3.25172 0.271142 0)
(3.2497 0.244316 0)
(3.24081 0.211235 0)
(3.23141 0.184705 0)
(3.22355 0.150818 0)
(3.21769 0.101504 0)
(3.19695 0.040194 0)
(3.16553 -0.0179276 0)
(2.33823 0.836508 0)
(2.33318 0.841524 0)
(2.33422 0.84387 0)
(2.34232 0.842864 0)
(2.3552 0.832442 0)
(2.3818 0.81085 0)
(2.43012 0.776187 0)
(2.50786 0.69722 0)
(2.55418 0.639592 0)
(2.57732 0.630313 0)
(2.65537 0.546384 0)
(2.72721 0.426198 0)
(2.76178 0.378433 0)
(2.78817 0.371197 0)
(2.80915 0.365795 0)
(2.87479 0.23836 0)
(2.87858 0.18856 0)
(2.86893 0.0966719 0)
(2.85133 -0.0628918 0)
(2.7744 -0.275569 0)
(2.70587 -0.472859 0)
(2.54342 -0.716119 0)
(2.51503 -0.83176 0)
(2.53694 -0.80843 0)
(2.57628 -0.78242 0)
(2.61382 -0.768971 0)
(2.64099 -0.781562 0)
(2.65184 -0.772571 0)
(2.65714 -0.727785 0)
(2.66878 -0.71704 0)
(2.68529 -0.728606 0)
(2.71758 -0.717544 0)
(2.75031 -0.685897 0)
(2.76973 -0.665257 0)
(2.78768 -0.67446 0)
(2.80004 -0.68102 0)
(2.83215 -0.645841 0)
(2.85307 -0.599583 0)
(2.86776 -0.585656 0)
(2.88196 -0.60083 0)
(2.90338 -0.590322 0)
(2.93795 -0.542396 0)
(2.94871 -0.517122 0)
(2.95346 -0.497415 0)
(2.97136 -0.482329 0)
(2.99069 -0.486553 0)
(3.0178 -0.48537 0)
(3.05426 -0.461216 0)
(3.06699 -0.421171 0)
(3.06572 -0.400631 0)
(3.07337 -0.377575 0)
(3.1018 -0.364631 0)
(3.10784 -0.361706 0)
(3.12058 -0.342446 0)
(3.13486 -0.3153 0)
(3.14749 -0.305807 0)
(3.17038 -0.284306 0)
(3.17194 -0.234293 0)
(3.16479 -0.193202 0)
(3.15793 -0.164932 0)
(3.15197 -0.0981853 0)
(3.16347 -0.0109105 0)
(3.18961 0.0278261 0)
(3.1908 0.101025 0)
(3.18011 0.208086 0)
(3.19602 0.256593 0)
(3.18143 0.322705 0)
(3.17006 0.378121 0)
(3.17801 0.383417 0)
(3.16583 0.423993 0)
(3.17959 0.463915 0)
(3.18477 0.454533 0)
(3.19894 0.451192 0)
(3.20622 0.450366 0)
(3.22043 0.451958 0)
(3.23523 0.454389 0)
(3.24872 0.455688 0)
(3.26034 0.455523 0)
(3.26755 0.457064 0)
(3.26509 0.452751 0)
(3.26333 0.446798 0)
(3.26324 0.437582 0)
(3.25906 0.421426 0)
(3.25627 0.402649 0)
(3.25814 0.380535 0)
(3.25265 0.354956 0)
(3.24114 0.32364 0)
(3.22623 0.277637 0)
(3.20115 0.233932 0)
(3.19536 0.177746 0)
(3.19638 0.12307 0)
(3.19193 0.0756671 0)
(3.18767 0.0260037 0)
(3.17815 -0.015917 0)
(3.16687 -0.0352048 0)
(3.15395 -0.033403 0)
(2.33066 0.839062 0)
(2.32978 0.841058 0)
(2.32658 0.839267 0)
(2.33115 0.838474 0)
(2.33859 0.834976 0)
(2.35561 0.822792 0)
(2.39087 0.799806 0)
(2.43559 0.766233 0)
(2.49672 0.705629 0)
(2.53464 0.675941 0)
(2.60859 0.589148 0)
(2.64781 0.530555 0)
(2.65799 0.519517 0)
(2.74733 0.437323 0)
(2.78344 0.391766 0)
(2.8044 0.274736 0)
(2.78606 0.154311 0)
(2.69793 -0.0723712 0)
(2.62816 -0.331948 0)
(2.53621 -0.558795 0)
(2.50663 -0.658708 0)
(2.50274 -0.707724 0)
(2.51456 -0.722711 0)
(2.53762 -0.720499 0)
(2.57536 -0.695737 0)
(2.60972 -0.683311 0)
(2.63512 -0.694304 0)
(2.65436 -0.687046 0)
(2.67314 -0.656717 0)
(2.69167 -0.644952 0)
(2.70666 -0.655345 0)
(2.72418 -0.650075 0)
(2.75951 -0.624727 0)
(2.78844 -0.607754 0)
(2.81287 -0.617078 0)
(2.82577 -0.624734 0)
(2.85215 -0.593923 0)
(2.86802 -0.556526 0)
(2.88302 -0.54491 0)
(2.89941 -0.560728 0)
(2.91047 -0.566642 0)
(2.93971 -0.532604 0)
(2.96299 -0.492211 0)
(2.97516 -0.463687 0)
(2.99241 -0.468311 0)
(3.01079 -0.485255 0)
(3.03595 -0.480138 0)
(3.06635 -0.451901 0)
(3.07536 -0.414394 0)
(3.0831 -0.408438 0)
(3.10035 -0.398597 0)
(3.11796 -0.366174 0)
(3.12351 -0.351358 0)
(3.13315 -0.332772 0)
(3.14053 -0.31389 0)
(3.15927 -0.306679 0)
(3.18507 -0.29588 0)
(3.20143 -0.255235 0)
(3.19282 -0.221531 0)
(3.17319 -0.213459 0)
(3.18748 -0.190729 0)
(3.21271 -0.165554 0)
(3.22541 -0.134344 0)
(3.23863 -0.115543 0)
(3.2318 -0.0733112 0)
(3.23083 -0.00961819 0)
(3.23121 0.0511112 0)
(3.2134 0.123867 0)
(3.19608 0.186467 0)
(3.18045 0.252063 0)
(3.18692 0.309523 0)
(3.18985 0.359236 0)
(3.19706 0.366329 0)
(3.20141 0.371017 0)
(3.21651 0.39973 0)
(3.22396 0.405502 0)
(3.23674 0.407498 0)
(3.24901 0.411048 0)
(3.25847 0.411374 0)
(3.2561 0.403098 0)
(3.2558 0.392243 0)
(3.25397 0.371695 0)
(3.24469 0.343997 0)
(3.23355 0.321037 0)
(3.22219 0.289893 0)
(3.21099 0.249662 0)
(3.19562 0.197762 0)
(3.17818 0.135017 0)
(3.16129 0.0766288 0)
(3.15481 0.0291465 0)
(3.15747 -0.0010447 0)
(3.16726 -0.0200375 0)
(3.17554 -0.03212 0)
(3.17246 -0.0345204 0)
(3.1687 -0.0340507 0)
(3.16037 -0.0300916 0)
(2.32406 0.853121 0)
(2.32282 0.846062 0)
(2.31897 0.841201 0)
(2.32046 0.839894 0)
(2.32955 0.838705 0)
(2.3412 0.83137 0)
(2.3596 0.818844 0)
(2.40013 0.78904 0)
(2.44163 0.75595 0)
(2.47333 0.738232 0)
(2.55818 0.65339 0)
(2.6067 0.58424 0)
(2.62054 0.577913 0)
(2.67817 0.500029 0)
(2.67818 0.399954 0)
(2.60639 0.134476 0)
(2.57345 -0.105335 0)
(2.47667 -0.355711 0)
(2.45395 -0.50093 0)
(2.45144 -0.535397 0)
(2.46624 -0.544277 0)
(2.4923 -0.553317 0)
(2.5228 -0.574378 0)
(2.54727 -0.588848 0)
(2.56735 -0.586392 0)
(2.59348 -0.593892 0)
(2.62299 -0.617463 0)
(2.65016 -0.624095 0)
(2.6783 -0.605875 0)
(2.70416 -0.588903 0)
(2.72802 -0.586595 0)
(2.75104 -0.578241 0)
(2.7701 -0.554655 0)
(2.78315 -0.543516 0)
(2.79842 -0.559115 0)
(2.82565 -0.559262 0)
(2.86489 -0.54076 0)
(2.88999 -0.5132 0)
(2.9142 -0.495398 0)
(2.93217 -0.501506 0)
(2.92754 -0.512284 0)
(2.93837 -0.492424 0)
(2.9636 -0.457581 0)
(2.98757 -0.424667 0)
(3.01416 -0.417314 0)
(3.0307 -0.436034 0)
(3.04821 -0.437152 0)
(3.07765 -0.414519 0)
(3.08897 -0.388838 0)
(3.10318 -0.387734 0)
(3.12093 -0.392102 0)
(3.13028 -0.371992 0)
(3.13622 -0.343015 0)
(3.14357 -0.322961 0)
(3.14952 -0.313942 0)
(3.17316 -0.309142 0)
(3.20029 -0.299973 0)
(3.21573 -0.252427 0)
(3.20643 -0.206744 0)
(3.19285 -0.193796 0)
(3.20687 -0.173589 0)
(3.23225 -0.16683 0)
(3.24755 -0.142849 0)
(3.25128 -0.131759 0)
(3.25434 -0.125187 0)
(3.26539 -0.0952329 0)
(3.26851 -0.0652358 0)
(3.26755 -0.0420914 0)
(3.25725 -0.0130961 0)
(3.24485 0.0229622 0)
(3.23093 0.0839334 0)
(3.22404 0.142899 0)
(3.21606 0.186587 0)
(3.20944 0.213564 0)
(3.21107 0.245077 0)
(3.21673 0.273035 0)
(3.21964 0.276949 0)
(3.22665 0.277123 0)
(3.23342 0.271869 0)
(3.23101 0.260597 0)
(3.22859 0.244813 0)
(3.22105 0.22395 0)
(3.20479 0.190482 0)
(3.1968 0.158003 0)
(3.17921 0.126836 0)
(3.16584 0.0864082 0)
(3.15713 0.0481411 0)
(3.15426 0.0211014 0)
(3.14978 -0.00330499 0)
(3.14775 -0.0214772 0)
(3.15234 -0.0316925 0)
(3.16591 -0.0374195 0)
(3.17783 -0.0358847 0)
(3.17457 -0.0324052 0)
(3.17062 -0.0299362 0)
(3.16286 -0.0244049 0)
(2.33388 0.82761 0)
(2.32758 0.823504 0)
(2.32749 0.820527 0)
(2.33053 0.833204 0)
(2.32933 0.84449 0)
(2.33247 0.843198 0)
(2.34263 0.833112 0)
(2.36057 0.814595 0)
(2.40139 0.785273 0)
(2.44352 0.764856 0)
(2.49582 0.717523 0)
(2.5333 0.662632 0)
(2.52128 0.539927 0)
(2.49332 0.31069 0)
(2.4336 0.0300418 0)
(2.3741 -0.214865 0)
(2.36735 -0.34587 0)
(2.37658 -0.441278 0)
(2.37299 -0.482311 0)
(2.3949 -0.496406 0)
(2.43012 -0.476861 0)
(2.45852 -0.467282 0)
(2.48455 -0.475965 0)
(2.51019 -0.486136 0)
(2.54151 -0.49612 0)
(2.57748 -0.506905 0)
(2.61344 -0.514811 0)
(2.64403 -0.507124 0)
(2.66622 -0.486071 0)
(2.68364 -0.47746 0)
(2.70098 -0.486484 0)
(2.72335 -0.48482 0)
(2.7494 -0.46986 0)
(2.7769 -0.462481 0)
(2.81022 -0.467814 0)
(2.83777 -0.471982 0)
(2.8576 -0.461937 0)
(2.87273 -0.447307 0)
(2.89298 -0.438794 0)
(2.92012 -0.442801 0)
(2.94833 -0.44234 0)
(2.97227 -0.42563 0)
(2.98518 -0.39807 0)
(2.99135 -0.378981 0)
(3.00239 -0.387572 0)
(3.0109 -0.400198 0)
(3.04476 -0.397259 0)
(3.07743 -0.378202 0)
(3.09866 -0.352551 0)
(3.12039 -0.35 0)
(3.13468 -0.363239 0)
(3.13964 -0.346928 0)
(3.14581 -0.305122 0)
(3.15229 -0.292574 0)
(3.16828 -0.301541 0)
(3.19279 -0.309744 0)
(3.22342 -0.287781 0)
(3.22975 -0.238865 0)
(3.2216 -0.22338 0)
(3.21952 -0.222655 0)
(3.23978 -0.201733 0)
(3.25164 -0.179452 0)
(3.26283 -0.154399 0)
(3.26352 -0.118814 0)
(3.2636 -0.115286 0)
(3.27116 -0.103505 0)
(3.2831 -0.0814171 0)
(3.28909 -0.0672275 0)
(3.28472 -0.0492448 0)
(3.28127 -0.0418712 0)
(3.272 -0.0251278 0)
(3.25655 0.0119136 0)
(3.24557 0.0375317 0)
(3.23737 0.0537939 0)
(3.22614 0.0791119 0)
(3.21636 0.103429 0)
(3.21253 0.114278 0)
(3.21238 0.116614 0)
(3.21155 0.116116 0)
(3.20771 0.11422 0)
(3.20083 0.107965 0)
(3.19075 0.0917285 0)
(3.1803 0.0669142 0)
(3.17313 0.048878 0)
(3.16407 0.0360452 0)
(3.15514 0.025017 0)
(3.15034 0.0144085 0)
(3.15035 -0.000616153 0)
(3.15186 -0.016655 0)
(3.15312 -0.0278027 0)
(3.15746 -0.0355698 0)
(3.17065 -0.041964 0)
(3.18134 -0.041351 0)
(3.1772 -0.0373894 0)
(3.17542 -0.0326937 0)
(3.17004 -0.0240674 0)
(2.39393 0.783 0)
(2.34945 0.817983 0)
(2.34459 0.828589 0)
(2.33678 0.840527 0)
(2.3218 0.850518 0)
(2.31441 0.849165 0)
(2.32543 0.842602 0)
(2.34245 0.828132 0)
(2.36753 0.809606 0)
(2.40882 0.790513 0)
(2.40203 0.678153 0)
(2.36231 0.472714 0)
(2.30634 0.213792 0)
(2.27292 -0.0255493 0)
(2.26169 -0.166638 0)
(2.27091 -0.232208 0)
(2.29097 -0.256808 0)
(2.32513 -0.281668 0)
(2.3591 -0.330059 0)
(2.37892 -0.364695 0)
(2.40406 -0.375999 0)
(2.4352 -0.391608 0)
(2.46574 -0.404064 0)
(2.49597 -0.400868 0)
(2.52538 -0.392198 0)
(2.55776 -0.393794 0)
(2.59646 -0.400743 0)
(2.64021 -0.403744 0)
(2.68065 -0.406278 0)
(2.7125 -0.414597 0)
(2.73263 -0.421185 0)
(2.74406 -0.406016 0)
(2.75961 -0.38788 0)
(2.79298 -0.388787 0)
(2.82635 -0.392705 0)
(2.86324 -0.399357 0)
(2.89306 -0.395582 0)
(2.91155 -0.380423 0)
(2.91181 -0.37294 0)
(2.92994 -0.383027 0)
(2.96686 -0.382679 0)
(2.99625 -0.370848 0)
(3.01694 -0.343154 0)
(3.0265 -0.318152 0)
(3.01432 -0.324578 0)
(3.02902 -0.337105 0)
(3.06506 -0.338332 0)
(3.09436 -0.321257 0)
(3.12324 -0.295206 0)
(3.15315 -0.286049 0)
(3.15859 -0.305132 0)
(3.15401 -0.288913 0)
(3.16884 -0.239356 0)
(3.18067 -0.222261 0)
(3.20145 -0.234318 0)
(3.2186 -0.251085 0)
(3.24099 -0.227072 0)
(3.24542 -0.18279 0)
(3.24633 -0.168863 0)
(3.25641 -0.182906 0)
(3.26962 -0.180732 0)
(3.27864 -0.15152 0)
(3.28023 -0.1328 0)
(3.27944 -0.108698 0)
(3.27974 -0.094556 0)
(3.28746 -0.0857356 0)
(3.29443 -0.0719189 0)
(3.30027 -0.0535362 0)
(3.29974 -0.0287543 0)
(3.30055 -0.0161508 0)
(3.29041 -0.00191546 0)
(3.2742 0.0187484 0)
(3.25951 0.0332798 0)
(3.2463 0.0440144 0)
(3.23133 0.0595531 0)
(3.2214 0.0715953 0)
(3.215 0.0780902 0)
(3.20996 0.0773239 0)
(3.20495 0.0756871 0)
(3.19797 0.0728799 0)
(3.18941 0.0647494 0)
(3.17847 0.0475478 0)
(3.16817 0.0305939 0)
(3.16233 0.0224171 0)
(3.15878 0.018937 0)
(3.15528 0.0139142 0)
(3.15448 0.00427493 0)
(3.15676 -0.0088523 0)
(3.15792 -0.0186328 0)
(3.15765 -0.0238834 0)
(3.15955 -0.0271732 0)
(3.16988 -0.0341035 0)
(3.18381 -0.0414324 0)
(3.18222 -0.0437726 0)
(3.17876 -0.0424557 0)
(3.17549 -0.0336528 0)
(2.52783 0.656156 0)
(2.41253 0.79281 0)
(2.37732 0.807353 0)
(2.34376 0.823506 0)
(2.32181 0.837578 0)
(2.31175 0.839609 0)
(2.3256 0.843131 0)
(2.33014 0.834152 0)
(2.32588 0.784615 0)
(2.27537 0.61873 0)
(2.16466 0.313516 0)
(2.10041 0.0513073 0)
(2.11011 -0.103535 0)
(2.13804 -0.184484 0)
(2.15961 -0.210975 0)
(2.19849 -0.210822 0)
(2.23523 -0.206548 0)
(2.26862 -0.209316 0)
(2.31335 -0.238862 0)
(2.35583 -0.27683 0)
(2.39374 -0.298737 0)
(2.43069 -0.314152 0)
(2.46569 -0.323554 0)
(2.50372 -0.319283 0)
(2.5438 -0.313114 0)
(2.58312 -0.315028 0)
(2.61933 -0.317871 0)
(2.6517 -0.314937 0)
(2.68305 -0.312998 0)
(2.7154 -0.321779 0)
(2.74287 -0.334467 0)
(2.76396 -0.32815 0)
(2.78226 -0.303883 0)
(2.80029 -0.295193 0)
(2.82166 -0.31451 0)
(2.84214 -0.328409 0)
(2.86624 -0.317969 0)
(2.89823 -0.301228 0)
(2.93505 -0.297436 0)
(2.96288 -0.293826 0)
(2.97611 -0.297723 0)
(2.97912 -0.302325 0)
(2.98648 -0.290701 0)
(2.99754 -0.272202 0)
(3.02159 -0.263722 0)
(3.04949 -0.266829 0)
(3.06438 -0.270083 0)
(3.08082 -0.26251 0)
(3.10303 -0.246101 0)
(3.1249 -0.243487 0)
(3.13204 -0.254723 0)
(3.13384 -0.239913 0)
(3.14541 -0.206569 0)
(3.16416 -0.199951 0)
(3.18873 -0.216696 0)
(3.2053 -0.227909 0)
(3.2225 -0.199558 0)
(3.22751 -0.165491 0)
(3.2372 -0.156546 0)
(3.25858 -0.171739 0)
(3.27287 -0.182061 0)
(3.28894 -0.157503 0)
(3.29067 -0.131193 0)
(3.28467 -0.118837 0)
(3.29834 -0.104591 0)
(3.30583 -0.100252 0)
(3.31709 -0.0906481 0)
(3.31676 -0.0649508 0)
(3.30879 -0.0315113 0)
(3.31259 -0.0116257 0)
(3.30742 0.00996569 0)
(3.29107 0.0381579 0)
(3.27458 0.0460237 0)
(3.25461 0.0572818 0)
(3.23696 0.0810667 0)
(3.22909 0.0932155 0)
(3.22305 0.0933379 0)
(3.21342 0.0873591 0)
(3.19988 0.0724455 0)
(3.18608 0.0545821 0)
(3.17607 0.0399059 0)
(3.16829 0.0219515 0)
(3.16375 0.00492281 0)
(3.16082 0.00163336 0)
(3.15833 0.00603352 0)
(3.15781 0.00495569 0)
(3.15921 -0.00596067 0)
(3.16075 -0.0157103 0)
(3.16008 -0.0187109 0)
(3.15815 -0.0175308 0)
(3.15785 -0.0164434 0)
(3.16242 -0.0221072 0)
(3.17584 -0.034439 0)
(3.18686 -0.0434994 0)
(3.18469 -0.0407117 0)
(3.1774 -0.0326046 0)
(2.88532 0.1826 0)
(2.66077 0.508747 0)
(2.42795 0.784159 0)
(2.3601 0.824757 0)
(2.34914 0.842757 0)
(2.33287 0.834937 0)
(2.31255 0.80281 0)
(2.2522 0.691943 0)
(2.13469 0.451557 0)
(2.0393 0.194936 0)
(2.02255 0.0880298 0)
(2.04948 0.0084326 0)
(2.06555 -0.0325901 0)
(2.09968 -0.0725378 0)
(2.14763 -0.119285 0)
(2.18626 -0.136472 0)
(2.21914 -0.143401 0)
(2.25515 -0.161068 0)
(2.29247 -0.177767 0)
(2.33508 -0.186791 0)
(2.37944 -0.19073 0)
(2.4222 -0.199797 0)
(2.46062 -0.214723 0)
(2.49865 -0.21766 0)
(2.54094 -0.211953 0)
(2.58056 -0.211606 0)
(2.61609 -0.213545 0)
(2.64768 -0.213725 0)
(2.67641 -0.21456 0)
(2.70216 -0.220451 0)
(2.72455 -0.225379 0)
(2.74816 -0.218789 0)
(2.77642 -0.209082 0)
(2.80772 -0.210167 0)
(2.83352 -0.223849 0)
(2.84884 -0.233756 0)
(2.86533 -0.224516 0)
(2.88599 -0.206729 0)
(2.91145 -0.195711 0)
(2.94399 -0.195206 0)
(2.97244 -0.201996 0)
(2.98648 -0.208532 0)
(2.99011 -0.203222 0)
(2.99342 -0.188806 0)
(3.00848 -0.182134 0)
(3.03306 -0.184481 0)
(3.05906 -0.183855 0)
(3.0831 -0.175586 0)
(3.10455 -0.164793 0)
(3.12531 -0.16542 0)
(3.13832 -0.175964 0)
(3.147 -0.162181 0)
(3.15712 -0.137681 0)
(3.17509 -0.138588 0)
(3.19648 -0.157983 0)
(3.21141 -0.163198 0)
(3.22317 -0.137164 0)
(3.22798 -0.113498 0)
(3.24198 -0.112619 0)
(3.26411 -0.134428 0)
(3.28156 -0.138713 0)
(3.29305 -0.110327 0)
(3.29145 -0.096927 0)
(3.29534 -0.0983733 0)
(3.30462 -0.0958862 0)
(3.3254 -0.0888703 0)
(3.33527 -0.0834545 0)
(3.3415 -0.0721573 0)
(3.33722 -0.0479258 0)
(3.33508 -0.0186741 0)
(3.3314 -0.00708329 0)
(3.31438 0.017684 0)
(3.29514 0.0375484 0)
(3.27364 0.0453139 0)
(3.24884 0.0689143 0)
(3.23122 0.0937279 0)
(3.21978 0.0968815 0)
(3.20412 0.0813896 0)
(3.18331 0.0533601 0)
(3.16845 0.0319606 0)
(3.16131 0.0166742 0)
(3.15837 8.96524e-05 0)
(3.15956 -0.0081671 0)
(3.16038 -0.00228917 0)
(3.16171 0.00488772 0)
(3.16234 -8.34506e-05 0)
(3.16252 -0.0110818 0)
(3.16115 -0.0164337 0)
(3.15654 -0.0148907 0)
(3.15093 -0.00994016 0)
(3.1478 -0.00559635 0)
(3.14911 -0.00771348 0)
(3.15848 -0.0157196 0)
(3.17774 -0.0309276 0)
(3.18859 -0.0318966 0)
(3.18031 -0.02655 0)
(2.99218 0.0173507 0)
(2.935 0.116555 0)
(2.70402 0.444893 0)
(2.51131 0.721266 0)
(2.40291 0.845971 0)
(2.27458 0.733517 0)
(2.13272 0.504225 0)
(1.98664 0.215368 0)
(1.92783 0.0310104 0)
(1.93033 -0.0650648 0)
(1.96031 -0.0552815 0)
(2.00355 -0.0292161 0)
(2.04511 -0.0220175 0)
(2.08786 -0.0241755 0)
(2.1384 -0.0465137 0)
(2.18911 -0.0812033 0)
(2.23356 -0.110901 0)
(2.27695 -0.126249 0)
(2.32295 -0.129246 0)
(2.3713 -0.129933 0)
(2.4188 -0.126223 0)
(2.46218 -0.125763 0)
(2.49587 -0.130758 0)
(2.52633 -0.131743 0)
(2.56132 -0.126134 0)
(2.60267 -0.124382 0)
(2.64106 -0.125138 0)
(2.67251 -0.126218 0)
(2.69933 -0.129267 0)
(2.72318 -0.134769 0)
(2.745 -0.13674 0)
(2.76781 -0.132538 0)
(2.79414 -0.128324 0)
(2.82303 -0.131265 0)
(2.8481 -0.138991 0)
(2.8661 -0.139416 0)
(2.88301 -0.130321 0)
(2.90465 -0.121574 0)
(2.93317 -0.120169 0)
(2.96433 -0.124091 0)
(2.98963 -0.129722 0)
(3.00419 -0.134818 0)
(3.00939 -0.129639 0)
(3.0131 -0.114838 0)
(3.02691 -0.109971 0)
(3.05216 -0.115682 0)
(3.07861 -0.115484 0)
(3.10061 -0.109373 0)
(3.12096 -0.102134 0)
(3.14179 -0.103518 0)
(3.15741 -0.11279 0)
(3.16834 -0.103979 0)
(3.17935 -0.0867343 0)
(3.19718 -0.0867247 0)
(3.21771 -0.101877 0)
(3.22996 -0.101714 0)
(3.23499 -0.0832862 0)
(3.2398 -0.0671525 0)
(3.25683 -0.0680683 0)
(3.28092 -0.0881768 0)
(3.29786 -0.0855341 0)
(3.30218 -0.066887 0)
(3.30395 -0.0558191 0)
(3.3131 -0.0523861 0)
(3.32962 -0.0447106 0)
(3.34636 -0.0397967 0)
(3.35608 -0.0398272 0)
(3.36396 -0.0335943 0)
(3.35872 -0.0213065 0)
(3.34678 -0.00708943 0)
(3.34235 -0.00252679 0)
(3.33205 0.00416309 0)
(3.31592 0.0127342 0)
(3.29278 0.0354542 0)
(3.26348 0.0593343 0)
(3.234 0.0743603 0)
(3.20669 0.0826055 0)
(3.1799 0.0690956 0)
(3.16023 0.0392873 0)
(3.1508 0.0125558 0)
(3.14978 -0.00170256 0)
(3.15196 -0.0116316 0)
(3.15488 -0.0157137 0)
(3.15688 -0.00901446 0)
(3.16171 -0.000188329 0)
(3.16592 -0.00201068 0)
(3.16402 -0.0106456 0)
(3.15698 -0.0139078 0)
(3.14568 -0.0119954 0)
(3.13506 -0.00688618 0)
(3.12974 -0.00143049 0)
(3.13144 -0.0016483 0)
(3.14177 -0.00428837 0)
(3.16247 -0.0153786 0)
(3.18442 -0.0242849 0)
(3.18218 -0.0147787 0)
(2.99985 0.000242451 0)
(2.9954 0.00760261 0)
(2.93202 0.0746709 0)
(2.69352 0.309741 0)
(2.40034 0.439395 0)
(2.19829 0.335933 0)
(2.05578 0.224312 0)
(1.96851 0.122293 0)
(1.96025 0.0389704 0)
(1.96006 0.00372846 0)
(1.99283 -0.0194856 0)
(2.03741 -0.0165196 0)
(2.06783 -0.0115549 0)
(2.09406 -0.00784875 0)
(2.12676 -0.00910544 0)
(2.17528 -0.0178296 0)
(2.23317 -0.0291789 0)
(2.29175 -0.0380567 0)
(2.34683 -0.0432265 0)
(2.38995 -0.0447099 0)
(2.42435 -0.0449645 0)
(2.45732 -0.0439784 0)
(2.49238 -0.0413697 0)
(2.52548 -0.0408721 0)
(2.55763 -0.0446331 0)
(2.58917 -0.0469089 0)
(2.61903 -0.0486175 0)
(2.646 -0.0498662 0)
(2.67052 -0.0515144 0)
(2.69282 -0.0538289 0)
(2.71349 -0.0550574 0)
(2.73522 -0.0541239 0)
(2.76031 -0.0527107 0)
(2.78746 -0.0534205 0)
(2.81172 -0.0559209 0)
(2.83079 -0.0566228 0)
(2.849 -0.0543779 0)
(2.8714 -0.0521758 0)
(2.89852 -0.052713 0)
(2.92536 -0.0545638 0)
(2.94653 -0.0565671 0)
(2.96017 -0.0578287 0)
(2.96883 -0.0540344 0)
(2.97984 -0.0477831 0)
(2.99823 -0.0473616 0)
(3.0205 -0.0513031 0)
(3.04155 -0.0514761 0)
(3.06135 -0.0487399 0)
(3.08269 -0.0456035 0)
(3.1054 -0.0460922 0)
(3.12211 -0.0507179 0)
(3.13384 -0.0461721 0)
(3.14905 -0.037744 0)
(3.17087 -0.038351 0)
(3.1922 -0.0478467 0)
(3.19962 -0.0475566 0)
(3.20339 -0.0371177 0)
(3.21387 -0.0299945 0)
(3.23629 -0.0310834 0)
(3.26238 -0.0426751 0)
(3.27478 -0.0389152 0)
(3.27842 -0.0293276 0)
(3.28348 -0.0263252 0)
(3.29395 -0.0269167 0)
(3.31042 -0.0238811 0)
(3.32675 -0.0227814 0)
(3.33633 -0.0232166 0)
(3.34345 -0.0201244 0)
(3.34355 -0.013753 0)
(3.33807 -0.00714657 0)
(3.33586 -0.00552843 0)
(3.3307 -0.00362237 0)
(3.3204 -0.00245172 0)
(3.30369 0.00157765 0)
(3.27747 0.0161486 0)
(3.23173 0.0273509 0)
(3.17911 0.0275769 0)
(3.15398 0.0265124 0)
(3.14772 0.0181293 0)
(3.14674 0.00825104 0)
(3.14795 0.000458553 0)
(3.15152 -0.00499561 0)
(3.15437 -0.00641875 0)
(3.15648 -0.00228662 0)
(3.16405 0.00203819 0)
(3.16849 -0.00126896 0)
(3.16218 -0.00538147 0)
(3.15019 -0.00647067 0)
(3.13558 -0.00588624 0)
(3.1241 -0.00391296 0)
(3.11922 -0.00208081 0)
(3.12204 -0.00323301 0)
(3.13223 -0.00471246 0)
(3.15084 -0.0080676 0)
(3.17187 -0.00794539 0)
(3.18232 -0.00480642 0)
(2.99985 -0.000242451 0)
(2.9954 -0.00760261 0)
(2.93202 -0.0746708 0)
(2.69352 -0.309741 0)
(2.40034 -0.439395 0)
(2.19829 -0.335933 0)
(2.05578 -0.224312 0)
(1.96851 -0.122293 0)
(1.96025 -0.0389704 0)
(1.96006 -0.00372842 0)
(1.99283 0.0194856 0)
(2.03741 0.0165196 0)
(2.06783 0.0115549 0)
(2.09406 0.00784876 0)
(2.12676 0.00910544 0)
(2.17528 0.0178296 0)
(2.23317 0.0291789 0)
(2.29175 0.0380567 0)
(2.34683 0.0432265 0)
(2.38995 0.04471 0)
(2.42435 0.0449645 0)
(2.45732 0.0439784 0)
(2.49238 0.0413697 0)
(2.52548 0.040872 0)
(2.55763 0.0446331 0)
(2.58917 0.0469089 0)
(2.61903 0.0486175 0)
(2.646 0.0498662 0)
(2.67052 0.0515145 0)
(2.69282 0.0538289 0)
(2.71349 0.0550573 0)
(2.73522 0.0541239 0)
(2.76031 0.0527108 0)
(2.78746 0.0534205 0)
(2.81172 0.0559209 0)
(2.83079 0.0566229 0)
(2.849 0.054378 0)
(2.8714 0.0521756 0)
(2.89852 0.0527129 0)
(2.92536 0.0545639 0)
(2.94653 0.0565672 0)
(2.96017 0.0578286 0)
(2.96883 0.0540342 0)
(2.97984 0.0477833 0)
(2.99823 0.0473618 0)
(3.0205 0.0513031 0)
(3.04155 0.0514758 0)
(3.06135 0.04874 0)
(3.08269 0.0456037 0)
(3.1054 0.0460922 0)
(3.12211 0.0507178 0)
(3.13384 0.0461719 0)
(3.14905 0.0377436 0)
(3.17087 0.0383519 0)
(3.1922 0.047846 0)
(3.19962 0.0475573 0)
(3.20339 0.0371167 0)
(3.21387 0.0299937 0)
(3.23629 0.0310887 0)
(3.26239 0.0426665 0)
(3.27477 0.0389159 0)
(3.27842 0.0293443 0)
(3.28348 0.0262851 0)
(3.29394 0.0269672 0)
(3.31041 0.0238981 0)
(3.32676 0.0227211 0)
(3.33633 0.0232286 0)
(3.34345 0.0201761 0)
(3.34356 0.013738 0)
(3.33807 0.0071246 0)
(3.33589 0.00556515 0)
(3.3307 0.00407533 0)
(3.32067 0.00275022 0)
(3.30201 -0.00489883 0)
(3.27056 -0.0167455 0)
(3.2306 -0.0241 0)
(3.19033 -0.0319857 0)
(3.16547 -0.0304018 0)
(3.15321 -0.0191339 0)
(3.14805 -0.00984731 0)
(3.1486 -0.000904154 0)
(3.15165 0.00425856 0)
(3.15356 0.00648527 0)
(3.15541 0.00263341 0)
(3.16365 -0.00196343 0)
(3.16847 0.00138276 0)
(3.1622 0.00531536 0)
(3.15016 0.00641621 0)
(3.13553 0.00598995 0)
(3.12408 0.00397398 0)
(3.11934 0.00169734 0)
(3.12221 0.00254187 0)
(3.13242 0.00450022 0)
(3.15123 0.00929107 0)
(3.17249 0.0119645 0)
(3.18163 0.00548408 0)
(2.99218 -0.0173507 0)
(2.935 -0.116555 0)
(2.70402 -0.444893 0)
(2.51131 -0.721266 0)
(2.40291 -0.845971 0)
(2.27458 -0.733517 0)
(2.13272 -0.504225 0)
(1.98664 -0.215368 0)
(1.92783 -0.0310104 0)
(1.93033 0.0650649 0)
(1.96031 0.0552815 0)
(2.00355 0.0292161 0)
(2.04511 0.0220175 0)
(2.08786 0.0241755 0)
(2.1384 0.0465137 0)
(2.18911 0.0812033 0)
(2.23356 0.110901 0)
(2.27695 0.126249 0)
(2.32295 0.129246 0)
(2.3713 0.129933 0)
(2.4188 0.126223 0)
(2.46218 0.125763 0)
(2.49587 0.130758 0)
(2.52633 0.131743 0)
(2.56132 0.126134 0)
(2.60267 0.124382 0)
(2.64106 0.125138 0)
(2.67251 0.126218 0)
(2.69933 0.129267 0)
(2.72318 0.134769 0)
(2.745 0.13674 0)
(2.76781 0.132538 0)
(2.79414 0.128324 0)
(2.82303 0.131265 0)
(2.8481 0.138991 0)
(2.8661 0.139416 0)
(2.88301 0.130322 0)
(2.90465 0.121574 0)
(2.93317 0.120168 0)
(2.96433 0.124091 0)
(2.98963 0.129722 0)
(3.00419 0.134818 0)
(3.00939 0.129639 0)
(3.0131 0.114838 0)
(3.02691 0.109971 0)
(3.05216 0.115682 0)
(3.07861 0.115484 0)
(3.10061 0.109373 0)
(3.12096 0.102134 0)
(3.14179 0.103518 0)
(3.15741 0.112789 0)
(3.16834 0.103979 0)
(3.17935 0.086734 0)
(3.19718 0.0867256 0)
(3.21771 0.101877 0)
(3.22996 0.101714 0)
(3.23499 0.0832853 0)
(3.2398 0.067152 0)
(3.25683 0.0680718 0)
(3.28092 0.0881727 0)
(3.29786 0.0855311 0)
(3.30218 0.066908 0)
(3.30394 0.0557822 0)
(3.31309 0.052417 0)
(3.3296 0.0447747 0)
(3.3464 0.0396923 0)
(3.35609 0.0398191 0)
(3.36394 0.0336933 0)
(3.35875 0.0212781 0)
(3.34678 0.00708325 0)
(3.34246 0.00294196 0)
(3.33201 -0.0037349 0)
(3.31551 -0.0162101 0)
(3.29305 -0.0327442 0)
(3.26195 -0.0552016 0)
(3.23084 -0.0757034 0)
(3.20329 -0.0816362 0)
(3.17978 -0.0668327 0)
(3.16218 -0.037383 0)
(3.1526 -0.011909 0)
(3.15078 0.0011496 0)
(3.15218 0.0112765 0)
(3.15474 0.0154806 0)
(3.15647 0.00881906 0)
(3.16155 -9.29106e-06 0)
(3.16592 0.00221344 0)
(3.16403 0.0107842 0)
(3.15688 0.0138923 0)
(3.14549 0.0118741 0)
(3.13498 0.00652957 0)
(3.13 0.00116885 0)
(3.13177 0.00168177 0)
(3.14181 0.00457274 0)
(3.16283 0.0157112 0)
(3.18553 0.0224653 0)
(3.1825 0.0147557 0)
(2.88532 -0.1826 0)
(2.66077 -0.508747 0)
(2.42795 -0.784159 0)
(2.3601 -0.824757 0)
(2.34914 -0.842757 0)
(2.33287 -0.834937 0)
(2.31255 -0.80281 0)
(2.2522 -0.691943 0)
(2.13469 -0.451557 0)
(2.0393 -0.194936 0)
(2.02255 -0.0880298 0)
(2.04948 -0.0084326 0)
(2.06555 0.0325901 0)
(2.09968 0.0725378 0)
(2.14763 0.119285 0)
(2.18626 0.136472 0)
(2.21914 0.143401 0)
(2.25515 0.161068 0)
(2.29247 0.177767 0)
(2.33508 0.186791 0)
(2.37944 0.19073 0)
(2.4222 0.199797 0)
(2.46062 0.214723 0)
(2.49864 0.21766 0)
(2.54094 0.211953 0)
(2.58056 0.211606 0)
(2.61609 0.213545 0)
(2.64768 0.213725 0)
(2.67641 0.21456 0)
(2.70216 0.220451 0)
(2.72455 0.225379 0)
(2.74816 0.218789 0)
(2.77642 0.209082 0)
(2.80772 0.210167 0)
(2.83352 0.223849 0)
(2.84884 0.233756 0)
(2.86533 0.224516 0)
(2.88599 0.206729 0)
(2.91145 0.195711 0)
(2.94399 0.195206 0)
(2.97244 0.201996 0)
(2.98648 0.208532 0)
(2.99011 0.203222 0)
(2.99342 0.188806 0)
(3.00848 0.182134 0)
(3.03306 0.184481 0)
(3.05906 0.183855 0)
(3.0831 0.175586 0)
(3.10455 0.164793 0)
(3.12531 0.16542 0)
(3.13832 0.175964 0)
(3.147 0.162181 0)
(3.15712 0.137681 0)
(3.17509 0.138589 0)
(3.19648 0.157983 0)
(3.21141 0.163199 0)
(3.22317 0.137164 0)
(3.22798 0.113497 0)
(3.24198 0.112621 0)
(3.26411 0.134425 0)
(3.28156 0.138713 0)
(3.29306 0.110336 0)
(3.29145 0.0969096 0)
(3.29535 0.0983668 0)
(3.30463 0.0959041 0)
(3.32542 0.0888485 0)
(3.33527 0.0834363 0)
(3.34145 0.0721908 0)
(3.33722 0.0479579 0)
(3.33514 0.0184924 0)
(3.33155 0.00751497 0)
(3.31438 -0.017668 0)
(3.2952 -0.0384268 0)
(3.27356 -0.0448214 0)
(3.249 -0.0681116 0)
(3.23185 -0.0939547 0)
(3.21918 -0.096324 0)
(3.20276 -0.0800522 0)
(3.18255 -0.0516124 0)
(3.16867 -0.0311829 0)
(3.16162 -0.0166164 0)
(3.15837 0.000213092 0)
(3.15924 0.008649 0)
(3.16011 0.00219482 0)
(3.16177 -0.00535631 0)
(3.16238 0.000122778 0)
(3.16253 0.0113205 0)
(3.1611 0.0164932 0)
(3.1564 0.014762 0)
(3.15086 0.0096599 0)
(3.14783 0.00538465 0)
(3.14915 0.00763172 0)
(3.15851 0.0159861 0)
(3.17777 0.0314519 0)
(3.18945 0.0322412 0)
(3.18006 0.0253053 0)
(2.52783 -0.656156 0)
(2.41253 -0.79281 0)
(2.37732 -0.807353 0)
(2.34376 -0.823506 0)
(2.32181 -0.837578 0)
(2.31175 -0.839609 0)
(2.3256 -0.843131 0)
(2.33014 -0.834152 0)
(2.32588 -0.784615 0)
(2.27537 -0.61873 0)
(2.16466 -0.313516 0)
(2.10041 -0.0513073 0)
(2.11011 0.103535 0)
(2.13804 0.184484 0)
(2.15961 0.210975 0)
(2.19849 0.210822 0)
(2.23523 0.206548 0)
(2.26862 0.209316 0)
(2.31335 0.238862 0)
(2.35583 0.27683 0)
(2.39374 0.298737 0)
(2.43069 0.314152 0)
(2.46569 0.323554 0)
(2.50372 0.319283 0)
(2.5438 0.313114 0)
(2.58312 0.315028 0)
(2.61933 0.317871 0)
(2.6517 0.314937 0)
(2.68305 0.312998 0)
(2.7154 0.321779 0)
(2.74287 0.334467 0)
(2.76396 0.32815 0)
(2.78226 0.303883 0)
(2.80029 0.295193 0)
(2.82166 0.31451 0)
(2.84214 0.328409 0)
(2.86624 0.317969 0)
(2.89823 0.301227 0)
(2.93505 0.297435 0)
(2.96288 0.293826 0)
(2.97611 0.297723 0)
(2.97912 0.302325 0)
(2.98648 0.290701 0)
(2.99754 0.272202 0)
(3.02159 0.263722 0)
(3.04949 0.266829 0)
(3.06438 0.270082 0)
(3.08082 0.26251 0)
(3.10303 0.246102 0)
(3.1249 0.243487 0)
(3.13204 0.254723 0)
(3.13384 0.239913 0)
(3.14541 0.206569 0)
(3.16416 0.199951 0)
(3.18873 0.216697 0)
(3.2053 0.227909 0)
(3.2225 0.199558 0)
(3.22751 0.165491 0)
(3.2372 0.156546 0)
(3.25858 0.171739 0)
(3.27287 0.18206 0)
(3.28894 0.157505 0)
(3.29066 0.131193 0)
(3.28468 0.118839 0)
(3.29833 0.104596 0)
(3.30583 0.100242 0)
(3.31709 0.0906634 0)
(3.3168 0.0649941 0)
(3.3088 0.031469 0)
(3.3125 0.0114297 0)
(3.30756 -0.00951626 0)
(3.29107 -0.0382464 0)
(3.27459 -0.0464453 0)
(3.25454 -0.057154 0)
(3.23698 -0.0808137 0)
(3.22939 -0.0932436 0)
(3.22327 -0.0933668 0)
(3.21341 -0.0873728 0)
(3.19971 -0.0719353 0)
(3.18602 -0.0543595 0)
(3.17609 -0.0400784 0)
(3.16825 -0.0217481 0)
(3.1638 -0.00448689 0)
(3.1609 -0.00182647 0)
(3.15844 -0.00633277 0)
(3.15771 -0.00472551 0)
(3.15908 0.00639338 0)
(3.16075 0.0157083 0)
(3.16015 0.0183543 0)
(3.1582 0.0173533 0)
(3.15772 0.0165951 0)
(3.16222 0.0223272 0)
(3.17596 0.034491 0)
(3.18676 0.0430564 0)
(3.18476 0.0404148 0)
(3.17722 0.0327238 0)
(2.39393 -0.783 0)
(2.34945 -0.817983 0)
(2.34459 -0.828589 0)
(2.33678 -0.840527 0)
(2.3218 -0.850518 0)
(2.31441 -0.849165 0)
(2.32543 -0.842602 0)
(2.34245 -0.828132 0)
(2.36753 -0.809606 0)
(2.40882 -0.790513 0)
(2.40203 -0.678153 0)
(2.36231 -0.472714 0)
(2.30634 -0.213792 0)
(2.27292 0.0255493 0)
(2.26169 0.166638 0)
(2.27091 0.232208 0)
(2.29097 0.256808 0)
(2.32513 0.281668 0)
(2.3591 0.330059 0)
(2.37892 0.364695 0)
(2.40406 0.375999 0)
(2.4352 0.391608 0)
(2.46574 0.404064 0)
(2.49597 0.400868 0)
(2.52538 0.392198 0)
(2.55776 0.393794 0)
(2.59646 0.400743 0)
(2.64021 0.403744 0)
(2.68065 0.406278 0)
(2.7125 0.414597 0)
(2.73263 0.421185 0)
(2.74406 0.406016 0)
(2.75961 0.38788 0)
(2.79298 0.388787 0)
(2.82635 0.392705 0)
(2.86324 0.399357 0)
(2.89306 0.395582 0)
(2.91155 0.380423 0)
(2.91181 0.37294 0)
(2.92994 0.383027 0)
(2.96686 0.382679 0)
(2.99625 0.370848 0)
(3.01694 0.343154 0)
(3.0265 0.318152 0)
(3.01432 0.324578 0)
(3.02902 0.337105 0)
(3.06506 0.338332 0)
(3.09436 0.321257 0)
(3.12324 0.295206 0)
(3.15315 0.286049 0)
(3.15859 0.305132 0)
(3.15401 0.288912 0)
(3.16884 0.239356 0)
(3.18067 0.222261 0)
(3.20145 0.234318 0)
(3.2186 0.251085 0)
(3.24099 0.227072 0)
(3.24542 0.182789 0)
(3.24633 0.168864 0)
(3.25641 0.182906 0)
(3.26962 0.180732 0)
(3.27864 0.15152 0)
(3.28023 0.1328 0)
(3.27944 0.108692 0)
(3.27973 0.0945917 0)
(3.28744 0.085713 0)
(3.29439 0.0718803 0)
(3.30052 0.0536024 0)
(3.29964 0.0286477 0)
(3.30047 0.0161356 0)
(3.29045 0.00208377 0)
(3.27418 -0.0187997 0)
(3.25952 -0.0333311 0)
(3.24629 -0.0439817 0)
(3.2313 -0.0595222 0)
(3.22143 -0.0717007 0)
(3.21505 -0.0782058 0)
(3.20999 -0.0774115 0)
(3.20495 -0.0755446 0)
(3.19798 -0.0729488 0)
(3.18942 -0.0650002 0)
(3.17838 -0.0473865 0)
(3.16816 -0.030199 0)
(3.16243 -0.0227505 0)
(3.15882 -0.0190689 0)
(3.15511 -0.0136636 0)
(3.15435 -0.0042114 0)
(3.15684 0.00868013 0)
(3.15807 0.0184577 0)
(3.15776 0.0240989 0)
(3.15948 0.0274675 0)
(3.16978 0.0340083 0)
(3.18367 0.0413124 0)
(3.18206 0.0436059 0)
(3.17868 0.0423848 0)
(3.17527 0.0337089 0)
(2.33388 -0.82761 0)
(2.32758 -0.823504 0)
(2.32749 -0.820527 0)
(2.33053 -0.833204 0)
(2.32933 -0.84449 0)
(2.33247 -0.843198 0)
(2.34263 -0.833112 0)
(2.36057 -0.814595 0)
(2.40139 -0.785273 0)
(2.44352 -0.764856 0)
(2.49582 -0.717523 0)
(2.5333 -0.662632 0)
(2.52128 -0.539927 0)
(2.49332 -0.31069 0)
(2.4336 -0.0300418 0)
(2.3741 0.214865 0)
(2.36735 0.34587 0)
(2.37658 0.441278 0)
(2.37299 0.482311 0)
(2.3949 0.496406 0)
(2.43012 0.476861 0)
(2.45852 0.467282 0)
(2.48455 0.475965 0)
(2.51019 0.486136 0)
(2.54151 0.49612 0)
(2.57748 0.506905 0)
(2.61344 0.514811 0)
(2.64403 0.507124 0)
(2.66622 0.486071 0)
(2.68364 0.47746 0)
(2.70098 0.486484 0)
(2.72335 0.48482 0)
(2.7494 0.46986 0)
(2.7769 0.462481 0)
(2.81022 0.467814 0)
(2.83777 0.471982 0)
(2.8576 0.461937 0)
(2.87273 0.447307 0)
(2.89298 0.438794 0)
(2.92012 0.442801 0)
(2.94833 0.44234 0)
(2.97227 0.42563 0)
(2.98518 0.39807 0)
(2.99135 0.378981 0)
(3.00239 0.387572 0)
(3.0109 0.400197 0)
(3.04476 0.397259 0)
(3.07743 0.378202 0)
(3.09866 0.352552 0)
(3.12039 0.35 0)
(3.13468 0.363239 0)
(3.13964 0.346928 0)
(3.14581 0.305122 0)
(3.15229 0.292574 0)
(3.16828 0.301541 0)
(3.19279 0.309744 0)
(3.22342 0.287781 0)
(3.22975 0.238865 0)
(3.2216 0.223381 0)
(3.21952 0.222655 0)
(3.23978 0.201733 0)
(3.25164 0.179452 0)
(3.26283 0.154399 0)
(3.26352 0.118814 0)
(3.2636 0.115287 0)
(3.27116 0.103498 0)
(3.2831 0.0814022 0)
(3.28915 0.0672521 0)
(3.2847 0.0492373 0)
(3.28125 0.0418697 0)
(3.272 0.0251528 0)
(3.25653 -0.0119697 0)
(3.24561 -0.0374151 0)
(3.23734 -0.0538684 0)
(3.22613 -0.079166 0)
(3.21634 -0.10343 0)
(3.21251 -0.114307 0)
(3.21238 -0.116623 0)
(3.21154 -0.116085 0)
(3.20773 -0.114308 0)
(3.20086 -0.108046 0)
(3.19071 -0.0917512 0)
(3.18024 -0.0667454 0)
(3.17322 -0.0492129 0)
(3.16408 -0.0360427 0)
(3.15499 -0.0246543 0)
(3.15024 -0.0145605 0)
(3.15042 0.000228241 0)
(3.15202 0.0165868 0)
(3.15329 0.0284167 0)
(3.15742 0.0360488 0)
(3.17048 0.0409249 0)
(3.18096 0.0408297 0)
(3.17707 0.038205 0)
(3.17542 0.0337862 0)
(3.16996 0.0245988 0)
(2.32406 -0.853121 0)
(2.32282 -0.846062 0)
(2.31897 -0.841201 0)
(2.32046 -0.839894 0)
(2.32955 -0.838705 0)
(2.3412 -0.83137 0)
(2.3596 -0.818844 0)
(2.40013 -0.78904 0)
(2.44163 -0.75595 0)
(2.47333 -0.738232 0)
(2.55818 -0.65339 0)
(2.6067 -0.58424 0)
(2.62054 -0.577913 0)
(2.67817 -0.500029 0)
(2.67818 -0.399954 0)
(2.60639 -0.134476 0)
(2.57345 0.105335 0)
(2.47667 0.355711 0)
(2.45395 0.50093 0)
(2.45144 0.535397 0)
(2.46624 0.544277 0)
(2.4923 0.553317 0)
(2.5228 0.574378 0)
(2.54727 0.588848 0)
(2.56735 0.586392 0)
(2.59348 0.593892 0)
(2.62299 0.617463 0)
(2.65016 0.624095 0)
(2.6783 0.605875 0)
(2.70416 0.588902 0)
(2.72802 0.586595 0)
(2.75104 0.578241 0)
(2.7701 0.554655 0)
(2.78315 0.543516 0)
(2.79842 0.559115 0)
(2.82565 0.559262 0)
(2.86489 0.54076 0)
(2.88999 0.5132 0)
(2.9142 0.495398 0)
(2.93217 0.501506 0)
(2.92754 0.512284 0)
(2.93837 0.492424 0)
(2.9636 0.457581 0)
(2.98757 0.424667 0)
(3.01416 0.417314 0)
(3.0307 0.436034 0)
(3.04821 0.437152 0)
(3.07765 0.414519 0)
(3.08897 0.388838 0)
(3.10318 0.387734 0)
(3.12093 0.392102 0)
(3.13028 0.371992 0)
(3.13622 0.343015 0)
(3.14357 0.322961 0)
(3.14952 0.313942 0)
(3.17316 0.309142 0)
(3.20029 0.299973 0)
(3.21573 0.252427 0)
(3.20643 0.206744 0)
(3.19285 0.193796 0)
(3.20687 0.173589 0)
(3.23225 0.16683 0)
(3.24755 0.142849 0)
(3.25128 0.131759 0)
(3.25434 0.125188 0)
(3.26539 0.0952295 0)
(3.26851 0.0652388 0)
(3.26755 0.0420927 0)
(3.25725 0.0130976 0)
(3.24485 -0.0229609 0)
(3.23093 -0.0839331 0)
(3.22403 -0.142926 0)
(3.21606 -0.186547 0)
(3.20946 -0.21359 0)
(3.21109 -0.245068 0)
(3.21671 -0.273039 0)
(3.21962 -0.27695 0)
(3.22663 -0.277118 0)
(3.23342 -0.271873 0)
(3.23098 -0.260557 0)
(3.22864 -0.244894 0)
(3.22103 -0.223944 0)
(3.20483 -0.190352 0)
(3.19672 -0.158187 0)
(3.17927 -0.126839 0)
(3.16582 -0.0861825 0)
(3.15713 -0.0481427 0)
(3.15429 -0.0214707 0)
(3.14978 0.00334604 0)
(3.14791 0.022166 0)
(3.15249 0.0318809 0)
(3.16591 0.0367193 0)
(3.17746 0.0356024 0)
(3.17441 0.0326946 0)
(3.1708 0.0303832 0)
(3.16288 0.0247905 0)
(2.33066 -0.839062 0)
(2.32978 -0.841058 0)
(2.32658 -0.839267 0)
(2.33115 -0.838474 0)
(2.33859 -0.834976 0)
(2.35561 -0.822792 0)
(2.39087 -0.799806 0)
(2.43559 -0.766233 0)
(2.49672 -0.705629 0)
(2.53464 -0.675941 0)
(2.60859 -0.589148 0)
(2.64781 -0.530555 0)
(2.65799 -0.519517 0)
(2.74733 -0.437323 0)
(2.78344 -0.391766 0)
(2.8044 -0.274736 0)
(2.78606 -0.154311 0)
(2.69793 0.0723712 0)
(2.62816 0.331948 0)
(2.53621 0.558795 0)
(2.50663 0.658708 0)
(2.50274 0.707724 0)
(2.51456 0.722711 0)
(2.53762 0.720499 0)
(2.57536 0.695737 0)
(2.60972 0.683311 0)
(2.63512 0.694304 0)
(2.65436 0.687046 0)
(2.67314 0.656717 0)
(2.69167 0.644952 0)
(2.70666 0.655345 0)
(2.72418 0.650075 0)
(2.75951 0.624727 0)
(2.78844 0.607754 0)
(2.81287 0.617078 0)
(2.82577 0.624734 0)
(2.85215 0.593923 0)
(2.86802 0.556526 0)
(2.88302 0.54491 0)
(2.89941 0.560728 0)
(2.91047 0.566642 0)
(2.93971 0.532604 0)
(2.96299 0.492211 0)
(2.97516 0.463687 0)
(2.99241 0.468311 0)
(3.01079 0.485255 0)
(3.03595 0.480138 0)
(3.06635 0.451901 0)
(3.07536 0.414394 0)
(3.0831 0.408438 0)
(3.10035 0.398597 0)
(3.11796 0.366174 0)
(3.12351 0.351358 0)
(3.13315 0.332772 0)
(3.14053 0.31389 0)
(3.15927 0.306679 0)
(3.18507 0.29588 0)
(3.20143 0.255235 0)
(3.19282 0.221531 0)
(3.17319 0.213459 0)
(3.18748 0.190729 0)
(3.21271 0.165554 0)
(3.22541 0.134344 0)
(3.23863 0.115543 0)
(3.2318 0.0733112 0)
(3.23083 0.00961771 0)
(3.23121 -0.0511101 0)
(3.2134 -0.123869 0)
(3.19608 -0.186465 0)
(3.18045 -0.252056 0)
(3.18691 -0.309536 0)
(3.18985 -0.359241 0)
(3.19706 -0.36631 0)
(3.20141 -0.371023 0)
(3.21652 -0.399729 0)
(3.22395 -0.405508 0)
(3.23674 -0.407493 0)
(3.24901 -0.411057 0)
(3.25845 -0.411343 0)
(3.2561 -0.403104 0)
(3.25577 -0.392231 0)
(3.25401 -0.371682 0)
(3.24471 -0.343943 0)
(3.23348 -0.321176 0)
(3.22221 -0.289849 0)
(3.21108 -0.249441 0)
(3.19555 -0.19783 0)
(3.17812 -0.135128 0)
(3.16126 -0.0765547 0)
(3.15484 -0.0292568 0)
(3.15764 0.000773776 0)
(3.16736 0.0197287 0)
(3.17522 0.0321543 0)
(3.17228 0.0347072 0)
(3.16877 0.0343228 0)
(3.16042 0.030323 0)
(2.33823 -0.836508 0)
(2.33318 -0.841524 0)
(2.33422 -0.84387 0)
(2.34232 -0.842864 0)
(2.3552 -0.832442 0)
(2.3818 -0.81085 0)
(2.43012 -0.776187 0)
(2.50786 -0.69722 0)
(2.55418 -0.639592 0)
(2.57732 -0.630313 0)
(2.65537 -0.546384 0)
(2.72721 -0.426198 0)
(2.76178 -0.378433 0)
(2.78817 -0.371197 0)
(2.80915 -0.365795 0)
(2.87479 -0.23836 0)
(2.87858 -0.18856 0)
(2.86893 -0.0966719 0)
(2.85133 0.0628918 0)
(2.7744 0.275569 0)
(2.70587 0.472859 0)
(2.54342 0.716119 0)
(2.51503 0.83176 0)
(2.53694 0.80843 0)
(2.57628 0.78242 0)
(2.61382 0.768971 0)
(2.64099 0.781562 0)
(2.65184 0.772571 0)
(2.65714 0.727785 0)
(2.66878 0.71704 0)
(2.68529 0.728606 0)
(2.71758 0.717544 0)
(2.75031 0.685897 0)
(2.76973 0.665257 0)
(2.78768 0.67446 0)
(2.80004 0.68102 0)
(2.83215 0.645841 0)
(2.85307 0.599583 0)
(2.86776 0.585656 0)
(2.88196 0.60083 0)
(2.90338 0.590322 0)
(2.93795 0.542396 0)
(2.94871 0.517122 0)
(2.95346 0.497415 0)
(2.97136 0.482329 0)
(2.99069 0.486553 0)
(3.0178 0.48537 0)
(3.05426 0.461216 0)
(3.06699 0.421171 0)
(3.06572 0.400631 0)
(3.07337 0.377575 0)
(3.1018 0.364631 0)
(3.10784 0.361706 0)
(3.12058 0.342446 0)
(3.13486 0.3153 0)
(3.14749 0.305807 0)
(3.17038 0.284306 0)
(3.17194 0.234293 0)
(3.16479 0.193202 0)
(3.15793 0.164932 0)
(3.15197 0.0981853 0)
(3.16347 0.0109106 0)
(3.18961 -0.0278262 0)
(3.1908 -0.101025 0)
(3.18011 -0.208085 0)
(3.19602 -0.256594 0)
(3.18143 -0.322704 0)
(3.17006 -0.378122 0)
(3.17801 -0.383417 0)
(3.16583 -0.423992 0)
(3.17959 -0.463916 0)
(3.18477 -0.454535 0)
(3.19894 -0.451191 0)
(3.20622 -0.450365 0)
(3.22043 -0.451956 0)
(3.23523 -0.454394 0)
(3.24873 -0.455678 0)
(3.26033 -0.455546 0)
(3.26755 -0.45705 0)
(3.2651 -0.45275 0)
(3.26331 -0.446776 0)
(3.26324 -0.437583 0)
(3.25909 -0.42141 0)
(3.25617 -0.402671 0)
(3.25819 -0.380536 0)
(3.25273 -0.354844 0)
(3.24108 -0.323664 0)
(3.22604 -0.277887 0)
(3.20153 -0.233604 0)
(3.19517 -0.177912 0)
(3.19618 -0.123362 0)
(3.19202 -0.0754223 0)
(3.18765 -0.0258049 0)
(3.17834 0.0159674 0)
(3.16697 0.035449 0)
(3.15413 0.0333445 0)
(2.34161 -0.842541 0)
(2.34306 -0.846888 0)
(2.3485 -0.84658 0)
(2.3558 -0.839989 0)
(2.38231 -0.816319 0)
(2.43812 -0.767169 0)
(2.49493 -0.720339 0)
(2.56145 -0.639065 0)
(2.61922 -0.556756 0)
(2.65975 -0.525082 0)
(2.73929 -0.4303 0)
(2.78356 -0.326057 0)
(2.80013 -0.317103 0)
(2.81843 -0.314257 0)
(2.89444 -0.222706 0)
(2.91533 -0.111412 0)
(2.9232 -0.0972866 0)
(2.9406 -0.131168 0)
(2.9522 -0.0571478 0)
(2.93049 0.0165665 0)
(2.89023 0.17182 0)
(2.73438 0.480373 0)
(2.63461 0.731707 0)
(2.64581 0.769721 0)
(2.59717 0.837406 0)
(2.58353 0.869473 0)
(2.57201 0.878358 0)
(2.6048 0.845245 0)
(2.63859 0.790911 0)
(2.6648 0.761498 0)
(2.68649 0.767622 0)
(2.71255 0.762297 0)
(2.74415 0.734559 0)
(2.75805 0.708578 0)
(2.7719 0.713735 0)
(2.78777 0.707902 0)
(2.82596 0.659563 0)
(2.84254 0.606093 0)
(2.85297 0.596981 0)
(2.86323 0.605448 0)
(2.89445 0.583143 0)
(2.92275 0.537259 0)
(2.93025 0.515706 0)
(2.93504 0.506951 0)
(2.95564 0.497847 0)
(2.98217 0.492463 0)
(3.00854 0.480927 0)
(3.04195 0.448654 0)
(3.05267 0.424454 0)
(3.04203 0.409748 0)
(3.05926 0.380643 0)
(3.07388 0.372766 0)
(3.08512 0.35385 0)
(3.09906 0.313698 0)
(3.11654 0.258496 0)
(3.11505 0.17285 0)
(3.11915 0.0924272 0)
(3.12106 0.0181399 0)
(3.121 -0.0285634 0)
(3.12069 -0.0843344 0)
(3.11707 -0.173996 0)
(3.15882 -0.198576 0)
(3.16846 -0.247535 0)
(3.17357 -0.303358 0)
(3.1972 -0.317252 0)
(3.19791 -0.354619 0)
(3.19332 -0.374849 0)
(3.19063 -0.379542 0)
(3.19306 -0.38217 0)
(3.19644 -0.39034 0)
(3.20175 -0.394991 0)
(3.20903 -0.389556 0)
(3.21423 -0.379718 0)
(3.22228 -0.375849 0)
(3.23509 -0.376338 0)
(3.24927 -0.379284 0)
(3.26048 -0.382266 0)
(3.26902 -0.381737 0)
(3.2737 -0.38147 0)
(3.27532 -0.378815 0)
(3.27604 -0.374616 0)
(3.27702 -0.373818 0)
(3.27894 -0.371298 0)
(3.27806 -0.361742 0)
(3.27909 -0.354075 0)
(3.27827 -0.332299 0)
(3.26586 -0.309457 0)
(3.25559 -0.289524 0)
(3.25185 -0.271153 0)
(3.24966 -0.244177 0)
(3.24075 -0.211363 0)
(3.23139 -0.184677 0)
(3.22362 -0.150569 0)
(3.21785 -0.101416 0)
(3.19709 -0.0405406 0)
(3.16584 0.0176226 0)
(2.34857 -0.848623 0)
(2.35301 -0.845519 0)
(2.35778 -0.839814 0)
(2.38523 -0.815765 0)
(2.44149 -0.759249 0)
(2.49123 -0.712493 0)
(2.5591 -0.653439 0)
(2.65545 -0.514822 0)
(2.69678 -0.433652 0)
(2.71445 -0.440158 0)
(2.77223 -0.370768 0)
(2.83825 -0.218525 0)
(2.8665 -0.162099 0)
(2.87964 -0.184468 0)
(2.92149 -0.128441 0)
(2.94264 -0.0184847 0)
(2.95058 0.00890723 0)
(2.97289 0.00853005 0)
(2.97682 0.0391189 0)
(2.97121 0.0573467 0)
(2.96529 0.097252 0)
(2.94374 0.176205 0)
(2.85719 0.390813 0)
(2.80254 0.566898 0)
(2.70997 0.729837 0)
(2.59046 0.875331 0)
(2.57031 0.875551 0)
(2.59332 0.841832 0)
(2.62999 0.800663 0)
(2.6592 0.780322 0)
(2.67789 0.779415 0)
(2.69853 0.767963 0)
(2.73384 0.732459 0)
(2.74871 0.706087 0)
(2.76052 0.707781 0)
(2.7814 0.685929 0)
(2.82025 0.63392 0)
(2.82974 0.598806 0)
(2.83935 0.599293 0)
(2.8515 0.603317 0)
(2.88595 0.579488 0)
(2.90778 0.538978 0)
(2.91596 0.524436 0)
(2.92344 0.526192 0)
(2.95256 0.513851 0)
(2.97639 0.507896 0)
(2.99997 0.485404 0)
(3.01899 0.455701 0)
(3.02577 0.411271 0)
(3.01149 0.338971 0)
(3.02337 0.277697 0)
(3.03102 0.208341 0)
(3.04129 0.133153 0)
(3.06221 0.0541428 0)
(3.05919 -0.049163 0)
(3.07517 -0.129657 0)
(3.07628 -0.214994 0)
(3.08579 -0.267665 0)
(3.0966 -0.266531 0)
(3.11048 -0.295808 0)
(3.12395 -0.321946 0)
(3.1413 -0.342758 0)
(3.15576 -0.367345 0)
(3.1714 -0.383858 0)
(3.17651 -0.394846 0)
(3.18041 -0.399289 0)
(3.18279 -0.410384 0)
(3.18164 -0.406584 0)
(3.18173 -0.394315 0)
(3.18771 -0.389639 0)
(3.19857 -0.381604 0)
(3.20594 -0.37053 0)
(3.21249 -0.356397 0)
(3.21921 -0.350237 0)
(3.22949 -0.348922 0)
(3.24126 -0.349859 0)
(3.24779 -0.348189 0)
(3.25355 -0.344985 0)
(3.25755 -0.343168 0)
(3.26123 -0.341315 0)
(3.26706 -0.34041 0)
(3.27389 -0.344254 0)
(3.27677 -0.345307 0)
(3.27645 -0.346321 0)
(3.27432 -0.342726 0)
(3.26715 -0.327377 0)
(3.26436 -0.312686 0)
(3.26087 -0.30455 0)
(3.25315 -0.294241 0)
(3.24774 -0.274005 0)
(3.25091 -0.248885 0)
(3.25098 -0.227499 0)
(3.24859 -0.214818 0)
(3.2456 -0.20053 0)
(3.24044 -0.175473 0)
(3.25156 -0.0979726 0)
(2.35424 -0.845444 0)
(2.35851 -0.84068 0)
(2.38313 -0.819208 0)
(2.43109 -0.774817 0)
(2.50668 -0.687654 0)
(2.57758 -0.609451 0)
(2.63643 -0.555569 0)
(2.70854 -0.422304 0)
(2.75286 -0.321977 0)
(2.78853 -0.303687 0)
(2.84126 -0.222119 0)
(2.85731 -0.108458 0)
(2.87208 -0.101854 0)
(2.87928 -0.125949 0)
(2.91763 -0.0608229 0)
(2.92244 0.0031302 0)
(2.93204 0.0106681 0)
(2.95012 0.0141111 0)
(2.95935 0.0282179 0)
(2.96182 0.0325108 0)
(2.96544 0.0423741 0)
(2.9702 0.0559458 0)
(2.96612 0.0849476 0)
(2.93447 0.185744 0)
(2.83892 0.398744 0)
(2.68051 0.676407 0)
(2.61638 0.775024 0)
(2.62741 0.740514 0)
(2.63779 0.780296 0)
(2.63637 0.801907 0)
(2.63822 0.807294 0)
(2.66347 0.790688 0)
(2.69726 0.756293 0)
(2.72979 0.708845 0)
(2.75038 0.687677 0)
(2.76196 0.680718 0)
(2.79102 0.649317 0)
(2.81157 0.616388 0)
(2.82824 0.612457 0)
(2.8415 0.61658 0)
(2.87172 0.594651 0)
(2.88857 0.559824 0)
(2.89576 0.555175 0)
(2.91789 0.5406 0)
(2.93372 0.507697 0)
(2.95876 0.470806 0)
(2.9662 0.37417 0)
(2.96871 0.25389 0)
(2.97778 0.148977 0)
(2.97948 0.0463901 0)
(2.98994 -0.0130908 0)
(2.99636 -0.0700314 0)
(3.01378 -0.113699 0)
(3.04617 -0.142777 0)
(3.0542 -0.170863 0)
(3.06228 -0.21987 0)
(3.07276 -0.242194 0)
(3.08439 -0.237513 0)
(3.09435 -0.226489 0)
(3.11278 -0.227507 0)
(3.13536 -0.238495 0)
(3.15439 -0.257991 0)
(3.16157 -0.268643 0)
(3.1667 -0.269382 0)
(3.17176 -0.272972 0)
(3.17795 -0.27661 0)
(3.18236 -0.283725 0)
(3.18302 -0.290241 0)
(3.18345 -0.290382 0)
(3.1937 -0.281565 0)
(3.2047 -0.275309 0)
(3.21469 -0.267571 0)
(3.22092 -0.261992 0)
(3.22632 -0.263253 0)
(3.23303 -0.268226 0)
(3.23905 -0.272259 0)
(3.24136 -0.268986 0)
(3.24117 -0.261463 0)
(3.24298 -0.254961 0)
(3.24624 -0.251944 0)
(3.25305 -0.253802 0)
(3.26667 -0.256103 0)
(3.2711 -0.258569 0)
(3.27483 -0.259526 0)
(3.2725 -0.253743 0)
(3.26814 -0.243624 0)
(3.26489 -0.235455 0)
(3.25765 -0.225723 0)
(3.24726 -0.21098 0)
(3.24692 -0.196073 0)
(3.25663 -0.192325 0)
(3.25927 -0.193521 0)
(3.25667 -0.192916 0)
(3.25528 -0.186764 0)
(3.25721 -0.181933 0)
(3.29005 -0.162734 0)
(2.35551 -0.844634 0)
(2.37721 -0.825031 0)
(2.42532 -0.78156 0)
(2.50584 -0.697759 0)
(2.59914 -0.564728 0)
(2.6509 -0.515641 0)
(2.71634 -0.434608 0)
(2.79734 -0.225757 0)
(2.81555 -0.148317 0)
(2.82143 -0.163803 0)
(2.87743 -0.0659091 0)
(2.88529 0.0622891 0)
(2.89686 0.0833464 0)
(2.91576 0.0630023 0)
(2.92071 0.0717199 0)
(2.92404 0.0869248 0)
(2.9406 0.0850854 0)
(2.96459 0.06476 0)
(2.95763 0.0489318 0)
(2.95452 0.0477735 0)
(2.9555 0.0443193 0)
(2.96183 0.0421071 0)
(2.96665 0.0301097 0)
(2.97359 0.0224465 0)
(2.94836 0.0732233 0)
(2.88549 0.212603 0)
(2.73687 0.489601 0)
(2.67888 0.593724 0)
(2.63902 0.706452 0)
(2.61915 0.787743 0)
(2.63156 0.790941 0)
(2.644 0.779158 0)
(2.66384 0.751769 0)
(2.68045 0.738865 0)
(2.70851 0.721345 0)
(2.73277 0.699057 0)
(2.76831 0.65362 0)
(2.78745 0.639826 0)
(2.798 0.651391 0)
(2.82627 0.635443 0)
(2.84215 0.583475 0)
(2.85955 0.51388 0)
(2.87112 0.442248 0)
(2.88365 0.340475 0)
(2.8935 0.22127 0)
(2.90374 0.109822 0)
(2.93088 0.0199224 0)
(2.90391 -0.109443 0)
(2.91644 -0.172526 0)
(2.93507 -0.182924 0)
(2.94656 -0.211852 0)
(2.94815 -0.23621 0)
(2.95241 -0.26146 0)
(2.96982 -0.252544 0)
(2.98956 -0.247973 0)
(3.0103 -0.261121 0)
(3.02601 -0.267895 0)
(3.04682 -0.250722 0)
(3.0649 -0.228046 0)
(3.08836 -0.220832 0)
(3.10942 -0.225784 0)
(3.12517 -0.228687 0)
(3.13744 -0.220243 0)
(3.14991 -0.207189 0)
(3.1583 -0.200582 0)
(3.16107 -0.196956 0)
(3.15743 -0.201393 0)
(3.14888 -0.216526 0)
(3.14887 -0.218413 0)
(3.15764 -0.203757 0)
(3.16644 -0.191046 0)
(3.1745 -0.181902 0)
(3.18052 -0.180126 0)
(3.18563 -0.189605 0)
(3.18968 -0.204414 0)
(3.19301 -0.214071 0)
(3.19521 -0.213092 0)
(3.19929 -0.199511 0)
(3.20675 -0.180065 0)
(3.21134 -0.169763 0)
(3.21833 -0.167413 0)
(3.22854 -0.175106 0)
(3.23032 -0.183814 0)
(3.22802 -0.18467 0)
(3.22662 -0.183122 0)
(3.225 -0.178967 0)
(3.22352 -0.17177 0)
(3.22243 -0.157216 0)
(3.22629 -0.135867 0)
(3.23615 -0.121118 0)
(3.24124 -0.125928 0)
(3.23981 -0.140873 0)
(3.23635 -0.16283 0)
(3.23915 -0.183388 0)
(3.24789 -0.206278 0)
(3.26017 -0.211836 0)
(2.36461 -0.837146 0)
(2.43508 -0.776138 0)
(2.51834 -0.692975 0)
(2.58606 -0.591997 0)
(2.69262 -0.416197 0)
(2.75695 -0.346317 0)
(2.78736 -0.2659 0)
(2.80392 -0.118114 0)
(2.8201 -0.110332 0)
(2.83406 -0.101917 0)
(2.87866 -0.0328623 0)
(2.88817 0.0564163 0)
(2.89754 0.0731847 0)
(2.92069 0.0577268 0)
(2.92027 0.0545598 0)
(2.92316 0.0630179 0)
(2.94247 0.0623116 0)
(2.95229 0.0522144 0)
(2.95707 0.037942 0)
(2.95904 0.0335253 0)
(2.96328 0.0273632 0)
(2.96739 0.021336 0)
(2.97342 0.010952 0)
(2.97824 -0.000976841 0)
(2.98232 -0.00410052 0)
(2.97856 0.0109424 0)
(2.94084 0.0915992 0)
(2.87969 0.227121 0)
(2.71281 0.509088 0)
(2.62281 0.748487 0)
(2.64961 0.729987 0)
(2.66645 0.721489 0)
(2.66853 0.724271 0)
(2.6671 0.74568 0)
(2.67958 0.751937 0)
(2.70108 0.737382 0)
(2.71828 0.682126 0)
(2.74668 0.629973 0)
(2.77053 0.578947 0)
(2.78288 0.486594 0)
(2.79929 0.37387 0)
(2.81051 0.256464 0)
(2.82988 0.159464 0)
(2.84487 0.0864816 0)
(2.84518 0.0109798 0)
(2.82874 -0.0474299 0)
(2.83811 -0.096352 0)
(2.84099 -0.122926 0)
(2.85166 -0.14536 0)
(2.87497 -0.143358 0)
(2.89629 -0.135667 0)
(2.91767 -0.140998 0)
(2.93479 -0.155138 0)
(2.94765 -0.161213 0)
(2.96366 -0.158177 0)
(2.98952 -0.162103 0)
(3.01502 -0.165699 0)
(3.03747 -0.158019 0)
(3.05661 -0.146404 0)
(3.07053 -0.150898 0)
(3.08056 -0.162304 0)
(3.09095 -0.164203 0)
(3.10284 -0.156351 0)
(3.10923 -0.15378 0)
(3.10833 -0.15608 0)
(3.1054 -0.156225 0)
(3.1033 -0.156623 0)
(3.10426 -0.156478 0)
(3.11071 -0.151422 0)
(3.11863 -0.142499 0)
(3.12465 -0.134753 0)
(3.12941 -0.129273 0)
(3.13626 -0.128933 0)
(3.14641 -0.13332 0)
(3.15701 -0.14067 0)
(3.16445 -0.148557 0)
(3.16751 -0.150024 0)
(3.16559 -0.145698 0)
(3.15906 -0.146434 0)
(3.15561 -0.147647 0)
(3.15946 -0.147303 0)
(3.16814 -0.148131 0)
(3.17231 -0.148187 0)
(3.17427 -0.146365 0)
(3.17695 -0.141324 0)
(3.18219 -0.133626 0)
(3.18805 -0.11962 0)
(3.19737 -0.103661 0)
(3.21021 -0.0933181 0)
(3.22106 -0.0908202 0)
(3.22104 -0.0973072 0)
(3.21544 -0.103798 0)
(3.20674 -0.11672 0)
(3.20585 -0.123664 0)
(3.20975 -0.140362 0)
(3.23367 -0.153173 0)
(2.45243 -0.787827 0)
(2.58392 -0.666218 0)
(2.70139 -0.503411 0)
(2.81773 -0.267357 0)
(2.86842 -0.129476 0)
(2.89927 -0.0509775 0)
(2.93238 0.102557 0)
(2.92281 0.195515 0)
(2.9594 0.176449 0)
(2.97711 0.115746 0)
(2.98082 0.121287 0)
(2.97062 0.1307 0)
(2.97418 0.117295 0)
(2.97216 0.0658232 0)
(2.96979 0.0405898 0)
(2.95269 0.0354891 0)
(2.95376 0.0230455 0)
(2.96453 0.00253402 0)
(2.97512 -0.0105842 0)
(2.97934 -0.0162764 0)
(2.9809 -0.0150794 0)
(2.98515 -0.00967248 0)
(2.98764 -0.0100051 0)
(2.99177 -0.0107301 0)
(2.99669 -0.0141995 0)
(3.00309 -0.0153884 0)
(3.00469 -0.00913269 0)
(3.00017 0.017276 0)
(2.92529 0.153302 0)
(2.84616 0.354156 0)
(2.74016 0.621537 0)
(2.73511 0.65721 0)
(2.69098 0.696548 0)
(2.65887 0.705845 0)
(2.62231 0.644261 0)
(2.60904 0.5449 0)
(2.60913 0.419056 0)
(2.59891 0.261351 0)
(2.60995 0.131507 0)
(2.619 0.0142343 0)
(2.60279 -0.0980732 0)
(2.61716 -0.161861 0)
(2.63244 -0.186706 0)
(2.64233 -0.180121 0)
(2.65806 -0.16753 0)
(2.67401 -0.150643 0)
(2.703 -0.136424 0)
(2.73384 -0.133066 0)
(2.76732 -0.129994 0)
(2.80209 -0.122447 0)
(2.83604 -0.105871 0)
(2.86788 -0.0943452 0)
(2.89248 -0.0927169 0)
(2.91088 -0.0855664 0)
(2.93151 -0.0762287 0)
(2.95571 -0.0722111 0)
(2.98067 -0.0666475 0)
(3.00098 -0.0606878 0)
(3.01855 -0.0535218 0)
(3.03785 -0.0619307 0)
(3.05603 -0.0776345 0)
(3.07095 -0.0874547 0)
(3.08201 -0.0835189 0)
(3.0868 -0.0720602 0)
(3.08513 -0.0659041 0)
(3.08496 -0.0746409 0)
(3.0882 -0.0891279 0)
(3.09343 -0.0966204 0)
(3.10073 -0.0928552 0)
(3.10836 -0.0846994 0)
(3.11584 -0.07684 0)
(3.12209 -0.0730689 0)
(3.12993 -0.0743225 0)
(3.14209 -0.0796047 0)
(3.15428 -0.0858304 0)
(3.16168 -0.0902315 0)
(3.16344 -0.0915852 0)
(3.16034 -0.0893836 0)
(3.15127 -0.0824251 0)
(3.13904 -0.0742239 0)
(3.14566 -0.0749796 0)
(3.1513 -0.0758834 0)
(3.15533 -0.077535 0)
(3.16073 -0.0795815 0)
(3.1654 -0.0813537 0)
(3.17094 -0.0793143 0)
(3.18036 -0.0713076 0)
(3.19498 -0.0583319 0)
(3.2103 -0.0460704 0)
(3.22119 -0.03879 0)
(3.22547 -0.0343104 0)
(3.22567 -0.0301653 0)
(3.21736 -0.0309682 0)
(3.20618 -0.0345506 0)
(3.19659 -0.0437296 0)
(3.18761 -0.0868895 0)
(2.43397 -0.819569 0)
(2.51789 -0.836229 0)
(2.6519 -0.714008 0)
(2.7862 -0.594223 0)
(2.86189 -0.564424 0)
(2.92008 -0.337963 0)
(2.94149 -0.229645 0)
(2.96219 -0.129361 0)
(2.99262 -0.0194806 0)
(3.00713 0.0236753 0)
(2.99194 0.0663371 0)
(2.98488 0.0780512 0)
(2.99782 0.0646376 0)
(2.99496 0.0505525 0)
(2.98658 0.038328 0)
(2.96771 0.0364099 0)
(2.96778 0.0340816 0)
(2.9851 0.0261475 0)
(2.99955 0.0155794 0)
(3.00135 0.0124269 0)
(3.00268 0.0101519 0)
(3.00348 0.00738562 0)
(3.00097 0.00162449 0)
(3.00397 -0.00370437 0)
(3.00883 -0.00545718 0)
(3.01396 -0.00644134 0)
(3.02016 -0.00740985 0)
(3.02491 -0.0052417 0)
(3.01865 0.00376202 0)
(2.98859 0.0480895 0)
(2.91647 0.149039 0)
(2.8162 0.260057 0)
(2.67672 0.346636 0)
(2.59475 0.420261 0)
(2.5752 0.44904 0)
(2.55821 0.400185 0)
(2.54053 0.353965 0)
(2.51346 0.290028 0)
(2.52062 0.248505 0)
(2.53493 0.18796 0)
(2.53727 0.13605 0)
(2.57005 0.0696512 0)
(2.58347 0.018505 0)
(2.60328 -0.00900803 0)
(2.6407 -0.0303049 0)
(2.67875 -0.0456546 0)
(2.69871 -0.0571206 0)
(2.71779 -0.0580017 0)
(2.74275 -0.0607765 0)
(2.76699 -0.0560804 0)
(2.79268 -0.0513183 0)
(2.81888 -0.0521076 0)
(2.83937 -0.0532785 0)
(2.85739 -0.0526665 0)
(2.8803 -0.0545602 0)
(2.90615 -0.0569423 0)
(2.92948 -0.0542036 0)
(2.94937 -0.0490173 0)
(2.96959 -0.0449791 0)
(2.99459 -0.050464 0)
(3.01877 -0.0607049 0)
(3.03049 -0.0634348 0)
(3.03401 -0.05616 0)
(3.03393 -0.048225 0)
(3.03549 -0.0470104 0)
(3.04434 -0.0547059 0)
(3.05379 -0.0633153 0)
(3.05951 -0.0647298 0)
(3.06504 -0.0597688 0)
(3.07205 -0.0535035 0)
(3.08149 -0.0486689 0)
(3.09182 -0.0478166 0)
(3.10377 -0.0502206 0)
(3.1174 -0.0542688 0)
(3.12897 -0.0588508 0)
(3.1349 -0.0612865 0)
(3.13478 -0.0615712 0)
(3.1286 -0.0611938 0)
(3.11484 -0.0604122 0)
(3.1017 -0.0601039 0)
(3.11064 -0.0594653 0)
(3.11931 -0.0594883 0)
(3.12626 -0.0597429 0)
(3.13293 -0.0597844 0)
(3.14103 -0.0594055 0)
(3.15088 -0.0562204 0)
(3.16342 -0.0474664 0)
(3.18423 -0.0364105 0)
(3.20496 -0.0294584 0)
(3.21521 -0.0292623 0)
(3.22333 -0.0314754 0)
(3.22571 -0.0372767 0)
(3.21126 -0.0535462 0)
(3.19807 -0.0601808 0)
(3.18473 -0.075253 0)
(3.14597 -0.078619 0)
)
;

boundaryField
{
    inlet
    {
        type            fixedValue;
        value           uniform (3 0 0);
    }
    outlet
    {
        type            inletOutlet;
        inletValue      uniform (3 0 0);
        value           nonuniform List<vector> 
32
(
(3.14597 0.078625 0)
(3.18762 0.0869116 0)
(3.2337 0.153194 0)
(3.26019 0.211784 0)
(3.29 0.162578 0)
(3.25132 0.0977598 0)
(3.16553 -0.0179276 0)
(3.15395 -0.033403 0)
(3.16037 -0.0300916 0)
(3.16286 -0.0244049 0)
(3.17004 -0.0240674 0)
(3.17549 -0.0336528 0)
(3.1774 -0.0326046 0)
(3.18031 -0.02655 0)
(3.18218 -0.0147787 0)
(3.18232 -0.00480642 0)
(3.18163 0.00548408 0)
(3.1825 0.0147557 0)
(3.18006 0.0253053 0)
(3.17722 0.0327238 0)
(3.17527 0.0337089 0)
(3.16996 0.0245988 0)
(3.16288 0.0247905 0)
(3.16042 0.030323 0)
(3.15413 0.0333445 0)
(3.16584 0.0176226 0)
(3.25156 -0.0979726 0)
(3.29005 -0.162734 0)
(3.26017 -0.211836 0)
(3.23367 -0.153173 0)
(3.18761 -0.0868895 0)
(3.14597 -0.078619 0)
)
;
    }
    bottom
    {
        type            symmetryPlane;
    }
    top
    {
        type            symmetryPlane;
    }
    obstacle
    {
        type            slip;
    }
    defaultFaces
    {
        type            empty;
    }
}


// ************************************************************************* //
