/*--------------------------------*- C++ -*----------------------------------*\
  =========                 |
  \\      /  F ield         | OpenFOAM: The Open Source CFD Toolbox
   \\    /   O peration     | Website:  https://openfoam.org
    \\  /    A nd           | Version:  7
     \\/     M anipulation  |
\*---------------------------------------------------------------------------*/
FoamFile
{
    version     2.0;
    format      ascii;
    class       volVectorField;
    location    "2.3";
    object      U;
}
// * * * * * * * * * * * * * * * * * * * * * * * * * * * * * * * * * * * * * //

dimensions      [0 1 -1 0 0 0 0];

internalField   nonuniform List<vector> 
4608
(
(3 -9.61871e-17 0)
(3 -9.08609e-17 0)
(3 3.80639e-16 0)
(3 6.21078e-16 0)
(3 1.03978e-15 0)
(3 1.015e-15 0)
(3 7.92336e-16 0)
(3 8.34692e-16 0)
(3 1.11913e-15 0)
(3 1.0407e-15 0)
(3 8.03761e-16 0)
(3 2.23888e-16 0)
(3 2.49586e-16 0)
(3 8.25894e-16 0)
(3 6.919e-16 0)
(3 6.83737e-16 0)
(3 2.37132e-16 0)
(3 -7.07858e-16 0)
(3 -1.41072e-15 0)
(3 -1.62754e-15 0)
(3 2.87027e-16 0)
(3 4.71165e-16 0)
(3 1.20109e-15 0)
(3 2.95301e-16 0)
(3 -1.39057e-16 0)
(3 -3.135e-16 0)
(3 5.41755e-16 0)
(3 1.55467e-15 0)
(3 1.76858e-15 0)
(3 1.00803e-15 0)
(3 2.87645e-16 0)
(3 8.55119e-16 0)
(3 1.07766e-15 0)
(3 1.209e-15 0)
(3 1.22072e-15 0)
(3 4.18247e-16 0)
(3 5.10085e-16 0)
(3 6.84943e-16 0)
(3 4.99164e-16 0)
(3 6.67488e-16 0)
(3 4.10873e-16 0)
(3 -3.05657e-16 0)
(3 -1.37383e-15 0)
(3 -1.415e-15 0)
(3 3.18225e-17 0)
(3 7.12091e-16 0)
(3 1.15392e-15 0)
(3 3.1681e-16 0)
(3 4.4597e-17 0)
(3 1.58542e-16 0)
(3 5.48907e-16 0)
(3 6.19439e-16 0)
(3 4.20595e-16 0)
(3 3.05143e-16 0)
(3 1.84215e-17 0)
(3 -1.76688e-16 0)
(3 3.59997e-17 0)
(3 9.45944e-17 0)
(3 -3.03397e-17 0)
(3 1.68317e-16 0)
(3 -2.15239e-16 0)
(3 -3.28243e-16 0)
(3 -1.17825e-17 0)
(3 5.39893e-16 0)
(3 7.21314e-16 0)
(3 6.44027e-17 0)
(3 -1.88167e-16 0)
(3 -1.09794e-15 0)
(3 -1.90962e-15 0)
(3 -1.67605e-15 0)
(3 1.45769e-16 0)
(3 1.47962e-15 0)
(3 1.38551e-16 0)
(3 1.56829e-17 0)
(3 -4.56262e-16 0)
(3 -3.98425e-16 0)
(3 1.18041e-16 0)
(3 6.68151e-16 0)
(3 2.50758e-16 0)
(3 -8.78022e-16 0)
(3 -7.3078e-16 0)
(3 -3.7701e-16 0)
(3 1.65144e-16 0)
(3 -1.3931e-16 0)
(3 -3.24579e-16 0)
(3 -1.61176e-16 0)
(3 -1.05974e-16 0)
(3 2.33974e-16 0)
(3 8.60593e-17 0)
(3 -1.84613e-16 0)
(3 -3.79583e-16 0)
(3 -8.91697e-16 0)
(3 -1.25234e-15 0)
(3 -1.07071e-15 0)
(3 -1.04589e-15 0)
(3 4.23178e-16 0)
(3 -5.32386e-17 0)
(3 -3.70401e-16 0)
(3 -6.61812e-16 0)
(3 -5.86522e-16 0)
(3 -4.77049e-16 0)
(3 -1.79009e-16 0)
(3 1.689e-16 0)
(3 1.60104e-16 0)
(3 -1.65562e-16 0)
(3 -2.14646e-16 0)
(3 -6.35663e-16 0)
(3 -1.32735e-15 0)
(3 -4.87142e-16 0)
(3 -1.5671e-16 0)
(3 -7.08996e-16 0)
(3 -9.34528e-16 0)
(3 -1.10426e-15 0)
(3 -2.67481e-16 0)
(3 -2.00569e-16 0)
(3 -3.28374e-16 0)
(3 -9.33265e-17 0)
(3 -2.36337e-16 0)
(3 4.21273e-16 0)
(3 1.09304e-15 0)
(3 -1.30234e-16 0)
(3 -8.85802e-17 0)
(3 1.87571e-16 0)
(3 4.14766e-16 0)
(3 3.35693e-16 0)
(3 3.99401e-16 0)
(3 5.6222e-16 0)
(3 4.74896e-16 0)
(3 2.14775e-16 0)
(3 -6.0479e-16 0)
(3 -1.19376e-15 0)
(3 -9.04721e-16 0)
(3 -3.44964e-16 0)
(3 -1.11262e-16 0)
(3 -7.64173e-17 0)
(3 -5.47379e-16 0)
(3 -4.70753e-16 0)
(3 5.28163e-16 0)
(3 3.5618e-16 0)
(3 -1.07669e-16 0)
(3 -1.98015e-16 0)
(3 -4.7979e-16 0)
(3 2.39996e-16 0)
(3 1.02691e-15 0)
(3 1.95851e-16 0)
(3 2.2542e-16 0)
(3 2.78791e-16 0)
(3 4.69562e-16 0)
(3 5.57309e-16 0)
(3 7.32162e-16 0)
(3 7.33913e-16 0)
(3 7.75681e-16 0)
(3 -1.69494e-16 0)
(3 -5.4422e-16 0)
(3 -4.06574e-16 0)
(3 -4.95574e-17 0)
(3 -2.2942e-16 0)
(3 2.61303e-16 0)
(3 8.38345e-16 0)
(3 2.91001e-17 0)
(3 2.09008e-16 0)
(3 1.78658e-16 0)
(3 2.80998e-16 0)
(3 3.84428e-16 0)
(3 -1.23873e-16 0)
(3 3.59654e-16 0)
(3 4.13479e-16 0)
(3 3.26127e-16 0)
(3 1.36812e-16 0)
(3 8.79013e-17 0)
(3 -1.44962e-16 0)
(3 -3.8734e-16 0)
(3 -3.35323e-16 0)
(3 -4.16134e-16 0)
(3 -3.6021e-16 0)
(3 -1.81037e-16 0)
(3 -6.51266e-16 0)
(3 -8.17204e-16 0)
(3 -7.80649e-16 0)
(3 -2.89771e-16 0)
(3 3.90287e-16 0)
(3 5.85708e-16 0)
(3 5.27794e-16 0)
(3 3.94466e-16 0)
(3 4.97935e-16 0)
(3 3.32202e-16 0)
(3 1.5322e-16 0)
(3 4.35107e-16 0)
(3 3.46628e-16 0)
(3 5.37145e-16 0)
(3 8.13386e-16 0)
(3 7.5336e-16 0)
(3 4.17756e-18 0)
(3 -1.38714e-16 0)
(3 -4.6078e-16 0)
(3 -8.79186e-16 0)
(3 -7.08679e-16 0)
(3 -8.05546e-16 0)
(3 -1.00403e-15 0)
(3 -1.00785e-15 0)
(3 -7.8282e-16 0)
(3 -8.05138e-16 0)
(3 -1.66841e-17 0)
(3 -5.86741e-17 0)
(3 -1.63911e-16 0)
(3 -3.19433e-16 0)
(3 1.5672e-16 0)
(3 7.31814e-16 0)
(3 9.36625e-16 0)
(3 3.44174e-16 0)
(3 2.3345e-16 0)
(3 2.53624e-16 0)
(3 5.41049e-16 0)
(3 1.022e-15 0)
(3 1.40659e-15 0)
(3 1.64208e-15 0)
(3 -2.39332e-17 0)
(3 2.91999e-17 0)
(3 -5.99361e-17 0)
(3 -1.75536e-16 0)
(3 -2.70502e-16 0)
(3 -4.89321e-16 0)
(3 -5.09661e-16 0)
(3 -3.41939e-16 0)
(3 2.32941e-16 0)
(3 5.24939e-16 0)
(3 3.75214e-16 0)
(3 3.37518e-16 0)
(3 -3.70327e-16 0)
(3 -3.79004e-16 0)
(3 -1.22728e-16 0)
(3 -1.3879e-16 0)
(3 5.89659e-16 0)
(3 5.97595e-16 0)
(3 1.06558e-15 0)
(3 1.37438e-15 0)
(3 1.74113e-15 0)
(3 2.28707e-15 0)
(3 2.78818e-15 0)
(3 1.65348e-15 0)
(3 -9.2468e-17 0)
(3 1.00313e-16 0)
(3 2.0415e-16 0)
(3 4.31722e-16 0)
(3 8.00861e-16 0)
(3 7.47314e-16 0)
(3 5.47854e-16 0)
(3 4.95954e-16 0)
(3 7.37373e-16 0)
(3 8.34702e-16 0)
(3 5.07503e-16 0)
(3 2.9826e-16 0)
(3 2.75782e-16 0)
(3 -1.67263e-16 0)
(3 7.71124e-18 0)
(3 4.4382e-18 0)
(3 2.13057e-16 0)
(3 1.0141e-15 0)
(3 2.26911e-15 0)
(3 3.83297e-15 0)
(3 4.00265e-15 0)
(3 2.75242e-15 0)
(3 2.04044e-15 0)
(3 1.3339e-15 0)
(3 1.02986e-17 0)
(3 1.37866e-16 0)
(3 3.69042e-16 0)
(3 7.81612e-16 0)
(3 1.12403e-15 0)
(3 1.42778e-15 0)
(3 1.23165e-15 0)
(3 1.09041e-15 0)
(3 8.3743e-16 0)
(3 9.1294e-16 0)
(3 1.02399e-15 0)
(3 6.97594e-16 0)
(3 7.104e-16 0)
(3 9.39889e-16 0)
(3 9.17656e-16 0)
(3 8.32402e-16 0)
(3 6.71888e-16 0)
(3 1.9086e-15 0)
(3 3.86352e-15 0)
(3 3.42158e-15 0)
(3 2.40537e-15 0)
(3 4.15149e-16 0)
(3 -4.65006e-16 0)
(3 -3.72486e-16 0)
(3 -2.90274e-18 0)
(3 4.48384e-20 0)
(3 1.27916e-16 0)
(3 2.64549e-16 0)
(3 4.48088e-16 0)
(3 5.50501e-16 0)
(3 5.33911e-16 0)
(3 8.07729e-17 0)
(3 1.06443e-15 0)
(3 1.33669e-15 0)
(3 8.97769e-16 0)
(3 6.08121e-16 0)
(3 6.96609e-16 0)
(3 7.28201e-16 0)
(3 5.94575e-16 0)
(3 7.5243e-16 0)
(3 1.30778e-15 0)
(3 1.86964e-15 0)
(3 1.92141e-15 0)
(3 3.13977e-16 0)
(3 -6.70479e-16 0)
(3 -1.11481e-15 0)
(3 -1.90176e-15 0)
(3 -1.76788e-15 0)
(3 -8.32391e-18 0)
(3 2.26056e-16 0)
(3 2.09585e-16 0)
(3 -1.85369e-16 0)
(3 -7.90682e-16 0)
(3 -9.26444e-16 0)
(3 -7.69692e-16 0)
(3 -7.84268e-16 0)
(3 4.28656e-16 0)
(3 4.82656e-16 0)
(3 6.20279e-16 0)
(3 4.77502e-16 0)
(3 4.48664e-16 0)
(3 4.61706e-16 0)
(3 7.76208e-16 0)
(3 1.22221e-15 0)
(3 1.27116e-15 0)
(3 1.90945e-16 0)
(3 -7.11211e-16 0)
(3 -6.03497e-16 0)
(3 -8.98181e-16 0)
(3 -1.6177e-15 0)
(3 -2.24719e-15 0)
(3 -2.54521e-15 0)
(3 -1.40632e-16 0)
(3 -1.22813e-16 0)
(3 -2.20774e-16 0)
(3 -5.60339e-16 0)
(3 -1.65457e-15 0)
(3 -1.67016e-15 0)
(3 -1.07171e-15 0)
(3 -5.47566e-16 0)
(3 -1.65555e-16 0)
(3 -3.10765e-16 0)
(3 -4.31772e-17 0)
(3 4.85278e-16 0)
(3 4.22165e-16 0)
(3 7.08162e-16 0)
(3 5.89688e-16 0)
(3 4.78543e-16 0)
(3 -5.25575e-16 0)
(3 -1.13521e-15 0)
(3 -1.07502e-15 0)
(3 -7.84886e-16 0)
(3 -9.27261e-16 0)
(3 -1.19329e-15 0)
(3 -2.3362e-15 0)
(3 -3.36314e-15 0)
(3 -1.59356e-16 0)
(3 -4.24272e-16 0)
(3 -8.25912e-16 0)
(3 -5.67196e-16 0)
(3 -4.03565e-16 0)
(3 -4.00576e-16 0)
(3 -6.38855e-17 0)
(3 2.49834e-16 0)
(3 1.51014e-16 0)
(3 1.26092e-16 0)
(3 1.23652e-16 0)
(3 -2.37713e-17 0)
(3 2.43634e-18 0)
(3 8.73085e-17 0)
(3 2.33826e-17 0)
(3 -4.16829e-16 0)
(3 -6.69833e-16 0)
(3 -8.63807e-16 0)
(3 -1.2164e-15 0)
(3 -1.77493e-15 0)
(3 -1.36339e-15 0)
(3 -1.14203e-15 0)
(3 -1.65524e-15 0)
(3 -2.47258e-15 0)
(3 1.50445e-16 0)
(3 1.76916e-16 0)
(3 1.72456e-16 0)
(3 1.44164e-16 0)
(3 3.32412e-16 0)
(3 1.11709e-16 0)
(3 1.04169e-16 0)
(3 2.47477e-16 0)
(3 -1.40876e-16 0)
(3 -3.64257e-16 0)
(3 -2.61859e-16 0)
(3 -6.87072e-17 0)
(3 4.62725e-16 0)
(3 1.51169e-16 0)
(3 6.27385e-17 0)
(3 -3.27394e-16 0)
(3 -7.4143e-16 0)
(3 -1.55894e-15 0)
(3 -2.30686e-15 0)
(3 -2.34058e-15 0)
(3 -1.63604e-15 0)
(3 -1.13089e-15 0)
(3 -4.59685e-16 0)
(3 4.1798e-16 0)
(3 1.97169e-16 0)
(3 5.26282e-16 0)
(3 9.71364e-16 0)
(3 7.86266e-16 0)
(3 3.5503e-16 0)
(3 2.33426e-16 0)
(3 5.99426e-17 0)
(3 1.3519e-16 0)
(3 1.09055e-17 0)
(3 -2.98541e-16 0)
(3 5.54992e-16 0)
(3 8.3486e-16 0)
(3 1.02319e-15 0)
(3 8.79823e-16 0)
(3 -1.73247e-16 0)
(3 -2.91844e-16 0)
(3 -8.87195e-16 0)
(3 -2.43773e-15 0)
(3 -2.78689e-15 0)
(3 -2.53587e-15 0)
(3 -1.19892e-15 0)
(3 4.77921e-16 0)
(3 8.12779e-16 0)
(3 8.5325e-16 0)
(3 -4.0116e-17 0)
(3 -1.73378e-16 0)
(3 2.72578e-17 0)
(3 1.61487e-16 0)
(3 1.56714e-17 0)
(3 -1.72683e-16 0)
(3 -5.85314e-16 0)
(3 -4.28184e-16 0)
(3 3.50098e-16 0)
(3 4.24768e-16 0)
(3 5.47632e-16 0)
(3 5.48782e-16 0)
(3 3.4511e-16 0)
(3 7.88636e-16 0)
(3 3.35448e-16 0)
(3 -2.07527e-16 0)
(3 -9.1277e-16 0)
(3 -1.74947e-15 0)
(3 -2.12909e-15 0)
(3 -1.93259e-15 0)
(3 -1.75525e-15 0)
(3 -1.55873e-15 0)
(3 -7.20217e-16 0)
(3 -8.52678e-16 0)
(3 -2.67054e-17 0)
(3 -9.25141e-17 0)
(3 -2.63729e-16 0)
(3 -4.00816e-16 0)
(3 -7.53295e-17 0)
(3 -7.59133e-17 0)
(3 9.85956e-17 0)
(3 -3.1055e-16 0)
(3 -6.85098e-16 0)
(3 -4.89014e-16 0)
(3 -4.87351e-16 0)
(3 -3.54395e-16 0)
(3 -3.58958e-16 0)
(3 -3.07703e-16 0)
(3 -4.89027e-16 0)
(3 -5.87504e-16 0)
(3 -4.2108e-16 0)
(3 -2.24187e-16 0)
(3 -5.25521e-17 0)
(3 -4.65397e-16 0)
(3 -6.30502e-16 0)
(3 -6.0294e-16 0)
(3 -2.35296e-16 0)
(3 1.51592e-16 0)
(3 -1.01629e-16 0)
(3 5.84147e-17 0)
(3 1.23933e-16 0)
(3 1.59754e-16 0)
(3 1.35279e-16 0)
(3 1.90069e-16 0)
(3 2.06582e-16 0)
(3 -1.00729e-16 0)
(3 -7.96167e-16 0)
(3 -5.52165e-16 0)
(3 -3.43158e-16 0)
(3 -4.18663e-16 0)
(3 -8.27317e-16 0)
(3 -1.14189e-15 0)
(3 -2.52877e-16 0)
(3 2.54632e-16 0)
(3 8.21544e-16 0)
(3 1.39393e-15 0)
(3 1.41482e-15 0)
(3 1.25556e-15 0)
(3 5.43824e-16 0)
(3 3.81081e-16 0)
(3 4.38698e-16 0)
(3 1.06854e-15 0)
(3 -1.63468e-16 0)
(3 -6.62765e-16 0)
(3 -7.30038e-16 0)
(3 -3.38994e-16 0)
(3 -4.09585e-16 0)
(3 -3.50974e-16 0)
(3 -6.65056e-16 0)
(3 -8.50467e-16 0)
(3 -9.42902e-16 0)
(3 -1.2735e-15 0)
(3 -8.3464e-16 0)
(3 -5.73861e-16 0)
(3 -2.89487e-16 0)
(3 -3.00378e-16 0)
(3 -3.11582e-16 0)
(3 -4.247e-16 0)
(3 5.74824e-17 0)
(3 3.05022e-16 0)
(3 4.77532e-16 0)
(3 8.52143e-16 0)
(3 7.05004e-16 0)
(3 3.44127e-16 0)
(3 -1.99645e-16 0)
(3 -1.83269e-16 0)
(3 -1.01854e-16 0)
(3 -2.4881e-16 0)
(3 -5.12952e-16 0)
(3 -4.41265e-16 0)
(3 -3.07792e-16 0)
(3 9.59465e-17 0)
(3 8.2913e-17 0)
(3 -1.80104e-16 0)
(3 -5.19681e-16 0)
(3 -1.03195e-15 0)
(3 -1.19025e-15 0)
(3 -8.59614e-16 0)
(3 -1.48444e-17 0)
(3 3.23658e-16 0)
(3 -5.99049e-17 0)
(3 -1.87223e-16 0)
(3 5.87353e-17 0)
(3 1.58976e-16 0)
(3 6.247e-16 0)
(3 7.33372e-16 0)
(3 1.29279e-15 0)
(3 1.31069e-15 0)
(3 5.73531e-16 0)
(3 -9.64462e-16 0)
(3 9.43095e-17 0)
(3 6.742e-16 0)
(3 7.19396e-16 0)
(3 3.38763e-16 0)
(3 5.18208e-16 0)
(3 1.014e-15 0)
(3 1.17185e-15 0)
(3 4.39349e-16 0)
(3 -8.09226e-17 0)
(3 2.5792e-16 0)
(3 3.49394e-16 0)
(3 2.63598e-16 0)
(3 -8.60687e-16 0)
(3 -7.25266e-16 0)
(3 -3.96474e-16 0)
(3 7.67229e-17 0)
(3 6.13854e-16 0)
(3 9.46999e-16 0)
(3 5.23992e-16 0)
(3 3.83587e-16 0)
(3 6.98316e-16 0)
(3 5.52838e-16 0)
(3 1.66801e-16 0)
(3 -7.03065e-17 0)
(3 3.62677e-17 0)
(3 2.18936e-16 0)
(3 3.29265e-16 0)
(3 2.72958e-16 0)
(3 4.64764e-16 0)
(3 1.96388e-16 0)
(3 9.2638e-17 0)
(3 -1.54901e-16 0)
(3 -3.0264e-16 0)
(3 -1.5924e-16 0)
(3 -7.30702e-17 0)
(3 -3.23463e-16 0)
(3 -9.86937e-16 0)
(3 -1.71182e-15 0)
(3 -1.56011e-15 0)
(3 -6.51544e-16 0)
(3 1.4484e-16 0)
(3 -6.33259e-16 0)
(3 -1.34257e-15 0)
(3 -1.42881e-15 0)
(3 -2.33051e-15 0)
(3 -2.63049e-15 0)
(3 -1.56465e-15 0)
(3 -5.61017e-16 0)
(3 7.39791e-18 0)
(3 -1.78496e-16 0)
(3 -1.65961e-16 0)
(3 8.69549e-17 0)
(3 5.60843e-17 0)
(3 -7.24534e-16 0)
(3 -9.37457e-16 0)
(3 -9.91003e-16 0)
(3 5.94309e-17 0)
(3 -3.04507e-16 0)
(3 -1.52498e-15 0)
(3 -1.7352e-15 0)
(3 -1.80733e-15 0)
(3 -1.70191e-15 0)
(3 -7.83055e-16 0)
(3 -3.73828e-16 0)
(3 1.34746e-16 0)
(3 -8.4284e-16 0)
(3 -7.85309e-16 0)
(3 -1.15105e-15 0)
(3 -2.40805e-15 0)
(3 -3.14567e-15 0)
(3 -3.35058e-15 0)
(3 -2.64709e-15 0)
(3 1.84527e-16 0)
(3 1.46319e-16 0)
(3 1.1769e-16 0)
(3 6.30437e-17 0)
(3 -9.4764e-18 0)
(3 1.59304e-16 0)
(3 -1.79262e-16 0)
(3 7.36156e-16 0)
(3 9.67501e-16 0)
(3 5.35832e-16 0)
(3 -6.93936e-17 0)
(3 -3.43935e-16 0)
(3 -3.99549e-16 0)
(3 -9.32452e-16 0)
(3 -1.19203e-15 0)
(3 -1.56515e-15 0)
(3 -1.71673e-15 0)
(3 -1.18089e-15 0)
(3 -1.27211e-15 0)
(3 -8.31679e-16 0)
(3 -4.76084e-16 0)
(3 -6.37272e-16 0)
(3 -1.72693e-15 0)
(3 -2.62285e-15 0)
(3 1.957e-17 0)
(3 -1.71872e-16 0)
(3 -1.27028e-16 0)
(3 -1.04135e-16 0)
(3 -4.5577e-17 0)
(3 5.91212e-16 0)
(3 7.89255e-16 0)
(3 1.05865e-15 0)
(3 9.11684e-16 0)
(3 7.84607e-16 0)
(3 1.21633e-15 0)
(3 9.30676e-16 0)
(3 9.13924e-16 0)
(3 4.3482e-18 0)
(3 -1.23349e-15 0)
(3 -1.79546e-15 0)
(3 -1.48698e-15 0)
(3 -1.02707e-15 0)
(3 -2.03379e-15 0)
(3 -1.86045e-15 0)
(3 -4.03119e-16 0)
(3 1.73884e-16 0)
(3 -3.78451e-17 0)
(3 -1.28648e-15 0)
(3 -1.62982e-16 0)
(3 -5.82796e-16 0)
(3 -6.33289e-16 0)
(3 -2.02202e-16 0)
(3 3.52674e-17 0)
(3 -1.01058e-16 0)
(3 -1.6476e-17 0)
(3 -4.872e-17 0)
(3 -2.59762e-16 0)
(3 2.50764e-16 0)
(3 4.94504e-16 0)
(3 4.58233e-16 0)
(3 5.48457e-16 0)
(3 9.86366e-16 0)
(3 1.0055e-15 0)
(3 9.06147e-16 0)
(3 7.06616e-16 0)
(3 1.16407e-15 0)
(3 7.0184e-16 0)
(3 -2.14049e-16 0)
(3 -1.33393e-15 0)
(3 -1.87569e-15 0)
(3 -1.09591e-15 0)
(3 -1.31866e-15 0)
(3 -1.32545e-16 0)
(3 3.94885e-16 0)
(3 3.6143e-16 0)
(3 2.11996e-16 0)
(3 3.52692e-17 0)
(3 -3.26121e-16 0)
(3 -2.72626e-16 0)
(3 -7.2627e-17 0)
(3 6.4032e-16 0)
(3 9.12132e-16 0)
(3 7.57358e-16 0)
(3 5.48579e-16 0)
(3 4.84828e-16 0)
(3 2.24796e-15 0)
(3 2.9693e-15 0)
(3 3.08302e-15 0)
(3 2.59618e-15 0)
(3 2.7466e-15 0)
(3 2.59426e-15 0)
(3 1.27986e-15 0)
(3 -5.23345e-16 0)
(3 -1.32118e-15 0)
(3 -1.23221e-15 0)
(3 -9.36027e-16 0)
(3 -2.71026e-17 0)
(3 4.87993e-16 0)
(3 6.86197e-16 0)
(3 3.27332e-16 0)
(3 3.32225e-16 0)
(3 5.24576e-16 0)
(3 5.08988e-16 0)
(3 7.29561e-17 0)
(3 1.13655e-15 0)
(3 1.78016e-15 0)
(3 1.62819e-15 0)
(3 5.21937e-16 0)
(3 -3.08489e-16 0)
(3 1.73126e-15 0)
(3 1.90228e-15 0)
(3 1.83293e-15 0)
(3 2.29629e-15 0)
(3 2.23382e-15 0)
(3 1.13598e-15 0)
(3 4.16874e-16 0)
(3 4.69064e-16 0)
(3 8.01889e-16 0)
(3 1.56475e-16 0)
(3 4.20965e-17 0)
(3 -1.04832e-16 0)
(3 -2.85188e-18 0)
(3 -2.61394e-17 0)
(3 -1.39589e-16 0)
(3 1.94355e-16 0)
(3 6.00688e-16 0)
(3 1.72156e-16 0)
(3 -6.97502e-16 0)
(3 1.99629e-16 0)
(3 6.48871e-16 0)
(3 5.49751e-16 0)
(3 -3.20606e-17 0)
(3 -1.51784e-16 0)
(3 1.80129e-16 0)
(3 4.83029e-16 0)
(3 6.54214e-16 0)
(3 9.74761e-16 0)
(3 7.25835e-16 0)
(3 2.28243e-16 0)
(3 1.88541e-16 0)
(3 7.18094e-17 0)
(3 3.3492e-16 0)
(3 1.27844e-16 0)
(3 -1.10136e-16 0)
(2.93412 0.00927949 0)
(2.84386 0.0802789 0)
(2.75594 0.147157 0)
(2.67547 0.227242 0)
(2.56525 0.364743 0)
(2.51671 0.434119 0)
(2.41567 0.546294 0)
(2.35301 0.62865 0)
(2.31213 0.723809 0)
(2.25368 0.798614 0)
(2.2476 0.852315 0)
(2.28314 0.885787 0)
(2.32842 0.895435 0)
(2.33617 0.888779 0)
(2.34525 0.885345 0)
(2.34683 0.866565 0)
(2.34649 0.858942 0)
(2.34267 0.851076 0)
(2.34072 0.84715 0)
(2.34473 0.848772 0)
(2.34421 0.849276 0)
(2.34241 0.849233 0)
(2.33816 0.849981 0)
(2.33466 0.850271 0)
(2.99887 0.00106964 0)
(2.98905 0.0127113 0)
(2.9607 0.0511064 0)
(2.90491 0.128603 0)
(2.79753 0.279245 0)
(2.69321 0.455054 0)
(2.51752 0.693727 0)
(2.39825 0.895646 0)
(2.22078 1.06848 0)
(2.16208 1.10753 0)
(2.15041 1.03377 0)
(2.18685 0.994594 0)
(2.2466 0.949429 0)
(2.29877 0.903676 0)
(2.33511 0.853725 0)
(2.35223 0.826249 0)
(2.35464 0.833621 0)
(2.35476 0.838334 0)
(2.35426 0.838869 0)
(2.35338 0.840384 0)
(2.35303 0.84326 0)
(2.34782 0.845516 0)
(2.34269 0.847294 0)
(2.33789 0.849623 0)
(3 -4.6422e-06 0)
(2.99998 -3.23829e-06 0)
(3 8.03041e-05 0)
(2.99994 1.45571e-05 0)
(2.99853 0.00203912 0)
(2.99203 0.0114521 0)
(2.96377 0.0557632 0)
(2.90191 0.170147 0)
(2.77239 0.411012 0)
(2.57593 0.721349 0)
(2.46757 0.840756 0)
(2.33697 0.930057 0)
(2.29101 0.914323 0)
(2.29585 0.90115 0)
(2.31219 0.886469 0)
(2.34796 0.866293 0)
(2.35839 0.864461 0)
(2.35906 0.849354 0)
(2.36075 0.840067 0)
(2.3591 0.839964 0)
(2.3579 0.840319 0)
(2.35441 0.843191 0)
(2.34925 0.845241 0)
(2.34489 0.848617 0)
(3 -1.08204e-07 0)
(3 -7.30619e-08 0)
(3 -3.02801e-07 0)
(3 -1.01097e-06 0)
(3.00001 -9.14253e-06 0)
(2.99999 2.01911e-05 0)
(3.00004 -9.8541e-05 0)
(2.99927 0.00129767 0)
(2.99016 0.0169689 0)
(2.8919 0.174645 0)
(2.78616 0.407353 0)
(2.42321 0.803475 0)
(2.33199 0.891997 0)
(2.28033 0.945854 0)
(2.28706 0.948929 0)
(2.30638 0.92565 0)
(2.33653 0.886421 0)
(2.34903 0.859963 0)
(2.35404 0.844602 0)
(2.35836 0.839647 0)
(2.35895 0.842614 0)
(2.35932 0.847629 0)
(2.35801 0.849836 0)
(2.35276 0.850925 0)
(3 3.14498e-10 0)
(3 -2.16333e-09 0)
(3 -2.62452e-08 0)
(3 -7.70318e-08 0)
(3 -7.56887e-07 0)
(3 -7.741e-07 0)
(3 -2.5255e-06 0)
(3 -1.94101e-06 0)
(3.00004 -8.29056e-05 0)
(2.99925 0.0009844 0)
(2.98777 0.0183889 0)
(2.854 0.185204 0)
(2.66474 0.455365 0)
(2.44807 0.727909 0)
(2.29171 0.917192 0)
(2.28348 0.900701 0)
(2.30818 0.882144 0)
(2.32146 0.876517 0)
(2.33912 0.86915 0)
(2.34995 0.854087 0)
(2.3567 0.847627 0)
(2.35607 0.8501 0)
(2.35589 0.851874 0)
(2.35207 0.8573 0)
(3 7.90719e-12 0)
(3 4.47553e-13 0)
(3 4.78853e-11 0)
(3 -2.69687e-10 0)
(3 9.3699e-10 0)
(3 -6.76448e-08 0)
(3 -7.74287e-08 0)
(3 -2.0202e-07 0)
(3 -6.55986e-06 0)
(3 -6.30786e-06 0)
(3.00003 -6.57235e-05 0)
(2.99831 0.00218651 0)
(2.97434 0.0360084 0)
(2.83132 0.216232 0)
(2.50951 0.600614 0)
(2.41855 0.738579 0)
(2.30277 0.879839 0)
(2.28835 0.894417 0)
(2.30329 0.886079 0)
(2.32593 0.861724 0)
(2.33775 0.845596 0)
(2.34264 0.846092 0)
(2.34653 0.842844 0)
(2.34896 0.841838 0)
(3 -1.64441e-14 0)
(3 5.36458e-13 0)
(3 1.22219e-11 0)
(3 2.2109e-11 0)
(3 3.00478e-11 0)
(3 -8.3612e-11 0)
(3 -5.7412e-10 0)
(3 -1.45471e-09 0)
(3 -2.10737e-08 0)
(3 -4.39801e-07 0)
(3 -7.96132e-06 0)
(3 -4.90273e-06 0)
(3 -2.19908e-05 0)
(2.99562 0.00595477 0)
(2.93219 0.0834576 0)
(2.78777 0.300833 0)
(2.40855 0.736308 0)
(2.35965 0.802294 0)
(2.317 0.846906 0)
(2.3157 0.845263 0)
(2.32221 0.842725 0)
(2.33301 0.840971 0)
(2.33756 0.835494 0)
(2.34276 0.835208 0)
(3 5.8439e-16 0)
(3 -5.27678e-15 0)
(3 9.93269e-14 0)
(3 1.80857e-12 0)
(3 7.1669e-12 0)
(3 7.4245e-12 0)
(3 7.03245e-12 0)
(3 2.65301e-12 0)
(3 1.13971e-10 0)
(3 -5.6218e-10 0)
(3 -3.61063e-08 0)
(3 -5.82857e-07 0)
(3 -1.83972e-06 0)
(3.00002 -2.70205e-05 0)
(2.99961 0.000680951 0)
(2.98878 0.0165615 0)
(2.85328 0.185517 0)
(2.70372 0.433768 0)
(2.36106 0.807033 0)
(2.28045 0.883902 0)
(2.30236 0.854888 0)
(2.30876 0.8496 0)
(2.31278 0.843178 0)
(2.32645 0.839459 0)
(3 1.27072e-15 0)
(3 -2.45063e-15 0)
(3 -3.62657e-15 0)
(3 5.63541e-15 0)
(3 9.11224e-14 0)
(3 9.02053e-13 0)
(3 1.38173e-12 0)
(3 1.43363e-12 0)
(3 1.51207e-11 0)
(3 1.54953e-11 0)
(3 3.38409e-10 0)
(3 -5.30211e-09 0)
(3 -3.91293e-08 0)
(3 -3.68446e-06 0)
(3.00001 -2.59501e-06 0)
(3 -2.38506e-05 0)
(2.9968 0.00533422 0)
(2.96657 0.0559625 0)
(2.72077 0.368379 0)
(2.5732 0.597725 0)
(2.38958 0.78788 0)
(2.29961 0.870845 0)
(2.29219 0.858217 0)
(2.30954 0.843384 0)
(3 4.21369e-16 0)
(3 2.38653e-16 0)
(3 -1.16407e-16 0)
(3 3.05269e-16 0)
(3 1.01501e-15 0)
(3 1.17684e-14 0)
(3 3.54008e-14 0)
(3 1.04418e-13 0)
(3 2.93536e-13 0)
(3 2.20571e-12 0)
(3 3.32015e-11 0)
(3 1.72707e-11 0)
(3 8.93765e-11 0)
(3 -2.6575e-08 0)
(3 -9.01439e-07 0)
(3 -1.60515e-06 0)
(3.00001 -9.99368e-06 0)
(2.99961 0.000604894 0)
(2.97967 0.0302576 0)
(2.90112 0.176347 0)
(2.57686 0.582305 0)
(2.40701 0.786281 0)
(2.35135 0.795128 0)
(2.33893 0.821965 0)
(3 8.44581e-16 0)
(3 2.58859e-16 0)
(3 -3.49976e-16 0)
(3 4.35599e-16 0)
(3 5.16085e-16 0)
(3 -3.06162e-16 0)
(3 -9.06351e-16 0)
(3 -1.35135e-15 0)
(3 -1.23218e-16 0)
(3 1.19131e-14 0)
(3 4.84148e-13 0)
(3 2.78379e-12 0)
(3 1.58743e-11 0)
(3 9.22297e-11 0)
(3 -2.11669e-08 0)
(3 -1.06532e-07 0)
(3 -1.47113e-06 0)
(3 -4.78561e-06 0)
(2.9999 0.00017836 0)
(2.9958 0.00828554 0)
(2.92128 0.113762 0)
(2.6964 0.43162 0)
(2.51301 0.677315 0)
(2.33582 0.846699 0)
(3 -3.59191e-16 0)
(3 -1.18928e-15 0)
(3 -1.09791e-15 0)
(3 -8.49827e-16 0)
(3 -7.77973e-16 0)
(3 -4.88467e-16 0)
(3 -3.58107e-16 0)
(3 -8.54414e-16 0)
(3 -1.83019e-15 0)
(3 -2.63329e-15 0)
(3 -2.38876e-15 0)
(3 2.64213e-14 0)
(3 1.54301e-12 0)
(3 5.76376e-12 0)
(3 9.62344e-11 0)
(3 -2.52531e-09 0)
(3 -1.93747e-08 0)
(3 -1.1066e-06 0)
(3 -2.04346e-06 0)
(2.99999 6.95099e-06 0)
(2.99778 0.00403055 0)
(2.96536 0.0572527 0)
(2.77271 0.345804 0)
(2.59465 0.606661 0)
(3 -1.57544e-15 0)
(3 -7.72552e-16 0)
(3 -4.20976e-16 0)
(3 -1.70978e-15 0)
(3 -1.64491e-15 0)
(3 -1.0302e-15 0)
(3 1.16637e-16 0)
(3 -2.14599e-16 0)
(3 -4.26442e-16 0)
(3 -3.35697e-16 0)
(3 -1.47552e-15 0)
(3 9.8835e-16 0)
(3 1.0497e-15 0)
(3 5.31375e-13 0)
(3 1.25051e-11 0)
(3 3.2913e-11 0)
(3 -6.52374e-11 0)
(3 -3.05281e-08 0)
(3 -5.95039e-07 0)
(3 -5.63395e-07 0)
(3 3.07484e-06 0)
(2.99944 0.00108459 0)
(2.97876 0.0359385 0)
(2.84669 0.261419 0)
(3 -2.75991e-15 0)
(3 -1.47384e-15 0)
(3 1.93269e-16 0)
(3 -7.99074e-16 0)
(3 -8.50774e-16 0)
(3 -7.62882e-16 0)
(3 -3.31299e-16 0)
(3 4.21896e-16 0)
(3 6.0854e-16 0)
(3 9.22459e-16 0)
(3 1.28392e-15 0)
(3 1.5371e-15 0)
(3 1.20622e-15 0)
(3 4.39388e-15 0)
(3 8.04412e-13 0)
(3 8.26585e-12 0)
(3 7.66967e-12 0)
(3 -1.04371e-10 0)
(3 -1.97246e-08 0)
(3 -1.6581e-07 0)
(3 -4.31427e-08 0)
(3 -2.36509e-06 0)
(2.9996 0.00076586 0)
(2.99107 0.0175141 0)
(3 -4.11263e-15 0)
(3 -1.94928e-15 0)
(3 -1.37441e-15 0)
(3 -8.18804e-16 0)
(3 -6.83947e-16 0)
(3 -9.37814e-16 0)
(3 -1.06114e-15 0)
(3 -4.19398e-16 0)
(3 2.03607e-16 0)
(3 4.88495e-16 0)
(3 1.5214e-15 0)
(3 1.63138e-15 0)
(3 7.2382e-16 0)
(3 -9.86445e-16 0)
(3 2.18926e-15 0)
(3 3.18087e-13 0)
(3 1.56961e-12 0)
(3 2.97511e-12 0)
(3 -5.38209e-11 0)
(3 -5.7271e-09 0)
(3 -2.73389e-08 0)
(3 -6.05177e-07 0)
(3 6.45397e-06 0)
(2.99998 2.8356e-05 0)
(3 -2.46265e-15 0)
(3 -2.46149e-15 0)
(3 -2.20452e-15 0)
(3 -1.12001e-15 0)
(3 -1.03246e-15 0)
(3 -1.251e-15 0)
(3 -1.97755e-15 0)
(3 -2.93301e-15 0)
(3 -2.59745e-15 0)
(3 -1.6148e-15 0)
(3 -1.79067e-16 0)
(3 5.50231e-16 0)
(3 -1.9941e-16 0)
(3 -1.06779e-15 0)
(3 -1.19261e-15 0)
(3 8.37676e-16 0)
(3 3.78253e-14 0)
(3 1.53873e-12 0)
(3 1.44862e-12 0)
(3 -5.86271e-13 0)
(3 -3.90692e-09 0)
(3 -1.14097e-07 0)
(3 -4.13705e-08 0)
(3 -5.52069e-06 0)
(3 -9.0788e-16 0)
(3 -1.92339e-15 0)
(3 -2.06841e-15 0)
(3 -1.3536e-15 0)
(3 -7.25082e-16 0)
(3 -6.11946e-16 0)
(3 -1.18826e-15 0)
(3 -1.77113e-15 0)
(3 -2.85283e-15 0)
(3 -3.38611e-15 0)
(3 -2.39279e-15 0)
(3 -1.22918e-15 0)
(3 -6.77508e-16 0)
(3 1.58214e-16 0)
(3 3.18876e-16 0)
(3 -6.73452e-16 0)
(3 -7.56653e-14 0)
(3 -4.18799e-13 0)
(3 -7.04366e-13 0)
(3 1.03885e-10 0)
(3 2.57257e-09 0)
(3 1.49259e-08 0)
(3 1.25413e-06 0)
(3 -2.05893e-06 0)
(3 8.88988e-16 0)
(3 -1.77332e-16 0)
(3 -1.13535e-15 0)
(3 -1.07734e-15 0)
(3 -9.30894e-16 0)
(3 -5.66657e-16 0)
(3 4.47155e-17 0)
(3 1.0058e-16 0)
(3 4.00499e-17 0)
(3 -9.73032e-16 0)
(3 -2.72902e-15 0)
(3 -2.45396e-15 0)
(3 -1.62101e-15 0)
(3 6.82636e-16 0)
(3 -5.24306e-16 0)
(3 -3.68264e-13 0)
(3 -2.07903e-12 0)
(3 -2.20476e-12 0)
(3 1.49084e-10 0)
(3 6.1886e-09 0)
(3 7.25647e-08 0)
(3 1.81616e-07 0)
(3 9.52467e-08 0)
(3 3.51682e-05 0)
(3 -4.12698e-16 0)
(3 -3.89145e-16 0)
(3 9.74104e-17 0)
(3 5.24117e-16 0)
(3 4.73298e-16 0)
(3 1.21771e-16 0)
(3 5.21331e-16 0)
(3 6.73525e-16 0)
(3 5.12855e-16 0)
(3 1.6085e-16 0)
(3 -6.776e-16 0)
(3 -1.20918e-15 0)
(3 -4.24501e-16 0)
(3 -2.79564e-15 0)
(3 -7.33254e-13 0)
(3 -8.05223e-12 0)
(3 -7.50168e-12 0)
(3 3.98162e-11 0)
(3 3.24738e-08 0)
(3 1.06756e-07 0)
(3 2.94228e-07 0)
(3 1.18209e-06 0)
(2.99967 -0.000687161 0)
(2.99139 -0.0164972 0)
(3 -2.99234e-16 0)
(3 6.62473e-17 0)
(3 9.96457e-16 0)
(3 1.30337e-15 0)
(3 1.4095e-15 0)
(3 1.55802e-15 0)
(3 1.10703e-15 0)
(3 1.10562e-15 0)
(3 2.6557e-16 0)
(3 1.91588e-16 0)
(3 9.18841e-16 0)
(3 -1.28515e-15 0)
(3 -7.23632e-16 0)
(3 -5.53483e-13 0)
(3 -1.0648e-11 0)
(3 -2.95267e-11 0)
(3 2.60317e-11 0)
(3 2.59849e-08 0)
(3 5.56627e-07 0)
(3 4.38022e-07 0)
(3 5.57644e-06 0)
(2.99932 -0.00138649 0)
(2.97943 -0.0373319 0)
(2.85467 -0.228771 0)
(3 8.46957e-16 0)
(3 7.53693e-16 0)
(3 4.65694e-16 0)
(3 4.93522e-18 0)
(3 3.78955e-17 0)
(3 4.31862e-16 0)
(3 5.64134e-16 0)
(3 -1.35267e-16 0)
(3 -2.96348e-16 0)
(3 2.77299e-17 0)
(3 -1.49198e-15 0)
(3 -8.77045e-14 0)
(3 -1.65402e-12 0)
(3 -6.44338e-12 0)
(3 -9.09057e-11 0)
(3 2.42638e-09 0)
(3 1.90793e-08 0)
(3 1.17907e-06 0)
(3 1.1324e-06 0)
(2.99999 1.05307e-06 0)
(2.99755 -0.00425863 0)
(2.96861 -0.0621621 0)
(2.79186 -0.319276 0)
(2.51004 -0.692471 0)
(3 2.02506e-16 0)
(3 -2.98501e-16 0)
(3 -1.10844e-15 0)
(3 -1.28573e-15 0)
(3 -1.42656e-15 0)
(3 -1.98951e-15 0)
(3 -1.36144e-15 0)
(3 -2.41786e-15 0)
(3 -2.65931e-15 0)
(3 -7.29823e-15 0)
(3 -5.47906e-13 0)
(3 -2.55538e-12 0)
(3 -1.7179e-11 0)
(3 -9.02555e-11 0)
(3 2.3056e-08 0)
(3 9.61933e-08 0)
(3 1.61265e-06 0)
(3 4.55612e-06 0)
(2.9999 -0.00019029 0)
(2.99608 -0.0075037 0)
(2.91249 -0.126376 0)
(2.76007 -0.38441 0)
(2.45175 -0.728672 0)
(2.32377 -0.902331 0)
(3 -8.95921e-16 0)
(3 -1.13645e-15 0)
(3 -1.5673e-15 0)
(3 -2.1559e-15 0)
(3 -1.43819e-15 0)
(3 -1.06112e-14 0)
(3 -3.33868e-14 0)
(3 -1.07924e-13 0)
(3 -2.59414e-13 0)
(3 -2.31317e-12 0)
(3 -3.25659e-11 0)
(3 -1.94204e-11 0)
(3 -9.64627e-11 0)
(3 2.55253e-08 0)
(3 8.64381e-07 0)
(3 1.64252e-06 0)
(3.00001 1.05503e-05 0)
(2.9996 -0.000624355 0)
(2.97966 -0.0301393 0)
(2.89703 -0.175457 0)
(2.5776 -0.580953 0)
(2.42261 -0.77486 0)
(2.34609 -0.811646 0)
(2.33042 -0.828059 0)
(3 -1.30776e-15 0)
(3 7.23917e-16 0)
(3 -4.54688e-18 0)
(3 -9.43579e-15 0)
(3 -9.294e-14 0)
(3 -9.0547e-13 0)
(3 -1.38438e-12 0)
(3 -1.4378e-12 0)
(3 -1.49378e-11 0)
(3 -1.54643e-11 0)
(3 -3.39524e-10 0)
(3 5.16493e-09 0)
(3 3.92603e-08 0)
(3 3.72159e-06 0)
(3.00001 2.40766e-06 0)
(3 2.64807e-05 0)
(2.9968 -0.00537346 0)
(2.96694 -0.0557514 0)
(2.72164 -0.36837 0)
(2.55962 -0.603648 0)
(2.39702 -0.779925 0)
(2.31093 -0.862749 0)
(2.29709 -0.862114 0)
(2.30302 -0.849168 0)
(3 -7.39192e-16 0)
(3 4.71209e-15 0)
(3 -1.01887e-13 0)
(3 -1.80414e-12 0)
(3 -7.15645e-12 0)
(3 -7.43145e-12 0)
(3 -7.0257e-12 0)
(3 -2.65881e-12 0)
(3 -1.01772e-10 0)
(3 5.04591e-10 0)
(3 3.75998e-08 0)
(3 5.74522e-07 0)
(3 1.89452e-06 0)
(3.00001 2.65401e-05 0)
(2.99961 -0.000676305 0)
(2.98873 -0.0166013 0)
(2.85342 -0.185287 0)
(2.70643 -0.433222 0)
(2.35974 -0.809215 0)
(2.27902 -0.888422 0)
(2.3021 -0.851991 0)
(2.30984 -0.847502 0)
(2.31525 -0.845151 0)
(2.32412 -0.841219 0)
(3 1.38543e-14 0)
(3 -5.28007e-13 0)
(3 -1.20879e-11 0)
(3 -2.2016e-11 0)
(3 -2.99237e-11 0)
(3 7.49119e-11 0)
(3 5.91458e-10 0)
(3 1.44877e-09 0)
(3 2.10448e-08 0)
(3 4.39662e-07 0)
(3 7.96528e-06 0)
(3 4.91394e-06 0)
(3 2.26704e-05 0)
(2.99562 -0.00597123 0)
(2.9322 -0.0833618 0)
(2.78699 -0.301195 0)
(2.40873 -0.735475 0)
(2.36157 -0.801732 0)
(2.3162 -0.847964 0)
(2.31503 -0.846119 0)
(2.32178 -0.842283 0)
(2.33398 -0.839232 0)
(2.33762 -0.837991 0)
(2.34205 -0.835687 0)
(3 -7.93763e-12 0)
(3 -4.21381e-13 0)
(3 -4.73016e-11 0)
(3 2.7306e-10 0)
(3 -9.47309e-10 0)
(3 6.75672e-08 0)
(3 7.74182e-08 0)
(3 2.02063e-07 0)
(3 6.55963e-06 0)
(3 6.30643e-06 0)
(3.00003 6.55213e-05 0)
(2.99831 -0.00218086 0)
(2.97429 -0.0360536 0)
(2.83163 -0.21605 0)
(2.50933 -0.600886 0)
(2.41786 -0.738916 0)
(2.30297 -0.879443 0)
(2.28866 -0.893902 0)
(2.3031 -0.886141 0)
(2.32551 -0.862402 0)
(2.33787 -0.844937 0)
(2.3431 -0.84581 0)
(2.34642 -0.843164 0)
(2.34862 -0.841801 0)
(3 -3.14592e-10 0)
(3 2.15966e-09 0)
(3 2.62585e-08 0)
(3 7.70326e-08 0)
(3 7.5603e-07 0)
(3 7.73328e-07 0)
(3 2.53547e-06 0)
(3 1.94605e-06 0)
(3.00004 8.28983e-05 0)
(2.99925 -0.000984681 0)
(2.98777 -0.0183947 0)
(2.85408 -0.185081 0)
(2.66417 -0.455773 0)
(2.44888 -0.727291 0)
(2.29176 -0.917335 0)
(2.28306 -0.901104 0)
(2.3082 -0.882037 0)
(2.32137 -0.876295 0)
(2.33917 -0.869141 0)
(2.34939 -0.85452 0)
(2.35674 -0.847314 0)
(2.35622 -0.849737 0)
(2.35599 -0.851709 0)
(2.35207 -0.857296 0)
(3 1.08741e-07 0)
(3 7.31872e-08 0)
(3 3.02497e-07 0)
(3 1.00428e-06 0)
(3.00001 9.14191e-06 0)
(2.99999 -2.01863e-05 0)
(3.00004 9.88104e-05 0)
(2.99927 -0.00129824 0)
(2.99016 -0.0169646 0)
(2.89188 -0.174648 0)
(2.78613 -0.407373 0)
(2.42325 -0.803421 0)
(2.33197 -0.892049 0)
(2.2803 -0.945774 0)
(2.28709 -0.948975 0)
(2.30628 -0.925811 0)
(2.33654 -0.88646 0)
(2.34928 -0.859638 0)
(2.35416 -0.844656 0)
(2.35816 -0.839783 0)
(2.35878 -0.842552 0)
(2.3593 -0.847462 0)
(2.35803 -0.84989 0)
(2.35278 -0.851054 0)
(3 4.61945e-06 0)
(2.99998 3.53295e-06 0)
(3 -8.11888e-05 0)
(2.99994 -1.43374e-05 0)
(2.99853 -0.00203875 0)
(2.99203 -0.0114566 0)
(2.96378 -0.0557468 0)
(2.90189 -0.17017 0)
(2.77243 -0.410969 0)
(2.5759 -0.721362 0)
(2.46757 -0.840757 0)
(2.33695 -0.930052 0)
(2.29102 -0.914326 0)
(2.29582 -0.901153 0)
(2.31221 -0.886423 0)
(2.34793 -0.866443 0)
(2.35824 -0.864456 0)
(2.35921 -0.849271 0)
(2.36089 -0.840097 0)
(2.35913 -0.840057 0)
(2.3578 -0.84034 0)
(2.35435 -0.843161 0)
(2.34925 -0.845259 0)
(2.34489 -0.848701 0)
(2.99888 -0.00106791 0)
(2.98905 -0.0127107 0)
(2.96069 -0.0511246 0)
(2.90493 -0.128594 0)
(2.79752 -0.27923 0)
(2.69317 -0.455079 0)
(2.51757 -0.693703 0)
(2.39821 -0.895669 0)
(2.22082 -1.06846 0)
(2.16209 -1.10753 0)
(2.15039 -1.0338 0)
(2.18691 -0.994587 0)
(2.24655 -0.9494 0)
(2.29871 -0.903707 0)
(2.33521 -0.853653 0)
(2.35227 -0.826372 0)
(2.35452 -0.833605 0)
(2.35482 -0.838291 0)
(2.35433 -0.83884 0)
(2.3534 -0.840373 0)
(2.35301 -0.843243 0)
(2.3478 -0.845503 0)
(2.34268 -0.847301 0)
(2.33787 -0.849647 0)
(2.93413 -0.00920915 0)
(2.84387 -0.080292 0)
(2.75588 -0.147308 0)
(2.67558 -0.227063 0)
(2.56521 -0.364808 0)
(2.51665 -0.434167 0)
(2.41572 -0.546248 0)
(2.35299 -0.62864 0)
(2.31215 -0.723813 0)
(2.25369 -0.798626 0)
(2.24758 -0.852313 0)
(2.28314 -0.885788 0)
(2.32841 -0.895476 0)
(2.33618 -0.888714 0)
(2.34527 -0.88532 0)
(2.34688 -0.866599 0)
(2.34648 -0.858957 0)
(2.34266 -0.851061 0)
(2.34076 -0.847109 0)
(2.34475 -0.848758 0)
(2.34419 -0.849262 0)
(2.3424 -0.849222 0)
(2.33816 -0.84998 0)
(2.33465 -0.850277 0)
(2.42202 0.829473 0)
(2.5298 0.779521 0)
(2.67417 0.732694 0)
(2.73487 0.726963 0)
(2.84559 0.500668 0)
(2.91795 0.374412 0)
(2.97943 0.204463 0)
(2.9946 0.0818669 0)
(3.02687 0.0294381 0)
(3.00061 -0.0222449 0)
(2.97531 -0.0567048 0)
(2.97906 -0.0527276 0)
(2.99678 -0.0482805 0)
(2.98403 -0.0516447 0)
(2.97813 -0.0524464 0)
(2.97398 -0.046722 0)
(2.96133 -0.0325825 0)
(2.95107 -0.0291336 0)
(2.94145 -0.0227496 0)
(2.95257 -0.0152262 0)
(2.96265 -0.00943991 0)
(2.96297 -0.00509365 0)
(2.95014 -0.00186667 0)
(2.91622 -0.0272692 0)
(2.75815 -0.138793 0)
(2.43134 -0.382506 0)
(2.22737 -0.421703 0)
(2.05823 -0.42338 0)
(1.90738 -0.239389 0)
(1.81882 -0.12997 0)
(1.83871 -0.0205269 0)
(1.91693 0.0248873 0)
(1.97856 0.0339747 0)
(2.01545 0.0296911 0)
(2.0359 0.0211576 0)
(2.06123 0.020818 0)
(2.08817 0.0240423 0)
(2.11172 0.02538 0)
(2.13479 0.0241098 0)
(2.15919 0.0226468 0)
(2.18569 0.0229029 0)
(2.21248 0.024487 0)
(2.23478 0.0253413 0)
(2.25235 0.0258698 0)
(2.26747 0.025932 0)
(2.28225 0.0269658 0)
(2.29843 0.0288832 0)
(2.31692 0.0302305 0)
(2.33788 0.0296883 0)
(2.36089 0.0290113 0)
(2.38383 0.0281183 0)
(2.405 0.0271133 0)
(2.4232 0.0263298 0)
(2.43671 0.0257447 0)
(2.44204 0.0258121 0)
(2.439 0.0285478 0)
(2.43846 0.0322171 0)
(2.45311 0.0331994 0)
(2.4741 0.0319529 0)
(2.49575 0.0308723 0)
(2.51786 0.0295892 0)
(2.53937 0.027844 0)
(2.5592 0.0259268 0)
(2.57572 0.0233501 0)
(2.5871 0.0232723 0)
(2.58568 0.0268315 0)
(2.56443 0.0318036 0)
(2.55659 0.0347668 0)
(2.57936 0.0353377 0)
(2.5979 0.0344302 0)
(2.60863 0.0296111 0)
(2.614 0.0146119 0)
(2.58332 -0.0312721 0)
(2.49422 -0.0965165 0)
(2.41156 -0.179149 0)
(2.31812 -0.139545 0)
(2.22434 -0.116857 0)
(2.14982 -0.118239 0)
(2.10505 -0.0944705 0)
(2.12934 -0.0374763 0)
(2.16557 0.0190381 0)
(2.18522 0.0298913 0)
(2.21078 0.0249 0)
(2.24101 0.0132043 0)
(2.26953 0.0112007 0)
(2.28083 0.0147581 0)
(2.25762 0.018309 0)
(2.22994 0.0177814 0)
(2.24249 0.0160386 0)
(2.26142 0.0155538 0)
(2.28483 0.0168432 0)
(2.31951 0.018706 0)
(2.34612 0.0160772 0)
(2.36334 0.0132923 0)
(2.38072 0.0117893 0)
(2.39825 0.0116356 0)
(2.44452 0.793001 0)
(2.59028 0.661696 0)
(2.71617 0.462323 0)
(2.78907 0.305497 0)
(2.84325 0.176685 0)
(2.91557 -0.00351079 0)
(2.93532 -0.117751 0)
(2.97851 -0.154506 0)
(2.97715 -0.15951 0)
(2.9489 -0.16661 0)
(2.94484 -0.154345 0)
(2.97384 -0.0977197 0)
(2.97802 -0.0648284 0)
(2.96975 -0.0578514 0)
(2.95259 -0.0533783 0)
(2.94594 -0.0462009 0)
(2.93566 -0.0277602 0)
(2.92357 -0.0126638 0)
(2.91474 0.00826928 0)
(2.92793 0.0200753 0)
(2.94156 0.0170795 0)
(2.939 0.00675049 0)
(2.91806 -0.0368141 0)
(2.72571 -0.295665 0)
(2.55384 -0.523054 0)
(2.36901 -0.7651 0)
(2.28957 -0.720155 0)
(2.20115 -0.524651 0)
(2.08535 -0.200563 0)
(1.92261 0.0444065 0)
(1.86154 0.134468 0)
(1.90379 0.110381 0)
(1.96527 0.0812296 0)
(2.01644 0.055137 0)
(2.05231 0.0429992 0)
(2.0827 0.0451258 0)
(2.10606 0.0474739 0)
(2.12768 0.0451711 0)
(2.15033 0.0431363 0)
(2.1747 0.0434718 0)
(2.2016 0.045868 0)
(2.2306 0.0496012 0)
(2.25663 0.0516313 0)
(2.27676 0.050224 0)
(2.29268 0.0483294 0)
(2.30782 0.0520635 0)
(2.32253 0.0616328 0)
(2.33509 0.0675658 0)
(2.3524 0.062481 0)
(2.37471 0.0582561 0)
(2.39913 0.0555686 0)
(2.42271 0.0540894 0)
(2.44328 0.052249 0)
(2.45863 0.0480873 0)
(2.46725 0.042335 0)
(2.4672 0.0451844 0)
(2.46492 0.0580716 0)
(2.47156 0.066636 0)
(2.48974 0.0652026 0)
(2.51086 0.0618236 0)
(2.53219 0.0579272 0)
(2.55368 0.0538174 0)
(2.57459 0.0505928 0)
(2.59249 0.0454047 0)
(2.60497 0.039831 0)
(2.60602 0.0379733 0)
(2.59319 0.0431217 0)
(2.57871 0.0468201 0)
(2.59911 0.0439656 0)
(2.6018 0.0354108 0)
(2.59789 0.00706619 0)
(2.56035 -0.0770565 0)
(2.52492 -0.175889 0)
(2.47433 -0.310726 0)
(2.42952 -0.35499 0)
(2.35543 -0.299069 0)
(2.27672 -0.204871 0)
(2.22387 -0.0972328 0)
(2.17982 -0.0270233 0)
(2.15494 0.0383541 0)
(2.15795 0.0855049 0)
(2.19347 0.0796554 0)
(2.21724 0.0613585 0)
(2.24256 0.0380998 0)
(2.26472 0.0191168 0)
(2.28011 0.0137361 0)
(2.2742 0.0135395 0)
(2.2514 0.0209734 0)
(2.25902 0.0267836 0)
(2.27784 0.0294543 0)
(2.29787 0.035696 0)
(2.32893 0.041482 0)
(2.35454 0.0364119 0)
(2.37234 0.0289416 0)
(2.38905 0.0215565 0)
(2.40806 0.0188565 0)
(2.36618 0.833578 0)
(2.42146 0.787054 0)
(2.51251 0.690124 0)
(2.62672 0.532139 0)
(2.68526 0.469167 0)
(2.7226 0.38171 0)
(2.78016 0.197926 0)
(2.81015 0.164067 0)
(2.8177 0.162314 0)
(2.8546 0.0543517 0)
(2.85014 0.0144638 0)
(2.87166 -0.0226457 0)
(2.89526 -0.0285368 0)
(2.91388 -0.0583539 0)
(2.91892 -0.0922643 0)
(2.92461 -0.0910789 0)
(2.91762 -0.0715522 0)
(2.90836 -0.0545195 0)
(2.90058 -0.0404252 0)
(2.90603 -0.031837 0)
(2.91689 -0.0180278 0)
(2.87341 -0.0869043 0)
(2.73681 -0.302851 0)
(2.43005 -0.680531 0)
(2.37856 -0.729988 0)
(2.35244 -0.76721 0)
(2.35805 -0.765373 0)
(2.35662 -0.739864 0)
(2.34788 -0.64586 0)
(2.27987 -0.40197 0)
(2.15613 -0.13499 0)
(2.03165 0.0361419 0)
(2.01272 0.0764514 0)
(2.02455 0.0857546 0)
(2.07072 0.0881091 0)
(2.09396 0.0904851 0)
(2.10793 0.0803304 0)
(2.12756 0.0784762 0)
(2.15219 0.0838802 0)
(2.17629 0.0865775 0)
(2.20152 0.0860113 0)
(2.22759 0.0842054 0)
(2.25 0.0874977 0)
(2.26993 0.0910308 0)
(2.29023 0.0934228 0)
(2.31034 0.0966431 0)
(2.32665 0.102344 0)
(2.33666 0.11247 0)
(2.34693 0.114573 0)
(2.36562 0.103463 0)
(2.38755 0.094203 0)
(2.41141 0.0880633 0)
(2.43404 0.0852123 0)
(2.45221 0.086177 0)
(2.46358 0.0887622 0)
(2.46956 0.0946988 0)
(2.47106 0.100416 0)
(2.47145 0.10425 0)
(2.48366 0.105447 0)
(2.50462 0.105735 0)
(2.52733 0.104102 0)
(2.54934 0.0988854 0)
(2.56887 0.0916595 0)
(2.58523 0.0820251 0)
(2.59615 0.0740324 0)
(2.59643 0.0807215 0)
(2.58442 0.0944991 0)
(2.58382 0.0864322 0)
(2.58322 0.0732335 0)
(2.56764 0.0310733 0)
(2.51402 -0.0731641 0)
(2.44308 -0.218313 0)
(2.433 -0.30107 0)
(2.40936 -0.365237 0)
(2.3971 -0.373424 0)
(2.38381 -0.357654 0)
(2.36451 -0.307253 0)
(2.34855 -0.254181 0)
(2.31859 -0.177689 0)
(2.26587 -0.0703667 0)
(2.24201 0.0344933 0)
(2.2478 0.0744042 0)
(2.25227 0.070297 0)
(2.25615 0.055011 0)
(2.26734 0.0387667 0)
(2.27878 0.031162 0)
(2.27901 0.0306054 0)
(2.27139 0.036766 0)
(2.27478 0.0481456 0)
(2.29268 0.0562551 0)
(2.31121 0.0598374 0)
(2.3343 0.0624185 0)
(2.35448 0.0610238 0)
(2.371 0.0545595 0)
(2.38292 0.042347 0)
(2.39937 0.0387815 0)
(2.35605 0.846161 0)
(2.37693 0.825987 0)
(2.42722 0.777765 0)
(2.51478 0.680772 0)
(2.58941 0.593197 0)
(2.6583 0.516868 0)
(2.75146 0.342258 0)
(2.77542 0.262448 0)
(2.79439 0.244274 0)
(2.87361 0.10979 0)
(2.88119 0.00748745 0)
(2.8555 0.0130916 0)
(2.8732 -0.0263887 0)
(2.90486 -0.0730562 0)
(2.90792 -0.124131 0)
(2.92878 -0.127419 0)
(2.94161 -0.0958213 0)
(2.91882 -0.0669528 0)
(2.90927 -0.0582171 0)
(2.90453 -0.0604782 0)
(2.87179 -0.113201 0)
(2.6697 -0.402971 0)
(2.38486 -0.752966 0)
(2.35204 -0.790022 0)
(2.35528 -0.800418 0)
(2.36847 -0.790942 0)
(2.38732 -0.771845 0)
(2.39494 -0.762991 0)
(2.40897 -0.725933 0)
(2.40783 -0.660046 0)
(2.3612 -0.493417 0)
(2.19185 -0.17052 0)
(2.09004 0.039644 0)
(2.05642 0.138045 0)
(2.06768 0.135483 0)
(2.095 0.134416 0)
(2.1173 0.122465 0)
(2.14271 0.12004 0)
(2.17531 0.135969 0)
(2.2035 0.139983 0)
(2.22707 0.131605 0)
(2.24738 0.12385 0)
(2.26536 0.122497 0)
(2.28502 0.123449 0)
(2.30868 0.123624 0)
(2.33317 0.125179 0)
(2.34957 0.132802 0)
(2.35017 0.147349 0)
(2.34929 0.155124 0)
(2.37205 0.153401 0)
(2.39614 0.147516 0)
(2.41867 0.140235 0)
(2.44042 0.131418 0)
(2.46222 0.124282 0)
(2.48472 0.120476 0)
(2.5002 0.123035 0)
(2.49948 0.132665 0)
(2.48704 0.144279 0)
(2.48913 0.145367 0)
(2.50247 0.142666 0)
(2.52186 0.138193 0)
(2.54521 0.136093 0)
(2.57046 0.135259 0)
(2.59351 0.133853 0)
(2.6074 0.119438 0)
(2.60716 0.119861 0)
(2.59773 0.103586 0)
(2.58216 0.0691197 0)
(2.54117 0.00688144 0)
(2.45859 -0.112587 0)
(2.38925 -0.239261 0)
(2.3827 -0.280434 0)
(2.38428 -0.327368 0)
(2.38885 -0.33436 0)
(2.40175 -0.339783 0)
(2.40032 -0.342856 0)
(2.40133 -0.335859 0)
(2.39778 -0.310504 0)
(2.38917 -0.26913 0)
(2.34897 -0.168736 0)
(2.30483 -0.0296378 0)
(2.30561 0.0421868 0)
(2.27566 0.101559 0)
(2.26406 0.10145 0)
(2.26161 0.0839802 0)
(2.26597 0.065363 0)
(2.27597 0.0532382 0)
(2.2864 0.0468641 0)
(2.30164 0.0571004 0)
(2.31318 0.0735379 0)
(2.32478 0.0775331 0)
(2.3417 0.0803445 0)
(2.36051 0.0838996 0)
(2.37726 0.0837732 0)
(2.38894 0.0748301 0)
(2.40264 0.0661125 0)
(2.35388 0.851649 0)
(2.35855 0.845123 0)
(2.38244 0.821017 0)
(2.42423 0.78027 0)
(2.51481 0.690449 0)
(2.58995 0.602608 0)
(2.6193 0.560355 0)
(2.70794 0.436436 0)
(2.7814 0.329928 0)
(2.81972 0.277611 0)
(2.84655 0.208802 0)
(2.85834 0.168363 0)
(2.85615 0.139078 0)
(2.87891 0.0568512 0)
(2.88992 -0.00822475 0)
(2.91049 -0.0152148 0)
(2.93233 0.00847954 0)
(2.9356 -0.0140932 0)
(2.91927 -0.0557704 0)
(2.84639 -0.193781 0)
(2.69775 -0.465688 0)
(2.393 -0.792755 0)
(2.30622 -0.881851 0)
(2.32628 -0.844263 0)
(2.34895 -0.821753 0)
(2.38393 -0.797406 0)
(2.41316 -0.763517 0)
(2.42145 -0.756335 0)
(2.426 -0.743823 0)
(2.44352 -0.712193 0)
(2.44869 -0.669927 0)
(2.42357 -0.563168 0)
(2.27957 -0.260616 0)
(2.19649 -0.0373901 0)
(2.11306 0.10806 0)
(2.10294 0.143751 0)
(2.11816 0.156657 0)
(2.14477 0.173613 0)
(2.1633 0.182795 0)
(2.19051 0.170679 0)
(2.21658 0.156374 0)
(2.23958 0.158269 0)
(2.26172 0.164484 0)
(2.28308 0.166224 0)
(2.30522 0.162323 0)
(2.32642 0.16157 0)
(2.34553 0.16848 0)
(2.35929 0.178062 0)
(2.36162 0.187434 0)
(2.36932 0.189928 0)
(2.38673 0.185207 0)
(2.40436 0.175805 0)
(2.42328 0.167171 0)
(2.44877 0.16244 0)
(2.47545 0.162796 0)
(2.5008 0.165619 0)
(2.52276 0.168276 0)
(2.52097 0.174616 0)
(2.5032 0.182179 0)
(2.5124 0.18624 0)
(2.53336 0.184412 0)
(2.55478 0.187501 0)
(2.57201 0.1777 0)
(2.57748 0.163418 0)
(2.59267 0.153378 0)
(2.59216 0.143578 0)
(2.56819 0.0794297 0)
(2.52071 -0.0222994 0)
(2.43019 -0.144918 0)
(2.3634 -0.23513 0)
(2.33851 -0.291695 0)
(2.34595 -0.315745 0)
(2.35578 -0.31852 0)
(2.37446 -0.321312 0)
(2.39104 -0.312447 0)
(2.4036 -0.312467 0)
(2.41444 -0.31098 0)
(2.42053 -0.303347 0)
(2.42095 -0.292625 0)
(2.41125 -0.254973 0)
(2.39118 -0.183515 0)
(2.36157 -0.0952047 0)
(2.31494 -0.000927968 0)
(2.2896 0.05476 0)
(2.25757 0.0762184 0)
(2.26121 0.0806355 0)
(2.26966 0.0820198 0)
(2.28816 0.0843124 0)
(2.30818 0.0858641 0)
(2.32033 0.0920853 0)
(2.32994 0.0902232 0)
(2.343 0.0930145 0)
(2.35742 0.0983061 0)
(2.3716 0.0987012 0)
(2.38289 0.0937977 0)
(2.39885 0.0890264 0)
(2.34823 0.849105 0)
(2.35483 0.846777 0)
(2.35986 0.841408 0)
(2.38605 0.818028 0)
(2.42328 0.78399 0)
(2.50761 0.70288 0)
(2.57991 0.600861 0)
(2.6097 0.57826 0)
(2.64914 0.522284 0)
(2.76974 0.394992 0)
(2.81372 0.290006 0)
(2.83108 0.249709 0)
(2.84286 0.231359 0)
(2.8739 0.152884 0)
(2.91431 0.0738576 0)
(2.92872 0.0237599 0)
(2.94137 0.00603797 0)
(2.92573 -0.0647231 0)
(2.84877 -0.237138 0)
(2.59234 -0.604289 0)
(2.44597 -0.773326 0)
(2.30454 -0.858906 0)
(2.31181 -0.859642 0)
(2.33615 -0.841024 0)
(2.36438 -0.818662 0)
(2.39558 -0.79125 0)
(2.41983 -0.763052 0)
(2.43386 -0.753665 0)
(2.43808 -0.748112 0)
(2.45933 -0.717333 0)
(2.47293 -0.692732 0)
(2.49847 -0.661615 0)
(2.49375 -0.594608 0)
(2.4252 -0.410477 0)
(2.2333 -0.0696218 0)
(2.1553 0.095097 0)
(2.13582 0.190998 0)
(2.12894 0.21645 0)
(2.14482 0.226311 0)
(2.17231 0.216296 0)
(2.20303 0.198178 0)
(2.23045 0.198805 0)
(2.25618 0.208415 0)
(2.2809 0.210863 0)
(2.30514 0.207512 0)
(2.3259 0.204141 0)
(2.34539 0.204538 0)
(2.36388 0.208562 0)
(2.3749 0.214128 0)
(2.37367 0.218923 0)
(2.37957 0.219805 0)
(2.40167 0.220634 0)
(2.42767 0.220175 0)
(2.45162 0.216935 0)
(2.4732 0.210037 0)
(2.4926 0.202802 0)
(2.50926 0.206385 0)
(2.5158 0.216685 0)
(2.51198 0.224211 0)
(2.51152 0.228042 0)
(2.52475 0.222182 0)
(2.53693 0.213163 0)
(2.55949 0.202696 0)
(2.56876 0.185911 0)
(2.56588 0.157453 0)
(2.52381 0.0665128 0)
(2.48391 -0.0574357 0)
(2.41361 -0.175657 0)
(2.33967 -0.238423 0)
(2.31906 -0.259509 0)
(2.32505 -0.271119 0)
(2.33931 -0.276575 0)
(2.35744 -0.281821 0)
(2.37273 -0.285005 0)
(2.39158 -0.278032 0)
(2.40972 -0.279932 0)
(2.42521 -0.282775 0)
(2.43547 -0.281617 0)
(2.43872 -0.273736 0)
(2.43582 -0.270174 0)
(2.42485 -0.24181 0)
(2.41285 -0.205136 0)
(2.37967 -0.140972 0)
(2.34058 -0.0550272 0)
(2.27919 0.0545429 0)
(2.2622 0.0974617 0)
(2.27019 0.118184 0)
(2.28301 0.120846 0)
(2.29261 0.120494 0)
(2.30937 0.119235 0)
(2.32726 0.111545 0)
(2.34117 0.109515 0)
(2.35424 0.116143 0)
(2.36599 0.11559 0)
(2.3748 0.105724 0)
(2.38822 0.101698 0)
(2.34377 0.837662 0)
(2.34684 0.842515 0)
(2.35107 0.84234 0)
(2.36164 0.836086 0)
(2.39173 0.809304 0)
(2.42656 0.777071 0)
(2.49087 0.714487 0)
(2.56824 0.61388 0)
(2.61186 0.563771 0)
(2.62738 0.548187 0)
(2.70254 0.458761 0)
(2.77941 0.346687 0)
(2.80494 0.260472 0)
(2.83376 0.246814 0)
(2.83034 0.245257 0)
(2.86301 0.183537 0)
(2.85365 0.0929553 0)
(2.78115 -0.142365 0)
(2.50299 -0.56402 0)
(2.37986 -0.748817 0)
(2.2841 -0.810957 0)
(2.30865 -0.806136 0)
(2.34654 -0.790005 0)
(2.36626 -0.780782 0)
(2.38093 -0.772746 0)
(2.41076 -0.745665 0)
(2.43127 -0.722777 0)
(2.44673 -0.712681 0)
(2.45187 -0.710191 0)
(2.47035 -0.682808 0)
(2.48102 -0.673623 0)
(2.51177 -0.65247 0)
(2.5412 -0.636269 0)
(2.5442 -0.595259 0)
(2.50182 -0.470996 0)
(2.37031 -0.20363 0)
(2.25236 0.0454498 0)
(2.15797 0.195141 0)
(2.15382 0.245027 0)
(2.1725 0.245656 0)
(2.20392 0.249252 0)
(2.22679 0.256714 0)
(2.24462 0.258156 0)
(2.26798 0.246933 0)
(2.29127 0.24283 0)
(2.31266 0.243707 0)
(2.33253 0.24302 0)
(2.35385 0.241162 0)
(2.37214 0.240906 0)
(2.37913 0.245474 0)
(2.38 0.257343 0)
(2.39146 0.261585 0)
(2.40786 0.258232 0)
(2.43093 0.253589 0)
(2.45714 0.250217 0)
(2.48224 0.248199 0)
(2.5056 0.248933 0)
(2.52726 0.25131 0)
(2.53541 0.260818 0)
(2.52211 0.264316 0)
(2.51617 0.251127 0)
(2.53408 0.238942 0)
(2.53957 0.215545 0)
(2.52111 0.158623 0)
(2.47406 0.0471146 0)
(2.40747 -0.107737 0)
(2.37072 -0.221223 0)
(2.32604 -0.25272 0)
(2.31339 -0.255078 0)
(2.30834 -0.253157 0)
(2.31613 -0.251705 0)
(2.3303 -0.246944 0)
(2.34578 -0.247774 0)
(2.36203 -0.248585 0)
(2.37907 -0.247099 0)
(2.39538 -0.245605 0)
(2.40972 -0.244131 0)
(2.42153 -0.244922 0)
(2.43018 -0.2457 0)
(2.43602 -0.245608 0)
(2.42919 -0.242997 0)
(2.42893 -0.228322 0)
(2.42588 -0.210658 0)
(2.40781 -0.165491 0)
(2.37021 -0.0834953 0)
(2.31561 0.0247822 0)
(2.29704 0.0849457 0)
(2.2838 0.13723 0)
(2.29091 0.138377 0)
(2.30039 0.134833 0)
(2.31806 0.13214 0)
(2.33598 0.130077 0)
(2.3489 0.132415 0)
(2.35863 0.134439 0)
(2.36622 0.124215 0)
(2.37795 0.119784 0)
(2.33343 0.837863 0)
(2.33758 0.84077 0)
(2.34247 0.84033 0)
(2.34504 0.838953 0)
(2.35804 0.829811 0)
(2.39211 0.799478 0)
(2.42906 0.768469 0)
(2.47674 0.719954 0)
(2.55716 0.630679 0)
(2.59928 0.554937 0)
(2.62165 0.548493 0)
(2.65819 0.492852 0)
(2.74261 0.380628 0)
(2.77661 0.330126 0)
(2.80602 0.25214 0)
(2.77082 0.156914 0)
(2.63348 -0.112216 0)
(2.41083 -0.48227 0)
(2.288 -0.654999 0)
(2.26529 -0.725072 0)
(2.29098 -0.721064 0)
(2.33046 -0.709872 0)
(2.36123 -0.703334 0)
(2.38035 -0.706435 0)
(2.39568 -0.709835 0)
(2.42011 -0.693584 0)
(2.4455 -0.672758 0)
(2.46618 -0.664883 0)
(2.48463 -0.655962 0)
(2.49784 -0.632494 0)
(2.50336 -0.628566 0)
(2.52088 -0.618093 0)
(2.54474 -0.600083 0)
(2.56076 -0.585648 0)
(2.58507 -0.557622 0)
(2.57733 -0.489476 0)
(2.50475 -0.320157 0)
(2.31138 -0.00270922 0)
(2.22496 0.187964 0)
(2.19388 0.281101 0)
(2.1905 0.30704 0)
(2.20313 0.319627 0)
(2.22653 0.310493 0)
(2.25429 0.290718 0)
(2.27987 0.281526 0)
(2.30457 0.285884 0)
(2.32774 0.28867 0)
(2.34875 0.284195 0)
(2.36537 0.277601 0)
(2.37802 0.280306 0)
(2.3816 0.291636 0)
(2.38488 0.299239 0)
(2.40381 0.300133 0)
(2.42794 0.297472 0)
(2.45105 0.29477 0)
(2.4734 0.291957 0)
(2.49807 0.290921 0)
(2.51827 0.291936 0)
(2.52224 0.294826 0)
(2.50744 0.289533 0)
(2.50778 0.263423 0)
(2.49989 0.232936 0)
(2.471 0.165162 0)
(2.37372 -0.00993561 0)
(2.34633 -0.119004 0)
(2.32606 -0.193972 0)
(2.3083 -0.211327 0)
(2.30719 -0.207299 0)
(2.31146 -0.213871 0)
(2.31563 -0.225503 0)
(2.31653 -0.221886 0)
(2.32544 -0.214717 0)
(2.33885 -0.21661 0)
(2.35494 -0.218593 0)
(2.3735 -0.220234 0)
(2.39155 -0.220021 0)
(2.40688 -0.217937 0)
(2.41955 -0.217615 0)
(2.43102 -0.219593 0)
(2.43805 -0.219455 0)
(2.435 -0.218028 0)
(2.42473 -0.214278 0)
(2.44024 -0.210844 0)
(2.44297 -0.200963 0)
(2.4353 -0.167321 0)
(2.40146 -0.0907538 0)
(2.36343 0.00196624 0)
(2.31253 0.108229 0)
(2.29741 0.142243 0)
(2.30023 0.164056 0)
(2.30932 0.162981 0)
(2.32061 0.15766 0)
(2.33235 0.15563 0)
(2.34721 0.155016 0)
(2.35935 0.144336 0)
(2.37371 0.139007 0)
(2.3242 0.841544 0)
(2.33033 0.844228 0)
(2.33252 0.843995 0)
(2.33584 0.842142 0)
(2.34035 0.838067 0)
(2.35405 0.826524 0)
(2.38863 0.796204 0)
(2.43063 0.762442 0)
(2.46792 0.723128 0)
(2.55063 0.635372 0)
(2.58825 0.581152 0)
(2.64123 0.517149 0)
(2.65392 0.508485 0)
(2.67606 0.414906 0)
(2.65419 0.25255 0)
(2.48485 -0.117378 0)
(2.32879 -0.413443 0)
(2.21813 -0.598523 0)
(2.21332 -0.624348 0)
(2.24755 -0.621489 0)
(2.28522 -0.612579 0)
(2.31607 -0.605206 0)
(2.34318 -0.608449 0)
(2.36979 -0.624402 0)
(2.39588 -0.635955 0)
(2.42314 -0.629683 0)
(2.44982 -0.612957 0)
(2.46957 -0.604943 0)
(2.48663 -0.589746 0)
(2.50117 -0.575633 0)
(2.52067 -0.572525 0)
(2.53952 -0.567563 0)
(2.56486 -0.540306 0)
(2.57732 -0.529827 0)
(2.59604 -0.513161 0)
(2.62808 -0.510168 0)
(2.62912 -0.483218 0)
(2.58411 -0.370439 0)
(2.4377 -0.0974814 0)
(2.35767 0.118372 0)
(2.2372 0.279453 0)
(2.20694 0.343373 0)
(2.22462 0.342171 0)
(2.25098 0.339317 0)
(2.27602 0.329355 0)
(2.29608 0.327192 0)
(2.31551 0.325369 0)
(2.33744 0.325924 0)
(2.3605 0.324861 0)
(2.38038 0.325643 0)
(2.39511 0.328874 0)
(2.39213 0.333926 0)
(2.397 0.337206 0)
(2.41984 0.341305 0)
(2.44633 0.339715 0)
(2.47281 0.338256 0)
(2.49424 0.331754 0)
(2.50682 0.331856 0)
(2.50805 0.331031 0)
(2.49438 0.285994 0)
(2.46358 0.236725 0)
(2.3917 0.129464 0)
(2.29809 -0.0304082 0)
(2.26612 -0.133301 0)
(2.27181 -0.19099 0)
(2.27176 -0.20816 0)
(2.27939 -0.204523 0)
(2.29323 -0.197653 0)
(2.30306 -0.199644 0)
(2.30614 -0.203948 0)
(2.31106 -0.194456 0)
(2.31683 -0.183093 0)
(2.33048 -0.184916 0)
(2.34831 -0.191732 0)
(2.36544 -0.195429 0)
(2.38379 -0.195212 0)
(2.40047 -0.191875 0)
(2.41424 -0.189659 0)
(2.42461 -0.190356 0)
(2.4272 -0.18964 0)
(2.42343 -0.188634 0)
(2.4278 -0.194576 0)
(2.43854 -0.193615 0)
(2.45081 -0.191542 0)
(2.45976 -0.181529 0)
(2.45934 -0.157508 0)
(2.4419 -0.104293 0)
(2.39554 -0.00766514 0)
(2.35185 0.0767173 0)
(2.32385 0.12309 0)
(2.31062 0.15676 0)
(2.31031 0.172149 0)
(2.32094 0.172246 0)
(2.33778 0.172302 0)
(2.35199 0.165246 0)
(2.36881 0.159221 0)
(2.32998 0.836662 0)
(2.32763 0.843409 0)
(2.32921 0.840939 0)
(2.32977 0.837853 0)
(2.33111 0.836256 0)
(2.33768 0.833123 0)
(2.35522 0.820332 0)
(2.38159 0.800477 0)
(2.43872 0.744582 0)
(2.46607 0.722725 0)
(2.53201 0.651286 0)
(2.58783 0.626963 0)
(2.56219 0.490071 0)
(2.50753 0.273627 0)
(2.32756 -0.104952 0)
(2.23346 -0.329772 0)
(2.17403 -0.462218 0)
(2.17822 -0.480881 0)
(2.20694 -0.496026 0)
(2.24335 -0.507489 0)
(2.27893 -0.516979 0)
(2.31004 -0.522254 0)
(2.33794 -0.526998 0)
(2.3643 -0.537659 0)
(2.39152 -0.546805 0)
(2.42135 -0.548061 0)
(2.45283 -0.544044 0)
(2.48069 -0.544264 0)
(2.50414 -0.531741 0)
(2.52021 -0.515102 0)
(2.53038 -0.511775 0)
(2.54077 -0.507448 0)
(2.56496 -0.483173 0)
(2.58867 -0.471017 0)
(2.61765 -0.458921 0)
(2.6481 -0.457075 0)
(2.66737 -0.450286 0)
(2.67929 -0.430936 0)
(2.65728 -0.373123 0)
(2.58063 -0.199168 0)
(2.39742 0.0962201 0)
(2.32047 0.252566 0)
(2.25922 0.356842 0)
(2.24932 0.381307 0)
(2.26255 0.380167 0)
(2.28289 0.379236 0)
(2.30561 0.374394 0)
(2.32971 0.369602 0)
(2.35304 0.364888 0)
(2.37539 0.36627 0)
(2.3894 0.373891 0)
(2.39499 0.37919 0)
(2.39995 0.378872 0)
(2.41047 0.379975 0)
(2.43446 0.37383 0)
(2.45666 0.367184 0)
(2.47104 0.362273 0)
(2.48553 0.357815 0)
(2.467 0.304933 0)
(2.42707 0.20688 0)
(2.34148 0.0728569 0)
(2.24305 -0.0758441 0)
(2.2177 -0.112154 0)
(2.23569 -0.138253 0)
(2.24666 -0.158225 0)
(2.26502 -0.166022 0)
(2.27976 -0.167816 0)
(2.2898 -0.16999 0)
(2.29855 -0.177385 0)
(2.30578 -0.180494 0)
(2.31157 -0.168855 0)
(2.31528 -0.155302 0)
(2.32825 -0.156281 0)
(2.34545 -0.163905 0)
(2.36033 -0.168123 0)
(2.37733 -0.166922 0)
(2.39409 -0.162869 0)
(2.41104 -0.162178 0)
(2.4256 -0.164566 0)
(2.43008 -0.164525 0)
(2.4237 -0.162504 0)
(2.42511 -0.165992 0)
(2.43545 -0.169505 0)
(2.45294 -0.169669 0)
(2.46858 -0.166109 0)
(2.47971 -0.159748 0)
(2.48153 -0.148861 0)
(2.46992 -0.1093 0)
(2.43959 -0.0391536 0)
(2.382 0.0504003 0)
(2.33493 0.124792 0)
(2.32151 0.157697 0)
(2.32485 0.190872 0)
(2.33284 0.18956 0)
(2.34578 0.18746 0)
(2.3654 0.180929 0)
(2.31923 0.881936 0)
(2.30395 0.864836 0)
(2.31019 0.839257 0)
(2.32187 0.825232 0)
(2.32916 0.822448 0)
(2.33567 0.825073 0)
(2.34588 0.823029 0)
(2.36287 0.811059 0)
(2.39175 0.790546 0)
(2.42788 0.755207 0)
(2.47013 0.704705 0)
(2.45689 0.570793 0)
(2.31978 0.246643 0)
(2.18076 -0.0879712 0)
(2.10523 -0.317099 0)
(2.08945 -0.391915 0)
(2.1218 -0.395426 0)
(2.15484 -0.392512 0)
(2.18667 -0.401374 0)
(2.22164 -0.415087 0)
(2.25839 -0.42447 0)
(2.29468 -0.429407 0)
(2.32896 -0.436162 0)
(2.36012 -0.449246 0)
(2.38831 -0.459273 0)
(2.4159 -0.459968 0)
(2.44467 -0.454864 0)
(2.47451 -0.45207 0)
(2.50491 -0.444825 0)
(2.53328 -0.439288 0)
(2.55473 -0.448099 0)
(2.57043 -0.4448 0)
(2.57933 -0.423058 0)
(2.58739 -0.409752 0)
(2.60671 -0.405328 0)
(2.6406 -0.397295 0)
(2.67325 -0.397778 0)
(2.70157 -0.384665 0)
(2.71452 -0.387561 0)
(2.70669 -0.343966 0)
(2.66138 -0.2313 0)
(2.55307 -0.0212129 0)
(2.37722 0.253008 0)
(2.31017 0.360834 0)
(2.28731 0.412546 0)
(2.29756 0.409227 0)
(2.32087 0.410936 0)
(2.34908 0.41037 0)
(2.36904 0.40673 0)
(2.3806 0.409101 0)
(2.38972 0.415637 0)
(2.39764 0.418177 0)
(2.40321 0.419904 0)
(2.41231 0.419516 0)
(2.4276 0.405679 0)
(2.44798 0.399324 0)
(2.45004 0.375346 0)
(2.4228 0.30096 0)
(2.36359 0.158093 0)
(2.27153 -0.0224795 0)
(2.22148 -0.112619 0)
(2.19594 -0.166431 0)
(2.2039 -0.15809 0)
(2.21804 -0.141906 0)
(2.23799 -0.137819 0)
(2.2531 -0.132645 0)
(2.26784 -0.133458 0)
(2.28654 -0.140824 0)
(2.30526 -0.155703 0)
(2.31702 -0.161665 0)
(2.32342 -0.150114 0)
(2.32258 -0.13276 0)
(2.32892 -0.129165 0)
(2.34577 -0.135016 0)
(2.36256 -0.139099 0)
(2.38017 -0.13907 0)
(2.39813 -0.13863 0)
(2.41654 -0.141133 0)
(2.43152 -0.144578 0)
(2.43651 -0.143666 0)
(2.42981 -0.138331 0)
(2.42865 -0.13801 0)
(2.4411 -0.141641 0)
(2.45775 -0.143658 0)
(2.47599 -0.143339 0)
(2.49223 -0.143329 0)
(2.50105 -0.141708 0)
(2.5065 -0.137639 0)
(2.49293 -0.0989247 0)
(2.47077 -0.0510911 0)
(2.42493 0.0160532 0)
(2.37958 0.0940748 0)
(2.35073 0.16909 0)
(2.34314 0.189932 0)
(2.35663 0.198159 0)
(2.36959 0.19893 0)
(2.38444 0.810615 0)
(2.31923 0.863548 0)
(2.31096 0.857358 0)
(2.31944 0.838578 0)
(2.33466 0.828059 0)
(2.33811 0.827408 0)
(2.339 0.831462 0)
(2.34435 0.826018 0)
(2.3639 0.822937 0)
(2.36203 0.759657 0)
(2.304 0.557087 0)
(2.15367 0.213887 0)
(2.04579 -0.0405608 0)
(2.01654 -0.193007 0)
(2.02525 -0.254251 0)
(2.06042 -0.285251 0)
(2.10764 -0.295609 0)
(2.15041 -0.309598 0)
(2.18662 -0.32861 0)
(2.2205 -0.34235 0)
(2.25566 -0.346025 0)
(2.29154 -0.343987 0)
(2.32641 -0.345831 0)
(2.36021 -0.357697 0)
(2.39183 -0.371124 0)
(2.4232 -0.37864 0)
(2.45718 -0.380157 0)
(2.49138 -0.379071 0)
(2.52257 -0.373417 0)
(2.54967 -0.365597 0)
(2.57009 -0.368366 0)
(2.58608 -0.365336 0)
(2.60338 -0.356117 0)
(2.6196 -0.35331 0)
(2.63603 -0.346199 0)
(2.6563 -0.336823 0)
(2.67831 -0.326808 0)
(2.69533 -0.320121 0)
(2.71749 -0.325613 0)
(2.73113 -0.329623 0)
(2.74272 -0.293685 0)
(2.72465 -0.223609 0)
(2.65465 -0.0815461 0)
(2.49602 0.178215 0)
(2.38083 0.373015 0)
(2.3337 0.448576 0)
(2.33154 0.472215 0)
(2.34469 0.474672 0)
(2.36488 0.468591 0)
(2.38534 0.459453 0)
(2.40461 0.455811 0)
(2.41494 0.456027 0)
(2.40892 0.457892 0)
(2.40663 0.447419 0)
(2.4187 0.426239 0)
(2.40939 0.386209 0)
(2.362 0.285734 0)
(2.2816 0.0991054 0)
(2.23078 -0.0588261 0)
(2.20656 -0.0866857 0)
(2.19713 -0.0967676 0)
(2.20484 -0.0999738 0)
(2.22409 -0.112441 0)
(2.23599 -0.113189 0)
(2.23678 -0.114227 0)
(2.24543 -0.10881 0)
(2.26139 -0.107651 0)
(2.28284 -0.111886 0)
(2.30285 -0.119168 0)
(2.31745 -0.119924 0)
(2.32883 -0.113202 0)
(2.33421 -0.107704 0)
(2.3394 -0.107473 0)
(2.35468 -0.110111 0)
(2.37212 -0.111881 0)
(2.38874 -0.112768 0)
(2.40572 -0.115542 0)
(2.42316 -0.121162 0)
(2.4377 -0.125868 0)
(2.44497 -0.125272 0)
(2.44248 -0.118355 0)
(2.43752 -0.111077 0)
(2.44568 -0.110093 0)
(2.4624 -0.111517 0)
(2.48063 -0.112641 0)
(2.50021 -0.115946 0)
(2.51602 -0.118186 0)
(2.52495 -0.121012 0)
(2.52318 -0.116296 0)
(2.51481 -0.0844187 0)
(2.50238 -0.0556107 0)
(2.4731 -0.00461446 0)
(2.43412 0.0718285 0)
(2.3892 0.166904 0)
(2.37819 0.191583 0)
(2.38325 0.218843 0)
(2.62063 0.571774 0)
(2.37325 0.845181 0)
(2.3151 0.867446 0)
(2.31455 0.823515 0)
(2.34278 0.818112 0)
(2.34669 0.830044 0)
(2.34155 0.839537 0)
(2.334 0.829006 0)
(2.30515 0.761798 0)
(2.15818 0.499093 0)
(1.98319 0.137276 0)
(1.89302 -0.0915133 0)
(1.91662 -0.177693 0)
(1.94359 -0.18901 0)
(1.98439 -0.193512 0)
(2.03403 -0.205644 0)
(2.08987 -0.22276 0)
(2.14337 -0.239357 0)
(2.18629 -0.254349 0)
(2.22105 -0.266835 0)
(2.25719 -0.272897 0)
(2.29692 -0.271753 0)
(2.33534 -0.269656 0)
(2.37045 -0.274171 0)
(2.40486 -0.280826 0)
(2.43821 -0.284118 0)
(2.46723 -0.285005 0)
(2.49287 -0.284924 0)
(2.5207 -0.285943 0)
(2.55164 -0.288842 0)
(2.58027 -0.293364 0)
(2.595 -0.285061 0)
(2.59805 -0.267864 0)
(2.61025 -0.266359 0)
(2.64438 -0.270807 0)
(2.67701 -0.27065 0)
(2.70472 -0.265851 0)
(2.72976 -0.264204 0)
(2.74745 -0.265472 0)
(2.75394 -0.260988 0)
(2.75491 -0.247701 0)
(2.76667 -0.240414 0)
(2.75631 -0.191982 0)
(2.72123 -0.0861441 0)
(2.60616 0.127604 0)
(2.48181 0.323549 0)
(2.42026 0.460603 0)
(2.36169 0.521691 0)
(2.36253 0.524941 0)
(2.37651 0.517422 0)
(2.39853 0.509423 0)
(2.41476 0.499805 0)
(2.41624 0.492843 0)
(2.39758 0.442202 0)
(2.36564 0.374324 0)
(2.27647 0.221372 0)
(2.19397 0.0438176 0)
(2.18745 -0.074515 0)
(2.18365 -0.13344 0)
(2.18347 -0.119456 0)
(2.18914 -0.103081 0)
(2.20556 -0.0969311 0)
(2.22765 -0.0925909 0)
(2.24118 -0.0865966 0)
(2.24802 -0.0855393 0)
(2.25661 -0.0880439 0)
(2.27517 -0.0885006 0)
(2.2957 -0.0900514 0)
(2.31663 -0.0918679 0)
(2.33537 -0.0907176 0)
(2.35105 -0.088447 0)
(2.35872 -0.0890268 0)
(2.3584 -0.0907478 0)
(2.36773 -0.0895292 0)
(2.38288 -0.0875213 0)
(2.39831 -0.0877939 0)
(2.41522 -0.0923093 0)
(2.43141 -0.0996925 0)
(2.44428 -0.104018 0)
(2.45206 -0.101107 0)
(2.45294 -0.0930533 0)
(2.45121 -0.0849858 0)
(2.46061 -0.0809774 0)
(2.47486 -0.0803174 0)
(2.49089 -0.0821449 0)
(2.50961 -0.0871579 0)
(2.52801 -0.0935843 0)
(2.54176 -0.100525 0)
(2.54272 -0.101812 0)
(2.53686 -0.0927131 0)
(2.53332 -0.0745271 0)
(2.53014 -0.0448799 0)
(2.51968 -0.00922684 0)
(2.47889 0.0717475 0)
(2.44559 0.139117 0)
(2.41914 0.209363 0)
(2.89828 0.195417 0)
(2.58514 0.623361 0)
(2.47839 0.723901 0)
(2.39302 0.770155 0)
(2.36235 0.828239 0)
(2.34663 0.859705 0)
(2.30974 0.824442 0)
(2.22495 0.664819 0)
(2.0804 0.380982 0)
(1.912 0.115934 0)
(1.85827 0.00756434 0)
(1.86308 -0.0349226 0)
(1.90188 -0.0811022 0)
(1.94743 -0.108173 0)
(1.98742 -0.132925 0)
(2.02983 -0.148543 0)
(2.08216 -0.157796 0)
(2.13856 -0.168424 0)
(2.18997 -0.179442 0)
(2.23071 -0.191024 0)
(2.26555 -0.199836 0)
(2.30208 -0.200901 0)
(2.34137 -0.196631 0)
(2.37759 -0.193772 0)
(2.40731 -0.194431 0)
(2.43976 -0.195566 0)
(2.47905 -0.197048 0)
(2.51793 -0.200355 0)
(2.55112 -0.204066 0)
(2.57292 -0.206183 0)
(2.5856 -0.20964 0)
(2.60023 -0.213247 0)
(2.62196 -0.209345 0)
(2.64474 -0.199249 0)
(2.6563 -0.19632 0)
(2.66284 -0.199663 0)
(2.68212 -0.194316 0)
(2.71321 -0.188117 0)
(2.75086 -0.192112 0)
(2.78148 -0.194348 0)
(2.79568 -0.193451 0)
(2.79535 -0.179536 0)
(2.77958 -0.182971 0)
(2.78981 -0.137715 0)
(2.76961 -0.0781666 0)
(2.70331 0.0550706 0)
(2.54095 0.325993 0)
(2.47766 0.469751 0)
(2.41754 0.541922 0)
(2.40906 0.56465 0)
(2.40893 0.56627 0)
(2.39135 0.523073 0)
(2.3657 0.438171 0)
(2.31754 0.313417 0)
(2.22261 0.149174 0)
(2.17514 0.0533132 0)
(2.16086 -0.0217112 0)
(2.17659 -0.060751 0)
(2.18771 -0.0664765 0)
(2.20474 -0.0627046 0)
(2.21832 -0.0660817 0)
(2.2262 -0.0789111 0)
(2.23766 -0.0769813 0)
(2.25287 -0.0658948 0)
(2.26789 -0.0659203 0)
(2.28112 -0.0714705 0)
(2.29648 -0.0695337 0)
(2.31262 -0.0638378 0)
(2.32853 -0.0590804 0)
(2.34374 -0.0572985 0)
(2.35764 -0.0589347 0)
(2.36666 -0.062454 0)
(2.36761 -0.0658394 0)
(2.37289 -0.0646595 0)
(2.38692 -0.0616395 0)
(2.4036 -0.0614811 0)
(2.42188 -0.0656714 0)
(2.43741 -0.0733756 0)
(2.45021 -0.0779168 0)
(2.46097 -0.0756752 0)
(2.46751 -0.0668353 0)
(2.46698 -0.0536427 0)
(2.46743 -0.0478079 0)
(2.47732 -0.0505083 0)
(2.49204 -0.054283 0)
(2.50883 -0.0588548 0)
(2.52601 -0.0651802 0)
(2.54001 -0.073334 0)
(2.54985 -0.082181 0)
(2.55642 -0.0763577 0)
(2.55605 -0.0655642 0)
(2.55648 -0.0537105 0)
(2.5544 -0.0248525 0)
(2.54726 0.00163409 0)
(2.52778 0.0465147 0)
(2.47937 0.151274 0)
(2.99333 0.0146424 0)
(2.89398 0.185576 0)
(2.80321 0.368678 0)
(2.56594 0.661103 0)
(2.42623 0.888026 0)
(2.19673 0.734203 0)
(2.07745 0.459205 0)
(2.05659 0.241489 0)
(1.87123 0.0244006 0)
(1.80429 -0.0690824 0)
(1.8103 -0.0614515 0)
(1.84307 -0.0387046 0)
(1.88761 -0.0357671 0)
(1.94957 -0.0565369 0)
(2.00508 -0.0859541 0)
(2.05508 -0.102136 0)
(2.10797 -0.104156 0)
(2.1601 -0.105614 0)
(2.20915 -0.111241 0)
(2.25336 -0.120139 0)
(2.28995 -0.129762 0)
(2.32609 -0.131586 0)
(2.36466 -0.132533 0)
(2.39807 -0.129097 0)
(2.42857 -0.119939 0)
(2.45449 -0.113297 0)
(2.47772 -0.109441 0)
(2.50311 -0.1143 0)
(2.53625 -0.118783 0)
(2.57595 -0.122214 0)
(2.60723 -0.126514 0)
(2.62749 -0.126168 0)
(2.64158 -0.120583 0)
(2.65081 -0.114365 0)
(2.66584 -0.112462 0)
(2.68079 -0.111919 0)
(2.69867 -0.112732 0)
(2.71981 -0.115578 0)
(2.74169 -0.128004 0)
(2.76595 -0.126984 0)
(2.78524 -0.120008 0)
(2.80568 -0.107528 0)
(2.81509 -0.108514 0)
(2.79991 -0.101324 0)
(2.80999 -0.0795006 0)
(2.81079 -0.0473392 0)
(2.77668 0.0379246 0)
(2.64391 0.289648 0)
(2.58692 0.433741 0)
(2.49652 0.576082 0)
(2.42613 0.547896 0)
(2.28842 0.392782 0)
(2.20424 0.182278 0)
(2.19351 0.0602454 0)
(2.13743 -0.0228943 0)
(2.13744 -0.066541 0)
(2.14351 -0.0769378 0)
(2.17025 -0.0711765 0)
(2.19832 -0.0452557 0)
(2.2123 -0.0215862 0)
(2.23334 -0.0267072 0)
(2.2469 -0.05177 0)
(2.25536 -0.0566371 0)
(2.27121 -0.0450721 0)
(2.28908 -0.0358853 0)
(2.30481 -0.0372115 0)
(2.3199 -0.0444422 0)
(2.33572 -0.0460832 0)
(2.3516 -0.0420177 0)
(2.36336 -0.0374305 0)
(2.36961 -0.0352868 0)
(2.3722 -0.0373627 0)
(2.37333 -0.0410647 0)
(2.38098 -0.0410865 0)
(2.39624 -0.0398713 0)
(2.41485 -0.0408867 0)
(2.43507 -0.0436718 0)
(2.45259 -0.0471565 0)
(2.46474 -0.0476131 0)
(2.47501 -0.0445919 0)
(2.48356 -0.0406278 0)
(2.48571 -0.0345378 0)
(2.48323 -0.030117 0)
(2.48951 -0.0304248 0)
(2.50287 -0.0308637 0)
(2.51495 -0.0336544 0)
(2.524 -0.0408791 0)
(2.53508 -0.0470028 0)
(2.55002 -0.0507402 0)
(2.56658 -0.0496061 0)
(2.57995 -0.046686 0)
(2.58121 -0.0390199 0)
(2.57006 -0.0318295 0)
(2.57322 -0.0209953 0)
(2.5709 -0.0122375 0)
(2.5454 0.0543454 0)
(2.99993 0.000105082 0)
(2.99561 0.0144486 0)
(2.97821 0.00823288 0)
(2.75763 0.209198 0)
(2.43621 0.635902 0)
(2.0807 0.353722 0)
(2.0142 0.0678949 0)
(1.99122 0.0713631 0)
(1.83843 0.065209 0)
(1.83938 0.0114521 0)
(1.85167 -0.0343299 0)
(1.87175 -0.0308141 0)
(1.89893 -0.0123689 0)
(1.93998 -0.00437993 0)
(2.00319 -0.0124096 0)
(2.07062 -0.0260352 0)
(2.1316 -0.0292132 0)
(2.17831 -0.0271113 0)
(2.211 -0.0335665 0)
(2.24138 -0.0392503 0)
(2.27737 -0.0430561 0)
(2.31162 -0.0438164 0)
(2.34353 -0.0433449 0)
(2.39177 -0.0420206 0)
(2.43915 -0.0401266 0)
(2.48036 -0.0371708 0)
(2.50727 -0.0339168 0)
(2.53096 -0.0391108 0)
(2.54975 -0.041803 0)
(2.56567 -0.0345098 0)
(2.5865 -0.0316227 0)
(2.60613 -0.0325765 0)
(2.6235 -0.0364976 0)
(2.65474 -0.0434563 0)
(2.68514 -0.0408257 0)
(2.70823 -0.0306673 0)
(2.72599 -0.0281702 0)
(2.748 -0.041389 0)
(2.76565 -0.0568299 0)
(2.77639 -0.0481032 0)
(2.78946 -0.0397471 0)
(2.79901 -0.0285738 0)
(2.80839 -0.0280753 0)
(2.81493 -0.0391283 0)
(2.82794 -0.0297741 0)
(2.84892 -0.0135784 0)
(2.84989 -0.00868517 0)
(2.81482 0.0382336 0)
(2.70335 0.146295 0)
(2.53755 0.246041 0)
(2.39901 0.30255 0)
(2.2386 0.174879 0)
(2.19621 0.036624 0)
(2.16786 0.0297113 0)
(2.14573 0.0359608 0)
(2.15726 0.0117144 0)
(2.18169 -0.0345353 0)
(2.19585 -0.0499634 0)
(2.21237 -0.028188 0)
(2.21739 -0.00207765 0)
(2.23066 -0.00106775 0)
(2.24835 -0.016765 0)
(2.25871 -0.0227575 0)
(2.27425 -0.00966709 0)
(2.29172 -0.00151188 0)
(2.31004 -0.00339523 0)
(2.32734 -0.00968147 0)
(2.34271 -0.0148521 0)
(2.35606 -0.0144625 0)
(2.36429 -0.0104169 0)
(2.36703 -0.00755484 0)
(2.36755 -0.0097038 0)
(2.366 -0.0153337 0)
(2.37237 -0.0174597 0)
(2.38836 -0.016988 0)
(2.40666 -0.0176317 0)
(2.42479 -0.018234 0)
(2.44153 -0.0169668 0)
(2.45684 -0.0143148 0)
(2.47141 -0.0105444 0)
(2.48282 -0.00906287 0)
(2.48796 -0.00885277 0)
(2.48174 -0.0111349 0)
(2.48052 -0.0109276 0)
(2.49104 -0.0109582 0)
(2.50432 -0.011235 0)
(2.51876 -0.0129254 0)
(2.53483 -0.0159837 0)
(2.55101 -0.016207 0)
(2.56684 -0.0132541 0)
(2.58284 -0.0105438 0)
(2.58828 -0.0103951 0)
(2.56963 -0.012826 0)
(2.57586 -0.0126037 0)
(2.58102 -0.0117755 0)
(2.57994 -0.00199894 0)
(2.9999 -0.00030733 0)
(3.00033 0.00047675 0)
(2.91828 -0.122035 0)
(2.69369 -0.420664 0)
(2.45026 -0.166334 0)
(2.30442 -0.264914 0)
(2.06387 -0.297261 0)
(1.88564 -0.146884 0)
(1.83303 0.0125452 0)
(1.84345 0.0265135 0)
(1.87615 0.00598815 0)
(1.88751 -0.00733679 0)
(1.90821 0.0135294 0)
(1.95033 0.0365104 0)
(2.00317 0.0498458 0)
(2.0569 0.0413402 0)
(2.10459 0.0300465 0)
(2.14613 0.032231 0)
(2.19371 0.034752 0)
(2.24617 0.0307311 0)
(2.29683 0.0277899 0)
(2.34391 0.0300364 0)
(2.38189 0.0397799 0)
(2.40354 0.0410751 0)
(2.4244 0.0306203 0)
(2.45192 0.0308553 0)
(2.47632 0.0405176 0)
(2.49586 0.0465995 0)
(2.53452 0.0453449 0)
(2.57484 0.043383 0)
(2.61286 0.0416016 0)
(2.63822 0.0418984 0)
(2.65517 0.0426014 0)
(2.66294 0.0379707 0)
(2.67261 0.0349304 0)
(2.68635 0.0350343 0)
(2.69233 0.032446 0)
(2.70772 0.0330914 0)
(2.74163 0.0372551 0)
(2.76911 0.0360104 0)
(2.80181 0.0362566 0)
(2.82779 0.0391008 0)
(2.83185 0.0422976 0)
(2.80799 0.0209935 0)
(2.79751 0.0277123 0)
(2.82986 0.0293458 0)
(2.83594 0.0222892 0)
(2.81587 -0.0110021 0)
(2.7 -0.154643 0)
(2.52898 -0.304696 0)
(2.3845 -0.192696 0)
(2.30999 -0.188187 0)
(2.22218 -0.165544 0)
(2.12417 -0.0818977 0)
(2.13477 0.0264944 0)
(2.15124 0.0458879 0)
(2.18665 0.0284945 0)
(2.2168 -0.00898572 0)
(2.22066 -0.00691965 0)
(2.22282 0.0115782 0)
(2.23254 0.0214914 0)
(2.24652 0.0164441 0)
(2.25224 0.0103199 0)
(2.26366 0.0184666 0)
(2.28889 0.0217952 0)
(2.30975 0.0217601 0)
(2.32975 0.0178682 0)
(2.34975 0.0115741 0)
(2.3658 0.00913319 0)
(2.37019 0.015217 0)
(2.368 0.0192394 0)
(2.3639 0.0157747 0)
(2.36201 0.011791 0)
(2.37379 0.0115634 0)
(2.39188 0.0127371 0)
(2.41038 0.0133038 0)
(2.42922 0.012932 0)
(2.44723 0.0119811 0)
(2.46422 0.0113906 0)
(2.48006 0.0138688 0)
(2.49282 0.0140426 0)
(2.49701 0.0110153 0)
(2.48713 0.0119438 0)
(2.47808 0.0146906 0)
(2.49057 0.0132288 0)
(2.50914 0.0113066 0)
(2.52522 0.0114022 0)
(2.54132 0.0135486 0)
(2.55761 0.0139831 0)
(2.57518 0.0144565 0)
(2.59215 0.014358 0)
(2.59667 0.0132106 0)
(2.57302 0.0118541 0)
(2.58052 0.0054562 0)
(2.58777 0.0035003 0)
(2.58243 -0.00919042 0)
(2.99223 -0.0165534 0)
(2.9627 -0.0932159 0)
(2.6594 -0.509393 0)
(2.47499 -0.762753 0)
(2.39359 -0.759931 0)
(2.36516 -0.739006 0)
(2.17158 -0.529765 0)
(1.89778 -0.203725 0)
(1.81664 0.024292 0)
(1.8329 0.0746534 0)
(1.84919 0.049798 0)
(1.86083 0.0266716 0)
(1.89806 0.0354353 0)
(1.95376 0.0704499 0)
(2.00393 0.0988052 0)
(2.05201 0.10171 0)
(2.09988 0.0977836 0)
(2.15052 0.10125 0)
(2.20058 0.109937 0)
(2.2455 0.108826 0)
(2.2872 0.10709 0)
(2.32582 0.116193 0)
(2.36345 0.130046 0)
(2.40393 0.132002 0)
(2.43795 0.124319 0)
(2.46409 0.119013 0)
(2.49054 0.119747 0)
(2.52149 0.127654 0)
(2.55253 0.133961 0)
(2.57681 0.125022 0)
(2.59458 0.117108 0)
(2.60862 0.114813 0)
(2.62654 0.118097 0)
(2.65826 0.118399 0)
(2.69029 0.117525 0)
(2.70163 0.120317 0)
(2.68945 0.127962 0)
(2.69903 0.123619 0)
(2.72034 0.114166 0)
(2.74902 0.106408 0)
(2.77494 0.104615 0)
(2.79554 0.106632 0)
(2.80872 0.112076 0)
(2.79721 0.102678 0)
(2.80762 0.0846061 0)
(2.80752 0.0591052 0)
(2.77427 -0.0283868 0)
(2.66729 -0.254357 0)
(2.58279 -0.443143 0)
(2.49134 -0.574163 0)
(2.40437 -0.505244 0)
(2.35005 -0.411979 0)
(2.25667 -0.260872 0)
(2.12742 -0.0638083 0)
(2.11788 0.0947839 0)
(2.14175 0.112669 0)
(2.17046 0.0753088 0)
(2.18191 0.0412722 0)
(2.19483 0.0369173 0)
(2.21379 0.0426992 0)
(2.23309 0.0515325 0)
(2.2431 0.0506276 0)
(2.25108 0.0381644 0)
(2.26369 0.0401362 0)
(2.28184 0.0496006 0)
(2.2995 0.0528076 0)
(2.32003 0.0462985 0)
(2.3376 0.0403886 0)
(2.35356 0.0403204 0)
(2.36874 0.0416816 0)
(2.37892 0.0431018 0)
(2.37379 0.0424094 0)
(2.3663 0.0362522 0)
(2.38173 0.0341303 0)
(2.4011 0.0348833 0)
(2.4206 0.0363066 0)
(2.43903 0.0384887 0)
(2.45582 0.0404726 0)
(2.46919 0.0409594 0)
(2.47678 0.0402675 0)
(2.48306 0.0403209 0)
(2.48398 0.0392243 0)
(2.48021 0.0350536 0)
(2.4857 0.0335872 0)
(2.49987 0.0375998 0)
(2.51277 0.0396669 0)
(2.52364 0.038719 0)
(2.53707 0.0406848 0)
(2.55262 0.0421245 0)
(2.56934 0.044086 0)
(2.58224 0.0431861 0)
(2.58513 0.0404912 0)
(2.57188 0.0322072 0)
(2.57377 0.0187973 0)
(2.5728 0.00947436 0)
(2.54577 -0.0548243 0)
(2.87715 -0.190763 0)
(2.70502 -0.46432 0)
(2.44379 -0.796005 0)
(2.33375 -0.876594 0)
(2.33035 -0.852279 0)
(2.33136 -0.834732 0)
(2.31148 -0.796165 0)
(2.2261 -0.659286 0)
(2.0733 -0.375434 0)
(1.91592 -0.11173 0)
(1.87511 -0.0131726 0)
(1.87454 0.0266877 0)
(1.90662 0.0862774 0)
(1.9489 0.123737 0)
(1.98612 0.127455 0)
(2.02601 0.133915 0)
(2.07258 0.147261 0)
(2.1245 0.163016 0)
(2.17918 0.17488 0)
(2.23069 0.182243 0)
(2.2772 0.191054 0)
(2.32043 0.202234 0)
(2.35906 0.212279 0)
(2.39052 0.215647 0)
(2.41439 0.210736 0)
(2.43725 0.204669 0)
(2.46686 0.203047 0)
(2.49898 0.199986 0)
(2.5291 0.194388 0)
(2.55787 0.191094 0)
(2.58769 0.19613 0)
(2.61798 0.204383 0)
(2.64385 0.20826 0)
(2.66103 0.20013 0)
(2.66344 0.188987 0)
(2.67696 0.19417 0)
(2.70307 0.192128 0)
(2.72692 0.190729 0)
(2.74609 0.191508 0)
(2.75514 0.197988 0)
(2.77392 0.191755 0)
(2.79416 0.185198 0)
(2.81738 0.171048 0)
(2.81229 0.124482 0)
(2.78543 0.0647492 0)
(2.69898 -0.0727096 0)
(2.55776 -0.308161 0)
(2.49859 -0.450227 0)
(2.41461 -0.548978 0)
(2.39528 -0.570239 0)
(2.40475 -0.559906 0)
(2.40595 -0.532216 0)
(2.37776 -0.459403 0)
(2.30696 -0.309903 0)
(2.24025 -0.121441 0)
(2.20434 -0.00583338 0)
(2.17954 0.0172977 0)
(2.17437 0.0341486 0)
(2.17607 0.0635208 0)
(2.19293 0.0738634 0)
(2.21078 0.0747167 0)
(2.223 0.0687616 0)
(2.23336 0.0587249 0)
(2.2463 0.0588991 0)
(2.25835 0.0710437 0)
(2.2747 0.0714887 0)
(2.29988 0.0695901 0)
(2.32098 0.0668658 0)
(2.33966 0.0670398 0)
(2.35875 0.0678314 0)
(2.37149 0.0685235 0)
(2.36588 0.065361 0)
(2.35475 0.061087 0)
(2.36991 0.0596424 0)
(2.38761 0.0599961 0)
(2.40636 0.0612367 0)
(2.42463 0.0638663 0)
(2.44175 0.0661381 0)
(2.45854 0.068369 0)
(2.47488 0.0701009 0)
(2.48375 0.070963 0)
(2.47599 0.0641432 0)
(2.46616 0.0555714 0)
(2.47446 0.0563849 0)
(2.48814 0.0600164 0)
(2.50375 0.0624855 0)
(2.5202 0.065129 0)
(2.53696 0.0700546 0)
(2.55281 0.0750131 0)
(2.56149 0.0725888 0)
(2.56293 0.0666242 0)
(2.56058 0.0610684 0)
(2.55642 0.0296249 0)
(2.54475 0.00556462 0)
(2.52454 -0.0355287 0)
(2.47078 -0.140325 0)
(2.54825 -0.615718 0)
(2.44048 -0.744806 0)
(2.37983 -0.855083 0)
(2.33552 -0.860941 0)
(2.32052 -0.850877 0)
(2.31164 -0.837191 0)
(2.31742 -0.827018 0)
(2.32321 -0.815297 0)
(2.30503 -0.752101 0)
(2.17037 -0.511768 0)
(1.97709 -0.149916 0)
(1.91912 0.0912503 0)
(1.9103 0.180275 0)
(1.93825 0.184434 0)
(1.98371 0.178052 0)
(2.03213 0.187792 0)
(2.08262 0.214794 0)
(2.13257 0.242103 0)
(2.18211 0.259779 0)
(2.2303 0.269136 0)
(2.27432 0.275444 0)
(2.31189 0.28285 0)
(2.34325 0.291089 0)
(2.37062 0.293588 0)
(2.39853 0.28787 0)
(2.42886 0.28434 0)
(2.4604 0.285658 0)
(2.49312 0.283721 0)
(2.52622 0.281451 0)
(2.55631 0.278961 0)
(2.5819 0.278121 0)
(2.59786 0.274509 0)
(2.61083 0.268599 0)
(2.63002 0.264945 0)
(2.65736 0.270817 0)
(2.68412 0.283409 0)
(2.70328 0.279975 0)
(2.71122 0.265961 0)
(2.71415 0.256784 0)
(2.72311 0.253439 0)
(2.74704 0.23748 0)
(2.77043 0.231114 0)
(2.76512 0.203264 0)
(2.7184 0.0909644 0)
(2.61658 -0.109694 0)
(2.45744 -0.346018 0)
(2.41084 -0.460309 0)
(2.36558 -0.515015 0)
(2.37284 -0.51687 0)
(2.38791 -0.514196 0)
(2.40482 -0.51156 0)
(2.42204 -0.494556 0)
(2.42691 -0.492512 0)
(2.40708 -0.450765 0)
(2.36785 -0.345315 0)
(2.30718 -0.212367 0)
(2.2213 -0.0635416 0)
(2.14974 0.0697921 0)
(2.15963 0.131133 0)
(2.17798 0.117474 0)
(2.19476 0.0977805 0)
(2.21253 0.0868548 0)
(2.23082 0.0806587 0)
(2.24364 0.0917597 0)
(2.24198 0.100669 0)
(2.26286 0.10005 0)
(2.28643 0.0988819 0)
(2.30558 0.0940827 0)
(2.32295 0.0920183 0)
(2.34055 0.0898352 0)
(2.35352 0.0853715 0)
(2.35138 0.0816731 0)
(2.34357 0.084973 0)
(2.35895 0.0898294 0)
(2.37694 0.0921816 0)
(2.39545 0.0938629 0)
(2.41533 0.0966532 0)
(2.43418 0.0980508 0)
(2.45256 0.0985154 0)
(2.46794 0.0985858 0)
(2.47084 0.0927091 0)
(2.45657 0.0836317 0)
(2.45764 0.0832921 0)
(2.47204 0.0863592 0)
(2.48837 0.0889844 0)
(2.50632 0.0919363 0)
(2.52293 0.0955612 0)
(2.5331 0.0988819 0)
(2.5391 0.0980399 0)
(2.53842 0.0932793 0)
(2.53795 0.0824581 0)
(2.52801 0.0441137 0)
(2.51829 0.00139935 0)
(2.4773 -0.0775691 0)
(2.44678 -0.134929 0)
(2.41347 -0.199746 0)
(2.39102 -0.758439 0)
(2.36421 -0.805412 0)
(2.35535 -0.835597 0)
(2.34284 -0.851618 0)
(2.32866 -0.856009 0)
(2.31688 -0.846141 0)
(2.31885 -0.837664 0)
(2.33392 -0.825873 0)
(2.35894 -0.815326 0)
(2.3648 -0.754734 0)
(2.31248 -0.569839 0)
(2.15608 -0.208213 0)
(2.04427 0.0580911 0)
(2.02308 0.175702 0)
(2.03249 0.225023 0)
(2.06467 0.268028 0)
(2.10379 0.300899 0)
(2.14141 0.324144 0)
(2.18037 0.333434 0)
(2.22261 0.337575 0)
(2.2651 0.344597 0)
(2.30313 0.356757 0)
(2.33449 0.3689 0)
(2.36324 0.371512 0)
(2.39321 0.365856 0)
(2.42366 0.366131 0)
(2.45326 0.371442 0)
(2.48125 0.369985 0)
(2.50269 0.361758 0)
(2.52093 0.351711 0)
(2.54763 0.351557 0)
(2.58436 0.355153 0)
(2.61905 0.351106 0)
(2.64243 0.347986 0)
(2.66107 0.357961 0)
(2.66576 0.354722 0)
(2.67125 0.340027 0)
(2.68716 0.328765 0)
(2.71388 0.319244 0)
(2.72195 0.317598 0)
(2.73893 0.284111 0)
(2.72227 0.224453 0)
(2.64718 0.0835118 0)
(2.47558 -0.196367 0)
(2.39715 -0.342222 0)
(2.33209 -0.448725 0)
(2.31808 -0.47899 0)
(2.32821 -0.48029 0)
(2.3533 -0.469923 0)
(2.3771 -0.457019 0)
(2.39818 -0.452323 0)
(2.41473 -0.451746 0)
(2.42482 -0.451547 0)
(2.42207 -0.456209 0)
(2.4227 -0.433972 0)
(2.41116 -0.389795 0)
(2.36799 -0.304946 0)
(2.27144 -0.139516 0)
(2.20787 0.0263843 0)
(2.201 0.081592 0)
(2.20356 0.103748 0)
(2.21042 0.109226 0)
(2.22529 0.119512 0)
(2.23314 0.129273 0)
(2.22974 0.129325 0)
(2.24616 0.114056 0)
(2.26612 0.110609 0)
(2.28622 0.113789 0)
(2.3052 0.113697 0)
(2.32305 0.109477 0)
(2.3362 0.103396 0)
(2.34172 0.0998946 0)
(2.34157 0.105016 0)
(2.34479 0.112796 0)
(2.35957 0.117586 0)
(2.37888 0.119535 0)
(2.39849 0.121091 0)
(2.41867 0.123036 0)
(2.43831 0.124131 0)
(2.45291 0.121668 0)
(2.45102 0.111581 0)
(2.44047 0.104752 0)
(2.44584 0.105788 0)
(2.46017 0.110388 0)
(2.47629 0.113597 0)
(2.49186 0.117414 0)
(2.50478 0.119891 0)
(2.51306 0.122249 0)
(2.51718 0.117658 0)
(2.51096 0.0949052 0)
(2.50044 0.0552888 0)
(2.47218 -0.0113206 0)
(2.43963 -0.0825949 0)
(2.39337 -0.178687 0)
(2.38242 -0.196316 0)
(2.38285 -0.215965 0)
(2.30058 -0.854654 0)
(2.32425 -0.831993 0)
(2.33226 -0.827544 0)
(2.3354 -0.833112 0)
(2.33377 -0.839883 0)
(2.32651 -0.839895 0)
(2.33308 -0.832063 0)
(2.35401 -0.813825 0)
(2.38831 -0.785995 0)
(2.42904 -0.751455 0)
(2.47442 -0.702299 0)
(2.45761 -0.566959 0)
(2.33392 -0.256961 0)
(2.18557 0.0869933 0)
(2.09628 0.309279 0)
(2.0846 0.394561 0)
(2.11136 0.409204 0)
(2.15211 0.414366 0)
(2.19358 0.413319 0)
(2.23336 0.413974 0)
(2.27087 0.422385 0)
(2.30337 0.436014 0)
(2.33034 0.446037 0)
(2.35585 0.443596 0)
(2.38098 0.432561 0)
(2.40457 0.430979 0)
(2.42827 0.438285 0)
(2.45411 0.445733 0)
(2.48715 0.447369 0)
(2.52661 0.443673 0)
(2.56093 0.443706 0)
(2.58785 0.448069 0)
(2.60252 0.43149 0)
(2.61288 0.410061 0)
(2.61778 0.416761 0)
(2.63705 0.41019 0)
(2.66414 0.403059 0)
(2.68587 0.385774 0)
(2.70175 0.37766 0)
(2.69263 0.331545 0)
(2.65289 0.227512 0)
(2.55024 0.0136799 0)
(2.39863 -0.24509 0)
(2.32066 -0.366448 0)
(2.28725 -0.40773 0)
(2.29545 -0.406195 0)
(2.31355 -0.414535 0)
(2.33743 -0.417329 0)
(2.36117 -0.41268 0)
(2.38289 -0.410521 0)
(2.40214 -0.410043 0)
(2.41779 -0.410445 0)
(2.42629 -0.407952 0)
(2.42528 -0.418149 0)
(2.42072 -0.417432 0)
(2.43633 -0.403892 0)
(2.43844 -0.381878 0)
(2.41205 -0.315361 0)
(2.34691 -0.174495 0)
(2.25735 0.0182839 0)
(2.23228 0.113844 0)
(2.21127 0.169372 0)
(2.21184 0.166432 0)
(2.21802 0.158372 0)
(2.23078 0.149244 0)
(2.24335 0.138133 0)
(2.26076 0.139087 0)
(2.28001 0.142924 0)
(2.29879 0.139052 0)
(2.31344 0.130816 0)
(2.32507 0.125194 0)
(2.33426 0.125091 0)
(2.34007 0.131069 0)
(2.34561 0.138535 0)
(2.35766 0.14589 0)
(2.37692 0.151316 0)
(2.39607 0.153421 0)
(2.41391 0.153523 0)
(2.4285 0.149704 0)
(2.43471 0.142666 0)
(2.43073 0.131889 0)
(2.43 0.127557 0)
(2.44006 0.12913 0)
(2.45684 0.134562 0)
(2.47492 0.140721 0)
(2.48924 0.148392 0)
(2.49723 0.14761 0)
(2.50187 0.141358 0)
(2.48635 0.109214 0)
(2.46631 0.0560709 0)
(2.42194 -0.0231616 0)
(2.38802 -0.0942461 0)
(2.35129 -0.185679 0)
(2.34843 -0.211179 0)
(2.35584 -0.207919 0)
(2.37073 -0.201179 0)
(2.32712 -0.829598 0)
(2.331 -0.829623 0)
(2.33345 -0.832522 0)
(2.33529 -0.836559 0)
(2.33385 -0.840961 0)
(2.33388 -0.838366 0)
(2.35146 -0.82117 0)
(2.37783 -0.79786 0)
(2.4353 -0.741305 0)
(2.46709 -0.720583 0)
(2.53328 -0.651565 0)
(2.58891 -0.62918 0)
(2.56239 -0.489344 0)
(2.5127 -0.282963 0)
(2.32084 0.0899962 0)
(2.225 0.333082 0)
(2.16225 0.482152 0)
(2.17404 0.498628 0)
(2.2119 0.502987 0)
(2.25167 0.501829 0)
(2.28622 0.511407 0)
(2.31341 0.527473 0)
(2.33632 0.536836 0)
(2.3609 0.532568 0)
(2.38796 0.52176 0)
(2.41675 0.523739 0)
(2.44726 0.534752 0)
(2.47359 0.546637 0)
(2.49583 0.544505 0)
(2.51572 0.523886 0)
(2.53403 0.505104 0)
(2.55685 0.508294 0)
(2.58405 0.496991 0)
(2.60656 0.484017 0)
(2.61894 0.482329 0)
(2.63416 0.470256 0)
(2.63834 0.456552 0)
(2.65803 0.423661 0)
(2.64152 0.357986 0)
(2.57136 0.197343 0)
(2.40319 -0.0992411 0)
(2.33768 -0.262796 0)
(2.27179 -0.366404 0)
(2.268 -0.372254 0)
(2.27186 -0.371845 0)
(2.2841 -0.373033 0)
(2.2998 -0.372795 0)
(2.31913 -0.3697 0)
(2.3411 -0.366028 0)
(2.36554 -0.367796 0)
(2.38904 -0.370502 0)
(2.40785 -0.370687 0)
(2.41854 -0.365281 0)
(2.41996 -0.366941 0)
(2.42223 -0.370625 0)
(2.43758 -0.366818 0)
(2.45554 -0.366061 0)
(2.47037 -0.359305 0)
(2.45934 -0.315455 0)
(2.41552 -0.212867 0)
(2.3363 -0.0485661 0)
(2.2793 0.0707831 0)
(2.25716 0.125383 0)
(2.24317 0.151558 0)
(2.23753 0.160526 0)
(2.24882 0.172211 0)
(2.26201 0.176619 0)
(2.27506 0.172359 0)
(2.29066 0.163546 0)
(2.30522 0.154776 0)
(2.31918 0.150748 0)
(2.33354 0.152919 0)
(2.34669 0.158129 0)
(2.35784 0.163046 0)
(2.36881 0.170453 0)
(2.37946 0.177483 0)
(2.3909 0.178046 0)
(2.40318 0.173638 0)
(2.41323 0.166387 0)
(2.41812 0.159753 0)
(2.4212 0.154931 0)
(2.4299 0.153587 0)
(2.44342 0.154976 0)
(2.459 0.15873 0)
(2.47339 0.165577 0)
(2.48084 0.167703 0)
(2.48155 0.160857 0)
(2.46554 0.124018 0)
(2.43417 0.0555641 0)
(2.38144 -0.0311232 0)
(2.32349 -0.124447 0)
(2.31468 -0.167484 0)
(2.32579 -0.20705 0)
(2.33863 -0.205402 0)
(2.34825 -0.197475 0)
(2.37162 -0.186531 0)
(2.3162 -0.840556 0)
(2.3287 -0.839954 0)
(2.33489 -0.8402 0)
(2.33724 -0.840068 0)
(2.34196 -0.837942 0)
(2.35554 -0.827747 0)
(2.38877 -0.798137 0)
(2.43028 -0.76181 0)
(2.46784 -0.722058 0)
(2.54996 -0.635 0)
(2.58765 -0.582662 0)
(2.64021 -0.519608 0)
(2.65206 -0.509647 0)
(2.67537 -0.416426 0)
(2.65116 -0.254654 0)
(2.47568 0.12901 0)
(2.32705 0.424309 0)
(2.22473 0.598061 0)
(2.22344 0.618372 0)
(2.25714 0.613734 0)
(2.2891 0.6056 0)
(2.31346 0.6085 0)
(2.33647 0.61633 0)
(2.36204 0.616946 0)
(2.38913 0.609431 0)
(2.41411 0.607603 0)
(2.43816 0.612907 0)
(2.45467 0.618006 0)
(2.47129 0.609109 0)
(2.50136 0.590084 0)
(2.53753 0.571195 0)
(2.56594 0.571175 0)
(2.59032 0.558651 0)
(2.59287 0.54758 0)
(2.58836 0.531055 0)
(2.605 0.52186 0)
(2.60354 0.467122 0)
(2.57727 0.364337 0)
(2.43321 0.0919704 0)
(2.31006 -0.16767 0)
(2.25906 -0.270367 0)
(2.2405 -0.31717 0)
(2.24921 -0.314016 0)
(2.26855 -0.318733 0)
(2.28311 -0.326005 0)
(2.28845 -0.32879 0)
(2.30303 -0.32616 0)
(2.32358 -0.324644 0)
(2.34622 -0.327439 0)
(2.37099 -0.332251 0)
(2.3946 -0.335404 0)
(2.41248 -0.332579 0)
(2.42255 -0.324509 0)
(2.4304 -0.32264 0)
(2.44246 -0.327931 0)
(2.45949 -0.331031 0)
(2.4792 -0.332147 0)
(2.4897 -0.332955 0)
(2.49562 -0.333537 0)
(2.48819 -0.301576 0)
(2.46836 -0.236905 0)
(2.41603 -0.129738 0)
(2.32512 0.0366108 0)
(2.28816 0.142888 0)
(2.26157 0.19977 0)
(2.25157 0.211798 0)
(2.25635 0.212781 0)
(2.27109 0.205902 0)
(2.28855 0.197555 0)
(2.30555 0.18765 0)
(2.32087 0.180624 0)
(2.33763 0.18278 0)
(2.35325 0.188992 0)
(2.36671 0.191554 0)
(2.37851 0.194547 0)
(2.38803 0.201285 0)
(2.39297 0.205773 0)
(2.39637 0.197521 0)
(2.40085 0.183696 0)
(2.40922 0.180878 0)
(2.42061 0.183328 0)
(2.43491 0.184394 0)
(2.44993 0.184271 0)
(2.46174 0.183515 0)
(2.47006 0.182187 0)
(2.46346 0.16851 0)
(2.44022 0.119397 0)
(2.39972 0.0299787 0)
(2.34641 -0.0492781 0)
(2.30763 -0.109165 0)
(2.28918 -0.166933 0)
(2.30203 -0.177468 0)
(2.3245 -0.176592 0)
(2.33966 -0.174446 0)
(2.35579 -0.1675 0)
(2.3835 -0.161669 0)
(2.33003 -0.838773 0)
(2.33694 -0.83904 0)
(2.34315 -0.838602 0)
(2.34614 -0.83787 0)
(2.35927 -0.830353 0)
(2.39275 -0.801561 0)
(2.42979 -0.769473 0)
(2.47694 -0.720173 0)
(2.5573 -0.630085 0)
(2.59938 -0.555057 0)
(2.62154 -0.549952 0)
(2.65727 -0.495047 0)
(2.74239 -0.38323 0)
(2.7764 -0.330412 0)
(2.80567 -0.251273 0)
(2.7706 -0.153951 0)
(2.63451 0.120978 0)
(2.42169 0.482296 0)
(2.29674 0.643615 0)
(2.26896 0.716865 0)
(2.29027 0.71643 0)
(2.32414 0.71182 0)
(2.35237 0.70824 0)
(2.37155 0.700883 0)
(2.39178 0.688198 0)
(2.41511 0.68184 0)
(2.44028 0.688094 0)
(2.46228 0.693534 0)
(2.4853 0.679048 0)
(2.5093 0.646665 0)
(2.52836 0.616659 0)
(2.54063 0.614258 0)
(2.55572 0.608449 0)
(2.55939 0.600342 0)
(2.57294 0.563864 0)
(2.55837 0.487166 0)
(2.48873 0.311677 0)
(2.31725 -0.00336347 0)
(2.21833 -0.196991 0)
(2.18732 -0.300972 0)
(2.20016 -0.292389 0)
(2.22675 -0.282894 0)
(2.25713 -0.278486 0)
(2.2701 -0.285115 0)
(2.27001 -0.289303 0)
(2.28231 -0.28835 0)
(2.30469 -0.286779 0)
(2.32928 -0.287897 0)
(2.35295 -0.291078 0)
(2.37515 -0.294022 0)
(2.3959 -0.295264 0)
(2.41462 -0.291873 0)
(2.42794 -0.28583 0)
(2.43647 -0.279718 0)
(2.44302 -0.281791 0)
(2.45404 -0.28603 0)
(2.47016 -0.287727 0)
(2.48756 -0.290351 0)
(2.50263 -0.302007 0)
(2.50899 -0.301247 0)
(2.51919 -0.279238 0)
(2.51303 -0.245053 0)
(2.47426 -0.163909 0)
(2.39635 -0.00536484 0)
(2.36103 0.108188 0)
(2.30907 0.188125 0)
(2.28771 0.217032 0)
(2.27656 0.227788 0)
(2.28572 0.230835 0)
(2.30901 0.224231 0)
(2.32974 0.216409 0)
(2.34738 0.214965 0)
(2.36425 0.217918 0)
(2.37898 0.218265 0)
(2.3907 0.218389 0)
(2.39687 0.220531 0)
(2.39325 0.220717 0)
(2.38826 0.21646 0)
(2.40098 0.212047 0)
(2.41782 0.210953 0)
(2.43322 0.210758 0)
(2.45411 0.208777 0)
(2.46454 0.204488 0)
(2.46373 0.192909 0)
(2.45007 0.1641 0)
(2.41677 0.096679 0)
(2.36618 -0.00996812 0)
(2.32589 -0.0878396 0)
(2.27857 -0.127803 0)
(2.26815 -0.160394 0)
(2.28847 -0.173478 0)
(2.30882 -0.167575 0)
(2.3297 -0.15296 0)
(2.34702 -0.141908 0)
(2.36306 -0.136345 0)
(2.38938 -0.138071 0)
(2.34286 -0.837537 0)
(2.34676 -0.841766 0)
(2.35116 -0.841457 0)
(2.36142 -0.835915 0)
(2.39169 -0.809832 0)
(2.42691 -0.777588 0)
(2.49117 -0.714902 0)
(2.56837 -0.614165 0)
(2.6121 -0.564268 0)
(2.62781 -0.548359 0)
(2.70244 -0.459727 0)
(2.78006 -0.349282 0)
(2.80593 -0.261721 0)
(2.83413 -0.247317 0)
(2.82944 -0.244137 0)
(2.86483 -0.182633 0)
(2.85663 -0.0944231 0)
(2.78644 0.135881 0)
(2.51429 0.54196 0)
(2.3721 0.741752 0)
(2.27676 0.816212 0)
(2.29999 0.810635 0)
(2.33518 0.794058 0)
(2.35874 0.77882 0)
(2.38633 0.754806 0)
(2.41022 0.737849 0)
(2.42862 0.740365 0)
(2.44793 0.741542 0)
(2.46203 0.724786 0)
(2.4824 0.683446 0)
(2.49578 0.656697 0)
(2.51557 0.648058 0)
(2.54495 0.654544 0)
(2.53099 0.592347 0)
(2.49491 0.474957 0)
(2.35145 0.196224 0)
(2.22326 -0.0803868 0)
(2.17737 -0.177162 0)
(2.16835 -0.234569 0)
(2.18213 -0.236757 0)
(2.21226 -0.238624 0)
(2.24665 -0.237201 0)
(2.26368 -0.244234 0)
(2.26541 -0.252952 0)
(2.27234 -0.254407 0)
(2.29148 -0.253674 0)
(2.31467 -0.250478 0)
(2.33842 -0.248547 0)
(2.3623 -0.250281 0)
(2.38723 -0.253191 0)
(2.41067 -0.254524 0)
(2.4298 -0.253808 0)
(2.44319 -0.252576 0)
(2.45095 -0.250778 0)
(2.45742 -0.251847 0)
(2.46724 -0.251961 0)
(2.4837 -0.249951 0)
(2.50174 -0.248276 0)
(2.5194 -0.258769 0)
(2.52747 -0.268716 0)
(2.52937 -0.25881 0)
(2.54555 -0.247828 0)
(2.54797 -0.227132 0)
(2.53013 -0.172491 0)
(2.4721 -0.0419965 0)
(2.40009 0.108763 0)
(2.34372 0.19942 0)
(2.30228 0.250848 0)
(2.29256 0.270457 0)
(2.3049 0.263627 0)
(2.32443 0.256433 0)
(2.34556 0.249104 0)
(2.36519 0.246863 0)
(2.38353 0.246442 0)
(2.39644 0.243554 0)
(2.40162 0.24193 0)
(2.39633 0.243254 0)
(2.39037 0.244044 0)
(2.39705 0.24036 0)
(2.4141 0.239709 0)
(2.42635 0.239468 0)
(2.43998 0.232914 0)
(2.44861 0.216328 0)
(2.42993 0.165613 0)
(2.38101 0.0620184 0)
(2.34851 -0.027936 0)
(2.31601 -0.0965603 0)
(2.28694 -0.116208 0)
(2.27483 -0.132848 0)
(2.27625 -0.148065 0)
(2.297 -0.146511 0)
(2.31956 -0.139398 0)
(2.3384 -0.127919 0)
(2.35534 -0.117139 0)
(2.3704 -0.115166 0)
(2.39674 -0.118294 0)
(2.34706 -0.848572 0)
(2.35455 -0.847039 0)
(2.3598 -0.84177 0)
(2.38615 -0.818337 0)
(2.42333 -0.784064 0)
(2.50802 -0.702456 0)
(2.58008 -0.601167 0)
(2.60932 -0.578885 0)
(2.6503 -0.522175 0)
(2.77054 -0.394522 0)
(2.81439 -0.290464 0)
(2.83142 -0.250347 0)
(2.843 -0.231776 0)
(2.87422 -0.152786 0)
(2.91416 -0.0723194 0)
(2.92801 -0.0228984 0)
(2.94262 -0.00714544 0)
(2.9264 0.0633764 0)
(2.8527 0.227088 0)
(2.58688 0.593251 0)
(2.42585 0.781504 0)
(2.30261 0.864668 0)
(2.3125 0.856732 0)
(2.33967 0.833735 0)
(2.37127 0.805036 0)
(2.39518 0.785768 0)
(2.41631 0.779674 0)
(2.43471 0.778266 0)
(2.44811 0.76077 0)
(2.47276 0.711021 0)
(2.48076 0.683116 0)
(2.49998 0.650344 0)
(2.48785 0.587335 0)
(2.40756 0.401431 0)
(2.24192 0.0884264 0)
(2.13344 -0.122046 0)
(2.10966 -0.23418 0)
(2.12699 -0.223578 0)
(2.1601 -0.207756 0)
(2.19312 -0.196361 0)
(2.22438 -0.196825 0)
(2.24791 -0.19904 0)
(2.25896 -0.205774 0)
(2.26838 -0.222598 0)
(2.28668 -0.22855 0)
(2.31004 -0.220883 0)
(2.33264 -0.211773 0)
(2.3546 -0.207111 0)
(2.37481 -0.207521 0)
(2.39081 -0.21047 0)
(2.40547 -0.214809 0)
(2.42286 -0.216113 0)
(2.44283 -0.216471 0)
(2.45965 -0.220328 0)
(2.46967 -0.222815 0)
(2.47343 -0.219173 0)
(2.47664 -0.212217 0)
(2.4847 -0.206965 0)
(2.50013 -0.210161 0)
(2.52002 -0.218592 0)
(2.53727 -0.221365 0)
(2.55345 -0.215204 0)
(2.57086 -0.20987 0)
(2.5768 -0.2003 0)
(2.56493 -0.167226 0)
(2.52006 -0.0664459 0)
(2.46261 0.0571735 0)
(2.37366 0.183384 0)
(2.33135 0.251326 0)
(2.32477 0.274523 0)
(2.34041 0.277441 0)
(2.3501 0.279367 0)
(2.36884 0.276808 0)
(2.39361 0.273383 0)
(2.4124 0.268464 0)
(2.416 0.26521 0)
(2.40485 0.26991 0)
(2.39368 0.271996 0)
(2.40689 0.266687 0)
(2.41775 0.265508 0)
(2.42518 0.254591 0)
(2.42037 0.221327 0)
(2.3924 0.151081 0)
(2.3482 0.0435109 0)
(2.32451 -0.0457747 0)
(2.29032 -0.112862 0)
(2.27549 -0.130228 0)
(2.27036 -0.134299 0)
(2.2773 -0.133746 0)
(2.29794 -0.129214 0)
(2.31682 -0.123527 0)
(2.336 -0.114519 0)
(2.3539 -0.104288 0)
(2.36984 -0.0953526 0)
(2.38224 -0.0971472 0)
(2.39897 -0.102537 0)
(2.35376 -0.851432 0)
(2.35842 -0.844908 0)
(2.38223 -0.820963 0)
(2.42431 -0.780083 0)
(2.51503 -0.690022 0)
(2.5893 -0.603956 0)
(2.61962 -0.559604 0)
(2.70913 -0.434426 0)
(2.78074 -0.331725 0)
(2.81969 -0.277286 0)
(2.84642 -0.207139 0)
(2.85766 -0.169372 0)
(2.85541 -0.140089 0)
(2.87882 -0.0565798 0)
(2.8892 0.00871156 0)
(2.90998 0.0155654 0)
(2.93262 -0.00893399 0)
(2.93462 0.0128422 0)
(2.91858 0.0554837 0)
(2.84573 0.190894 0)
(2.68145 0.472726 0)
(2.39483 0.803592 0)
(2.31821 0.86896 0)
(2.33854 0.837139 0)
(2.35638 0.822277 0)
(2.38205 0.803379 0)
(2.40827 0.779355 0)
(2.41757 0.772928 0)
(2.43504 0.745387 0)
(2.45188 0.708234 0)
(2.45071 0.649173 0)
(2.42469 0.546641 0)
(2.28805 0.270525 0)
(2.15818 0.000698121 0)
(2.09812 -0.116457 0)
(2.09546 -0.156747 0)
(2.11324 -0.158149 0)
(2.14412 -0.159386 0)
(2.18339 -0.153676 0)
(2.21591 -0.159977 0)
(2.23251 -0.165988 0)
(2.23908 -0.167502 0)
(2.25168 -0.174443 0)
(2.2692 -0.183108 0)
(2.28868 -0.181304 0)
(2.31276 -0.173402 0)
(2.33854 -0.16565 0)
(2.3606 -0.163421 0)
(2.37908 -0.168196 0)
(2.39876 -0.173367 0)
(2.41508 -0.176864 0)
(2.42572 -0.178408 0)
(2.43557 -0.178486 0)
(2.45031 -0.1794 0)
(2.46771 -0.181423 0)
(2.48084 -0.184008 0)
(2.48596 -0.180265 0)
(2.48538 -0.168469 0)
(2.49192 -0.16199 0)
(2.5133 -0.166793 0)
(2.53731 -0.171193 0)
(2.56016 -0.176185 0)
(2.58236 -0.174134 0)
(2.5974 -0.171858 0)
(2.60001 -0.176954 0)
(2.58374 -0.145827 0)
(2.55714 -0.0882313 0)
(2.50708 0.00492661 0)
(2.41514 0.150254 0)
(2.36921 0.255267 0)
(2.34963 0.317756 0)
(2.35757 0.322125 0)
(2.36871 0.319854 0)
(2.3877 0.310251 0)
(2.40289 0.297911 0)
(2.40797 0.294415 0)
(2.39858 0.300725 0)
(2.39827 0.295557 0)
(2.40591 0.287661 0)
(2.40536 0.263268 0)
(2.39197 0.209133 0)
(2.35972 0.121208 0)
(2.31389 0.0188656 0)
(2.30808 -0.037326 0)
(2.28211 -0.0768859 0)
(2.27276 -0.0877861 0)
(2.27342 -0.100266 0)
(2.28038 -0.108993 0)
(2.28871 -0.106079 0)
(2.30776 -0.0993083 0)
(2.32553 -0.0927336 0)
(2.34301 -0.0862092 0)
(2.36065 -0.0834639 0)
(2.37732 -0.0787175 0)
(2.38867 -0.0787567 0)
(2.40028 -0.0846334 0)
(2.35604 -0.846289 0)
(2.37683 -0.826064 0)
(2.42722 -0.77766 0)
(2.51479 -0.680523 0)
(2.5889 -0.594112 0)
(2.65872 -0.516196 0)
(2.75146 -0.340176 0)
(2.77457 -0.264591 0)
(2.7943 -0.245515 0)
(2.87381 -0.10699 0)
(2.88017 -0.00810125 0)
(2.85495 -0.0135422 0)
(2.87464 0.0265323 0)
(2.90469 0.0732837 0)
(2.90681 0.124263 0)
(2.92852 0.127409 0)
(2.94236 0.0950367 0)
(2.91838 0.0664146 0)
(2.90923 0.0586875 0)
(2.90379 0.0617227 0)
(2.87349 0.111193 0)
(2.6525 0.426444 0)
(2.40557 0.741553 0)
(2.36316 0.783642 0)
(2.35628 0.805087 0)
(2.36618 0.797782 0)
(2.38236 0.786848 0)
(2.39374 0.772301 0)
(2.41003 0.729378 0)
(2.40962 0.646009 0)
(2.36484 0.478065 0)
(2.19029 0.154502 0)
(2.08433 -0.0432322 0)
(2.04836 -0.152858 0)
(2.06052 -0.143838 0)
(2.09427 -0.12603 0)
(2.12548 -0.107462 0)
(2.15444 -0.105513 0)
(2.18497 -0.108289 0)
(2.21013 -0.121092 0)
(2.2231 -0.135175 0)
(2.23074 -0.141561 0)
(2.24703 -0.141227 0)
(2.27173 -0.139441 0)
(2.29829 -0.135651 0)
(2.32335 -0.129882 0)
(2.34652 -0.125994 0)
(2.36805 -0.125299 0)
(2.38285 -0.127084 0)
(2.38773 -0.134343 0)
(2.39613 -0.138545 0)
(2.413 -0.139832 0)
(2.43344 -0.141236 0)
(2.451 -0.141985 0)
(2.46375 -0.141557 0)
(2.47393 -0.142785 0)
(2.48369 -0.14086 0)
(2.49287 -0.134363 0)
(2.50309 -0.123337 0)
(2.51901 -0.117882 0)
(2.53995 -0.119349 0)
(2.55932 -0.125303 0)
(2.56883 -0.130795 0)
(2.57835 -0.145957 0)
(2.59051 -0.155911 0)
(2.59409 -0.146774 0)
(2.59198 -0.127463 0)
(2.57903 -0.082524 0)
(2.54285 -0.00875953 0)
(2.45472 0.144169 0)
(2.4043 0.253085 0)
(2.39373 0.300471 0)
(2.38348 0.335231 0)
(2.38678 0.33728 0)
(2.39372 0.33264 0)
(2.3953 0.327898 0)
(2.39843 0.317562 0)
(2.39616 0.293551 0)
(2.38513 0.261084 0)
(2.34826 0.174626 0)
(2.3129 0.0618091 0)
(2.30045 -0.00138115 0)
(2.2696 -0.0672541 0)
(2.26162 -0.0812133 0)
(2.25776 -0.0802168 0)
(2.26253 -0.081235 0)
(2.26974 -0.0719372 0)
(2.28043 -0.0732642 0)
(2.29856 -0.0750589 0)
(2.31804 -0.0723034 0)
(2.33298 -0.0679854 0)
(2.34771 -0.064787 0)
(2.36358 -0.064528 0)
(2.37886 -0.0616538 0)
(2.39039 -0.0630029 0)
(2.40085 -0.068096 0)
(2.36619 -0.833625 0)
(2.42135 -0.787144 0)
(2.51259 -0.689914 0)
(2.62678 -0.532055 0)
(2.68493 -0.470061 0)
(2.723 -0.38033 0)
(2.77999 -0.197252 0)
(2.81004 -0.166428 0)
(2.81805 -0.161693 0)
(2.85419 -0.0526291 0)
(2.84921 -0.0151099 0)
(2.87232 0.022354 0)
(2.89533 0.0282772 0)
(2.9138 0.0590732 0)
(2.91862 0.0927984 0)
(2.92488 0.0912332 0)
(2.918 0.0709364 0)
(2.90854 0.054282 0)
(2.90023 0.0404966 0)
(2.90557 0.032557 0)
(2.91631 0.0192672 0)
(2.87386 0.085687 0)
(2.73509 0.307387 0)
(2.4337 0.680126 0)
(2.3792 0.733963 0)
(2.35321 0.768971 0)
(2.35817 0.767959 0)
(2.35541 0.737984 0)
(2.34783 0.639435 0)
(2.28152 0.391624 0)
(2.15006 0.121033 0)
(2.02829 -0.0400213 0)
(2.01059 -0.0700264 0)
(2.02712 -0.0773535 0)
(2.07229 -0.0851048 0)
(2.10383 -0.0705809 0)
(2.11882 -0.0694471 0)
(2.13469 -0.0745443 0)
(2.15582 -0.0818156 0)
(2.18025 -0.0960524 0)
(2.20136 -0.110032 0)
(2.22133 -0.11193 0)
(2.2444 -0.102384 0)
(2.26843 -0.0926943 0)
(2.29313 -0.0868243 0)
(2.31549 -0.0854718 0)
(2.33214 -0.0874991 0)
(2.34348 -0.0902494 0)
(2.35318 -0.0928459 0)
(2.36469 -0.0974182 0)
(2.3803 -0.100052 0)
(2.39926 -0.100534 0)
(2.41991 -0.100367 0)
(2.44167 -0.102346 0)
(2.46257 -0.105901 0)
(2.47969 -0.10751 0)
(2.49176 -0.0991282 0)
(2.49757 -0.0862159 0)
(2.49902 -0.0787478 0)
(2.5031 -0.079752 0)
(2.51589 -0.0867343 0)
(2.53247 -0.0928689 0)
(2.55014 -0.0946366 0)
(2.56622 -0.105595 0)
(2.57934 -0.112191 0)
(2.59209 -0.110399 0)
(2.60409 -0.0980081 0)
(2.60709 -0.0925901 0)
(2.59508 -0.0577009 0)
(2.56966 0.00550996 0)
(2.5187 0.102744 0)
(2.43505 0.255932 0)
(2.4251 0.307512 0)
(2.38849 0.35638 0)
(2.38741 0.356416 0)
(2.38099 0.337039 0)
(2.37049 0.292215 0)
(2.35609 0.239804 0)
(2.32163 0.160775 0)
(2.27428 0.06248 0)
(2.26472 -0.00546345 0)
(2.24335 -0.0505496 0)
(2.24263 -0.0492019 0)
(2.24574 -0.0503384 0)
(2.26054 -0.0531379 0)
(2.26503 -0.0555388 0)
(2.258 -0.0562336 0)
(2.26274 -0.0537166 0)
(2.28321 -0.0507105 0)
(2.3035 -0.0480325 0)
(2.32528 -0.0466915 0)
(2.34478 -0.0456836 0)
(2.3614 -0.0444426 0)
(2.37598 -0.0411073 0)
(2.38309 -0.0457191 0)
(2.38176 -0.0532811 0)
(2.44449 -0.793059 0)
(2.59033 -0.66161 0)
(2.71624 -0.462 0)
(2.78853 -0.306357 0)
(2.84327 -0.176966 0)
(2.91591 0.00475984 0)
(2.93526 0.118086 0)
(2.9791 0.152607 0)
(2.97629 0.159731 0)
(2.94855 0.167814 0)
(2.94521 0.154703 0)
(2.97403 0.096988 0)
(2.9778 0.064954 0)
(2.96934 0.0582905 0)
(2.95286 0.0538164 0)
(2.94632 0.0463004 0)
(2.93593 0.0273645 0)
(2.92372 0.012505 0)
(2.91441 -0.0081225 0)
(2.92738 -0.0198985 0)
(2.94112 -0.0167347 0)
(2.93915 -0.00656528 0)
(2.91788 0.0357124 0)
(2.72626 0.293277 0)
(2.54456 0.532383 0)
(2.36862 0.772095 0)
(2.29084 0.72161 0)
(2.19979 0.518237 0)
(2.08359 0.191001 0)
(1.91979 -0.0514185 0)
(1.85652 -0.141772 0)
(1.89972 -0.113554 0)
(1.96543 -0.0749813 0)
(2.02055 -0.0464302 0)
(2.05969 -0.0354672 0)
(2.09008 -0.0305695 0)
(2.11426 -0.0317773 0)
(2.12709 -0.0343099 0)
(2.14225 -0.0421793 0)
(2.16725 -0.0560563 0)
(2.19262 -0.0661869 0)
(2.21917 -0.0629557 0)
(2.24917 -0.0576859 0)
(2.27924 -0.055521 0)
(2.30505 -0.0545824 0)
(2.32394 -0.0522791 0)
(2.3351 -0.0472363 0)
(2.34257 -0.045892 0)
(2.35101 -0.0520078 0)
(2.36376 -0.0584034 0)
(2.38068 -0.0603124 0)
(2.40073 -0.0616973 0)
(2.42272 -0.0629204 0)
(2.44508 -0.0639193 0)
(2.46645 -0.0626319 0)
(2.48612 -0.0598601 0)
(2.50284 -0.0549565 0)
(2.51306 -0.0507812 0)
(2.51269 -0.0447927 0)
(2.50778 -0.0370342 0)
(2.51458 -0.0382637 0)
(2.53047 -0.0486147 0)
(2.54751 -0.0573579 0)
(2.56502 -0.0678492 0)
(2.58081 -0.0704619 0)
(2.59773 -0.0694587 0)
(2.6156 -0.0615548 0)
(2.62867 -0.0630308 0)
(2.63428 -0.0524651 0)
(2.61291 -0.00252015 0)
(2.59286 0.0267743 0)
(2.55092 0.0904941 0)
(2.49115 0.202393 0)
(2.43983 0.299553 0)
(2.40244 0.331452 0)
(2.35236 0.292412 0)
(2.28416 0.187316 0)
(2.24695 0.0768788 0)
(2.20441 -0.00339603 0)
(2.17588 -0.0594382 0)
(2.17341 -0.0695967 0)
(2.19021 -0.0615253 0)
(2.21203 -0.0489397 0)
(2.23488 -0.0352257 0)
(2.25214 -0.0328767 0)
(2.25785 -0.0306474 0)
(2.2495 -0.0277125 0)
(2.25829 -0.026464 0)
(2.27728 -0.0258733 0)
(2.29647 -0.0257129 0)
(2.32004 -0.0263342 0)
(2.3401 -0.0258198 0)
(2.35966 -0.0254735 0)
(2.3778 -0.0232532 0)
(2.38449 -0.02161 0)
(2.37422 -0.0270737 0)
(2.42197 -0.829443 0)
(2.52988 -0.779269 0)
(2.67436 -0.732906 0)
(2.73319 -0.727803 0)
(2.84531 -0.501471 0)
(2.92025 -0.37312 0)
(2.97872 -0.203489 0)
(2.99456 -0.0826698 0)
(3.02671 -0.0299654 0)
(3.00027 0.0225745 0)
(2.97577 0.0565418 0)
(2.97928 0.0525494 0)
(2.99588 0.0484361 0)
(2.98384 0.0518415 0)
(2.97837 0.0526012 0)
(2.97449 0.0467123 0)
(2.96163 0.0323733 0)
(2.95111 0.0289789 0)
(2.94107 0.022686 0)
(2.95197 0.0153174 0)
(2.9624 0.00953045 0)
(2.96293 0.0051963 0)
(2.95052 0.00182343 0)
(2.91678 0.0265645 0)
(2.75302 0.14207 0)
(2.43162 0.387277 0)
(2.23062 0.417092 0)
(2.05442 0.417598 0)
(1.90026 0.236248 0)
(1.81408 0.128648 0)
(1.83433 0.0194268 0)
(1.91171 -0.0246546 0)
(1.98429 -0.0259085 0)
(2.0247 -0.0306293 0)
(2.04571 -0.0268718 0)
(2.0666 -0.0211759 0)
(2.08778 -0.0193661 0)
(2.1022 -0.0225919 0)
(2.11697 -0.0257844 0)
(2.14034 -0.0275423 0)
(2.17033 -0.0278707 0)
(2.2036 -0.0269983 0)
(2.23692 -0.0259051 0)
(2.26689 -0.0261118 0)
(2.28941 -0.0265039 0)
(2.30422 -0.0252979 0)
(2.31331 -0.0232069 0)
(2.32001 -0.023846 0)
(2.33009 -0.0279667 0)
(2.34426 -0.0317672 0)
(2.36158 -0.0321454 0)
(2.38191 -0.0319538 0)
(2.40463 -0.0307866 0)
(2.42808 -0.0298833 0)
(2.45078 -0.0287701 0)
(2.47146 -0.0281266 0)
(2.48753 -0.026022 0)
(2.49577 -0.025488 0)
(2.49448 -0.0252884 0)
(2.49094 -0.0264289 0)
(2.49491 -0.0296679 0)
(2.50713 -0.032767 0)
(2.52592 -0.0324067 0)
(2.54396 -0.0342485 0)
(2.56264 -0.0322352 0)
(2.58177 -0.029737 0)
(2.60204 -0.025823 0)
(2.62029 -0.0263442 0)
(2.62008 -0.031404 0)
(2.60903 -0.0257551 0)
(2.60508 -0.0188059 0)
(2.59801 -0.00906744 0)
(2.56031 0.0279873 0)
(2.47108 0.0855966 0)
(2.36244 0.156777 0)
(2.29244 0.128949 0)
(2.23149 0.127291 0)
(2.18895 0.123594 0)
(2.15383 0.082976 0)
(2.15586 0.0313716 0)
(2.16916 -0.0106706 0)
(2.1883 -0.0217095 0)
(2.21206 -0.0166014 0)
(2.23348 -0.0120725 0)
(2.24538 -0.0140266 0)
(2.24191 -0.0174964 0)
(2.23009 -0.0177353 0)
(2.24196 -0.0163915 0)
(2.26141 -0.0154161 0)
(2.28402 -0.0145135 0)
(2.30979 -0.0141838 0)
(2.33017 -0.0141586 0)
(2.34929 -0.0140423 0)
(2.36568 -0.0129621 0)
(2.36829 -0.0139178 0)
(2.3566 -0.0157838 0)
)
;

boundaryField
{
    inlet
    {
        type            fixedValue;
        value           uniform (3 0 0);
    }
    outlet
    {
        type            inletOutlet;
        inletValue      uniform (3 0 0);
        value           nonuniform List<vector> 
32
(
(2.39825 0.0116356 0)
(2.40806 0.0188565 0)
(2.39937 0.0387815 0)
(2.40264 0.0661125 0)
(2.39885 0.0890264 0)
(2.38822 0.101698 0)
(2.37795 0.119784 0)
(2.37371 0.139007 0)
(2.36881 0.159221 0)
(2.3654 0.180929 0)
(2.36959 0.19893 0)
(2.38325 0.218843 0)
(2.41914 0.209363 0)
(2.47937 0.151274 0)
(2.5454 0.0543454 0)
(2.57994 -0.00199894 0)
(2.58243 -0.00919042 0)
(2.54577 -0.0548243 0)
(2.47078 -0.140325 0)
(2.41347 -0.199746 0)
(2.38285 -0.215965 0)
(2.37073 -0.201179 0)
(2.37162 -0.186531 0)
(2.3835 -0.161669 0)
(2.38938 -0.138071 0)
(2.39674 -0.118294 0)
(2.39897 -0.102537 0)
(2.40028 -0.0846334 0)
(2.40085 -0.068096 0)
(2.38176 -0.0532811 0)
(2.37422 -0.0270737 0)
(2.3566 -0.0157838 0)
)
;
    }
    bottom
    {
        type            symmetryPlane;
    }
    top
    {
        type            symmetryPlane;
    }
    obstacle
    {
        type            slip;
    }
    defaultFaces
    {
        type            empty;
    }
}


// ************************************************************************* //
