/*--------------------------------*- C++ -*----------------------------------*\
  =========                 |
  \\      /  F ield         | OpenFOAM: The Open Source CFD Toolbox
   \\    /   O peration     | Website:  https://openfoam.org
    \\  /    A nd           | Version:  7
     \\/     M anipulation  |
\*---------------------------------------------------------------------------*/
FoamFile
{
    version     2.0;
    format      ascii;
    class       volVectorField;
    location    "0.1";
    object      U;
}
// * * * * * * * * * * * * * * * * * * * * * * * * * * * * * * * * * * * * * //

dimensions      [0 1 -1 0 0 0 0];

internalField   nonuniform List<vector> 
4608
(
(3 1.15877e-16 0)
(3 4.2126e-16 0)
(3 1.47746e-16 0)
(3 -7.96009e-18 0)
(3 -5.97497e-16 0)
(3 -8.65646e-16 0)
(3 -1.09137e-15 0)
(3 -7.72987e-16 0)
(3 -8.28645e-16 0)
(3 -7.50947e-16 0)
(3 -4.16797e-16 0)
(3 2.87486e-16 0)
(3 1.11557e-16 0)
(3 -1.47583e-16 0)
(3 -4.81659e-17 0)
(3 5.29264e-17 0)
(3 1.18343e-16 0)
(3 -2.49463e-16 0)
(3 -6.3199e-16 0)
(3 -1.10195e-15 0)
(3 -1.3386e-15 0)
(3 -1.31324e-15 0)
(3 -1.14664e-15 0)
(3 -8.49636e-16 0)
(3 1.08083e-16 0)
(3 4.30792e-16 0)
(3 1.78516e-16 0)
(3 -2.75246e-16 0)
(3 -1.61181e-15 0)
(3 -1.76272e-15 0)
(3 -1.62306e-15 0)
(3 -9.54458e-16 0)
(3 -1.16276e-15 0)
(3 -1.0617e-15 0)
(3 -6.66944e-16 0)
(3 -1.51213e-16 0)
(3 -3.60071e-17 0)
(3 1.31275e-16 0)
(3 8.126e-16 0)
(3 1.05343e-15 0)
(3 2.04976e-16 0)
(3 -1.72249e-16 0)
(3 -6.33864e-16 0)
(3 -1.02704e-15 0)
(3 -1.57023e-15 0)
(3 -1.33428e-15 0)
(3 -5.38271e-16 0)
(3 -1.40096e-16 0)
(3 -2.03829e-17 0)
(3 1.8636e-16 0)
(3 -1.99166e-16 0)
(3 -4.90992e-16 0)
(3 -1.01621e-15 0)
(3 -1.15879e-15 0)
(3 -6.64366e-16 0)
(3 -4.027e-16 0)
(3 -1.84163e-16 0)
(3 -3.51274e-17 0)
(3 3.10616e-16 0)
(3 3.56037e-16 0)
(3 1.56726e-16 0)
(3 5.71922e-17 0)
(3 1.40681e-16 0)
(3 -7.22679e-17 0)
(3 -9.19513e-17 0)
(3 -1.2071e-16 0)
(3 -1.1915e-16 0)
(3 -1.34668e-16 0)
(3 -1.4314e-16 0)
(3 7.07534e-17 0)
(3 2.10974e-16 0)
(3 4.87828e-16 0)
(3 3.37071e-17 0)
(3 1.2278e-16 0)
(3 -6.7829e-18 0)
(3 7.42783e-17 0)
(3 1.74744e-17 0)
(3 1.33695e-16 0)
(3 1.40287e-16 0)
(3 2.16984e-16 0)
(3 2.47737e-16 0)
(3 2.0488e-17 0)
(3 2.88442e-16 0)
(3 5.62334e-16 0)
(3 3.39402e-16 0)
(3 8.77481e-17 0)
(3 -5.709e-17 0)
(3 -5.02296e-16 0)
(3 -2.91779e-16 0)
(3 -3.52574e-16 0)
(3 -4.8396e-16 0)
(3 -5.09301e-16 0)
(3 -1.62255e-16 0)
(3 6.30723e-17 0)
(3 -1.06721e-16 0)
(3 6.22054e-16 0)
(3 1.85575e-16 0)
(3 4.28771e-16 0)
(3 1.1075e-15 0)
(3 1.02053e-15 0)
(3 1.19069e-15 0)
(3 7.44144e-16 0)
(3 -4.54677e-16 0)
(3 -4.61086e-16 0)
(3 -2.81614e-16 0)
(3 -1.37673e-16 0)
(3 -1.31621e-16 0)
(3 4.37561e-17 0)
(3 1.48867e-16 0)
(3 3.42903e-16 0)
(3 1.51109e-17 0)
(3 1.4107e-16 0)
(3 -7.45118e-16 0)
(3 -1.05806e-15 0)
(3 -9.94388e-16 0)
(3 -7.53246e-16 0)
(3 -4.7123e-16 0)
(3 -1.82433e-16 0)
(3 3.19423e-16 0)
(3 6.2918e-16 0)
(3 1.70779e-17 0)
(3 3.25116e-16 0)
(3 1.04786e-15 0)
(3 1.22809e-15 0)
(3 8.73902e-16 0)
(3 -3.0184e-16 0)
(3 -5.5673e-16 0)
(3 -1.0667e-15 0)
(3 -5.47679e-16 0)
(3 -1.69525e-16 0)
(3 -6.83083e-16 0)
(3 -4.69786e-16 0)
(3 1.83902e-16 0)
(3 2.02558e-16 0)
(3 -1.82212e-16 0)
(3 1.46402e-16 0)
(3 1.56298e-16 0)
(3 -3.40319e-17 0)
(3 1.09904e-16 0)
(3 1.12811e-16 0)
(3 4.88058e-18 0)
(3 5.79251e-16 0)
(3 1.22398e-15 0)
(3 -2.33133e-16 0)
(3 -8.90246e-17 0)
(3 -4.48681e-17 0)
(3 -3.84014e-16 0)
(3 -5.3077e-16 0)
(3 -8.81145e-16 0)
(3 -7.5273e-16 0)
(3 -2.86705e-16 0)
(3 1.71405e-16 0)
(3 3.07834e-17 0)
(3 -2.10145e-16 0)
(3 -5.93632e-16 0)
(3 -6.15789e-16 0)
(3 -5.50843e-16 0)
(3 -9.44978e-16 0)
(3 -1.11989e-15 0)
(3 -5.56937e-16 0)
(3 1.05543e-16 0)
(3 6.87232e-16 0)
(3 8.04827e-16 0)
(3 4.61587e-16 0)
(3 2.17555e-16 0)
(3 7.02386e-16 0)
(3 8.77116e-16 0)
(3 -1.43235e-15 0)
(3 3.79103e-16 0)
(3 1.93021e-16 0)
(3 -7.21705e-16 0)
(3 -1.25668e-15 0)
(3 -1.17893e-15 0)
(3 -9.58691e-16 0)
(3 -4.84443e-16 0)
(3 -1.28892e-16 0)
(3 3.41372e-17 0)
(3 6.19622e-17 0)
(3 2.43839e-16 0)
(3 6.34459e-17 0)
(3 -1.39136e-16 0)
(3 -4.19612e-16 0)
(3 -4.1953e-16 0)
(3 -7.39458e-18 0)
(3 5.01251e-16 0)
(3 9.18582e-16 0)
(3 9.59735e-16 0)
(3 1.01197e-15 0)
(3 1.57769e-15 0)
(3 3.54006e-16 0)
(3 4.59656e-17 0)
(3 -1.62002e-15 0)
(3 -3.43856e-16 0)
(3 -1.03638e-15 0)
(3 -1.09868e-15 0)
(3 -1.15849e-15 0)
(3 -1.38643e-15 0)
(3 -1.08408e-15 0)
(3 -6.18149e-16 0)
(3 -4.45013e-16 0)
(3 -4.6331e-16 0)
(3 -4.33058e-16 0)
(3 9.46632e-18 0)
(3 2.40223e-16 0)
(3 1.86315e-16 0)
(3 4.8149e-16 0)
(3 7.47486e-16 0)
(3 7.49768e-16 0)
(3 6.5581e-16 0)
(3 5.13868e-16 0)
(3 7.75682e-16 0)
(3 1.17959e-15 0)
(3 9.18796e-16 0)
(3 3.25951e-16 0)
(3 -1.15588e-15 0)
(3 -1.291e-15 0)
(3 -2.77465e-16 0)
(3 -4.95505e-16 0)
(3 -5.77753e-16 0)
(3 -3.12281e-16 0)
(3 -1.3093e-16 0)
(3 3.83181e-16 0)
(3 3.52375e-16 0)
(3 3.41953e-16 0)
(3 5.93601e-17 0)
(3 1.54376e-16 0)
(3 2.22606e-16 0)
(3 2.6551e-16 0)
(3 -1.16164e-16 0)
(3 -4.17287e-16 0)
(3 4.84004e-17 0)
(3 -1.70207e-16 0)
(3 -8.78255e-16 0)
(3 -6.50449e-16 0)
(3 1.77944e-16 0)
(3 4.45577e-16 0)
(3 4.08355e-16 0)
(3 -1.34676e-16 0)
(3 -3.52271e-16 0)
(3 -2.61204e-16 0)
(3 1.28154e-16 0)
(3 1.73573e-16 0)
(3 -2.74951e-16 0)
(3 -5.83084e-16 0)
(3 5.84162e-16 0)
(3 1.17825e-15 0)
(3 7.68824e-16 0)
(3 1.59263e-16 0)
(3 1.73811e-16 0)
(3 4.31749e-16 0)
(3 4.17123e-16 0)
(3 3.07684e-16 0)
(3 3.05212e-16 0)
(3 3.119e-16 0)
(3 3.99638e-17 0)
(3 -5.40619e-16 0)
(3 -6.8914e-16 0)
(3 -5.35563e-16 0)
(3 1.10499e-18 0)
(3 4.95799e-16 0)
(3 5.10669e-16 0)
(3 7.33905e-16 0)
(3 9.41044e-16 0)
(3 7.06479e-16 0)
(3 -5.59641e-17 0)
(3 -1.98234e-16 0)
(3 -4.01257e-17 0)
(3 3.50836e-16 0)
(3 7.34032e-16 0)
(3 3.89716e-16 0)
(3 4.9073e-16 0)
(3 -1.22315e-15 0)
(3 -1.79775e-15 0)
(3 -1.28342e-15 0)
(3 -6.85374e-16 0)
(3 1.33052e-17 0)
(3 5.71116e-16 0)
(3 1.11645e-15 0)
(3 4.94682e-16 0)
(3 3.63999e-16 0)
(3 2.86663e-16 0)
(3 -1.96635e-16 0)
(3 -4.15962e-16 0)
(3 -4.87734e-16 0)
(3 -4.44152e-16 0)
(3 1.07186e-16 0)
(3 2.78908e-16 0)
(3 4.35399e-16 0)
(3 -4.18433e-18 0)
(3 1.95516e-16 0)
(3 1.14157e-16 0)
(3 1.05074e-15 0)
(3 1.06974e-15 0)
(3 -1.17488e-16 0)
(3 6.07957e-16 0)
(3 1.33653e-16 0)
(3 -3.03053e-16 0)
(3 -4.50826e-16 0)
(3 -3.38856e-16 0)
(3 1.22648e-17 0)
(3 4.07973e-16 0)
(3 5.42637e-16 0)
(3 1.10402e-15 0)
(3 1.45262e-15 0)
(3 6.57335e-16 0)
(3 -2.23636e-16 0)
(3 -9.10535e-16 0)
(3 -1.02693e-15 0)
(3 -5.44634e-16 0)
(3 -1.37012e-15 0)
(3 -1.28061e-15 0)
(3 -3.34997e-16 0)
(3 2.72816e-18 0)
(3 4.58587e-16 0)
(3 5.32446e-16 0)
(3 6.74846e-16 0)
(3 3.56535e-16 0)
(3 1.66124e-16 0)
(3 6.18289e-17 0)
(3 3.37213e-16 0)
(3 7.93634e-16 0)
(3 6.9407e-16 0)
(3 3.60119e-16 0)
(3 2.96307e-16 0)
(3 3.44771e-16 0)
(3 5.95954e-16 0)
(3 5.6944e-16 0)
(3 4.33914e-16 0)
(3 9.86749e-16 0)
(3 1.65403e-15 0)
(3 9.49207e-16 0)
(3 5.03228e-16 0)
(3 -3.7355e-16 0)
(3 -5.27867e-16 0)
(3 -7.23585e-16 0)
(3 -6.95063e-16 0)
(3 -4.0393e-17 0)
(3 1.6229e-16 0)
(3 8.55107e-16 0)
(3 7.31303e-16 0)
(3 7.73077e-16 0)
(3 6.09324e-16 0)
(3 -1.12001e-15 0)
(3 -1.33383e-15 0)
(3 -4.07522e-16 0)
(3 -2.68377e-17 0)
(3 -5.17578e-16 0)
(3 -9.35352e-16 0)
(3 1.02328e-16 0)
(3 2.64654e-16 0)
(3 1.5639e-16 0)
(3 -2.01394e-16 0)
(3 2.34934e-16 0)
(3 7.19918e-16 0)
(3 6.27241e-16 0)
(3 -1.25222e-16 0)
(3 -2.44116e-16 0)
(3 -4.61562e-17 0)
(3 2.85331e-16 0)
(3 -6.33061e-16 0)
(3 -2.14272e-17 0)
(3 -5.63776e-17 0)
(3 1.22271e-16 0)
(3 -1.09157e-16 0)
(3 3.83419e-16 0)
(3 4.9092e-16 0)
(3 5.63556e-16 0)
(3 3.85769e-16 0)
(3 2.76273e-16 0)
(3 -1.28572e-16 0)
(3 -1.44681e-15 0)
(3 -1.62769e-15 0)
(3 -1.05075e-15 0)
(3 -7.3921e-16 0)
(3 -7.74377e-16 0)
(3 -4.16028e-16 0)
(3 7.59681e-17 0)
(3 6.78236e-17 0)
(3 -4.7479e-16 0)
(3 -1.04813e-15 0)
(3 -8.7965e-16 0)
(3 -4.94418e-16 0)
(3 2.57365e-16 0)
(3 3.97412e-16 0)
(3 6.45076e-17 0)
(3 -3.47078e-16 0)
(3 -3.65578e-16 0)
(3 -3.53934e-16 0)
(3 -4.86025e-16 0)
(3 -6.71505e-17 0)
(3 4.59007e-16 0)
(3 2.54052e-16 0)
(3 -9.41371e-17 0)
(3 1.47132e-17 0)
(3 -1.27997e-15 0)
(3 -1.27116e-15 0)
(3 -6.87671e-16 0)
(3 -4.56107e-16 0)
(3 -7.74517e-16 0)
(3 -8.00539e-16 0)
(3 -8.67171e-16 0)
(3 -2.83922e-16 0)
(3 -1.28154e-16 0)
(3 -6.07077e-16 0)
(3 -2.03746e-16 0)
(3 3.19609e-16 0)
(3 9.17193e-16 0)
(3 1.66582e-15 0)
(3 -5.88109e-17 0)
(3 -1.13118e-16 0)
(3 1.77829e-16 0)
(3 -2.5419e-16 0)
(3 -4.40293e-16 0)
(3 -4.7426e-16 0)
(3 -7.31832e-16 0)
(3 -8.69987e-16 0)
(3 -3.77477e-16 0)
(3 2.22788e-16 0)
(3 2.03541e-17 0)
(3 -3.70613e-16 0)
(3 -3.26083e-16 0)
(3 -2.07777e-16 0)
(3 1.79226e-16 0)
(3 1.32319e-17 0)
(3 -2.20877e-16 0)
(3 -4.3143e-17 0)
(3 2.95779e-16 0)
(3 6.99559e-17 0)
(3 4.74899e-16 0)
(3 1.19541e-15 0)
(3 1.51933e-15 0)
(3 1.32602e-15 0)
(3 -5.10957e-17 0)
(3 -8.05983e-17 0)
(3 -1.9324e-16 0)
(3 -3.28356e-16 0)
(3 -7.67431e-16 0)
(3 -3.39018e-16 0)
(3 -3.03715e-16 0)
(3 -1.96825e-16 0)
(3 -2.13907e-16 0)
(3 -1.61388e-16 0)
(3 4.86206e-17 0)
(3 -3.02126e-17 0)
(3 -3.46841e-16 0)
(3 -3.90216e-16 0)
(3 2.34951e-16 0)
(3 1.01804e-15 0)
(3 9.16918e-16 0)
(3 5.33728e-16 0)
(3 5.79902e-16 0)
(3 4.55214e-16 0)
(3 7.08972e-16 0)
(3 1.34824e-15 0)
(3 1.79872e-15 0)
(3 1.20805e-15 0)
(3 8.67936e-17 0)
(3 1.1581e-16 0)
(3 -4.30927e-16 0)
(3 -2.15786e-16 0)
(3 -3.01319e-16 0)
(3 -2.40118e-16 0)
(3 1.82122e-16 0)
(3 1.07021e-18 0)
(3 -1.84257e-19 0)
(3 2.2112e-16 0)
(3 8.06701e-16 0)
(3 6.14677e-16 0)
(3 3.36783e-16 0)
(3 2.78022e-16 0)
(3 -1.99924e-16 0)
(3 -2.31499e-16 0)
(3 -1.61957e-16 0)
(3 -8.81139e-16 0)
(3 -2.51952e-16 0)
(3 9.57772e-16 0)
(3 1.09808e-15 0)
(3 1.07591e-15 0)
(3 3.12125e-16 0)
(3 -2.87749e-16 0)
(3 1.05696e-16 0)
(3 2.01012e-16 0)
(3 3.31285e-16 0)
(3 5.38109e-16 0)
(3 2.41782e-16 0)
(3 -1.783e-16 0)
(3 -1.96251e-16 0)
(3 -2.12247e-16 0)
(3 3.59827e-17 0)
(3 5.5748e-16 0)
(3 7.34626e-16 0)
(3 8.56999e-16 0)
(3 7.61523e-16 0)
(3 7.67963e-16 0)
(3 2.43797e-16 0)
(3 -6.29097e-16 0)
(3 -9.08939e-16 0)
(3 -9.14479e-16 0)
(3 -7.68915e-16 0)
(3 -1.75392e-16 0)
(3 7.82645e-17 0)
(3 -1.08022e-16 0)
(3 -5.7774e-16 0)
(3 -7.80057e-16 0)
(3 -7.28148e-17 0)
(3 -1.3196e-16 0)
(3 2.86643e-16 0)
(3 2.71199e-16 0)
(3 -1.01501e-16 0)
(3 -2.09686e-16 0)
(3 -3.048e-16 0)
(3 7.74032e-17 0)
(3 3.4313e-16 0)
(3 4.11468e-16 0)
(3 -1.31755e-16 0)
(3 4.97781e-17 0)
(3 3.35539e-16 0)
(3 8.69239e-16 0)
(3 9.91827e-16 0)
(3 4.0353e-16 0)
(3 -1.73e-16 0)
(3 -4.83529e-17 0)
(3 -6.69065e-16 0)
(3 -1.09404e-15 0)
(3 -1.14338e-15 0)
(3 -9.66132e-16 0)
(3 -6.77092e-16 0)
(3 2.96091e-16 0)
(3 -2.00475e-16 0)
(3 1.43408e-16 0)
(3 -3.18157e-16 0)
(3 -3.68939e-16 0)
(3 -6.5807e-17 0)
(3 -1.44823e-16 0)
(3 9.8058e-18 0)
(3 -4.08844e-17 0)
(3 2.15875e-16 0)
(3 2.68877e-16 0)
(3 2.35171e-16 0)
(3 2.23367e-17 0)
(3 -4.61825e-17 0)
(3 1.33043e-16 0)
(3 8.87431e-16 0)
(3 7.25818e-16 0)
(3 3.00834e-16 0)
(3 -3.64494e-16 0)
(3 -4.2809e-16 0)
(3 -5.01657e-16 0)
(3 -9.28891e-16 0)
(3 -9.06995e-16 0)
(3 -3.73206e-16 0)
(3 -1.1797e-16 0)
(3 -4.26685e-17 0)
(3 2.52586e-16 0)
(3 1.25798e-16 0)
(3 3.36652e-16 0)
(3 8.88643e-16 0)
(3 1.13347e-15 0)
(3 1.17736e-15 0)
(3 1.01729e-15 0)
(3 8.62682e-16 0)
(3 5.65509e-16 0)
(3 7.73569e-16 0)
(3 9.12805e-16 0)
(3 5.83118e-16 0)
(3 -9.01814e-17 0)
(3 1.16932e-16 0)
(3 -9.77689e-17 0)
(3 -9.41774e-17 0)
(3 -9.59477e-17 0)
(3 8.20554e-17 0)
(3 -1.29124e-16 0)
(3 -6.05376e-16 0)
(3 -1.45845e-15 0)
(3 -1.35839e-15 0)
(3 -6.13115e-16 0)
(3 9.99642e-17 0)
(3 2.09476e-18 0)
(3 7.63642e-16 0)
(3 8.51652e-16 0)
(3 1.12678e-15 0)
(3 1.85373e-15 0)
(3 1.87693e-15 0)
(3 1.6202e-15 0)
(3 8.19305e-16 0)
(3 2.51241e-16 0)
(3 1.52812e-17 0)
(3 1.33655e-16 0)
(3 3.52898e-16 0)
(3 -1.29167e-15 0)
(3 -2.02508e-15 0)
(3 -1.94912e-15 0)
(3 -1.62194e-16 0)
(3 1.99651e-16 0)
(3 7.44736e-16 0)
(3 9.93078e-16 0)
(3 2.63441e-16 0)
(3 -6.86743e-16 0)
(3 -8.14378e-16 0)
(3 6.79164e-16 0)
(3 1.77174e-16 0)
(3 -2.42103e-16 0)
(3 -2.24865e-16 0)
(3 -3.69613e-16 0)
(3 -3.62947e-16 0)
(3 -2.62636e-16 0)
(3 6.56168e-18 0)
(3 4.25798e-16 0)
(3 -7.50804e-18 0)
(3 -2.07135e-15 0)
(3 -2.31322e-15 0)
(3 -1.57504e-15 0)
(3 -1.22992e-15 0)
(3 -1.65167e-15 0)
(3 -2.29016e-15 0)
(3 -2.4386e-15 0)
(3 -1.85383e-15 0)
(3 1.72395e-16 0)
(3 4.85402e-16 0)
(3 1.58077e-15 0)
(3 1.40178e-15 0)
(3 1.33527e-15 0)
(3 4.63485e-16 0)
(3 4.83161e-16 0)
(3 2.71566e-17 0)
(3 -8.45295e-17 0)
(3 -3.37117e-16 0)
(3 -1.32219e-16 0)
(3 -6.62413e-16 0)
(3 -1.73309e-15 0)
(3 -1.55513e-15 0)
(3 1.58394e-16 0)
(3 5.16187e-16 0)
(3 1.96145e-16 0)
(3 -2.82098e-17 0)
(3 -1.37114e-17 0)
(3 2.82093e-17 0)
(3 3.25606e-16 0)
(3 -1.16737e-16 0)
(3 -1.85568e-16 0)
(3 1.54754e-16 0)
(3 9.92981e-16 0)
(3 5.53085e-16 0)
(3 3.26062e-16 0)
(3 4.04588e-16 0)
(3 3.3324e-16 0)
(3 -2.62173e-16 0)
(3 -8.64138e-16 0)
(3 -2.59185e-17 0)
(3 1.9211e-16 0)
(3 -1.7945e-16 0)
(3 -1.5705e-16 0)
(3 -9.13652e-17 0)
(3 -2.13548e-16 0)
(3 -3.81664e-16 0)
(3 -1.88084e-16 0)
(3 6.708e-16 0)
(3 1.47515e-15 0)
(3 1.5723e-15 0)
(3 1.15138e-15 0)
(3 8.33871e-16 0)
(3 1.20903e-15 0)
(3 1.55906e-15 0)
(3 1.24912e-15 0)
(3 1.11468e-15 0)
(3 1.05304e-15 0)
(3 2.89434e-16 0)
(3 -4.9919e-17 0)
(3 -2.20028e-17 0)
(3 -1.86665e-16 0)
(3 -1.73113e-16 0)
(3 -1.28255e-15 0)
(3 4.27133e-17 0)
(3 2.31111e-16 0)
(3 3.37147e-16 0)
(3 3.86329e-16 0)
(3 5.26684e-16 0)
(3 9.75745e-16 0)
(3 5.12647e-16 0)
(3 -5.99803e-16 0)
(3 -1.80418e-16 0)
(3 7.99526e-16 0)
(3 1.05446e-15 0)
(3 8.75262e-16 0)
(3 2.24599e-16 0)
(3 -9.78433e-17 0)
(3 2.8177e-16 0)
(3 2.9569e-16 0)
(3 -1.69784e-16 0)
(3 -7.56938e-16 0)
(3 -6.24879e-16 0)
(3 -4.98314e-16 0)
(3 -2.2513e-16 0)
(3 3.85002e-17 0)
(3 3.20603e-16 0)
(3 -6.39769e-16 0)
(3 3.72505e-17 0)
(3 7.98694e-17 0)
(3 7.10959e-17 0)
(3 3.85203e-16 0)
(3 3.38153e-16 0)
(3 1.76982e-16 0)
(3 1.15388e-16 0)
(3 2.32985e-16 0)
(3 2.35657e-16 0)
(3 1.34727e-16 0)
(3 1.6508e-16 0)
(3 2.53961e-16 0)
(3 1.78566e-16 0)
(3 5.96168e-17 0)
(3 1.68744e-17 0)
(3 3.01966e-16 0)
(3 1.15313e-16 0)
(3 -3.33904e-17 0)
(3 -1.01897e-15 0)
(3 -1.28005e-15 0)
(3 -1.09628e-15 0)
(3 -5.67456e-16 0)
(3 4.30666e-16 0)
(3 6.90994e-16 0)
(3 -9.07556e-17 0)
(3 -1.55593e-16 0)
(3 -3.71623e-16 0)
(3 -4.87304e-16 0)
(3 9.75596e-17 0)
(3 5.44648e-16 0)
(3 7.18513e-16 0)
(3 1.25039e-15 0)
(3 1.80914e-16 0)
(3 -2.53129e-16 0)
(3 -1.95903e-16 0)
(3 -1.87773e-16 0)
(3 2.73326e-16 0)
(3 9.70542e-16 0)
(3 1.03497e-15 0)
(3 8.69802e-16 0)
(3 6.00774e-16 0)
(3 6.46391e-16 0)
(3 -2.39315e-16 0)
(3 -1.05189e-15 0)
(3 -1.56105e-15 0)
(3 -1.45353e-15 0)
(3 -5.84795e-16 0)
(3 2.89196e-16 0)
(3 -6.27241e-17 0)
(3 -5.12016e-17 0)
(3 5.77481e-17 0)
(3 6.09719e-17 0)
(3 6.26471e-17 0)
(3 6.49453e-16 0)
(3 7.11019e-16 0)
(3 7.44115e-16 0)
(3 -2.57561e-17 0)
(3 -1.18073e-16 0)
(3 -1.47741e-16 0)
(3 -2.05851e-16 0)
(3 -1.91514e-16 0)
(3 1.4543e-16 0)
(3 3.40577e-16 0)
(3 -6.09511e-17 0)
(3 3.27406e-17 0)
(3 5.94705e-17 0)
(3 1.48769e-16 0)
(3 -2.23575e-16 0)
(3 -7.76699e-16 0)
(3 -1.51302e-15 0)
(3 -1.47429e-15 0)
(3 -1.21527e-15 0)
(2.93288 0.0171922 0)
(2.84578 0.0638205 0)
(2.75788 0.141188 0)
(2.66588 0.247308 0)
(2.56985 0.351259 0)
(2.48809 0.441589 0)
(2.44386 0.533227 0)
(2.46957 0.631965 0)
(2.46647 0.691133 0)
(2.47875 0.754154 0)
(2.48855 0.806411 0)
(2.48811 0.847484 0)
(2.4872 0.887959 0)
(2.49808 0.920149 0)
(2.51638 0.944825 0)
(2.53875 0.974889 0)
(2.54468 0.986644 0)
(2.55002 0.992105 0)
(2.55439 0.99817 0)
(2.55584 1.00174 0)
(2.55709 1.00482 0)
(2.55652 1.00383 0)
(2.55645 1.00385 0)
(2.55535 1.00411 0)
(2.99882 0.0011637 0)
(2.99002 0.011668 0)
(2.96128 0.0488969 0)
(2.89997 0.133315 0)
(2.8016 0.27602 0)
(2.67365 0.469809 0)
(2.54917 0.681303 0)
(2.46884 0.862046 0)
(2.42971 0.986297 0)
(2.42019 1.05867 0)
(2.42383 1.09487 0)
(2.42967 1.10832 0)
(2.4392 1.11678 0)
(2.44738 1.12682 0)
(2.45619 1.1419 0)
(2.4685 1.15313 0)
(2.4819 1.15118 0)
(2.48907 1.13645 0)
(2.49404 1.12489 0)
(2.4998 1.11217 0)
(2.50574 1.09961 0)
(2.51921 1.09076 0)
(2.5289 1.07804 0)
(2.54871 1.07031 0)
(3 3.92291e-08 0)
(3.00002 -2.17341e-05 0)
(2.99996 2.62539e-05 0)
(2.99986 0.000163069 0)
(2.99856 0.00204417 0)
(2.99136 0.0127673 0)
(2.96813 0.0517091 0)
(2.92496 0.141054 0)
(2.88179 0.272196 0)
(2.85556 0.408236 0)
(2.84562 0.526655 0)
(2.83787 0.636639 0)
(2.82879 0.722053 0)
(2.8196 0.791218 0)
(2.81143 0.847879 0)
(2.80344 0.8929 0)
(2.79417 0.924076 0)
(2.77768 0.947924 0)
(2.75686 0.968014 0)
(2.73932 0.983091 0)
(2.71281 1.00126 0)
(2.70038 1.01028 0)
(2.674 1.02038 0)
(2.68737 1.03963 0)
(3 -8.65668e-09 0)
(3 -1.21762e-06 0)
(3 -1.10237e-06 0)
(3 -6.78315e-07 0)
(3 -9.39596e-06 0)
(2.99999 2.46265e-05 0)
(3.00001 -3.19655e-05 0)
(2.99952 0.000722785 0)
(2.99725 0.00542578 0)
(2.99117 0.0217996 0)
(2.98142 0.0568068 0)
(2.96848 0.116012 0)
(2.95427 0.196128 0)
(2.94077 0.286182 0)
(2.92978 0.372767 0)
(2.91852 0.449637 0)
(2.90584 0.517976 0)
(2.89081 0.58253 0)
(2.87199 0.645365 0)
(2.85131 0.707871 0)
(2.82751 0.768302 0)
(2.80766 0.821975 0)
(2.77251 0.896645 0)
(2.78693 0.89225 0)
(3 -8.90553e-11 0)
(3 2.11496e-09 0)
(3 -2.51696e-08 0)
(3 -7.0317e-08 0)
(3 -2.29132e-07 0)
(3 -2.31028e-07 0)
(3 -7.94662e-07 0)
(3 -2.81959e-06 0)
(3 4.00797e-06 0)
(2.99999 5.83714e-06 0)
(2.99997 7.69416e-05 0)
(2.99978 0.000410312 0)
(2.99954 0.00121166 0)
(2.99887 0.00325397 0)
(2.99812 0.0063703 0)
(2.99667 0.0115971 0)
(2.99479 0.0188519 0)
(2.99153 0.0309016 0)
(2.98667 0.0492216 0)
(2.97922 0.0766908 0)
(2.96813 0.118413 0)
(2.95596 0.164453 0)
(2.92766 0.275351 0)
(2.9338 0.247466 0)
(3 9.50357e-13 0)
(3 1.23627e-10 0)
(3 -1.16844e-11 0)
(3 1.38035e-10 0)
(3 -6.48011e-10 0)
(3 -1.63086e-08 0)
(3 -2.19276e-08 0)
(3 -1.61357e-07 0)
(3 -1.2198e-07 0)
(3 1.26119e-08 0)
(3 8.35446e-09 0)
(3 -3.57996e-08 0)
(3 2.56605e-07 0)
(3 3.44028e-07 0)
(3 2.3437e-06 0)
(3 3.65517e-06 0)
(3 1.34244e-05 0)
(2.99999 2.23614e-05 0)
(2.99998 8.37135e-05 0)
(2.99992 0.000135366 0)
(2.99983 0.000582547 0)
(2.99962 0.000703577 0)
(2.99854 0.00433515 0)
(2.99959 -0.00446147 0)
(3 3.57707e-13 0)
(3 3.47949e-13 0)
(3 2.77389e-12 0)
(3 2.1803e-12 0)
(3 -3.96682e-12 0)
(3 2.888e-12 0)
(3 -2.24086e-10 0)
(3 -1.80468e-10 0)
(3 -6.47351e-09 0)
(3 -2.03844e-09 0)
(3 -6.83271e-10 0)
(3 -1.09463e-09 0)
(3 -2.73655e-10 0)
(3 -8.17782e-12 0)
(3 3.41363e-11 0)
(3 6.55843e-12 0)
(3 2.22477e-10 0)
(3 -1.34453e-10 0)
(3 3.10019e-09 0)
(3 -5.36533e-09 0)
(3 6.69448e-08 0)
(3 -2.23122e-07 0)
(3 1.83699e-06 0)
(3.00007 -0.000274971 0)
(3 3.41825e-15 0)
(3 -4.36706e-16 0)
(3 8.42188e-16 0)
(3 1.24881e-13 0)
(3 2.18321e-13 0)
(3 1.23757e-12 0)
(3 1.10889e-12 0)
(3 1.21631e-12 0)
(3 -3.81047e-13 0)
(3 -9.78826e-11 0)
(3 -6.76733e-11 0)
(3 -2.47667e-11 0)
(3 -1.25207e-11 0)
(3 -2.83886e-12 0)
(3 -1.39916e-13 0)
(3 -2.86986e-14 0)
(3 -2.30627e-14 0)
(3 -2.43608e-12 0)
(3 -4.91239e-13 0)
(3 -9.99864e-11 0)
(3 -1.08518e-11 0)
(3 -7.06133e-09 0)
(3 -2.56133e-09 0)
(3 -8.99189e-07 0)
(3 -1.51324e-15 0)
(3 -5.25217e-16 0)
(3 2.5351e-17 0)
(3 1.92584e-15 0)
(3 2.95028e-14 0)
(3 5.77773e-14 0)
(3 1.42144e-13 0)
(3 2.50358e-13 0)
(3 1.93507e-13 0)
(3 -2.73201e-13 0)
(3 -4.70836e-13 0)
(3 -1.57448e-13 0)
(3 -9.06181e-14 0)
(3 -7.0162e-14 0)
(3 -2.62339e-14 0)
(3 -5.5841e-16 0)
(3 -6.83918e-16 0)
(3 3.61822e-15 0)
(3 -1.19776e-14 0)
(3 -2.81098e-14 0)
(3 -2.00473e-13 0)
(3 -6.6457e-12 0)
(3 -2.28705e-10 0)
(3 6.84907e-09 0)
(3 -1.10701e-16 0)
(3 3.16841e-16 0)
(3 3.73775e-16 0)
(3 -2.66342e-16 0)
(3 1.5164e-16 0)
(3 1.71752e-15 0)
(3 6.3649e-15 0)
(3 8.14416e-15 0)
(3 2.07157e-14 0)
(3 1.30696e-14 0)
(3 6.16825e-15 0)
(3 4.84091e-15 0)
(3 4.34019e-15 0)
(3 3.15147e-15 0)
(3 1.10843e-15 0)
(3 1.47028e-15 0)
(3 1.45718e-15 0)
(3 2.65277e-15 0)
(3 2.86661e-15 0)
(3 3.31572e-15 0)
(3 1.81018e-16 0)
(3 3.80655e-14 0)
(3 -1.28877e-12 0)
(3 3.37864e-10 0)
(3 -5.59381e-17 0)
(3 5.06619e-16 0)
(3 7.44387e-16 0)
(3 3.56555e-16 0)
(3 1.65831e-16 0)
(3 4.7875e-16 0)
(3 5.01934e-16 0)
(3 2.07527e-16 0)
(3 -4.58425e-16 0)
(3 7.10017e-16 0)
(3 3.91266e-16 0)
(3 2.49678e-16 0)
(3 8.18182e-16 0)
(3 -8.58515e-16 0)
(3 -2.86761e-15 0)
(3 -3.13099e-15 0)
(3 -8.96508e-16 0)
(3 7.17368e-16 0)
(3 1.05919e-15 0)
(3 1.26037e-15 0)
(3 7.73231e-16 0)
(3 2.04937e-15 0)
(3 -3.94959e-16 0)
(3 1.0739e-12 0)
(3 2.89219e-16 0)
(3 -7.16516e-16 0)
(3 -8.23122e-16 0)
(3 -8.34639e-16 0)
(3 8.91387e-17 0)
(3 9.86214e-18 0)
(3 1.19279e-17 0)
(3 4.26483e-16 0)
(3 -1.69887e-16 0)
(3 -1.30393e-16 0)
(3 -3.68821e-16 0)
(3 -1.18944e-15 0)
(3 -2.04646e-15 0)
(3 -2.53002e-15 0)
(3 -3.97483e-15 0)
(3 -3.48907e-15 0)
(3 -1.56253e-15 0)
(3 -1.28838e-15 0)
(3 -3.95549e-16 0)
(3 -7.84066e-16 0)
(3 -1.68539e-15 0)
(3 -1.62211e-15 0)
(3 -1.37431e-15 0)
(3 -2.95389e-15 0)
(3 7.85226e-17 0)
(3 -7.29871e-16 0)
(3 -1.55682e-15 0)
(3 -9.88083e-16 0)
(3 -4.67736e-17 0)
(3 -7.13577e-16 0)
(3 -4.73714e-17 0)
(3 1.77339e-16 0)
(3 1.16737e-16 0)
(3 -6.47686e-16 0)
(3 -3.0999e-16 0)
(3 -2.52697e-16 0)
(3 -7.69019e-16 0)
(3 -4.18461e-16 0)
(3 5.99192e-16 0)
(3 4.264e-16 0)
(3 -4.81773e-16 0)
(3 -9.45871e-16 0)
(3 -8.21307e-16 0)
(3 -8.05416e-16 0)
(3 -1.05248e-15 0)
(3 -9.67535e-16 0)
(3 -8.47055e-16 0)
(3 -6.19901e-16 0)
(3 -5.10072e-16 0)
(3 1.9397e-16 0)
(3 2.94058e-16 0)
(3 1.93736e-16 0)
(3 -6.13477e-17 0)
(3 1.49501e-16 0)
(3 1.01064e-15 0)
(3 1.45305e-15 0)
(3 1.02589e-15 0)
(3 -6.10634e-16 0)
(3 -1.04515e-15 0)
(3 -2.07794e-15 0)
(3 -2.31805e-15 0)
(3 -1.2287e-15 0)
(3 9.12061e-16 0)
(3 9.76134e-16 0)
(3 5.48375e-16 0)
(3 -4.04406e-16 0)
(3 -6.93346e-16 0)
(3 -7.00876e-16 0)
(3 -6.88366e-16 0)
(3 -6.29634e-16 0)
(3 -7.11829e-16 0)
(3 -1.81178e-16 0)
(3 -7.53702e-16 0)
(3 5.19037e-16 0)
(3 8.74885e-16 0)
(3 4.7641e-16 0)
(3 2.46587e-16 0)
(3 4.38476e-16 0)
(3 7.48372e-16 0)
(3 4.10916e-16 0)
(3 -1.3765e-15 0)
(3 -1.01872e-15 0)
(3 1.90058e-16 0)
(3 -1.04328e-15 0)
(3 -1.34285e-15 0)
(3 -6.34121e-16 0)
(3 4.31142e-16 0)
(3 4.22556e-16 0)
(3 -4.81711e-16 0)
(3 -1.39798e-15 0)
(3 -1.47776e-15 0)
(3 -1.50044e-15 0)
(3 -1.2486e-15 0)
(3 -9.03622e-17 0)
(3 1.70591e-16 0)
(3 -2.0912e-16 0)
(3 2.1882e-16 0)
(3 3.13766e-16 0)
(3 4.60316e-16 0)
(3 -3.23266e-16 0)
(3 2.23171e-16 0)
(3 1.87066e-16 0)
(3 -4.3956e-16 0)
(3 -1.17605e-15 0)
(3 -2.05631e-15 0)
(3 -9.16117e-16 0)
(3 1.02092e-16 0)
(3 1.60189e-15 0)
(3 2.42321e-15 0)
(3 1.497e-15 0)
(3 -2.972e-16 0)
(3 -1.31924e-15 0)
(3 -3.11284e-15 0)
(3 -3.61677e-15 0)
(3 -2.88376e-15 0)
(3 -1.79809e-15 0)
(3 -9.1247e-16 0)
(3 -7.03267e-16 0)
(3 -2.57526e-16 0)
(3 -2.95541e-16 0)
(3 1.70923e-15 0)
(3 1.49418e-15 0)
(3 1.32216e-15 0)
(3 3.53556e-16 0)
(3 -3.58382e-16 0)
(3 -4.63638e-16 0)
(3 -6.0592e-16 0)
(3 -1.42336e-16 0)
(3 8.22404e-16 0)
(3 3.81459e-16 0)
(3 -7.87578e-16 0)
(3 -1.52674e-15 0)
(3 -1.49867e-15 0)
(3 -1.48277e-15 0)
(3 -1.5437e-15 0)
(3 -2.00995e-15 0)
(3 -3.17875e-15 0)
(3 -2.38099e-15 0)
(3 -1.43713e-15 0)
(3 -8.07363e-16 0)
(3 -6.78645e-16 0)
(3 -7.33478e-16 0)
(3 -3.99831e-16 0)
(3 1.91948e-16 0)
(3 1.126e-15 0)
(3 5.82537e-16 0)
(3 -9.14101e-17 0)
(3 -4.91147e-17 0)
(3 -4.92312e-16 0)
(3 -1.70321e-15 0)
(3 -1.43603e-15 0)
(3 -7.65513e-16 0)
(3 7.03931e-16 0)
(3 8.95544e-16 0)
(3 -5.37571e-16 0)
(3 -2.39908e-15 0)
(3 -3.63466e-15 0)
(3 -2.17204e-15 0)
(3 -1.44756e-15 0)
(3 -1.66794e-15 0)
(3 -2.11236e-16 0)
(3 1.98631e-15 0)
(3 1.43597e-15 0)
(3 5.41962e-16 0)
(3 2.86174e-16 0)
(3 5.17833e-16 0)
(3 3.80495e-16 0)
(3 6.64374e-16 0)
(3 4.8058e-16 0)
(3 1.61908e-16 0)
(3 -8.49707e-17 0)
(3 -4.92679e-16 0)
(3 -7.84007e-16 0)
(3 -1.25248e-15 0)
(3 -1.54273e-15 0)
(3 -1.00702e-15 0)
(3 8.25905e-16 0)
(3 9.21139e-16 0)
(3 5.49171e-16 0)
(3 -2.61962e-16 0)
(3 -2.31122e-16 0)
(3 3.02906e-16 0)
(3 6.28027e-16 0)
(3 1.48972e-15 0)
(3 4.16209e-15 0)
(3 5.30293e-15 0)
(3 2.24611e-15 0)
(3 1.33528e-15 0)
(3 1.57121e-15 0)
(3 1.47485e-15 0)
(3 9.93879e-16 0)
(3 5.75643e-16 0)
(3 -4.13026e-16 0)
(3 -4.72189e-16 0)
(3 -6.74779e-16 0)
(3 -3.91885e-16 0)
(3 1.9852e-17 0)
(3 2.22655e-16 0)
(3 -4.71464e-16 0)
(3 4.88631e-17 0)
(3 1.29322e-16 0)
(3 -8.69182e-16 0)
(3 -5.6564e-16 0)
(3 -3.59167e-16 0)
(3 6.74281e-16 0)
(3 9.15832e-16 0)
(3 1.80447e-15 0)
(3 3.44487e-15 0)
(3 3.23975e-15 0)
(3 2.45436e-15 0)
(3 2.24872e-15 0)
(3 2.23481e-15 0)
(3 2.09395e-15 0)
(3 1.83071e-15 0)
(3 2.03257e-15 0)
(3 9.66883e-16 0)
(3 -4.65238e-16 0)
(3 -6.76083e-16 0)
(3 -1.04711e-15 0)
(3 -3.81335e-16 0)
(3 9.31861e-16 0)
(3 2.18032e-15 0)
(3 2.42682e-15 0)
(3 8.68626e-16 0)
(3 -4.11845e-16 0)
(3 -6.24842e-17 0)
(3 9.45279e-17 0)
(3 1.0265e-15 0)
(3 2.02326e-15 0)
(3 2.67957e-15 0)
(3 2.55804e-15 0)
(3 2.44673e-15 0)
(3 1.13826e-15 0)
(3 1.1613e-15 0)
(3 1.21468e-15 0)
(3 1.23941e-15 0)
(3 7.50873e-16 0)
(3 -2.93497e-17 0)
(3 3.78139e-16 0)
(3 2.19822e-15 0)
(3 -6.11321e-17 0)
(3 -1.06405e-15 0)
(3 -2.72339e-16 0)
(3 2.51612e-16 0)
(3 9.97616e-16 0)
(3 2.88787e-15 0)
(3 4.29478e-15 0)
(3 2.91662e-15 0)
(3 3.02827e-15 0)
(3 2.52034e-15 0)
(3 2.26456e-15 0)
(3 1.15666e-15 0)
(3 5.15383e-16 0)
(3 8.73794e-16 0)
(3 1.54957e-15 0)
(3 1.87302e-15 0)
(3 1.92239e-15 0)
(3 9.7355e-16 0)
(3 6.4521e-16 0)
(3 4.34546e-16 0)
(3 3.00524e-16 0)
(3 -1.75252e-15 0)
(3 -5.08603e-16 0)
(3 -1.07411e-12 0)
(3 2.51983e-16 0)
(3 4.537e-16 0)
(3 1.53507e-15 0)
(3 2.15648e-15 0)
(3 9.79518e-16 0)
(3 6.93027e-16 0)
(3 -4.65368e-15 0)
(3 -3.82364e-15 0)
(3 -1.5323e-14 0)
(3 -8.78104e-15 0)
(3 -1.42802e-15 0)
(3 -7.55137e-16 0)
(3 -6.96379e-16 0)
(3 -4.74903e-16 0)
(3 2.16458e-16 0)
(3 4.08831e-16 0)
(3 5.53362e-16 0)
(3 -5.36454e-16 0)
(3 -7.10053e-16 0)
(3 -7.43576e-16 0)
(3 4.40461e-15 0)
(3 -3.29339e-14 0)
(3 1.29023e-12 0)
(3 -3.37865e-10 0)
(3 -1.00942e-16 0)
(3 1.15052e-15 0)
(3 9.88539e-16 0)
(3 -1.06943e-15 0)
(3 -2.8648e-14 0)
(3 -6.33182e-14 0)
(3 -1.47556e-13 0)
(3 -2.50298e-13 0)
(3 -1.91296e-13 0)
(3 2.63921e-13 0)
(3 4.73916e-13 0)
(3 1.58965e-13 0)
(3 9.15048e-14 0)
(3 7.30997e-14 0)
(3 2.68753e-14 0)
(3 1.67997e-15 0)
(3 1.63057e-15 0)
(3 -3.16934e-15 0)
(3 1.33095e-14 0)
(3 3.23899e-14 0)
(3 2.01782e-13 0)
(3 6.6483e-12 0)
(3 2.28708e-10 0)
(3 -6.84907e-09 0)
(3 -4.03057e-15 0)
(3 -2.92987e-16 0)
(3 -1.90651e-15 0)
(3 -1.26563e-13 0)
(3 -2.22518e-13 0)
(3 -1.23976e-12 0)
(3 -1.10716e-12 0)
(3 -1.21299e-12 0)
(3 3.87147e-13 0)
(3 9.76724e-11 0)
(3 6.75816e-11 0)
(3 2.47842e-11 0)
(3 1.25694e-11 0)
(3 2.83628e-12 0)
(3 1.35753e-13 0)
(3 2.49956e-14 0)
(3 2.10542e-14 0)
(3 2.43474e-12 0)
(3 4.90068e-13 0)
(3 9.99851e-11 0)
(3 1.08508e-11 0)
(3 7.06133e-09 0)
(3 2.56133e-09 0)
(3 8.99189e-07 0)
(3 -3.57654e-13 0)
(3 -3.46969e-13 0)
(3 -2.77393e-12 0)
(3 -2.18234e-12 0)
(3 3.96749e-12 0)
(3 -2.8814e-12 0)
(3 2.24187e-10 0)
(3 1.80538e-10 0)
(3 6.46936e-09 0)
(3 2.03476e-09 0)
(3 6.80857e-10 0)
(3 1.09386e-09 0)
(3 2.73566e-10 0)
(3 8.23155e-12 0)
(3 -3.41366e-11 0)
(3 -6.55716e-12 0)
(3 -2.22481e-10 0)
(3 1.34451e-10 0)
(3 -3.10019e-09 0)
(3 5.36533e-09 0)
(3 -6.69448e-08 0)
(3 2.23122e-07 0)
(3 -1.83699e-06 0)
(3.00007 0.000274971 0)
(3 -9.51375e-13 0)
(3 -1.23627e-10 0)
(3 1.17058e-11 0)
(3 -1.38119e-10 0)
(3 6.48723e-10 0)
(3 1.62992e-08 0)
(3 2.19462e-08 0)
(3 1.61336e-07 0)
(3 1.21936e-07 0)
(3 -1.26709e-08 0)
(3 -8.37247e-09 0)
(3 3.57903e-08 0)
(3 -2.56605e-07 0)
(3 -3.44028e-07 0)
(3 -2.3437e-06 0)
(3 -3.65517e-06 0)
(3 -1.34244e-05 0)
(2.99999 -2.23614e-05 0)
(2.99998 -8.37135e-05 0)
(2.99992 -0.000135366 0)
(2.99983 -0.000582547 0)
(2.99962 -0.000703577 0)
(2.99854 -0.00433515 0)
(2.99959 0.00446147 0)
(3 8.9055e-11 0)
(3 -2.11484e-09 0)
(3 2.51687e-08 0)
(3 7.03193e-08 0)
(3 2.29135e-07 0)
(3 2.31013e-07 0)
(3 7.94615e-07 0)
(3 2.81952e-06 0)
(3 -4.00796e-06 0)
(2.99999 -5.83719e-06 0)
(2.99997 -7.69411e-05 0)
(2.99978 -0.000410312 0)
(2.99954 -0.00121166 0)
(2.99887 -0.00325397 0)
(2.99812 -0.0063703 0)
(2.99667 -0.0115971 0)
(2.99479 -0.0188519 0)
(2.99153 -0.0309016 0)
(2.98667 -0.0492216 0)
(2.97922 -0.0766908 0)
(2.96813 -0.118413 0)
(2.95596 -0.164453 0)
(2.92766 -0.275351 0)
(2.9338 -0.247466 0)
(3 8.65669e-09 0)
(3 1.21762e-06 0)
(3 1.10237e-06 0)
(3 6.78321e-07 0)
(3 9.396e-06 0)
(2.99999 -2.46265e-05 0)
(3.00001 3.19654e-05 0)
(2.99952 -0.000722785 0)
(2.99725 -0.00542578 0)
(2.99117 -0.0217996 0)
(2.98142 -0.0568068 0)
(2.96848 -0.116012 0)
(2.95427 -0.196128 0)
(2.94077 -0.286182 0)
(2.92978 -0.372767 0)
(2.91852 -0.449637 0)
(2.90584 -0.517976 0)
(2.89081 -0.58253 0)
(2.87199 -0.645365 0)
(2.85131 -0.707871 0)
(2.82751 -0.768302 0)
(2.80766 -0.821975 0)
(2.77251 -0.896645 0)
(2.78693 -0.89225 0)
(3 -3.92295e-08 0)
(3.00002 2.17341e-05 0)
(2.99996 -2.6254e-05 0)
(2.99986 -0.000163069 0)
(2.99856 -0.00204417 0)
(2.99136 -0.0127673 0)
(2.96813 -0.0517091 0)
(2.92496 -0.141054 0)
(2.88179 -0.272196 0)
(2.85556 -0.408236 0)
(2.84562 -0.526655 0)
(2.83787 -0.636639 0)
(2.82879 -0.722053 0)
(2.8196 -0.791218 0)
(2.81143 -0.847879 0)
(2.80344 -0.8929 0)
(2.79417 -0.924076 0)
(2.77768 -0.947924 0)
(2.75686 -0.968014 0)
(2.73932 -0.983091 0)
(2.71281 -1.00126 0)
(2.70038 -1.01028 0)
(2.674 -1.02038 0)
(2.68737 -1.03963 0)
(2.99882 -0.0011637 0)
(2.99002 -0.011668 0)
(2.96128 -0.0488969 0)
(2.89997 -0.133315 0)
(2.8016 -0.27602 0)
(2.67365 -0.469809 0)
(2.54917 -0.681303 0)
(2.46884 -0.862046 0)
(2.42971 -0.986297 0)
(2.42019 -1.05867 0)
(2.42383 -1.09487 0)
(2.42967 -1.10832 0)
(2.4392 -1.11678 0)
(2.44738 -1.12682 0)
(2.45619 -1.1419 0)
(2.4685 -1.15313 0)
(2.4819 -1.15118 0)
(2.48907 -1.13645 0)
(2.49404 -1.12489 0)
(2.4998 -1.11217 0)
(2.50574 -1.09961 0)
(2.51921 -1.09076 0)
(2.5289 -1.07804 0)
(2.54871 -1.07031 0)
(2.93288 -0.0171922 0)
(2.84578 -0.0638205 0)
(2.75788 -0.141188 0)
(2.66588 -0.247308 0)
(2.56985 -0.351259 0)
(2.48809 -0.441589 0)
(2.44386 -0.533227 0)
(2.46957 -0.631965 0)
(2.46647 -0.691133 0)
(2.47875 -0.754154 0)
(2.48855 -0.806411 0)
(2.48811 -0.847484 0)
(2.4872 -0.887959 0)
(2.49808 -0.920149 0)
(2.51638 -0.944825 0)
(2.53875 -0.974889 0)
(2.54468 -0.986644 0)
(2.55002 -0.992105 0)
(2.55439 -0.99817 0)
(2.55584 -1.00174 0)
(2.55709 -1.00482 0)
(2.55652 -1.00383 0)
(2.55645 -1.00385 0)
(2.55535 -1.00411 0)
(2.58318 0.982673 0)
(2.65694 0.782588 0)
(2.72529 0.690253 0)
(2.78138 0.773571 0)
(2.91966 0.633089 0)
(2.97012 0.500968 0)
(3.0711 0.413003 0)
(3.13724 0.319576 0)
(3.18085 0.25038 0)
(3.21822 0.182041 0)
(3.22357 0.108425 0)
(3.20786 0.0701066 0)
(3.16288 0.0637234 0)
(3.11273 0.0563238 0)
(3.10923 0.0365327 0)
(3.11382 0.0223487 0)
(3.10053 0.0204975 0)
(3.09179 0.0180976 0)
(3.07755 0.0143714 0)
(3.04652 0.0079853 0)
(3.01165 0.00169369 0)
(3.0005 5.53709e-05 0)
(3 7.43403e-08 0)
(3 -2.68958e-08 0)
(3 -2.27943e-08 0)
(3 -1.42437e-08 0)
(3 -3.88224e-09 0)
(3 -1.7967e-10 0)
(3 -4.93253e-13 0)
(3 4.05226e-15 0)
(3 3.50384e-15 0)
(3 4.21483e-15 0)
(3 1.39763e-15 0)
(3 5.13565e-16 0)
(3 2.15065e-16 0)
(3 -8.23458e-16 0)
(3 -6.20506e-16 0)
(3 3.44409e-16 0)
(3 1.24915e-15 0)
(3 7.56437e-16 0)
(3 4.12256e-16 0)
(3 -9.18726e-16 0)
(3 -3.06301e-16 0)
(3 5.07657e-16 0)
(3 5.88831e-16 0)
(3 -2.7461e-18 0)
(3 -2.41275e-16 0)
(3 7.61865e-17 0)
(3 1.4926e-16 0)
(3 1.401e-16 0)
(3 1.45625e-16 0)
(3 -7.09241e-17 0)
(3 -6.58876e-17 0)
(3 5.22806e-16 0)
(3 9.99676e-16 0)
(3 6.84773e-16 0)
(3 -7.85109e-17 0)
(3 -8.47145e-16 0)
(3 -7.01763e-16 0)
(3 1.2471e-16 0)
(3 5.88193e-16 0)
(3 7.41848e-16 0)
(3 -1.3422e-16 0)
(3 -5.09391e-16 0)
(3 -3.61722e-16 0)
(3 -3.3495e-17 0)
(3 6.63165e-16 0)
(3 1.31977e-15 0)
(3 1.8364e-15 0)
(3 1.78213e-15 0)
(3 2.73842e-16 0)
(3 -1.72357e-16 0)
(3 7.03309e-16 0)
(3 6.8795e-16 0)
(3 2.99048e-16 0)
(3 -2.29665e-16 0)
(3 2.19571e-17 0)
(3 1.71333e-16 0)
(3 3.37976e-16 0)
(3 -4.32462e-16 0)
(3 -1.81755e-15 0)
(3 -1.81075e-15 0)
(3 -2.07191e-15 0)
(3 -8.99218e-16 0)
(3 -7.73811e-16 0)
(3 2.55771e-16 0)
(3 6.22316e-16 0)
(3 7.28821e-16 0)
(3 2.16733e-16 0)
(3 -7.7324e-16 0)
(3 -9.82572e-16 0)
(3 -9.14087e-16 0)
(3 -1.09327e-15 0)
(3 -1.54175e-15 0)
(3 -2.35453e-15 0)
(3 -2.23909e-15 0)
(2.64315 1.02055 0)
(2.79802 0.905365 0)
(2.92995 0.755682 0)
(3.04943 0.434623 0)
(3.06986 0.366798 0)
(3.07527 0.274701 0)
(3.18812 0.107747 0)
(3.21607 -0.0270769 0)
(3.21721 -0.05959 0)
(3.24706 -0.131186 0)
(3.24229 -0.143897 0)
(3.22696 -0.144383 0)
(3.19476 -0.124202 0)
(3.16472 -0.0702862 0)
(3.15012 -0.011196 0)
(3.13262 0.0081533 0)
(3.12005 0.0169618 0)
(3.10596 0.0250226 0)
(3.08111 0.0265387 0)
(3.04016 0.0159401 0)
(3.00635 0.00248711 0)
(3.00012 4.32266e-05 0)
(3 -2.34135e-08 0)
(3 -5.55331e-08 0)
(3 -4.97153e-08 0)
(3 -3.09784e-08 0)
(3 -6.25531e-09 0)
(3 -1.61694e-10 0)
(3 -1.85036e-13 0)
(3 1.07878e-14 0)
(3 9.73905e-15 0)
(3 7.76729e-15 0)
(3 4.8159e-15 0)
(3 1.56119e-15 0)
(3 3.92957e-16 0)
(3 -6.56871e-17 0)
(3 1.43435e-15 0)
(3 3.43909e-15 0)
(3 3.95656e-15 0)
(3 2.30222e-15 0)
(3 1.71506e-16 0)
(3 -1.38969e-15 0)
(3 -1.07883e-15 0)
(3 6.38127e-16 0)
(3 1.18502e-15 0)
(3 4.63506e-16 0)
(3 -2.50719e-16 0)
(3 1.53842e-16 0)
(3 5.94215e-16 0)
(3 1.32816e-15 0)
(3 1.03381e-15 0)
(3 3.68226e-16 0)
(3 8.60487e-16 0)
(3 1.31662e-15 0)
(3 1.69534e-15 0)
(3 1.01765e-15 0)
(3 7.94556e-17 0)
(3 -2.82724e-16 0)
(3 3.6547e-17 0)
(3 2.21672e-15 0)
(3 1.96397e-15 0)
(3 9.72862e-16 0)
(3 -3.15347e-16 0)
(3 -2.06932e-16 0)
(3 1.72983e-16 0)
(3 2.5819e-16 0)
(3 1.71448e-15 0)
(3 2.52189e-15 0)
(3 1.69543e-15 0)
(3 1.39829e-15 0)
(3 9.46366e-16 0)
(3 9.35327e-16 0)
(3 1.64079e-15 0)
(3 1.62485e-15 0)
(3 4.41916e-16 0)
(3 1.60508e-16 0)
(3 2.06257e-16 0)
(3 9.7436e-16 0)
(3 1.13371e-15 0)
(3 1.04087e-15 0)
(3 -9.34813e-16 0)
(3 -1.45007e-15 0)
(3 -9.37095e-16 0)
(3 -5.60337e-16 0)
(3 -3.3849e-16 0)
(3 -3.26056e-17 0)
(3 2.8461e-16 0)
(3 7.49952e-16 0)
(3 3.24803e-17 0)
(3 -1.29046e-15 0)
(3 -1.20476e-15 0)
(3 -8.63805e-16 0)
(3 -6.13147e-16 0)
(3 -1.09718e-15 0)
(3 -2.29894e-15 0)
(3 -1.64272e-15 0)
(2.69746 1.01222 0)
(2.72366 0.956213 0)
(2.78631 0.88951 0)
(2.89225 0.774049 0)
(3.00068 0.628229 0)
(3.08575 0.500502 0)
(3.11696 0.421255 0)
(3.1555 0.279795 0)
(3.16805 0.24187 0)
(3.17581 0.239319 0)
(3.19781 0.150796 0)
(3.19378 0.122983 0)
(3.17937 0.11456 0)
(3.17343 0.0986585 0)
(3.1565 0.0760997 0)
(3.13915 0.0693061 0)
(3.1288 0.0681427 0)
(3.10877 0.0624782 0)
(3.06336 0.0411993 0)
(3.01673 0.0107992 0)
(3.00088 0.000493704 0)
(3 1.49899e-06 0)
(3 -1.03578e-07 0)
(3 -9.34571e-08 0)
(3 -6.89961e-08 0)
(3 -2.68075e-08 0)
(3 -2.31708e-09 0)
(3 -1.61772e-11 0)
(3 1.15819e-14 0)
(3 1.38206e-14 0)
(3 9.63038e-15 0)
(3 4.15618e-15 0)
(3 1.96948e-15 0)
(3 6.86652e-16 0)
(3 -6.14758e-16 0)
(3 -7.97904e-17 0)
(3 1.20318e-15 0)
(3 2.67451e-15 0)
(3 2.66431e-15 0)
(3 1.86292e-15 0)
(3 3.43442e-16 0)
(3 -2.41045e-15 0)
(3 -2.2717e-15 0)
(3 -8.3468e-16 0)
(3 1.07774e-15 0)
(3 1.32988e-15 0)
(3 5.28384e-16 0)
(3 -9.27007e-16 0)
(3 -9.87046e-16 0)
(3 -7.78075e-16 0)
(3 -1.60387e-16 0)
(3 1.47968e-15 0)
(3 2.04278e-15 0)
(3 1.55011e-15 0)
(3 4.3913e-16 0)
(3 -3.95658e-17 0)
(3 -1.02693e-16 0)
(3 6.27693e-16 0)
(3 1.50626e-15 0)
(3 2.60421e-15 0)
(3 2.55067e-15 0)
(3 5.40012e-16 0)
(3 -3.23212e-16 0)
(3 -2.73013e-16 0)
(3 7.0103e-16 0)
(3 1.26035e-15 0)
(3 1.73714e-15 0)
(3 1.75319e-15 0)
(3 4.17359e-16 0)
(3 -6.17108e-16 0)
(3 -1.39915e-16 0)
(3 4.71339e-16 0)
(3 4.42265e-16 0)
(3 -5.30894e-16 0)
(3 -3.55764e-16 0)
(3 3.04424e-16 0)
(3 6.65197e-16 0)
(3 1.20567e-15 0)
(3 1.11622e-15 0)
(3 1.58807e-15 0)
(3 8.79457e-16 0)
(3 1.97356e-15 0)
(3 3.22153e-15 0)
(3 1.64075e-15 0)
(3 -5.91519e-16 0)
(3 -1.34875e-15 0)
(3 -9.99217e-16 0)
(3 -3.39598e-16 0)
(3 -4.88342e-16 0)
(3 -4.50114e-16 0)
(3 -7.24315e-16 0)
(3 -1.0006e-15 0)
(3 -8.13352e-16 0)
(3 -3.49936e-17 0)
(3 6.45076e-16 0)
(3 8.21498e-16 0)
(2.75058 0.962325 0)
(2.71165 0.999307 0)
(2.74006 0.970276 0)
(2.79265 0.924359 0)
(2.87194 0.83876 0)
(2.94251 0.758138 0)
(3.00314 0.669591 0)
(3.05823 0.557772 0)
(3.10859 0.460174 0)
(3.14615 0.397189 0)
(3.17427 0.327187 0)
(3.19369 0.247836 0)
(3.19317 0.195733 0)
(3.17949 0.16672 0)
(3.15921 0.142751 0)
(3.1363 0.120412 0)
(3.11032 0.0978846 0)
(3.07329 0.0659468 0)
(3.02646 0.0221909 0)
(3.0023 0.00161843 0)
(3.00002 1.0321e-05 0)
(3 -1.31416e-07 0)
(3 -1.26974e-07 0)
(3 -1.00931e-07 0)
(3 -5.21422e-08 0)
(3 -9.15942e-09 0)
(3 -2.11085e-10 0)
(3 -1.9868e-13 0)
(3 1.40307e-14 0)
(3 1.23468e-14 0)
(3 6.1343e-15 0)
(3 8.90844e-16 0)
(3 -1.14519e-17 0)
(3 5.52727e-16 0)
(3 5.64322e-16 0)
(3 2.93214e-16 0)
(3 -8.94619e-18 0)
(3 3.84192e-16 0)
(3 7.11396e-16 0)
(3 8.51763e-16 0)
(3 -1.37005e-16 0)
(3 -1.63729e-15 0)
(3 -1.55037e-15 0)
(3 -1.57073e-16 0)
(3 1.22991e-15 0)
(3 6.16732e-16 0)
(3 -1.08993e-15 0)
(3 -2.25509e-15 0)
(3 -1.75737e-15 0)
(3 -1.68962e-15 0)
(3 -8.46964e-16 0)
(3 1.51276e-15 0)
(3 1.4786e-15 0)
(3 8.7338e-16 0)
(3 -2.62902e-16 0)
(3 2.117e-17 0)
(3 3.16224e-16 0)
(3 2.65183e-16 0)
(3 9.50063e-16 0)
(3 9.43713e-16 0)
(3 1.13744e-15 0)
(3 8.67648e-16 0)
(3 -3.04391e-16 0)
(3 -7.761e-16 0)
(3 -2.99586e-16 0)
(3 7.38901e-16 0)
(3 9.37413e-16 0)
(3 9.06285e-16 0)
(3 4.91378e-16 0)
(3 -2.94205e-16 0)
(3 2.78784e-16 0)
(3 -1.02206e-16 0)
(3 -2.25973e-15 0)
(3 -2.03627e-15 0)
(3 -1.32562e-15 0)
(3 -9.72608e-16 0)
(3 -1.95812e-16 0)
(3 5.2233e-16 0)
(3 9.91992e-16 0)
(3 9.26663e-16 0)
(3 1.27275e-15 0)
(3 1.26143e-15 0)
(3 1.87944e-16 0)
(3 4.14097e-16 0)
(3 3.07639e-16 0)
(3 -2.79579e-16 0)
(3 -7.04718e-16 0)
(3 -1.1381e-15 0)
(3 -1.19984e-15 0)
(3 -1.13599e-15 0)
(3 -1.25839e-15 0)
(3 -1.02606e-15 0)
(3 -7.91339e-16 0)
(3 -1.32322e-16 0)
(3 4.25215e-17 0)
(3 -6.41093e-16 0)
(2.86755 0.506452 0)
(2.75349 0.77509 0)
(2.75535 0.842658 0)
(2.81695 0.841561 0)
(2.8478 0.814179 0)
(2.89058 0.762576 0)
(2.94643 0.693149 0)
(3.0027 0.617741 0)
(3.04964 0.544801 0)
(3.08878 0.474957 0)
(3.12263 0.400031 0)
(3.14627 0.319433 0)
(3.15143 0.246063 0)
(3.14239 0.189949 0)
(3.12723 0.150852 0)
(3.10478 0.120329 0)
(3.07038 0.0805554 0)
(3.02789 0.0294129 0)
(3.00309 0.002748 0)
(3.00004 2.62372e-05 0)
(3 -1.00176e-07 0)
(3 -1.08123e-07 0)
(3 -9.22096e-08 0)
(3 -5.1999e-08 0)
(3 -1.15826e-08 0)
(3 -4.41043e-10 0)
(3 -1.04646e-12 0)
(3 1.08482e-14 0)
(3 9.62871e-15 0)
(3 4.79741e-15 0)
(3 3.47387e-16 0)
(3 -1.00952e-17 0)
(3 1.05435e-16 0)
(3 1.31254e-15 0)
(3 1.69621e-15 0)
(3 7.77733e-16 0)
(3 -1.61472e-17 0)
(3 -5.86194e-17 0)
(3 -3.54789e-16 0)
(3 -3.85828e-16 0)
(3 -9.01803e-16 0)
(3 -7.37657e-16 0)
(3 -3.61152e-16 0)
(3 8.46164e-18 0)
(3 4.09093e-16 0)
(3 -4.83354e-16 0)
(3 -5.65361e-16 0)
(3 4.40572e-16 0)
(3 1.56748e-15 0)
(3 1.31044e-15 0)
(3 5.32635e-16 0)
(3 2.85237e-17 0)
(3 -6.15314e-17 0)
(3 5.87712e-16 0)
(3 1.05336e-15 0)
(3 1.2519e-15 0)
(3 1.44272e-15 0)
(3 1.40712e-15 0)
(3 7.87419e-16 0)
(3 5.76948e-17 0)
(3 -3.77684e-16 0)
(3 4.03658e-16 0)
(3 1.15495e-15 0)
(3 1.15363e-15 0)
(3 2.75075e-16 0)
(3 -1.9364e-16 0)
(3 3.70699e-16 0)
(3 8.38899e-16 0)
(3 5.17165e-16 0)
(3 5.86414e-16 0)
(3 8.63328e-16 0)
(3 3.20733e-16 0)
(3 -1.16394e-15 0)
(3 -1.61716e-15 0)
(3 -1.57923e-15 0)
(3 -1.50741e-15 0)
(3 -8.3841e-16 0)
(3 2.27398e-16 0)
(3 1.11067e-15 0)
(3 4.11252e-16 0)
(3 2.06306e-16 0)
(3 -1.09513e-15 0)
(3 -2.64676e-15 0)
(3 -9.74606e-16 0)
(3 1.79632e-16 0)
(3 1.48347e-15 0)
(3 2.83413e-16 0)
(3 -1.32905e-15 0)
(3 -2.65207e-15 0)
(3 -2.22555e-15 0)
(3 -1.25374e-15 0)
(3 -3.99248e-16 0)
(3 -8.63886e-16 0)
(3 -1.12999e-15 0)
(3 -1.19109e-15 0)
(3 -1.12115e-15 0)
(2.98202 0.0542327 0)
(2.92424 0.212519 0)
(2.87168 0.411276 0)
(2.83859 0.577316 0)
(2.83535 0.646905 0)
(2.8926 0.652648 0)
(2.92253 0.629995 0)
(2.97176 0.577551 0)
(3.01771 0.510043 0)
(3.05156 0.444154 0)
(3.07976 0.378178 0)
(3.10022 0.311893 0)
(3.10529 0.248203 0)
(3.09693 0.191288 0)
(3.0784 0.139364 0)
(3.05244 0.0828595 0)
(3.02063 0.02734 0)
(3.00228 0.00249989 0)
(3.00003 2.70041e-05 0)
(3 -6.42868e-08 0)
(3 -8.44371e-08 0)
(3 -7.21302e-08 0)
(3 -3.87431e-08 0)
(3 -8.25301e-09 0)
(3 -3.23605e-10 0)
(3 -8.99151e-13 0)
(3 6.88089e-15 0)
(3 7.64613e-15 0)
(3 5.05376e-15 0)
(3 6.42716e-16 0)
(3 -2.92226e-16 0)
(3 -1.05692e-16 0)
(3 1.36202e-15 0)
(3 1.68234e-15 0)
(3 5.72123e-16 0)
(3 -3.57803e-16 0)
(3 -6.97336e-16 0)
(3 -1.00807e-15 0)
(3 -9.31015e-16 0)
(3 -2.64309e-16 0)
(3 1.62063e-16 0)
(3 3.59691e-17 0)
(3 8.82022e-16 0)
(3 6.25894e-16 0)
(3 -3.78225e-16 0)
(3 1.00285e-17 0)
(3 1.187e-15 0)
(3 1.72085e-15 0)
(3 1.27854e-15 0)
(3 9.11759e-16 0)
(3 -3.76713e-16 0)
(3 -9.51168e-16 0)
(3 -8.35394e-16 0)
(3 1.45815e-16 0)
(3 8.67778e-16 0)
(3 8.05615e-16 0)
(3 4.21908e-16 0)
(3 3.4703e-16 0)
(3 -2.45842e-16 0)
(3 -1.8767e-16 0)
(3 -1.1105e-16 0)
(3 3.6611e-17 0)
(3 8.57886e-16 0)
(3 2.99626e-16 0)
(3 -4.08342e-16 0)
(3 -1.08009e-15 0)
(3 -3.6781e-16 0)
(3 1.1978e-15 0)
(3 2.56675e-15 0)
(3 2.93286e-15 0)
(3 2.18199e-15 0)
(3 7.00072e-16 0)
(3 -2.57726e-16 0)
(3 -7.4198e-16 0)
(3 -4.36332e-16 0)
(3 -1.73414e-15 0)
(3 -2.60352e-15 0)
(3 -1.65168e-15 0)
(3 -6.27685e-16 0)
(3 3.2178e-16 0)
(3 4.08594e-16 0)
(3 -2.18301e-16 0)
(3 -4.98861e-16 0)
(3 3.85402e-16 0)
(3 1.41281e-15 0)
(3 3.23966e-15 0)
(3 2.25499e-15 0)
(3 3.33936e-16 0)
(3 -6.21831e-16 0)
(3 -1.10104e-16 0)
(3 1.27072e-16 0)
(3 -2.3836e-16 0)
(3 -5.89802e-16 0)
(3 1.61238e-16 0)
(3 9.03063e-16 0)
(3 5.54349e-16 0)
(2.99982 0.000394954 0)
(2.99734 0.00762754 0)
(2.98839 0.0370595 0)
(2.96295 0.113114 0)
(2.93363 0.220437 0)
(2.92528 0.318847 0)
(2.9299 0.380501 0)
(2.96303 0.379285 0)
(2.97834 0.362751 0)
(2.99959 0.330357 0)
(3.01965 0.284916 0)
(3.03494 0.229484 0)
(3.04392 0.169953 0)
(3.04196 0.111576 0)
(3.02841 0.0565304 0)
(3.00988 0.0154617 0)
(3.00094 0.0012207 0)
(3.00001 1.22886e-05 0)
(3 -3.12334e-08 0)
(3 -4.52161e-08 0)
(3 -3.64284e-08 0)
(3 -1.7222e-08 0)
(3 -3.07249e-09 0)
(3 -1.01261e-10 0)
(3 -2.42231e-13 0)
(3 3.42998e-15 0)
(3 3.65953e-15 0)
(3 2.88127e-15 0)
(3 1.63988e-15 0)
(3 1.19691e-15 0)
(3 2.75427e-16 0)
(3 4.91927e-16 0)
(3 1.42437e-15 0)
(3 1.25272e-15 0)
(3 5.01763e-16 0)
(3 -2.1354e-18 0)
(3 -6.64665e-16 0)
(3 -1.63367e-15 0)
(3 -1.85311e-15 0)
(3 -9.97842e-16 0)
(3 6.78412e-17 0)
(3 5.65615e-16 0)
(3 1.58786e-15 0)
(3 1.79627e-15 0)
(3 1.15731e-15 0)
(3 9.18399e-16 0)
(3 5.82405e-16 0)
(3 3.65002e-16 0)
(3 -4.08346e-16 0)
(3 -3.07316e-16 0)
(3 -2.35803e-16 0)
(3 -4.30517e-16 0)
(3 -3.02192e-17 0)
(3 3.46881e-16 0)
(3 6.78705e-17 0)
(3 -5.14157e-16 0)
(3 -8.23771e-16 0)
(3 -1.48865e-15 0)
(3 -1.72099e-15 0)
(3 -1.19345e-15 0)
(3 -1.00123e-15 0)
(3 -7.18679e-16 0)
(3 -7.09575e-16 0)
(3 -1.42345e-15 0)
(3 -1.77398e-15 0)
(3 -2.09744e-15 0)
(3 -2.04598e-15 0)
(3 -3.77938e-16 0)
(3 7.04049e-17 0)
(3 7.63798e-17 0)
(3 -6.42137e-16 0)
(3 -4.39015e-16 0)
(3 8.95966e-17 0)
(3 4.86888e-16 0)
(3 2.47663e-16 0)
(3 -9.2967e-16 0)
(3 -2.38217e-15 0)
(3 -2.66183e-15 0)
(3 -1.89318e-15 0)
(3 1.01951e-15 0)
(3 1.45004e-15 0)
(3 2.20187e-15 0)
(3 2.27939e-15 0)
(3 1.71586e-15 0)
(3 2.49863e-15 0)
(3 2.42148e-15 0)
(3 1.7147e-15 0)
(3 3.35639e-16 0)
(3 -1.32921e-17 0)
(3 -4.63826e-17 0)
(3 3.36493e-16 0)
(3 -1.78152e-16 0)
(3 -7.51268e-17 0)
(3 1.40455e-15 0)
(3 2.66015e-15 0)
(3 2.09872e-15 0)
(3 -2.02892e-07 0)
(2.99999 2.29483e-05 0)
(2.99991 0.000303082 0)
(2.99915 0.00261533 0)
(2.99664 0.0111654 0)
(2.99107 0.0322975 0)
(2.98617 0.0614259 0)
(2.98557 0.0870085 0)
(2.98932 0.100993 0)
(2.99224 0.0990486 0)
(2.99751 0.0898615 0)
(3.00364 0.0710868 0)
(3.00794 0.0456761 0)
(3.00711 0.0206664 0)
(3.00256 0.00478481 0)
(3.00022 0.000317257 0)
(3 2.7271e-06 0)
(3 -1.28083e-08 0)
(3 -1.88552e-08 0)
(3 -1.39556e-08 0)
(3 -5.12314e-09 0)
(3 -6.16779e-10 0)
(3 -1.32792e-11 0)
(3 -2.26728e-14 0)
(3 1.28905e-15 0)
(3 2.16126e-15 0)
(3 2.37812e-15 0)
(3 8.15266e-16 0)
(3 3.41895e-16 0)
(3 3.74257e-16 0)
(3 -3.02193e-16 0)
(3 -8.22437e-16 0)
(3 -1.47796e-15 0)
(3 -9.49489e-16 0)
(3 3.51219e-16 0)
(3 7.907e-16 0)
(3 9.95218e-17 0)
(3 -7.65387e-16 0)
(3 -5.22722e-16 0)
(3 -1.79629e-16 0)
(3 2.23607e-16 0)
(3 9.10794e-16 0)
(3 1.22348e-15 0)
(3 1.4912e-15 0)
(3 1.25219e-15 0)
(3 7.17784e-16 0)
(3 6.70453e-16 0)
(3 9.58779e-16 0)
(3 4.79064e-16 0)
(3 -5.11493e-16 0)
(3 -7.76123e-16 0)
(3 -9.54401e-16 0)
(3 -1.0081e-15 0)
(3 -1.01371e-15 0)
(3 -1.32634e-15 0)
(3 -1.04761e-15 0)
(3 -1.83145e-15 0)
(3 -2.0329e-15 0)
(3 -2.14778e-15 0)
(3 -2.54726e-15 0)
(3 -2.13145e-15 0)
(3 -1.04386e-15 0)
(3 -7.45728e-16 0)
(3 -1.3685e-15 0)
(3 -2.35955e-15 0)
(3 -1.35199e-15 0)
(3 -6.29413e-16 0)
(3 -7.33419e-16 0)
(3 -1.129e-15 0)
(3 -3.39251e-15 0)
(3 -3.32179e-15 0)
(3 -2.3388e-15 0)
(3 -7.01938e-16 0)
(3 6.32797e-16 0)
(3 1.00843e-15 0)
(3 1.77866e-15 0)
(3 1.98224e-15 0)
(3 -1.05027e-16 0)
(3 -3.40949e-16 0)
(3 3.57328e-16 0)
(3 1.78663e-15 0)
(3 3.41625e-15 0)
(3 3.53364e-15 0)
(3 2.82227e-15 0)
(3 2.2585e-15 0)
(3 -1.22153e-16 0)
(3 -4.95483e-16 0)
(3 -2.67901e-16 0)
(3 -6.87268e-16 0)
(3 -5.31615e-16 0)
(3 -3.57424e-16 0)
(3 -7.44756e-17 0)
(3 1.68914e-15 0)
(3 1.88192e-15 0)
(3 2.64758e-15 0)
(3 2.65888e-15 0)
(3 -2.97751e-08 0)
(3 -9.4127e-09 0)
(3 1.83041e-07 0)
(3 5.06186e-06 0)
(2.99999 5.25979e-05 0)
(2.99992 0.000324636 0)
(2.99974 0.00112505 0)
(2.99949 0.00257661 0)
(2.9994 0.00434535 0)
(2.99957 0.00512626 0)
(2.99971 0.00496051 0)
(3.00007 0.00394192 0)
(3.00034 0.00207849 0)
(3.0002 0.000527082 0)
(3.00002 3.70123e-05 0)
(3 3.27314e-07 0)
(3 -4.09592e-09 0)
(3 -6.21776e-09 0)
(3 -4.20268e-09 0)
(3 -1.14802e-09 0)
(3 -7.98277e-11 0)
(3 -8.26671e-13 0)
(3 9.34274e-16 0)
(3 1.66479e-15 0)
(3 1.03488e-15 0)
(3 4.95335e-16 0)
(3 4.97274e-16 0)
(3 1.32721e-16 0)
(3 -4.56034e-16 0)
(3 -1.08082e-15 0)
(3 -6.55497e-16 0)
(3 -7.61135e-16 0)
(3 -6.71786e-16 0)
(3 -8.21644e-17 0)
(3 1.19565e-15 0)
(3 1.82769e-15 0)
(3 2.095e-15 0)
(3 2.1307e-15 0)
(3 2.03376e-15 0)
(3 1.77161e-15 0)
(3 1.94667e-15 0)
(3 1.58919e-15 0)
(3 1.99527e-16 0)
(3 5.04553e-17 0)
(3 -3.76267e-17 0)
(3 4.21019e-16 0)
(3 1.21407e-15 0)
(3 2.18365e-15 0)
(3 2.01804e-15 0)
(3 3.83964e-16 0)
(3 -7.94237e-16 0)
(3 -9.15645e-16 0)
(3 -1.11385e-15 0)
(3 -2.52489e-15 0)
(3 -2.32335e-15 0)
(3 -1.43678e-15 0)
(3 -1.38533e-15 0)
(3 -1.12642e-15 0)
(3 -1.53051e-15 0)
(3 -2.19599e-15 0)
(3 -1.58453e-15 0)
(3 -1.07644e-15 0)
(3 -8.11296e-16 0)
(3 -3.51198e-16 0)
(3 -2.23786e-16 0)
(3 2.42207e-15 0)
(3 3.71445e-15 0)
(3 3.07822e-15 0)
(3 -1.64727e-16 0)
(3 -3.33613e-15 0)
(3 -3.18723e-15 0)
(3 -2.26712e-15 0)
(3 2.6941e-16 0)
(3 3.2395e-16 0)
(3 1.33784e-15 0)
(3 2.35764e-15 0)
(3 2.94883e-15 0)
(3 2.57454e-15 0)
(3 2.13595e-15 0)
(3 1.50368e-15 0)
(3 4.14108e-16 0)
(3 7.07756e-16 0)
(3 2.19747e-15 0)
(3 2.54958e-15 0)
(3 1.26055e-15 0)
(3 -1.36091e-15 0)
(3 -1.47456e-15 0)
(3 -2.477e-16 0)
(3 6.10188e-16 0)
(3 5.8168e-16 0)
(3 -6.41504e-18 0)
(3 5.13372e-16 0)
(3 7.47777e-16 0)
(3 7.19684e-16 0)
(3 7.32591e-16 0)
(3 1.29262e-15 0)
(3 -2.80968e-10 0)
(3 -1.03803e-09 0)
(3 -3.72959e-10 0)
(3 5.02244e-10 0)
(3 1.69124e-08 0)
(3 2.29153e-07 0)
(3 1.52915e-06 0)
(3 6.20851e-06 0)
(3 1.6336e-05 0)
(3 2.52283e-05 0)
(3 2.6018e-05 0)
(3 2.06262e-05 0)
(3 8.37025e-06 0)
(3 9.71831e-07 0)
(3 1.47291e-08 0)
(3 -1.03776e-09 0)
(3 -1.69636e-09 0)
(3 -1.0605e-09 0)
(3 -2.22118e-10 0)
(3 -8.97356e-12 0)
(3 -3.81901e-14 0)
(3 5.29694e-16 0)
(3 6.61506e-16 0)
(3 7.86769e-16 0)
(3 4.08187e-16 0)
(3 -4.12989e-16 0)
(3 -6.18283e-16 0)
(3 -1.42396e-16 0)
(3 7.35174e-16 0)
(3 1.00537e-15 0)
(3 8.44288e-16 0)
(3 7.15924e-16 0)
(3 1.14536e-15 0)
(3 1.49666e-15 0)
(3 1.31876e-15 0)
(3 1.40722e-15 0)
(3 2.18164e-15 0)
(3 3.30405e-15 0)
(3 3.29328e-15 0)
(3 2.63011e-15 0)
(3 2.51543e-15 0)
(3 1.79485e-15 0)
(3 1.07672e-15 0)
(3 8.00478e-16 0)
(3 2.52727e-16 0)
(3 4.19157e-16 0)
(3 7.55144e-16 0)
(3 1.22129e-15 0)
(3 1.53592e-15 0)
(3 2.53501e-16 0)
(3 -1.09718e-15 0)
(3 -9.89419e-16 0)
(3 -9.82037e-16 0)
(3 -1.63405e-15 0)
(3 -1.56507e-15 0)
(3 -1.10062e-15 0)
(3 -1.18002e-16 0)
(3 1.97752e-16 0)
(3 1.06338e-16 0)
(3 -3.03073e-16 0)
(3 -6.98031e-16 0)
(3 -4.1964e-16 0)
(3 -6.10711e-17 0)
(3 6.60877e-17 0)
(3 1.50399e-15 0)
(3 2.49143e-15 0)
(3 2.05976e-15 0)
(3 1.72641e-15 0)
(3 6.67996e-16 0)
(3 -9.89976e-17 0)
(3 -2.61513e-16 0)
(3 4.61152e-16 0)
(3 1.77641e-15 0)
(3 1.19403e-15 0)
(3 1.19547e-15 0)
(3 1.67109e-15 0)
(3 2.90205e-15 0)
(3 2.78826e-15 0)
(3 1.86782e-15 0)
(3 -5.59885e-16 0)
(3 -2.00184e-15 0)
(3 -1.1601e-15 0)
(3 4.16988e-16 0)
(3 7.43199e-16 0)
(3 -7.02909e-16 0)
(3 -1.75889e-15 0)
(3 -1.72545e-15 0)
(3 -9.34066e-16 0)
(3 6.81147e-16 0)
(3 7.53475e-16 0)
(3 8.49675e-16 0)
(3 8.38599e-16 0)
(3 4.34884e-17 0)
(3 -4.77345e-16 0)
(3 -8.78386e-16 0)
(3 -6.77807e-16 0)
(3 3.47066e-13 0)
(3 -1.10906e-11 0)
(3 -5.74138e-11 0)
(3 -3.65512e-11 0)
(3 -1.61031e-11 0)
(3 1.76171e-12 0)
(3 1.09751e-10 0)
(3 8.38963e-10 0)
(3 3.58448e-09 0)
(3 7.33601e-09 0)
(3 7.93297e-09 0)
(3 5.9634e-09 0)
(3 1.67843e-09 0)
(3 9.02085e-11 0)
(3 -1.30179e-10 0)
(3 -3.29984e-10 0)
(3 -2.02533e-10 0)
(3 -3.6564e-11 0)
(3 -1.0412e-12 0)
(3 -6.26021e-16 0)
(3 1.50419e-15 0)
(3 1.32959e-15 0)
(3 5.21853e-16 0)
(3 -8.54811e-17 0)
(3 -7.07901e-16 0)
(3 -8.84398e-16 0)
(3 -7.58091e-16 0)
(3 -1.72649e-16 0)
(3 7.89647e-16 0)
(3 1.91651e-15 0)
(3 1.77594e-15 0)
(3 1.63038e-15 0)
(3 8.62342e-16 0)
(3 -1.94651e-16 0)
(3 -7.13439e-16 0)
(3 -7.40658e-16 0)
(3 -1.31562e-16 0)
(3 1.14351e-15 0)
(3 1.22641e-15 0)
(3 9.85252e-16 0)
(3 6.84312e-16 0)
(3 6.28634e-16 0)
(3 4.69963e-16 0)
(3 5.49905e-16 0)
(3 6.15291e-16 0)
(3 4.37634e-16 0)
(3 2.35476e-16 0)
(3 3.79796e-16 0)
(3 6.76507e-16 0)
(3 -7.17445e-16 0)
(3 -1.17966e-15 0)
(3 -1.39827e-15 0)
(3 -1.43441e-15 0)
(3 -1.09229e-15 0)
(3 -7.52906e-16 0)
(3 -4.15769e-16 0)
(3 -6.22973e-16 0)
(3 1.747e-16 0)
(3 5.80047e-16 0)
(3 3.39522e-16 0)
(3 -6.84536e-17 0)
(3 -2.82241e-17 0)
(3 3.71262e-16 0)
(3 8.42177e-16 0)
(3 4.94595e-16 0)
(3 -3.38769e-16 0)
(3 -6.81686e-16 0)
(3 1.64526e-17 0)
(3 2.00864e-15 0)
(3 3.01643e-15 0)
(3 4.2872e-15 0)
(3 2.65254e-15 0)
(3 1.16184e-15 0)
(3 -2.39634e-17 0)
(3 8.42233e-16 0)
(3 1.3506e-15 0)
(3 2.06451e-15 0)
(3 1.14286e-15 0)
(3 -1.0856e-15 0)
(3 -1.9698e-15 0)
(3 -1.73001e-15 0)
(3 -5.54614e-16 0)
(3 -2.02562e-16 0)
(3 -4.41768e-16 0)
(3 4.41873e-17 0)
(3 1.9e-16 0)
(3 5.53032e-16 0)
(3 7.52989e-16 0)
(3 1.43042e-15 0)
(3 1.62394e-15 0)
(3 1.48472e-15 0)
(3 1.34866e-15 0)
(3 5.25325e-16 0)
(3 -3.55394e-16 0)
(3 -1.55422e-15 0)
(3 -8.20894e-16 0)
(3 2.19905e-14 0)
(3 -5.74191e-14 0)
(3 -1.94144e-12 0)
(3 -6.69873e-12 0)
(3 -4.65346e-12 0)
(3 -1.06599e-12 0)
(3 -7.27741e-14 0)
(3 1.78589e-14 0)
(3 1.03767e-13 0)
(3 2.03584e-13 0)
(3 2.1377e-13 0)
(3 1.32056e-13 0)
(3 -6.05624e-13 0)
(3 -8.12402e-12 0)
(3 -3.62581e-11 0)
(3 -2.2834e-11 0)
(3 -3.91449e-12 0)
(3 -1.05146e-13 0)
(3 6.11369e-16 0)
(3 7.05729e-16 0)
(3 4.60876e-16 0)
(3 1.28542e-15 0)
(3 1.14517e-15 0)
(3 4.58263e-16 0)
(3 -1.87118e-15 0)
(3 -2.30221e-15 0)
(3 -1.2721e-15 0)
(3 -1.50383e-17 0)
(3 -5.28425e-16 0)
(3 -2.59484e-16 0)
(3 2.39591e-16 0)
(3 3.94848e-16 0)
(3 -9.1448e-16 0)
(3 -1.67485e-15 0)
(3 -2.2964e-15 0)
(3 -2.22343e-15 0)
(3 -1.9242e-15 0)
(3 1.29073e-16 0)
(3 -6.05801e-16 0)
(3 -8.69701e-16 0)
(3 -8.27789e-16 0)
(3 -1.77655e-16 0)
(3 1.26144e-16 0)
(3 2.2707e-16 0)
(3 5.81359e-16 0)
(3 3.11684e-16 0)
(3 -8.86999e-16 0)
(3 -1.08327e-15 0)
(3 -7.28646e-16 0)
(3 -1.21481e-16 0)
(3 -4.1509e-16 0)
(3 -1.32221e-15 0)
(3 -1.9628e-15 0)
(3 -2.00654e-15 0)
(3 -2.15731e-15 0)
(3 -1.05012e-15 0)
(3 -8.30552e-16 0)
(3 -1.40895e-15 0)
(3 -2.17281e-15 0)
(3 -2.65845e-15 0)
(3 -2.22044e-15 0)
(3 -1.1578e-15 0)
(3 1.54535e-15 0)
(3 2.12648e-15 0)
(3 1.59259e-15 0)
(3 5.25344e-16 0)
(3 1.80844e-16 0)
(3 2.90569e-16 0)
(3 1.35963e-15 0)
(3 3.37511e-15 0)
(3 4.6883e-15 0)
(3 3.5637e-15 0)
(3 1.21449e-15 0)
(3 -2.90133e-16 0)
(3 -1.04958e-17 0)
(3 1.75022e-16 0)
(3 2.65113e-16 0)
(3 3.59099e-17 0)
(3 -6.53514e-16 0)
(3 -9.74529e-16 0)
(3 -2.34426e-16 0)
(3 -9.87112e-17 0)
(3 -5.10371e-16 0)
(3 -6.8012e-16 0)
(3 9.10145e-16 0)
(3 2.23323e-15 0)
(3 2.59446e-15 0)
(3 2.21718e-15 0)
(3 2.21961e-15 0)
(3 1.99123e-15 0)
(3 8.9682e-16 0)
(3 4.73764e-16 0)
(3 3.68768e-16 0)
(3 3.44568e-16 0)
(3 2.95971e-17 0)
(3 2.73383e-16 0)
(3 2.51399e-16 0)
(3 -1.50652e-16 0)
(3 -9.14567e-15 0)
(3 -1.07879e-13 0)
(3 -9.98031e-14 0)
(3 -6.03755e-14 0)
(3 -8.65034e-15 0)
(3 -7.03372e-16 0)
(3 4.24974e-16 0)
(3 2.54182e-16 0)
(3 -1.58215e-15 0)
(3 -4.05789e-14 0)
(3 -5.07846e-13 0)
(3 -2.39058e-12 0)
(3 -1.61395e-12 0)
(3 -2.41601e-13 0)
(3 -7.33053e-15 0)
(3 9.78381e-16 0)
(3 5.54791e-16 0)
(3 -1.88445e-16 0)
(3 -3.16206e-16 0)
(3 6.40038e-17 0)
(3 5.43285e-16 0)
(3 3.91437e-16 0)
(3 -8.73305e-16 0)
(3 -2.05398e-15 0)
(3 -1.68899e-15 0)
(3 -1.64024e-15 0)
(3 -2.20716e-15 0)
(3 -2.42376e-15 0)
(3 -1.73785e-15 0)
(3 -9.67166e-16 0)
(3 -3.7204e-16 0)
(3 1.58116e-16 0)
(3 7.53416e-16 0)
(3 7.53523e-16 0)
(3 -1.0466e-15 0)
(3 -1.83257e-15 0)
(3 -1.25726e-15 0)
(3 -3.31676e-16 0)
(3 4.1666e-16 0)
(3 8.37189e-16 0)
(3 4.63011e-16 0)
(3 -4.65863e-16 0)
(3 -3.3406e-16 0)
(3 1.27754e-17 0)
(3 -1.37567e-16 0)
(3 -1.00224e-15 0)
(3 -8.78135e-16 0)
(3 5.91804e-16 0)
(3 -1.8746e-16 0)
(3 -1.93284e-16 0)
(3 -7.27303e-16 0)
(3 -7.25642e-16 0)
(3 -1.68956e-15 0)
(3 -1.91465e-15 0)
(3 -1.34257e-15 0)
(3 -1.59841e-15 0)
(3 -2.41561e-15 0)
(3 -2.53316e-15 0)
(3 -2.46441e-15 0)
(3 -1.69063e-15 0)
(3 -1.21857e-15 0)
(3 -6.20943e-16 0)
(3 1.65353e-15 0)
(3 1.73966e-15 0)
(3 1.05674e-15 0)
(3 4.89048e-16 0)
(3 2.939e-16 0)
(3 3.76164e-16 0)
(3 1.01329e-15 0)
(3 1.4567e-17 0)
(3 -3.8576e-16 0)
(3 -3.28889e-16 0)
(3 -4.49262e-16 0)
(3 -6.95217e-16 0)
(3 -8.7015e-16 0)
(3 -4.9318e-16 0)
(3 5.18269e-16 0)
(3 1.03607e-15 0)
(3 7.10605e-16 0)
(3 -9.66483e-16 0)
(3 -1.64215e-15 0)
(3 -6.48864e-16 0)
(3 2.37571e-16 0)
(3 1.4936e-15 0)
(3 1.91809e-15 0)
(3 2.11433e-15 0)
(3 1.85549e-15 0)
(3 9.463e-16 0)
(3 1.21406e-16 0)
(3 1.93551e-16 0)
(3 9.39324e-16 0)
(3 9.45824e-16 0)
(3 1.44069e-15 0)
(3 1.17648e-15 0)
(3 1.09428e-18 0)
(3 6.20967e-16 0)
(3 5.98438e-16 0)
(3 9.10609e-16 0)
(3 1.07061e-15 0)
(3 2.64467e-16 0)
(3 1.6159e-16 0)
(3 1.52969e-16 0)
(3 6.56704e-16 0)
(3 7.12951e-16 0)
(3 -1.27762e-15 0)
(3 -1.58042e-14 0)
(3 -8.25534e-14 0)
(3 -7.36525e-14 0)
(3 -1.26227e-14 0)
(3 -7.23171e-16 0)
(3 -9.65155e-16 0)
(3 -1.85221e-15 0)
(3 -1.84992e-15 0)
(3 -5.99712e-16 0)
(3 -7.09196e-16 0)
(3 -7.69763e-16 0)
(3 -7.31421e-16 0)
(3 -2.33217e-16 0)
(3 3.67731e-16 0)
(3 8.57402e-16 0)
(3 1.8731e-16 0)
(3 -1.89414e-16 0)
(3 -1.13546e-15 0)
(3 -2.48071e-15 0)
(3 -2.3494e-15 0)
(3 -7.28941e-16 0)
(3 1.70203e-15 0)
(3 3.00077e-15 0)
(3 3.87716e-15 0)
(3 3.42058e-15 0)
(3 -1.66102e-16 0)
(3 -1.79343e-15 0)
(3 -1.41304e-15 0)
(3 3.56777e-16 0)
(3 1.96851e-15 0)
(3 1.41321e-15 0)
(3 3.54966e-16 0)
(3 -8.9762e-16 0)
(3 -1.22565e-15 0)
(3 -1.14443e-15 0)
(3 -5.94286e-16 0)
(3 4.00955e-17 0)
(3 -1.1388e-15 0)
(3 -1.28281e-15 0)
(3 -7.57703e-16 0)
(3 -1.33813e-18 0)
(3 5.04348e-16 0)
(3 7.18382e-16 0)
(3 3.31277e-16 0)
(3 -1.25808e-15 0)
(3 -1.25032e-15 0)
(3 -7.29791e-16 0)
(3 -5.96322e-16 0)
(3 1.05114e-15 0)
(3 1.37002e-15 0)
(3 1.10581e-15 0)
(3 -2.48506e-15 0)
(3 -3.77223e-15 0)
(3 -1.53379e-15 0)
(3 3.73228e-16 0)
(3 5.48866e-16 0)
(3 3.57464e-16 0)
(3 9.66995e-17 0)
(3 -1.91126e-15 0)
(3 -2.20521e-15 0)
(3 -1.21353e-15 0)
(3 -9.55975e-16 0)
(3 -9.5246e-16 0)
(3 -2.47044e-16 0)
(3 -4.06047e-16 0)
(3 -7.66682e-16 0)
(3 -9.94834e-16 0)
(3 -1.01246e-15 0)
(3 -7.08809e-16 0)
(3 -5.83127e-16 0)
(3 -3.80765e-16 0)
(3 -4.10646e-16 0)
(3 -1.55489e-17 0)
(3 4.51194e-16 0)
(3 1.23166e-15 0)
(3 1.65753e-15 0)
(3 1.31142e-15 0)
(3 8.3592e-16 0)
(3 -6.78499e-16 0)
(3 -7.38078e-16 0)
(3 -4.45063e-16 0)
(3 3.92234e-16 0)
(3 9.07269e-16 0)
(3 1.25958e-15 0)
(3 9.03572e-16 0)
(3 -4.59115e-16 0)
(3 4.90897e-16 0)
(3 7.98163e-16 0)
(3 6.907e-16 0)
(3 3.69393e-16 0)
(3 -6.40569e-16 0)
(3 -1.09072e-16 0)
(3 9.5266e-16 0)
(3 1.54712e-15 0)
(3 1.76182e-15 0)
(3 8.01229e-16 0)
(3 -4.21375e-16 0)
(3 -1.015e-15 0)
(3 -1.58682e-16 0)
(3 -1.03641e-16 0)
(3 -1.78207e-16 0)
(3 3.18602e-16 0)
(3 -5.0518e-16 0)
(3 -7.79233e-16 0)
(3 -5.3483e-16 0)
(3 -5.84862e-16 0)
(3 -7.96748e-16 0)
(3 -9.27946e-16 0)
(3 -4.30678e-16 0)
(3 5.76768e-16 0)
(3 1.41245e-15 0)
(3 6.37819e-16 0)
(3 3.40807e-16 0)
(3 2.14739e-16 0)
(3 -7.651e-17 0)
(3 -1.6578e-16 0)
(3 6.719e-16 0)
(3 2.33246e-15 0)
(3 2.73888e-15 0)
(3 1.79288e-15 0)
(3 1.60437e-15 0)
(3 1.73114e-15 0)
(3 1.41045e-15 0)
(3 9.84728e-16 0)
(3 4.40858e-16 0)
(3 5.83431e-16 0)
(3 6.72441e-16 0)
(3 3.87775e-16 0)
(3 -7.37355e-17 0)
(3 -1.31623e-15 0)
(3 -1.65833e-15 0)
(3 -7.24275e-16 0)
(3 -7.48225e-17 0)
(3 -6.72358e-16 0)
(3 -1.1673e-15 0)
(3 -7.90874e-16 0)
(3 -3.82183e-16 0)
(3 -3.98129e-16 0)
(3 -7.02475e-17 0)
(3 2.88768e-16 0)
(3 -4.26858e-16 0)
(3 -8.29704e-16 0)
(3 1.56827e-16 0)
(3 1.71206e-15 0)
(3 2.24856e-15 0)
(3 1.21258e-15 0)
(3 5.18124e-17 0)
(3 -1.11591e-15 0)
(3 -2.24506e-15 0)
(3 -2.83421e-15 0)
(3 -1.97915e-15 0)
(3 -1.17493e-15 0)
(3 -2.7149e-16 0)
(3 -2.20051e-16 0)
(3 -6.34997e-16 0)
(3 -1.00805e-15 0)
(3 -4.72106e-16 0)
(3 1.39492e-16 0)
(3 2.83664e-16 0)
(3 -1.77631e-16 0)
(3 5.6784e-16 0)
(3 1.10494e-16 0)
(3 -1.17271e-15 0)
(3 -2.68208e-15 0)
(3 -2.09192e-15 0)
(3 -1.05204e-15 0)
(3 2.56181e-16 0)
(3 1.21889e-15 0)
(3 1.33349e-15 0)
(3 9.70009e-16 0)
(3 7.94781e-16 0)
(3 6.96087e-16 0)
(3 3.7924e-16 0)
(3 2.06274e-16 0)
(3 -1.09458e-15 0)
(3 -1.73877e-15 0)
(3 -1.69521e-15 0)
(3 -6.78709e-16 0)
(3 4.4814e-16 0)
(3 8.69396e-16 0)
(3 4.44942e-16 0)
(3 -5.26682e-16 0)
(3 -2.92821e-16 0)
(3 -5.02282e-17 0)
(3 -4.26047e-17 0)
(3 6.89849e-17 0)
(3 3.5972e-17 0)
(3 -6.78316e-17 0)
(3 3.48729e-17 0)
(3 1.46984e-16 0)
(3 4.2203e-16 0)
(3 3.33211e-16 0)
(3 1.00045e-15 0)
(3 1.58883e-15 0)
(3 2.61662e-15 0)
(3 1.90306e-15 0)
(3 1.13626e-15 0)
(3 1.01672e-15 0)
(3 7.19553e-16 0)
(3 2.80189e-16 0)
(3 -4.8258e-16 0)
(3 6.24457e-16 0)
(3 6.3264e-16 0)
(3 7.85553e-16 0)
(3 6.41199e-16 0)
(3 6.80299e-16 0)
(3 6.53843e-16 0)
(3 6.57173e-16 0)
(3 4.48252e-16 0)
(3 6.29789e-16 0)
(3 1.72832e-15 0)
(3 1.71977e-15 0)
(3 1.31416e-15 0)
(3 1.1685e-15 0)
(3 7.08389e-17 0)
(3 -3.61645e-16 0)
(3 2.48814e-16 0)
(3 1.76297e-15 0)
(3 2.83196e-15 0)
(3 2.76463e-15 0)
(3 1.59498e-15 0)
(3 1.29381e-15 0)
(3 1.05241e-15 0)
(3 6.29683e-16 0)
(3 6.91906e-17 0)
(3 -2.17091e-17 0)
(3 1.38139e-16 0)
(3 1.0832e-16 0)
(3 -3.79604e-16 0)
(3 -1.39412e-15 0)
(3 -1.09281e-15 0)
(3 -6.35645e-16 0)
(3 -7.45003e-16 0)
(3 -1.34216e-15 0)
(3 -1.61221e-15 0)
(3 -1.44249e-15 0)
(3 -1.04489e-15 0)
(3 -9.01814e-17 0)
(3 4.50757e-16 0)
(3 1.38715e-15 0)
(3 1.07616e-15 0)
(3 6.39572e-16 0)
(3 -4.14186e-16 0)
(3 -2.68813e-16 0)
(3 -2.62683e-16 0)
(3 -8.61484e-16 0)
(3 -1.34428e-15 0)
(3 -1.19348e-15 0)
(3 -7.50141e-16 0)
(3 -1.26444e-16 0)
(3 -2.39423e-17 0)
(3 -2.18202e-16 0)
(3 -3.66429e-17 0)
(3 2.3977e-16 0)
(3 3.17429e-16 0)
(3 -2.42441e-16 0)
(3 6.92875e-16 0)
(3 -2.80837e-16 0)
(3 -1.99241e-15 0)
(3 -2.45841e-15 0)
(3 -2.4496e-15 0)
(3 -4.65576e-16 0)
(3 3.95327e-16 0)
(3 8.38656e-16 0)
(3 5.32673e-16 0)
(3 -1.02846e-16 0)
(3 -5.54841e-16 0)
(3 -7.83322e-16 0)
(3 -2.67812e-16 0)
(3 5.67137e-16 0)
(3 5.55554e-17 0)
(3 -8.54259e-16 0)
(3 -1.15178e-15 0)
(3 -8.07834e-16 0)
(3 4.43718e-16 0)
(3 8.28997e-16 0)
(3 1.9944e-17 0)
(3 1.66217e-16 0)
(3 1.48928e-16 0)
(3 9.59038e-17 0)
(3 1.67197e-16 0)
(3 3.98157e-16 0)
(3 8.43906e-16 0)
(3 4.5014e-16 0)
(3 4.22668e-16 0)
(3 3.80316e-16 0)
(3 4.25959e-17 0)
(3 -7.51175e-16 0)
(3 3.44122e-16 0)
(3 2.0783e-15 0)
(3 2.96233e-15 0)
(3 2.77258e-15 0)
(3 2.24654e-15 0)
(3 1.16414e-15 0)
(3 7.90236e-16 0)
(3 1.00851e-15 0)
(3 1.51441e-15 0)
(3 2.00456e-15 0)
(3 1.92959e-15 0)
(3 1.3773e-15 0)
(3 5.89903e-16 0)
(3 1.08523e-15 0)
(3 8.69462e-16 0)
(3 8.91307e-16 0)
(3 7.64806e-16 0)
(3 6.23201e-16 0)
(3 9.05171e-16 0)
(3 1.0737e-15 0)
(3 4.11524e-16 0)
(3 -7.97561e-16 0)
(3 -1.31472e-15 0)
(3 -1.00369e-15 0)
(3 8.24444e-17 0)
(3 8.76715e-16 0)
(3 2.47554e-15 0)
(3 3.50122e-15 0)
(3 2.14108e-15 0)
(3 1.47691e-15 0)
(3 7.53097e-16 0)
(3 9.94753e-16 0)
(3 6.61108e-16 0)
(3 9.8116e-17 0)
(3 -7.55022e-16 0)
(3 -1.21252e-15 0)
(3 -1.22244e-15 0)
(3 -1.39748e-16 0)
(3 5.03724e-16 0)
(3 3.1909e-17 0)
(3 -6.14363e-16 0)
(3 -1.17819e-15 0)
(3 -2.33434e-15 0)
(3 -1.37632e-15 0)
(3 -3.92486e-16 0)
(3 8.84466e-16 0)
(3 9.42466e-16 0)
(3 2.17798e-16 0)
(3 1.18673e-16 0)
(3 8.38115e-16 0)
(3 1.18098e-15 0)
(3 6.58688e-16 0)
(3 1.06421e-16 0)
(3 -5.61556e-16 0)
(3 -1.69555e-15 0)
(3 -2.10409e-15 0)
(3 -1.98076e-15 0)
(3 -1.57076e-15 0)
(3 -6.93517e-16 0)
(3 2.21106e-16 0)
(3 5.59915e-16 0)
(3 4.59246e-17 0)
(3 -5.57058e-16 0)
(3 -1.0203e-15 0)
(3 -1.30064e-15 0)
(3 -1.30081e-15 0)
(3 -1.16605e-15 0)
(3 -1.28275e-15 0)
(3 -2.7369e-15 0)
(3 -2.26161e-15 0)
(3 -9.78449e-16 0)
(3 -1.36752e-15 0)
(3 -1.70431e-15 0)
(3 -1.68222e-15 0)
(3 -1.80025e-15 0)
(3 -1.99331e-15 0)
(3 -5.54282e-16 0)
(3 -3.83986e-17 0)
(3 8.0744e-16 0)
(3 1.29665e-15 0)
(3 1.34472e-15 0)
(3 6.14593e-16 0)
(3 6.11947e-16 0)
(3 1.10897e-15 0)
(3 1.0734e-15 0)
(3 1.43431e-15 0)
(3 1.21165e-15 0)
(3 9.60306e-16 0)
(3 6.97432e-16 0)
(3 8.07943e-16 0)
(3 7.28016e-16 0)
(3 1.05532e-15 0)
(3 1.36254e-15 0)
(3 1.27982e-15 0)
(3 2.74938e-16 0)
(3 -3.89613e-16 0)
(3 4.4338e-16 0)
(3 1.02158e-15 0)
(3 5.94874e-16 0)
(3 1.21787e-15 0)
(3 1.16262e-15 0)
(3 1.26614e-15 0)
(3 1.95347e-15 0)
(3 1.92144e-15 0)
(3 2.12543e-15 0)
(3 1.39962e-15 0)
(3 6.62619e-16 0)
(3 -3.79721e-16 0)
(3 -5.28281e-16 0)
(3 3.92829e-16 0)
(3 2.87248e-16 0)
(3 -2.83156e-16 0)
(3 -6.91046e-16 0)
(3 -2.70572e-16 0)
(3 -2.52739e-16 0)
(3 -6.1701e-16 0)
(3 -1.36541e-15 0)
(3 -1.72392e-15 0)
(3 -1.51187e-15 0)
(3 -8.47308e-16 0)
(3 -7.62925e-17 0)
(3 2.9303e-16 0)
(3 1.67565e-15 0)
(3 2.00088e-15 0)
(3 1.26239e-15 0)
(3 2.24579e-16 0)
(3 -3.65734e-16 0)
(3 -3.16861e-16 0)
(3 2.36281e-17 0)
(3 -5.51024e-16 0)
(3 -7.49735e-16 0)
(3 -8.66528e-16 0)
(3 -4.72498e-16 0)
(3 -1.9229e-16 0)
(3 -5.95537e-17 0)
(3 -3.09141e-16 0)
(3 -1.88741e-16 0)
(3 -9.40257e-16 0)
(3 -1.38733e-15 0)
(3 -2.42557e-15 0)
(3 -2.57089e-15 0)
(3 -1.95196e-15 0)
(3 3.59514e-17 0)
(3 -1.99817e-16 0)
(3 4.69501e-16 0)
(3 1.82442e-15 0)
(3 2.01559e-15 0)
(3 1.75969e-15 0)
(3 1.32354e-15 0)
(3 -3.11013e-16 0)
(3 -3.03134e-15 0)
(3 -5.63717e-15 0)
(3 -5.77296e-15 0)
(3 -5.10769e-15 0)
(3 -2.27658e-15 0)
(3 9.38214e-16 0)
(3 9.91483e-16 0)
(3 4.17111e-16 0)
(3 -8.17993e-16 0)
(3 -1.65069e-15 0)
(3 -2.04949e-15 0)
(3 -1.27972e-15 0)
(3 2.57312e-16 0)
(3 2.39062e-16 0)
(3 -6.29231e-16 0)
(3 -2.54033e-15 0)
(3 -1.98807e-15 0)
(3 -1.75033e-15 0)
(3 -2.01134e-15 0)
(3 -9.25533e-16 0)
(3 -9.82474e-16 0)
(3 -9.12745e-16 0)
(3 -5.25121e-16 0)
(3 -3.41874e-16 0)
(3 7.70438e-16 0)
(3 2.06328e-15 0)
(3 1.68567e-15 0)
(3 7.90354e-16 0)
(3 9.33257e-16 0)
(3 8.67393e-16 0)
(3 1.04146e-15 0)
(3 1.07082e-15 0)
(3 1.21442e-15 0)
(3 1.26708e-15 0)
(3 1.25213e-15 0)
(3 1.26142e-15 0)
(3 1.168e-15 0)
(3 1.58645e-15 0)
(3 2.40161e-15 0)
(3 2.26429e-15 0)
(3 1.61615e-15 0)
(3 2.19247e-15 0)
(3 1.46201e-14 0)
(3 7.76948e-14 0)
(3 6.98519e-14 0)
(3 1.11934e-14 0)
(3 6.69483e-16 0)
(3 5.7284e-16 0)
(3 1.61545e-15 0)
(3 1.94114e-15 0)
(3 2.23485e-15 0)
(3 5.65409e-16 0)
(3 -1.56679e-16 0)
(3 -5.5613e-16 0)
(3 -4.82027e-16 0)
(3 -7.14458e-16 0)
(3 -4.01547e-16 0)
(3 -1.23736e-15 0)
(3 -1.89624e-15 0)
(3 -1.86051e-15 0)
(3 -1.66241e-15 0)
(3 -2.26585e-15 0)
(3 -2.52509e-15 0)
(3 -2.39094e-15 0)
(3 -1.55461e-15 0)
(3 -6.42367e-16 0)
(3 -3.30814e-16 0)
(3 -2.38535e-16 0)
(3 -6.38438e-16 0)
(3 6.42129e-17 0)
(3 1.33474e-16 0)
(3 -4.12421e-16 0)
(3 -1.54881e-16 0)
(3 -3.55853e-16 0)
(3 -2.59291e-16 0)
(3 3.68583e-16 0)
(3 1.94227e-15 0)
(3 2.15136e-15 0)
(3 6.92387e-16 0)
(3 -3.46767e-16 0)
(3 -1.0357e-15 0)
(3 -5.12207e-16 0)
(3 3.39011e-16 0)
(3 8.42563e-16 0)
(3 1.46298e-15 0)
(3 1.12808e-15 0)
(3 1.14415e-16 0)
(3 -2.14129e-17 0)
(3 -4.04974e-16 0)
(3 -3.43563e-16 0)
(3 3.01439e-16 0)
(3 5.57286e-16 0)
(3 6.77093e-16 0)
(3 5.91746e-16 0)
(3 2.12952e-16 0)
(3 -3.02246e-16 0)
(3 -1.20455e-15 0)
(3 -1.93252e-15 0)
(3 -2.58626e-15 0)
(3 -2.41649e-15 0)
(3 -2.06468e-15 0)
(3 -1.52519e-15 0)
(3 -7.3514e-16 0)
(3 -7.89509e-16 0)
(3 -1.4069e-15 0)
(3 -9.90683e-16 0)
(3 -4.92936e-16 0)
(3 -4.26553e-16 0)
(3 5.75877e-17 0)
(3 3.8713e-16 0)
(3 4.51938e-16 0)
(3 1.12422e-16 0)
(3 4.82885e-17 0)
(3 -2.30081e-16 0)
(3 -3.79627e-16 0)
(3 3.81702e-16 0)
(3 1.21142e-15 0)
(3 1.30119e-15 0)
(3 5.37575e-16 0)
(3 3.12623e-16 0)
(3 5.08454e-16 0)
(3 7.50777e-16 0)
(3 5.90602e-16 0)
(3 2.15938e-16 0)
(3 1.27558e-17 0)
(3 -1.05378e-16 0)
(3 -1.02447e-15 0)
(3 6.54434e-16 0)
(3 1.79873e-15 0)
(3 1.12025e-14 0)
(3 1.08039e-13 0)
(3 1.00616e-13 0)
(3 6.33109e-14 0)
(3 1.1281e-14 0)
(3 2.37489e-15 0)
(3 1.4303e-15 0)
(3 1.49363e-15 0)
(3 3.57473e-15 0)
(3 4.19177e-14 0)
(3 5.0684e-13 0)
(3 2.38722e-12 0)
(3 1.61196e-12 0)
(3 2.36194e-13 0)
(3 6.25934e-15 0)
(3 -4.06031e-16 0)
(3 -1.05618e-15 0)
(3 -3.27057e-16 0)
(3 -3.47221e-16 0)
(3 -2.52224e-16 0)
(3 -1.05861e-16 0)
(3 -1.28961e-16 0)
(3 -5.16917e-16 0)
(3 -4.81374e-16 0)
(3 -5.06606e-16 0)
(3 -4.05319e-16 0)
(3 -1.2108e-15 0)
(3 -3.14408e-15 0)
(3 -4.13265e-15 0)
(3 -3.80003e-15 0)
(3 -2.04935e-15 0)
(3 -1.50778e-15 0)
(3 -1.75771e-16 0)
(3 -3.73368e-16 0)
(3 -6.00593e-16 0)
(3 -1.20824e-15 0)
(3 -1.02757e-15 0)
(3 -1.1497e-15 0)
(3 -1.16049e-15 0)
(3 -6.60163e-16 0)
(3 9.97584e-19 0)
(3 1.27746e-15 0)
(3 1.15513e-15 0)
(3 1.01535e-15 0)
(3 8.79755e-16 0)
(3 6.78638e-16 0)
(3 -4.23602e-16 0)
(3 -8.76601e-16 0)
(3 -7.42232e-17 0)
(3 2.80697e-16 0)
(3 1.14345e-15 0)
(3 2.80072e-15 0)
(3 2.51435e-15 0)
(3 1.62471e-15 0)
(3 7.68006e-16 0)
(3 2.34187e-17 0)
(3 -2.55438e-16 0)
(3 -5.2939e-16 0)
(3 -2.88305e-17 0)
(3 -1.59042e-16 0)
(3 -5.11209e-16 0)
(3 -2.67287e-16 0)
(3 6.44145e-17 0)
(3 1.18471e-15 0)
(3 2.83021e-15 0)
(3 9.73886e-16 0)
(3 7.33763e-16 0)
(3 8.5763e-16 0)
(3 1.2098e-15 0)
(3 -9.7064e-16 0)
(3 -1.33027e-15 0)
(3 -1.40067e-15 0)
(3 -9.87917e-16 0)
(3 -1.42546e-16 0)
(3 -4.39724e-16 0)
(3 -8.40726e-16 0)
(3 -6.84237e-16 0)
(3 -5.52342e-16 0)
(3 1.73168e-15 0)
(3 1.55276e-15 0)
(3 1.54229e-16 0)
(3 -3.88523e-16 0)
(3 -2.64635e-16 0)
(3 5.57181e-17 0)
(3 5.55218e-16 0)
(3 5.55842e-16 0)
(3 -8.41145e-17 0)
(3 -1.58324e-16 0)
(3 -1.31611e-16 0)
(3 2.37205e-16 0)
(3 2.82241e-16 0)
(3 -1.93148e-16 0)
(3 -3.72891e-16 0)
(3 -7.42777e-16 0)
(3 -2.20626e-14 0)
(3 5.82111e-14 0)
(3 1.94232e-12 0)
(3 6.69782e-12 0)
(3 4.65177e-12 0)
(3 1.06389e-12 0)
(3 7.79472e-14 0)
(3 -1.93027e-14 0)
(3 -1.04913e-13 0)
(3 -2.03665e-13 0)
(3 -2.11423e-13 0)
(3 -1.2912e-13 0)
(3 6.08572e-13 0)
(3 8.12991e-12 0)
(3 3.62663e-11 0)
(3 2.28405e-11 0)
(3 3.91974e-12 0)
(3 1.05924e-13 0)
(3 -3.87899e-15 0)
(3 -3.96764e-15 0)
(3 -3.5399e-15 0)
(3 -1.32334e-15 0)
(3 1.2173e-16 0)
(3 6.40122e-16 0)
(3 5.80078e-16 0)
(3 3.58192e-16 0)
(3 2.27489e-16 0)
(3 -5.67288e-17 0)
(3 -5.08487e-16 0)
(3 -1.49974e-15 0)
(3 -1.55359e-15 0)
(3 -1.47959e-15 0)
(3 -6.86701e-16 0)
(3 8.0344e-16 0)
(3 1.00633e-15 0)
(3 -6.50665e-16 0)
(3 -5.90251e-16 0)
(3 -7.49539e-16 0)
(3 -1.73294e-15 0)
(3 -1.82631e-15 0)
(3 -2.06389e-15 0)
(3 -1.96495e-15 0)
(3 -1.30528e-15 0)
(3 1.56187e-16 0)
(3 -2.16168e-17 0)
(3 -4.34716e-16 0)
(3 -3.86275e-16 0)
(3 -2.89579e-16 0)
(3 -4.01708e-16 0)
(3 -3.01359e-16 0)
(3 1.98019e-16 0)
(3 1.21751e-15 0)
(3 2.23466e-15 0)
(3 1.87242e-15 0)
(3 8.63279e-16 0)
(3 -1.00241e-16 0)
(3 -7.93722e-16 0)
(3 -2.34061e-16 0)
(3 3.30611e-16 0)
(3 2.4481e-16 0)
(3 6.16988e-16 0)
(3 4.06935e-16 0)
(3 3.80702e-17 0)
(3 -9.69934e-17 0)
(3 5.02565e-16 0)
(3 1.85099e-15 0)
(3 2.03479e-15 0)
(3 1.95325e-15 0)
(3 3.00345e-15 0)
(3 3.16775e-15 0)
(3 2.85445e-15 0)
(3 -5.75283e-16 0)
(3 -1.21115e-15 0)
(3 -5.8298e-16 0)
(3 -8.45366e-17 0)
(3 -2.66966e-16 0)
(3 -1.60523e-15 0)
(3 -1.58544e-15 0)
(3 -3.16524e-16 0)
(3 1.9869e-15 0)
(3 3.45432e-15 0)
(3 2.17892e-15 0)
(3 8.22822e-16 0)
(3 -6.6963e-17 0)
(3 -3.44034e-16 0)
(3 -4.57001e-16 0)
(3 -1.36232e-16 0)
(3 -2.60779e-16 0)
(3 -7.06444e-16 0)
(3 -1.07667e-15 0)
(3 -1.7283e-15 0)
(3 -2.21787e-15 0)
(3 -1.80992e-15 0)
(3 -9.816e-16 0)
(3 -7.87476e-16 0)
(3 8.65919e-17 0)
(3 -3.4793e-13 0)
(3 1.10891e-11 0)
(3 5.74122e-11 0)
(3 3.65516e-11 0)
(3 1.61048e-11 0)
(3 -1.7621e-12 0)
(3 -1.09754e-10 0)
(3 -8.38963e-10 0)
(3 -3.58447e-09 0)
(3 -7.336e-09 0)
(3 -7.93296e-09 0)
(3 -5.96339e-09 0)
(3 -1.67843e-09 0)
(3 -9.02037e-11 0)
(3 1.30185e-10 0)
(3 3.29985e-10 0)
(3 2.0254e-10 0)
(3 3.65587e-11 0)
(3 1.03497e-12 0)
(3 -2.83071e-15 0)
(3 -4.66081e-15 0)
(3 -2.73996e-15 0)
(3 2.14258e-15 0)
(3 2.88343e-15 0)
(3 2.57428e-15 0)
(3 1.26455e-15 0)
(3 -5.28836e-16 0)
(3 -1.16709e-15 0)
(3 -9.49794e-17 0)
(3 1.62199e-15 0)
(3 1.42954e-15 0)
(3 1.35572e-15 0)
(3 1.62271e-16 0)
(3 1.1131e-15 0)
(3 1.07263e-15 0)
(3 -8.51391e-16 0)
(3 -1.24735e-15 0)
(3 -1.42157e-15 0)
(3 -1.65243e-15 0)
(3 -1.64856e-15 0)
(3 -2.00728e-15 0)
(3 -1.21209e-15 0)
(3 -9.66801e-17 0)
(3 2.40526e-17 0)
(3 4.65777e-16 0)
(3 3.59184e-16 0)
(3 -1.21599e-17 0)
(3 -6.53319e-16 0)
(3 -3.77037e-16 0)
(3 3.81145e-16 0)
(3 1.90647e-15 0)
(3 2.3531e-15 0)
(3 3.00728e-15 0)
(3 2.24966e-15 0)
(3 2.2695e-15 0)
(3 1.63241e-15 0)
(3 8.93612e-16 0)
(3 1.24389e-15 0)
(3 1.98264e-15 0)
(3 1.51662e-15 0)
(3 9.0652e-16 0)
(3 1.00371e-15 0)
(3 9.42888e-16 0)
(3 6.26366e-16 0)
(3 7.57179e-16 0)
(3 1.15167e-15 0)
(3 2.27063e-15 0)
(3 3.80761e-15 0)
(3 3.66395e-15 0)
(3 3.44134e-15 0)
(3 1.29651e-15 0)
(3 7.87463e-16 0)
(3 1.24434e-15 0)
(3 1.87872e-15 0)
(3 2.18332e-15 0)
(3 1.64236e-15 0)
(3 1.11248e-15 0)
(3 1.02869e-15 0)
(3 2.58652e-15 0)
(3 4.13605e-15 0)
(3 2.35951e-15 0)
(3 1.29994e-15 0)
(3 1.04388e-15 0)
(3 4.00006e-16 0)
(3 -3.26317e-16 0)
(3 -2.11959e-16 0)
(3 -3.27211e-16 0)
(3 -2.44841e-17 0)
(3 6.38874e-16 0)
(3 2.33381e-16 0)
(3 -4.55097e-16 0)
(3 -2.60609e-16 0)
(3 -2.45131e-16 0)
(3 -1.02433e-16 0)
(3 3.05074e-16 0)
(3 6.72893e-16 0)
(3 2.80967e-10 0)
(3 1.03802e-09 0)
(3 3.72956e-10 0)
(3 -5.02248e-10 0)
(3 -1.69124e-08 0)
(3 -2.29153e-07 0)
(3 -1.52915e-06 0)
(3 -6.20851e-06 0)
(3 -1.6336e-05 0)
(3 -2.52283e-05 0)
(3 -2.6018e-05 0)
(3 -2.06262e-05 0)
(3 -8.37025e-06 0)
(3 -9.71831e-07 0)
(3 -1.47291e-08 0)
(3 1.03776e-09 0)
(3 1.69636e-09 0)
(3 1.0605e-09 0)
(3 2.22101e-10 0)
(3 8.96537e-12 0)
(3 3.41603e-14 0)
(3 -1.88841e-15 0)
(3 7.2542e-16 0)
(3 2.60744e-15 0)
(3 2.13711e-15 0)
(3 3.95075e-16 0)
(3 -9.14583e-16 0)
(3 -1.12276e-15 0)
(3 -1.28003e-16 0)
(3 2.33625e-15 0)
(3 2.95195e-15 0)
(3 2.12105e-15 0)
(3 1.05106e-15 0)
(3 3.49962e-16 0)
(3 -1.24374e-16 0)
(3 -6.69784e-16 0)
(3 -9.53049e-16 0)
(3 -1.0789e-15 0)
(3 -9.11809e-16 0)
(3 -1.02681e-15 0)
(3 -3.68807e-16 0)
(3 4.29616e-16 0)
(3 5.90611e-16 0)
(3 -2.94855e-16 0)
(3 1.16103e-16 0)
(3 -4.28951e-17 0)
(3 8.3256e-17 0)
(3 -7.81024e-18 0)
(3 -3.16521e-16 0)
(3 1.00089e-15 0)
(3 1.67946e-15 0)
(3 1.71954e-15 0)
(3 6.58039e-16 0)
(3 4.49637e-16 0)
(3 7.30264e-16 0)
(3 8.47042e-16 0)
(3 9.6876e-16 0)
(3 8.56631e-16 0)
(3 9.07124e-16 0)
(3 3.11451e-16 0)
(3 3.5617e-16 0)
(3 1.97964e-16 0)
(3 1.32231e-15 0)
(3 1.48763e-15 0)
(3 1.33263e-15 0)
(3 1.06533e-15 0)
(3 1.84514e-15 0)
(3 2.67559e-15 0)
(3 2.04231e-15 0)
(3 1.3172e-15 0)
(3 1.00204e-15 0)
(3 1.23758e-15 0)
(3 1.70894e-15 0)
(3 2.23693e-15 0)
(3 3.01129e-15 0)
(3 2.91911e-15 0)
(3 4.05903e-15 0)
(3 4.58142e-15 0)
(3 3.66666e-15 0)
(3 2.23885e-15 0)
(3 1.68012e-15 0)
(3 1.13208e-15 0)
(3 7.69544e-16 0)
(3 2.08938e-16 0)
(3 2.23586e-16 0)
(3 5.46504e-16 0)
(3 3.87115e-16 0)
(3 3.61219e-16 0)
(3 1.3783e-15 0)
(3 2.53113e-15 0)
(3 2.62192e-15 0)
(3 2.42124e-15 0)
(3 1.6506e-15 0)
(3 1.00289e-15 0)
(3 8.46732e-16 0)
(3 5.93054e-16 0)
(3 2.97751e-08 0)
(3 9.4127e-09 0)
(3 -1.83041e-07 0)
(3 -5.06186e-06 0)
(2.99999 -5.25979e-05 0)
(2.99992 -0.000324636 0)
(2.99974 -0.00112505 0)
(2.99949 -0.00257661 0)
(2.9994 -0.00434535 0)
(2.99957 -0.00512626 0)
(2.99971 -0.00496051 0)
(3.00007 -0.00394192 0)
(3.00034 -0.00207849 0)
(3.0002 -0.000527082 0)
(3.00002 -3.70123e-05 0)
(3 -3.27314e-07 0)
(3 4.09591e-09 0)
(3 6.21777e-09 0)
(3 4.2027e-09 0)
(3 1.14802e-09 0)
(3 7.98268e-11 0)
(3 8.28117e-13 0)
(3 1.20421e-15 0)
(3 -8.50625e-16 0)
(3 -1.63881e-15 0)
(3 -1.76255e-15 0)
(3 -2.32543e-15 0)
(3 -2.20437e-15 0)
(3 -1.74018e-15 0)
(3 8.18617e-16 0)
(3 2.06777e-15 0)
(3 8.75935e-16 0)
(3 -5.2341e-16 0)
(3 -8.66717e-16 0)
(3 -7.05646e-16 0)
(3 8.92599e-17 0)
(3 6.16524e-17 0)
(3 -9.49931e-16 0)
(3 -1.26752e-15 0)
(3 -1.41532e-15 0)
(3 -1.20796e-15 0)
(3 -6.651e-16 0)
(3 -7.10304e-16 0)
(3 -5.15591e-16 0)
(3 -2.52985e-16 0)
(3 1.03503e-16 0)
(3 1.26691e-16 0)
(3 3.88244e-16 0)
(3 1.17312e-15 0)
(3 1.52746e-15 0)
(3 1.04743e-15 0)
(3 8.32677e-16 0)
(3 -1.0056e-15 0)
(3 -1.22541e-15 0)
(3 -1.08353e-15 0)
(3 -3.22331e-17 0)
(3 2.6561e-16 0)
(3 9.77379e-16 0)
(3 8.74194e-16 0)
(3 9.89919e-16 0)
(3 1.29783e-15 0)
(3 8.47877e-16 0)
(3 1.20768e-15 0)
(3 1.08084e-15 0)
(3 1.47682e-15 0)
(3 1.30469e-15 0)
(3 8.88475e-16 0)
(3 1.2255e-15 0)
(3 9.5718e-16 0)
(3 1.81313e-16 0)
(3 6.19938e-17 0)
(3 1.15478e-16 0)
(3 9.02103e-16 0)
(3 1.07732e-15 0)
(3 1.36684e-15 0)
(3 1.3856e-15 0)
(3 2.17579e-15 0)
(3 2.14425e-15 0)
(3 2.07729e-15 0)
(3 1.69398e-15 0)
(3 1.30636e-15 0)
(3 5.36505e-16 0)
(3 2.62315e-16 0)
(3 1.97846e-16 0)
(3 9.09707e-16 0)
(3 1.51791e-15 0)
(3 1.88082e-15 0)
(3 1.01274e-15 0)
(3 6.5548e-16 0)
(3 1.39968e-15 0)
(3 3.22559e-15 0)
(3 3.37275e-15 0)
(3 3.0257e-15 0)
(3 2.18191e-15 0)
(3 5.26225e-16 0)
(3 -5.21695e-16 0)
(3 2.02892e-07 0)
(2.99999 -2.29483e-05 0)
(2.99991 -0.000303082 0)
(2.99915 -0.00261533 0)
(2.99664 -0.0111654 0)
(2.99107 -0.0322975 0)
(2.98617 -0.0614259 0)
(2.98557 -0.0870085 0)
(2.98932 -0.100993 0)
(2.99224 -0.0990486 0)
(2.99751 -0.0898615 0)
(3.00364 -0.0710868 0)
(3.00794 -0.0456761 0)
(3.00711 -0.0206664 0)
(3.00256 -0.00478481 0)
(3.00022 -0.000317257 0)
(3 -2.7271e-06 0)
(3 1.28083e-08 0)
(3 1.88552e-08 0)
(3 1.39556e-08 0)
(3 5.12314e-09 0)
(3 6.16781e-10 0)
(3 1.32708e-11 0)
(3 1.71433e-14 0)
(3 -3.8766e-15 0)
(3 -4.00618e-15 0)
(3 -3.15867e-15 0)
(3 -2.92865e-15 0)
(3 -1.2705e-16 0)
(3 8.60598e-16 0)
(3 1.80014e-15 0)
(3 9.0865e-16 0)
(3 1.97387e-16 0)
(3 -7.77128e-16 0)
(3 -3.20284e-16 0)
(3 4.43671e-16 0)
(3 6.32278e-16 0)
(3 7.04343e-17 0)
(3 -5.30428e-16 0)
(3 -1.51422e-15 0)
(3 -2.07351e-15 0)
(3 -2.46699e-15 0)
(3 -1.85274e-15 0)
(3 -1.7988e-16 0)
(3 4.95956e-16 0)
(3 7.66541e-16 0)
(3 3.2353e-16 0)
(3 -6.07571e-17 0)
(3 9.34967e-16 0)
(3 1.75774e-15 0)
(3 1.48375e-15 0)
(3 7.66001e-16 0)
(3 6.18133e-16 0)
(3 5.2161e-16 0)
(3 1.95022e-16 0)
(3 4.66498e-16 0)
(3 8.02764e-16 0)
(3 6.15471e-16 0)
(3 3.99337e-16 0)
(3 1.13072e-15 0)
(3 1.12006e-15 0)
(3 1.14712e-15 0)
(3 7.37697e-16 0)
(3 8.59058e-16 0)
(3 1.55362e-15 0)
(3 1.4714e-15 0)
(3 1.17406e-15 0)
(3 9.72798e-16 0)
(3 7.85746e-16 0)
(3 5.0303e-16 0)
(3 5.44251e-16 0)
(3 5.86537e-16 0)
(3 1.41564e-15 0)
(3 1.43737e-15 0)
(3 9.66094e-16 0)
(3 7.55383e-16 0)
(3 -2.25127e-16 0)
(3 -4.47448e-16 0)
(3 1.53082e-16 0)
(3 7.78659e-16 0)
(3 1.05249e-16 0)
(3 -5.80548e-16 0)
(3 -9.65855e-16 0)
(3 -6.08099e-16 0)
(3 1.41827e-15 0)
(3 1.36177e-15 0)
(3 1.35193e-15 0)
(3 6.20447e-16 0)
(3 1.08235e-16 0)
(3 8.19004e-17 0)
(3 6.98396e-16 0)
(3 1.7492e-15 0)
(3 2.02148e-15 0)
(3 1.61233e-15 0)
(3 1.09014e-15 0)
(3 7.96921e-17 0)
(2.99982 -0.000394954 0)
(2.99734 -0.00762754 0)
(2.98839 -0.0370595 0)
(2.96295 -0.113114 0)
(2.93363 -0.220437 0)
(2.92528 -0.318847 0)
(2.9299 -0.380501 0)
(2.96303 -0.379285 0)
(2.97834 -0.362751 0)
(2.99959 -0.330357 0)
(3.01965 -0.284916 0)
(3.03494 -0.229484 0)
(3.04392 -0.169953 0)
(3.04196 -0.111576 0)
(3.02841 -0.0565304 0)
(3.00988 -0.0154617 0)
(3.00094 -0.0012207 0)
(3.00001 -1.22886e-05 0)
(3 3.12334e-08 0)
(3 4.52161e-08 0)
(3 3.64284e-08 0)
(3 1.7222e-08 0)
(3 3.07248e-09 0)
(3 1.01254e-10 0)
(3 2.44454e-13 0)
(3 -3.89813e-15 0)
(3 -3.24518e-15 0)
(3 -6.04742e-16 0)
(3 2.09631e-16 0)
(3 3.38566e-16 0)
(3 9.24555e-16 0)
(3 1.65607e-15 0)
(3 9.64604e-16 0)
(3 -8.08051e-16 0)
(3 -1.17457e-15 0)
(3 -3.46498e-16 0)
(3 7.47451e-16 0)
(3 8.5084e-16 0)
(3 -4.6799e-17 0)
(3 -3.81141e-16 0)
(3 -6.80067e-16 0)
(3 -1.01706e-15 0)
(3 -6.07219e-16 0)
(3 -4.59971e-18 0)
(3 3.66677e-17 0)
(3 1.99512e-16 0)
(3 5.47165e-16 0)
(3 6.43984e-16 0)
(3 1.22208e-16 0)
(3 2.00597e-16 0)
(3 3.08477e-16 0)
(3 1.59711e-15 0)
(3 1.64759e-15 0)
(3 1.57981e-15 0)
(3 1.62688e-15 0)
(3 1.0583e-15 0)
(3 4.37779e-16 0)
(3 6.75622e-16 0)
(3 6.30796e-16 0)
(3 6.465e-16 0)
(3 9.51097e-16 0)
(3 1.09164e-15 0)
(3 9.9615e-16 0)
(3 8.4605e-16 0)
(3 1.09879e-15 0)
(3 7.50003e-16 0)
(3 7.51849e-16 0)
(3 2.89263e-16 0)
(3 -3.65433e-16 0)
(3 3.01373e-18 0)
(3 3.77881e-16 0)
(3 1.31683e-15 0)
(3 1.11547e-15 0)
(3 7.51089e-16 0)
(3 1.88127e-16 0)
(3 -8.4516e-16 0)
(3 -8.88682e-16 0)
(3 -4.34787e-16 0)
(3 -2.2621e-16 0)
(3 -4.04444e-16 0)
(3 -6.60239e-16 0)
(3 -7.35607e-16 0)
(3 -4.89466e-16 0)
(3 2.48407e-16 0)
(3 1.16579e-16 0)
(3 7.32275e-16 0)
(3 2.12108e-16 0)
(3 1.74767e-16 0)
(3 5.58705e-17 0)
(3 -4.48727e-16 0)
(3 -6.84583e-16 0)
(3 -2.95809e-17 0)
(3 4.2365e-16 0)
(3 6.73625e-16 0)
(3 5.60228e-16 0)
(3 -7.07357e-18 0)
(2.98202 -0.0542327 0)
(2.92424 -0.212519 0)
(2.87168 -0.411276 0)
(2.83859 -0.577316 0)
(2.83535 -0.646905 0)
(2.8926 -0.652648 0)
(2.92253 -0.629995 0)
(2.97176 -0.577551 0)
(3.01771 -0.510043 0)
(3.05156 -0.444154 0)
(3.07976 -0.378178 0)
(3.10022 -0.311893 0)
(3.10529 -0.248203 0)
(3.09693 -0.191288 0)
(3.0784 -0.139364 0)
(3.05244 -0.0828595 0)
(3.02063 -0.02734 0)
(3.00228 -0.00249989 0)
(3.00003 -2.70041e-05 0)
(3 6.42868e-08 0)
(3 8.44371e-08 0)
(3 7.21302e-08 0)
(3 3.87431e-08 0)
(3 8.25302e-09 0)
(3 3.23606e-10 0)
(3 8.9806e-13 0)
(3 -6.08571e-15 0)
(3 -5.46329e-15 0)
(3 -3.86819e-15 0)
(3 -3.01965e-15 0)
(3 -1.65364e-15 0)
(3 5.16124e-16 0)
(3 1.45403e-15 0)
(3 9.53027e-16 0)
(3 -5.99285e-16 0)
(3 -8.45699e-16 0)
(3 1.12554e-16 0)
(3 2.14291e-17 0)
(3 -1.34666e-16 0)
(3 -1.80397e-16 0)
(3 -1.911e-16 0)
(3 -2.02723e-16 0)
(3 -2.51657e-16 0)
(3 -5.25207e-17 0)
(3 -3.44049e-16 0)
(3 2.42547e-16 0)
(3 1.46021e-15 0)
(3 1.94782e-15 0)
(3 1.92286e-15 0)
(3 1.34029e-15 0)
(3 7.79326e-16 0)
(3 1.14366e-15 0)
(3 1.87635e-15 0)
(3 1.6599e-15 0)
(3 1.35619e-15 0)
(3 1.4959e-15 0)
(3 1.19881e-15 0)
(3 1.28778e-15 0)
(3 9.77403e-16 0)
(3 8.00449e-16 0)
(3 -5.3318e-17 0)
(3 -2.52483e-16 0)
(3 4.89728e-16 0)
(3 3.20358e-16 0)
(3 -2.53347e-16 0)
(3 -3.07211e-16 0)
(3 5.45616e-17 0)
(3 -2.33676e-16 0)
(3 -5.96005e-16 0)
(3 -4.15803e-16 0)
(3 6.81352e-16 0)
(3 6.70559e-16 0)
(3 3.88794e-16 0)
(3 2.77024e-16 0)
(3 -2.84139e-16 0)
(3 -1.15387e-15 0)
(3 -5.36609e-16 0)
(3 8.67413e-16 0)
(3 6.33252e-16 0)
(3 -1.82127e-17 0)
(3 -3.44158e-16 0)
(3 3.13081e-16 0)
(3 5.14635e-16 0)
(3 2.61729e-16 0)
(3 -5.2432e-17 0)
(3 1.45539e-17 0)
(3 -1.60315e-16 0)
(3 1.16046e-16 0)
(3 -5.00556e-16 0)
(3 -8.83182e-16 0)
(3 -8.06486e-16 0)
(3 -2.84774e-16 0)
(3 -8.95418e-17 0)
(3 -2.96998e-16 0)
(3 -7.34133e-16 0)
(3 -1.186e-15 0)
(2.86755 -0.506452 0)
(2.75349 -0.77509 0)
(2.75535 -0.842658 0)
(2.81695 -0.841561 0)
(2.8478 -0.814179 0)
(2.89058 -0.762576 0)
(2.94643 -0.693149 0)
(3.0027 -0.617741 0)
(3.04964 -0.544801 0)
(3.08878 -0.474957 0)
(3.12263 -0.400031 0)
(3.14627 -0.319433 0)
(3.15143 -0.246063 0)
(3.14239 -0.189949 0)
(3.12723 -0.150852 0)
(3.10478 -0.120329 0)
(3.07038 -0.0805554 0)
(3.02789 -0.0294129 0)
(3.00309 -0.002748 0)
(3.00004 -2.62372e-05 0)
(3 1.00176e-07 0)
(3 1.08123e-07 0)
(3 9.22096e-08 0)
(3 5.19989e-08 0)
(3 1.15826e-08 0)
(3 4.41043e-10 0)
(3 1.04601e-12 0)
(3 -1.13822e-14 0)
(3 -1.08673e-14 0)
(3 -5.22071e-15 0)
(3 -2.44708e-16 0)
(3 3.16824e-16 0)
(3 1.7363e-15 0)
(3 1.53531e-15 0)
(3 6.63425e-16 0)
(3 -3.77896e-16 0)
(3 -5.09146e-16 0)
(3 -5.63055e-17 0)
(3 1.49723e-16 0)
(3 3.82672e-16 0)
(3 6.21257e-16 0)
(3 3.84479e-16 0)
(3 -4.92082e-17 0)
(3 -2.84329e-16 0)
(3 1.05132e-16 0)
(3 1.75126e-15 0)
(3 2.2593e-15 0)
(3 2.44645e-15 0)
(3 2.21928e-15 0)
(3 1.72606e-15 0)
(3 1.02132e-15 0)
(3 1.22051e-15 0)
(3 1.77486e-15 0)
(3 2.12888e-15 0)
(3 1.72175e-15 0)
(3 1.77167e-15 0)
(3 1.92429e-15 0)
(3 1.4414e-15 0)
(3 1.05824e-15 0)
(3 3.92818e-16 0)
(3 -1.14786e-15 0)
(3 -1.07853e-15 0)
(3 -4.2594e-16 0)
(3 6.02625e-16 0)
(3 4.6629e-16 0)
(3 5.65303e-17 0)
(3 2.54043e-16 0)
(3 1.56071e-16 0)
(3 -2.40944e-16 0)
(3 -4.27641e-16 0)
(3 -7.84903e-17 0)
(3 -2.42385e-16 0)
(3 -1.5092e-16 0)
(3 -5.43979e-16 0)
(3 -1.19055e-15 0)
(3 -3.31477e-16 0)
(3 1.0725e-15 0)
(3 1.75725e-15 0)
(3 1.10859e-15 0)
(3 4.60536e-16 0)
(3 6.90101e-16 0)
(3 1.36899e-15 0)
(3 1.30932e-15 0)
(3 6.45872e-16 0)
(3 -1.26007e-16 0)
(3 -5.46311e-16 0)
(3 -2.45964e-16 0)
(3 -2.34767e-16 0)
(3 -3.84616e-16 0)
(3 -1.98552e-16 0)
(3 2.19821e-16 0)
(3 8.14545e-17 0)
(3 -4.52524e-17 0)
(3 -5.24092e-16 0)
(3 -8.62434e-16 0)
(3 -1.22589e-15 0)
(2.75058 -0.962325 0)
(2.71165 -0.999307 0)
(2.74006 -0.970276 0)
(2.79265 -0.924359 0)
(2.87194 -0.83876 0)
(2.94251 -0.758138 0)
(3.00314 -0.669591 0)
(3.05823 -0.557772 0)
(3.10859 -0.460174 0)
(3.14615 -0.397189 0)
(3.17427 -0.327187 0)
(3.19369 -0.247836 0)
(3.19317 -0.195733 0)
(3.17949 -0.16672 0)
(3.15921 -0.142751 0)
(3.1363 -0.120412 0)
(3.11032 -0.0978846 0)
(3.07329 -0.0659468 0)
(3.02646 -0.0221909 0)
(3.0023 -0.00161843 0)
(3.00002 -1.0321e-05 0)
(3 1.31416e-07 0)
(3 1.26974e-07 0)
(3 1.00931e-07 0)
(3 5.21422e-08 0)
(3 9.15943e-09 0)
(3 2.11086e-10 0)
(3 2.02384e-13 0)
(3 -1.18237e-14 0)
(3 -8.508e-15 0)
(3 -1.25473e-15 0)
(3 7.35596e-16 0)
(3 5.62438e-16 0)
(3 4.01684e-16 0)
(3 7.53376e-16 0)
(3 -3.20505e-16 0)
(3 -6.71487e-16 0)
(3 2.13054e-16 0)
(3 9.39618e-16 0)
(3 1.39464e-15 0)
(3 1.1622e-15 0)
(3 8.19327e-16 0)
(3 5.00276e-16 0)
(3 -2.06415e-17 0)
(3 2.3833e-16 0)
(3 7.17652e-16 0)
(3 1.14584e-15 0)
(3 9.11782e-16 0)
(3 5.09818e-16 0)
(3 1.83452e-16 0)
(3 9.03215e-16 0)
(3 1.73298e-15 0)
(3 1.64506e-15 0)
(3 1.60212e-15 0)
(3 1.45664e-15 0)
(3 7.33868e-16 0)
(3 3.77543e-16 0)
(3 -1.69245e-16 0)
(3 -5.11827e-17 0)
(3 -1.85184e-16 0)
(3 -3.38224e-16 0)
(3 2.55471e-16 0)
(3 3.72644e-16 0)
(3 1.34643e-16 0)
(3 7.11889e-16 0)
(3 1.26773e-15 0)
(3 1.2546e-15 0)
(3 7.73346e-16 0)
(3 -2.16441e-16 0)
(3 -7.92722e-16 0)
(3 -7.09524e-16 0)
(3 -6.6204e-16 0)
(3 -5.27335e-16 0)
(3 -6.89831e-16 0)
(3 -7.5603e-16 0)
(3 -2.74481e-16 0)
(3 1.11327e-16 0)
(3 -5.11719e-18 0)
(3 5.58112e-16 0)
(3 1.33542e-15 0)
(3 1.53721e-15 0)
(3 1.29625e-15 0)
(3 1.09523e-15 0)
(3 2.86033e-16 0)
(3 -2.2925e-16 0)
(3 -5.03017e-16 0)
(3 5.62449e-17 0)
(3 2.15345e-16 0)
(3 3.26478e-16 0)
(3 -3.12878e-16 0)
(3 -3.89755e-17 0)
(3 9.97476e-17 0)
(3 4.23684e-16 0)
(3 3.69327e-17 0)
(3 -5.06493e-16 0)
(3 -9.23641e-16 0)
(2.69746 -1.01222 0)
(2.72366 -0.956213 0)
(2.78631 -0.88951 0)
(2.89225 -0.774049 0)
(3.00068 -0.628229 0)
(3.08575 -0.500502 0)
(3.11696 -0.421255 0)
(3.1555 -0.279795 0)
(3.16805 -0.24187 0)
(3.17581 -0.239319 0)
(3.19781 -0.150796 0)
(3.19378 -0.122983 0)
(3.17937 -0.11456 0)
(3.17343 -0.0986585 0)
(3.1565 -0.0760997 0)
(3.13915 -0.0693061 0)
(3.1288 -0.0681427 0)
(3.10877 -0.0624782 0)
(3.06336 -0.0411993 0)
(3.01673 -0.0107992 0)
(3.00088 -0.000493704 0)
(3 -1.49899e-06 0)
(3 1.03578e-07 0)
(3 9.34571e-08 0)
(3 6.89961e-08 0)
(3 2.68075e-08 0)
(3 2.31708e-09 0)
(3 1.61789e-11 0)
(3 -7.27505e-15 0)
(3 -9.09917e-15 0)
(3 -7.08396e-15 0)
(3 -7.88602e-16 0)
(3 6.60251e-16 0)
(3 4.01096e-16 0)
(3 4.52823e-17 0)
(3 -1.18948e-16 0)
(3 -4.25833e-16 0)
(3 3.12086e-16 0)
(3 7.07785e-16 0)
(3 8.3018e-16 0)
(3 3.83044e-16 0)
(3 5.67483e-16 0)
(3 9.9149e-16 0)
(3 8.68977e-16 0)
(3 8.97352e-16 0)
(3 6.273e-16 0)
(3 5.93911e-16 0)
(3 4.08203e-16 0)
(3 1.92452e-16 0)
(3 1.3576e-16 0)
(3 4.04903e-16 0)
(3 9.32381e-16 0)
(3 1.38202e-15 0)
(3 9.56305e-16 0)
(3 8.8589e-16 0)
(3 3.77735e-16 0)
(3 -5.38601e-16 0)
(3 -1.4786e-15 0)
(3 -1.30056e-15 0)
(3 -9.76812e-16 0)
(3 -8.42867e-17 0)
(3 1.07593e-15 0)
(3 9.24129e-16 0)
(3 5.53593e-16 0)
(3 1.02023e-16 0)
(3 2.88584e-16 0)
(3 -2.23011e-16 0)
(3 -4.15101e-16 0)
(3 -1.88592e-16 0)
(3 2.68165e-16 0)
(3 -1.99661e-16 0)
(3 -3.11134e-16 0)
(3 -7.60915e-16 0)
(3 -7.38238e-16 0)
(3 -7.07922e-17 0)
(3 3.38979e-17 0)
(3 -3.14426e-17 0)
(3 -2.04316e-16 0)
(3 4.23326e-16 0)
(3 1.20116e-15 0)
(3 1.37842e-15 0)
(3 1.05249e-15 0)
(3 4.08906e-16 0)
(3 2.33856e-16 0)
(3 1.5478e-16 0)
(3 7.63285e-16 0)
(3 7.54972e-16 0)
(3 6.88419e-16 0)
(3 4.03945e-17 0)
(3 -2.01173e-16 0)
(3 1.16388e-16 0)
(3 2.80415e-16 0)
(3 2.31908e-16 0)
(3 6.48727e-16 0)
(3 9.45432e-16 0)
(3 3.1527e-16 0)
(2.64315 -1.02055 0)
(2.79802 -0.905365 0)
(2.92995 -0.755682 0)
(3.04943 -0.434623 0)
(3.06986 -0.366798 0)
(3.07527 -0.274701 0)
(3.18812 -0.107747 0)
(3.21607 0.0270769 0)
(3.21721 0.05959 0)
(3.24706 0.131186 0)
(3.24229 0.143897 0)
(3.22696 0.144383 0)
(3.19476 0.124202 0)
(3.16472 0.0702862 0)
(3.15012 0.011196 0)
(3.13262 -0.0081533 0)
(3.12005 -0.0169618 0)
(3.10596 -0.0250226 0)
(3.08111 -0.0265387 0)
(3.04016 -0.0159401 0)
(3.00635 -0.00248711 0)
(3.00012 -4.32266e-05 0)
(3 2.34135e-08 0)
(3 5.55331e-08 0)
(3 4.97153e-08 0)
(3 3.09784e-08 0)
(3 6.25532e-09 0)
(3 1.61695e-10 0)
(3 1.8623e-13 0)
(3 -1.16251e-14 0)
(3 -9.11591e-15 0)
(3 -3.76895e-15 0)
(3 -1.17007e-15 0)
(3 -6.83914e-16 0)
(3 -4.93035e-16 0)
(3 5.37694e-16 0)
(3 6.56417e-16 0)
(3 2.43244e-16 0)
(3 4.85466e-16 0)
(3 -2.18833e-16 0)
(3 -2.47386e-16 0)
(3 4.21695e-16 0)
(3 1.54165e-15 0)
(3 1.4125e-15 0)
(3 1.4799e-15 0)
(3 1.52322e-15 0)
(3 9.46754e-16 0)
(3 9.28378e-16 0)
(3 1.17343e-15 0)
(3 1.14849e-15 0)
(3 1.83041e-16 0)
(3 -8.2853e-17 0)
(3 3.50936e-16 0)
(3 5.6632e-16 0)
(3 3.62063e-16 0)
(3 4.58266e-16 0)
(3 1.53619e-17 0)
(3 -9.38177e-16 0)
(3 -2.10065e-15 0)
(3 -1.6927e-15 0)
(3 4.8608e-17 0)
(3 1.50437e-15 0)
(3 1.6832e-15 0)
(3 -7.29322e-17 0)
(3 -6.6655e-16 0)
(3 -5.65558e-16 0)
(3 -1.20933e-15 0)
(3 -1.14131e-15 0)
(3 -4.51337e-16 0)
(3 5.86266e-16 0)
(3 6.58591e-16 0)
(3 5.23829e-16 0)
(3 -3.90536e-16 0)
(3 -8.11107e-16 0)
(3 -7.22117e-16 0)
(3 -4.56713e-16 0)
(3 -1.44572e-16 0)
(3 1.73704e-16 0)
(3 5.48392e-16 0)
(3 1.69035e-16 0)
(3 -3.51347e-16 0)
(3 -8.12748e-16 0)
(3 -8.52366e-17 0)
(3 7.88996e-16 0)
(3 6.90195e-16 0)
(3 8.36179e-16 0)
(3 5.41317e-16 0)
(3 -3.84722e-16 0)
(3 -7.60066e-16 0)
(3 4.85662e-16 0)
(3 7.78535e-16 0)
(3 1.02349e-16 0)
(3 -4.21232e-16 0)
(3 -1.67321e-16 0)
(3 8.51606e-16 0)
(3 5.57062e-16 0)
(2.58318 -0.982673 0)
(2.65694 -0.782588 0)
(2.72529 -0.690253 0)
(2.78138 -0.773571 0)
(2.91966 -0.633089 0)
(2.97012 -0.500968 0)
(3.0711 -0.413003 0)
(3.13724 -0.319576 0)
(3.18085 -0.25038 0)
(3.21822 -0.182041 0)
(3.22357 -0.108425 0)
(3.20786 -0.0701066 0)
(3.16288 -0.0637234 0)
(3.11273 -0.0563238 0)
(3.10923 -0.0365327 0)
(3.11382 -0.0223487 0)
(3.10053 -0.0204975 0)
(3.09179 -0.0180976 0)
(3.07755 -0.0143714 0)
(3.04652 -0.0079853 0)
(3.01165 -0.00169369 0)
(3.0005 -5.53709e-05 0)
(3 -7.43404e-08 0)
(3 2.68958e-08 0)
(3 2.27943e-08 0)
(3 1.42437e-08 0)
(3 3.88224e-09 0)
(3 1.7967e-10 0)
(3 4.91863e-13 0)
(3 -4.97685e-15 0)
(3 -3.62231e-15 0)
(3 -1.98733e-15 0)
(3 -1.02657e-15 0)
(3 -7.41586e-16 0)
(3 -3.45146e-16 0)
(3 -6.96465e-17 0)
(3 6.48384e-16 0)
(3 6.10671e-16 0)
(3 3.41923e-16 0)
(3 -2.25263e-16 0)
(3 -2.71622e-16 0)
(3 6.06583e-17 0)
(3 5.51684e-16 0)
(3 4.77591e-16 0)
(3 5.21655e-16 0)
(3 6.27779e-16 0)
(3 2.53605e-16 0)
(3 1.98797e-16 0)
(3 4.97544e-16 0)
(3 5.74137e-16 0)
(3 1.37153e-16 0)
(3 -1.61419e-16 0)
(3 1.0255e-16 0)
(3 2.56607e-16 0)
(3 3.30976e-17 0)
(3 1.08892e-16 0)
(3 1.00471e-16 0)
(3 5.98506e-17 0)
(3 -1.12363e-15 0)
(3 -6.08578e-16 0)
(3 -1.12493e-16 0)
(3 4.68686e-16 0)
(3 4.31362e-16 0)
(3 -5.09267e-16 0)
(3 -6.2976e-16 0)
(3 -5.18509e-16 0)
(3 -4.92607e-16 0)
(3 -7.1617e-16 0)
(3 -6.55448e-16 0)
(3 -3.08643e-16 0)
(3 7.42237e-17 0)
(3 1.29836e-16 0)
(3 -2.39995e-16 0)
(3 -3.00137e-16 0)
(3 -2.58667e-16 0)
(3 -2.9776e-16 0)
(3 -5.30836e-17 0)
(3 4.98533e-16 0)
(3 6.54502e-16 0)
(3 7.03605e-16 0)
(3 4.08149e-16 0)
(3 1.3116e-16 0)
(3 1.87544e-16 0)
(3 2.88095e-16 0)
(3 3.64256e-17 0)
(3 -4.55815e-16 0)
(3 -3.02339e-16 0)
(3 -5.73383e-16 0)
(3 -6.37866e-16 0)
(3 -1.95606e-16 0)
(3 -2.40887e-16 0)
(3 -2.20705e-16 0)
(3 -3.7468e-16 0)
(3 -3.23544e-16 0)
(3 -2.51189e-16 0)
(3 -2.65133e-16 0)
)
;

boundaryField
{
    inlet
    {
        type            fixedValue;
        value           uniform (3 0 0);
    }
    outlet
    {
        type            inletOutlet;
        inletValue      uniform (3 0 0);
        value           nonuniform List<vector> 
32
(
(3 -2.23909e-15 0)
(3 -1.64272e-15 0)
(3 8.21498e-16 0)
(3 -6.41093e-16 0)
(3 -1.12115e-15 0)
(3 5.54349e-16 0)
(3 2.09872e-15 0)
(3 2.65888e-15 0)
(3 1.29262e-15 0)
(3 -6.77807e-16 0)
(3 -8.20894e-16 0)
(3 2.73383e-16 0)
(3 1.17648e-15 0)
(3 9.03572e-16 0)
(3 4.44942e-16 0)
(3 1.9944e-17 0)
(3 1.0734e-15 0)
(3 1.04146e-15 0)
(3 -1.02447e-15 0)
(3 -7.42777e-16 0)
(3 8.65919e-17 0)
(3 6.72893e-16 0)
(3 5.93054e-16 0)
(3 -5.21695e-16 0)
(3 7.96921e-17 0)
(3 -7.07357e-18 0)
(3 -1.186e-15 0)
(3 -1.22589e-15 0)
(3 -9.23641e-16 0)
(3 3.1527e-16 0)
(3 5.57062e-16 0)
(3 -2.65133e-16 0)
)
;
    }
    bottom
    {
        type            symmetryPlane;
    }
    top
    {
        type            symmetryPlane;
    }
    obstacle
    {
        type            slip;
    }
    defaultFaces
    {
        type            empty;
    }
}


// ************************************************************************* //
