/*--------------------------------*- C++ -*----------------------------------*\
  =========                 |
  \\      /  F ield         | OpenFOAM: The Open Source CFD Toolbox
   \\    /   O peration     | Website:  https://openfoam.org
    \\  /    A nd           | Version:  7
     \\/     M anipulation  |
\*---------------------------------------------------------------------------*/
FoamFile
{
    version     2.0;
    format      ascii;
    class       volVectorField;
    location    "3.7";
    object      U;
}
// * * * * * * * * * * * * * * * * * * * * * * * * * * * * * * * * * * * * * //

dimensions      [0 1 -1 0 0 0 0];

internalField   nonuniform List<vector> 
4608
(
(3 2.41649e-18 0)
(3 1.72828e-17 0)
(3 -5.29877e-17 0)
(3 -1.09697e-17 0)
(3 8.25603e-17 0)
(3 3.18221e-17 0)
(3 3.36492e-16 0)
(3 3.46364e-16 0)
(3 2.37293e-16 0)
(3 -1.33009e-16 0)
(3 -2.37489e-16 0)
(3 -3.05696e-17 0)
(3 -1.25615e-16 0)
(3 -6.22981e-16 0)
(3 -9.28701e-16 0)
(3 -1.21928e-15 0)
(3 -1.06541e-15 0)
(3 -1.20254e-15 0)
(3 -1.05308e-15 0)
(3 -3.36817e-16 0)
(3 2.68599e-16 0)
(3 1.56896e-16 0)
(3 3.81926e-16 0)
(3 2.44713e-16 0)
(3 -1.96193e-17 0)
(3 -1.06379e-16 0)
(3 -1.28463e-16 0)
(3 -3.33533e-16 0)
(3 -1.74433e-16 0)
(3 -1.58439e-16 0)
(3 4.39779e-17 0)
(3 6.28436e-17 0)
(3 3.45135e-16 0)
(3 -6.75278e-17 0)
(3 -4.71942e-16 0)
(3 8.98012e-17 0)
(3 -2.3102e-16 0)
(3 -3.14296e-16 0)
(3 -9.92515e-16 0)
(3 -8.39793e-16 0)
(3 -1.78108e-15 0)
(3 -2.04981e-15 0)
(3 -1.55064e-15 0)
(3 -9.4371e-16 0)
(3 -5.91531e-16 0)
(3 -1.39066e-16 0)
(3 8.39823e-16 0)
(3 4.63468e-16 0)
(3 -6.82819e-17 0)
(3 -1.80162e-16 0)
(3 -1.48374e-16 0)
(3 -1.30165e-16 0)
(3 -3.63497e-16 0)
(3 -8.22858e-16 0)
(3 -6.5312e-16 0)
(3 -5.1193e-16 0)
(3 5.77934e-17 0)
(3 1.4491e-16 0)
(3 1.55878e-16 0)
(3 3.08348e-16 0)
(3 -1.3578e-16 0)
(3 1.01258e-16 0)
(3 -4.33535e-16 0)
(3 -6.8309e-16 0)
(3 -3.51585e-16 0)
(3 4.79061e-16 0)
(3 1.98369e-17 0)
(3 -8.66385e-16 0)
(3 -1.73515e-15 0)
(3 -1.5637e-15 0)
(3 -8.41227e-16 0)
(3 -8.58622e-16 0)
(3 -3.02817e-16 0)
(3 -3.90468e-16 0)
(3 -3.41883e-16 0)
(3 -1.47951e-16 0)
(3 -4.78957e-16 0)
(3 -9.86833e-16 0)
(3 -7.16582e-16 0)
(3 -1.25392e-16 0)
(3 -4.90736e-16 0)
(3 -1.98235e-16 0)
(3 4.01418e-16 0)
(3 -3.24655e-16 0)
(3 -1.3806e-16 0)
(3 -8.51618e-16 0)
(3 -1.26554e-15 0)
(3 -1.94945e-15 0)
(3 -1.17983e-15 0)
(3 2.73356e-17 0)
(3 1.09895e-16 0)
(3 -6.54992e-16 0)
(3 -8.54147e-16 0)
(3 -1.04766e-15 0)
(3 -1.19981e-15 0)
(3 -1.49018e-15 0)
(3 -1.10566e-16 0)
(3 -4.7909e-17 0)
(3 2.94975e-16 0)
(3 9.97955e-17 0)
(3 -1.66943e-16 0)
(3 -4.7006e-16 0)
(3 -2.26257e-16 0)
(3 1.86159e-16 0)
(3 1.78399e-16 0)
(3 -9.04448e-17 0)
(3 3.53018e-16 0)
(3 -1.18724e-16 0)
(3 -7.49247e-16 0)
(3 -1.33282e-15 0)
(3 -1.51783e-15 0)
(3 -1.353e-15 0)
(3 -6.5327e-16 0)
(3 -2.55408e-16 0)
(3 3.2931e-18 0)
(3 -1.3888e-16 0)
(3 2.80308e-16 0)
(3 8.29822e-16 0)
(3 2.26072e-16 0)
(3 -1.09575e-15 0)
(3 3.0237e-16 0)
(3 3.71033e-16 0)
(3 2.34518e-16 0)
(3 5.64555e-17 0)
(3 -1.98219e-16 0)
(3 -4.95805e-16 0)
(3 -7.04504e-16 0)
(3 -5.05101e-16 0)
(3 9.43379e-16 0)
(3 1.24836e-15 0)
(3 1.23034e-15 0)
(3 6.69431e-16 0)
(3 -5.61324e-16 0)
(3 -7.47141e-16 0)
(3 -4.42059e-16 0)
(3 1.23784e-16 0)
(3 5.25908e-16 0)
(3 6.05519e-16 0)
(3 1.10207e-15 0)
(3 1.56837e-15 0)
(3 1.12976e-15 0)
(3 1.30765e-15 0)
(3 1.36847e-16 0)
(3 -7.25999e-16 0)
(3 2.44724e-16 0)
(3 -5.2773e-17 0)
(3 -2.04463e-16 0)
(3 6.95449e-17 0)
(3 8.94938e-17 0)
(3 3.77221e-16 0)
(3 -7.29061e-17 0)
(3 -1.22138e-15 0)
(3 -2.2991e-16 0)
(3 1.26394e-15 0)
(3 1.64204e-15 0)
(3 -3.8798e-16 0)
(3 -1.19466e-15 0)
(3 -6.97276e-16 0)
(3 -7.33107e-16 0)
(3 -6.03885e-16 0)
(3 -2.50137e-16 0)
(3 2.02029e-16 0)
(3 1.30446e-16 0)
(3 1.24412e-15 0)
(3 1.51783e-15 0)
(3 1.36229e-15 0)
(3 9.21633e-16 0)
(3 -9.83253e-16 0)
(3 -1.54199e-16 0)
(3 -2.11944e-16 0)
(3 -1.23587e-16 0)
(3 1.02049e-16 0)
(3 4.74498e-16 0)
(3 6.47365e-16 0)
(3 1.04238e-16 0)
(3 -4.07127e-16 0)
(3 -1.69391e-16 0)
(3 4.43259e-16 0)
(3 3.65062e-16 0)
(3 -1.50182e-15 0)
(3 -2.69964e-15 0)
(3 -1.5047e-15 0)
(3 -6.10307e-16 0)
(3 -4.12176e-16 0)
(3 -2.45861e-16 0)
(3 -1.61168e-16 0)
(3 1.13878e-15 0)
(3 2.69341e-15 0)
(3 3.03678e-15 0)
(3 2.15441e-15 0)
(3 6.51458e-16 0)
(3 -5.06396e-16 0)
(3 -1.92348e-16 0)
(3 -4.70369e-16 0)
(3 -6.59387e-16 0)
(3 -8.58554e-16 0)
(3 -4.55588e-16 0)
(3 -4.81566e-16 0)
(3 -4.51475e-16 0)
(3 1.46889e-16 0)
(3 7.47663e-16 0)
(3 3.94773e-16 0)
(3 -3.36071e-16 0)
(3 -5.1975e-16 0)
(3 -1.38926e-15 0)
(3 -1.73843e-15 0)
(3 -1.76919e-16 0)
(3 -1.25892e-16 0)
(3 -5.35343e-16 0)
(3 -1.23691e-15 0)
(3 -1.30734e-16 0)
(3 -2.63373e-16 0)
(3 4.36679e-16 0)
(3 5.08054e-16 0)
(3 8.13916e-17 0)
(3 6.34471e-16 0)
(3 9.33403e-17 0)
(3 7.79663e-17 0)
(3 -2.47521e-17 0)
(3 -3.00305e-16 0)
(3 -3.16632e-16 0)
(3 -2.49082e-16 0)
(3 1.03756e-18 0)
(3 5.06956e-16 0)
(3 -4.44196e-16 0)
(3 -1.26986e-15 0)
(3 -7.66591e-16 0)
(3 -1.63822e-16 0)
(3 1.58145e-16 0)
(3 -2.07873e-16 0)
(3 -7.48152e-16 0)
(3 -6.37129e-16 0)
(3 -5.11079e-16 0)
(3 -6.93315e-16 0)
(3 -1.51579e-15 0)
(3 -2.11109e-15 0)
(3 -2.38687e-15 0)
(3 -9.10775e-16 0)
(3 1.37072e-15 0)
(3 1.65809e-15 0)
(3 1.07249e-16 0)
(3 3.4712e-16 0)
(3 5.98703e-16 0)
(3 4.12854e-16 0)
(3 3.06502e-17 0)
(3 -1.24066e-16 0)
(3 -9.78564e-16 0)
(3 -1.4043e-15 0)
(3 -1.60281e-15 0)
(3 -1.38942e-15 0)
(3 -9.27745e-16 0)
(3 -3.89507e-16 0)
(3 4.49627e-16 0)
(3 9.27796e-16 0)
(3 1.12536e-15 0)
(3 5.30097e-16 0)
(3 8.25269e-16 0)
(3 8.27629e-16 0)
(3 3.03139e-16 0)
(3 -6.42461e-16 0)
(3 -1.1118e-15 0)
(3 -9.98581e-16 0)
(3 1.5901e-15 0)
(3 2.33334e-15 0)
(3 -9.66956e-17 0)
(3 -2.96798e-16 0)
(3 -2.37389e-16 0)
(3 1.73599e-16 0)
(3 1.71488e-16 0)
(3 -1.66444e-16 0)
(3 -1.0208e-15 0)
(3 -1.51512e-15 0)
(3 -7.3187e-16 0)
(3 -2.90708e-16 0)
(3 5.92235e-17 0)
(3 5.92628e-17 0)
(3 3.52325e-16 0)
(3 7.2712e-16 0)
(3 1.46309e-15 0)
(3 2.05023e-15 0)
(3 1.40423e-15 0)
(3 9.59051e-16 0)
(3 5.78416e-16 0)
(3 8.89642e-16 0)
(3 4.21808e-16 0)
(3 -3.20708e-16 0)
(3 2.57002e-16 0)
(3 1.49735e-15 0)
(3 4.33327e-17 0)
(3 5.79837e-18 0)
(3 2.2774e-17 0)
(3 1.34111e-16 0)
(3 3.46801e-18 0)
(3 2.77154e-17 0)
(3 -1.7861e-17 0)
(3 -1.45889e-16 0)
(3 -1.98839e-16 0)
(3 -1.99513e-16 0)
(3 -1.19045e-16 0)
(3 -2.29177e-16 0)
(3 -1.18228e-16 0)
(3 6.04385e-16 0)
(3 1.1625e-15 0)
(3 1.37099e-15 0)
(3 1.04474e-15 0)
(3 1.31668e-15 0)
(3 1.75777e-15 0)
(3 2.04651e-15 0)
(3 1.86497e-15 0)
(3 6.21091e-16 0)
(3 2.11944e-16 0)
(3 6.06865e-16 0)
(3 8.12342e-17 0)
(3 4.81001e-16 0)
(3 5.45551e-16 0)
(3 3.92621e-16 0)
(3 1.12863e-17 0)
(3 -2.04169e-16 0)
(3 5.98554e-17 0)
(3 -1.00044e-16 0)
(3 -3.32833e-16 0)
(3 -1.98982e-16 0)
(3 -3.10795e-16 0)
(3 -1.60002e-16 0)
(3 1.54539e-16 0)
(3 8.66957e-16 0)
(3 9.22707e-16 0)
(3 6.59506e-16 0)
(3 7.28137e-16 0)
(3 1.25176e-15 0)
(3 1.61277e-15 0)
(3 9.47029e-16 0)
(3 4.7001e-16 0)
(3 4.48417e-16 0)
(3 1.55359e-15 0)
(3 2.23478e-15 0)
(3 1.80034e-17 0)
(3 9.70263e-17 0)
(3 8.24498e-17 0)
(3 1.81869e-16 0)
(3 6.71718e-16 0)
(3 8.60518e-16 0)
(3 8.19028e-16 0)
(3 5.22514e-16 0)
(3 4.33658e-16 0)
(3 5.10529e-16 0)
(3 1.34734e-15 0)
(3 1.36327e-15 0)
(3 1.15438e-15 0)
(3 2.09373e-16 0)
(3 -2.1818e-16 0)
(3 4.23333e-16 0)
(3 7.92323e-16 0)
(3 3.82693e-16 0)
(3 -3.09823e-16 0)
(3 -1.39662e-15 0)
(3 -1.2539e-15 0)
(3 3.85731e-16 0)
(3 7.08351e-16 0)
(3 7.24826e-16 0)
(3 -6.44088e-17 0)
(3 -8.16455e-18 0)
(3 -1.69446e-16 0)
(3 -3.3828e-16 0)
(3 -2.00168e-16 0)
(3 4.69854e-16 0)
(3 7.46734e-16 0)
(3 8.68406e-16 0)
(3 5.36926e-16 0)
(3 1.34768e-16 0)
(3 -2.35981e-16 0)
(3 -1.21665e-16 0)
(3 -5.41353e-18 0)
(3 2.49048e-16 0)
(3 -3.18335e-16 0)
(3 -5.57222e-16 0)
(3 -5.70162e-17 0)
(3 -2.31979e-16 0)
(3 -1.19911e-15 0)
(3 -1.4513e-15 0)
(3 -6.40287e-16 0)
(3 -8.68484e-16 0)
(3 -1.78823e-15 0)
(3 -1.72359e-15 0)
(3 2.04847e-17 0)
(3 -3.5624e-16 0)
(3 -5.01584e-16 0)
(3 -8.24827e-16 0)
(3 -7.5436e-16 0)
(3 -2.85406e-16 0)
(3 -1.04793e-16 0)
(3 3.23582e-17 0)
(3 -2.00165e-16 0)
(3 -6.24541e-16 0)
(3 -1.44652e-15 0)
(3 -2.71985e-16 0)
(3 9.47443e-16 0)
(3 7.19007e-16 0)
(3 4.53908e-16 0)
(3 -2.43217e-18 0)
(3 -9.20967e-16 0)
(3 -1.6045e-15 0)
(3 -1.48008e-15 0)
(3 -1.28998e-15 0)
(3 -1.36542e-15 0)
(3 -1.88784e-15 0)
(3 -2.41106e-15 0)
(3 -2.40943e-15 0)
(3 -4.05728e-17 0)
(3 -3.33786e-16 0)
(3 -2.30673e-16 0)
(3 -1.60312e-16 0)
(3 -2.08946e-17 0)
(3 -2.2491e-18 0)
(3 1.89986e-16 0)
(3 3.79105e-16 0)
(3 3.8237e-16 0)
(3 6.89911e-17 0)
(3 2.68288e-16 0)
(3 9.88667e-16 0)
(3 7.75723e-16 0)
(3 -1.87257e-16 0)
(3 -3.23483e-16 0)
(3 -5.97666e-16 0)
(3 -1.22145e-15 0)
(3 -1.43268e-15 0)
(3 -9.73514e-16 0)
(3 -6.02738e-16 0)
(3 -1.12945e-15 0)
(3 -1.53963e-15 0)
(3 -1.84e-15 0)
(3 -2.41221e-15 0)
(3 -6.30442e-17 0)
(3 3.09923e-16 0)
(3 3.42544e-16 0)
(3 5.65584e-16 0)
(3 7.0111e-16 0)
(3 4.36691e-16 0)
(3 4.86003e-16 0)
(3 6.50886e-16 0)
(3 7.76086e-16 0)
(3 1.17545e-15 0)
(3 1.172e-15 0)
(3 5.41966e-16 0)
(3 1.83546e-16 0)
(3 1.9016e-16 0)
(3 -1.00183e-15 0)
(3 -9.31581e-16 0)
(3 -3.2247e-16 0)
(3 2.87815e-16 0)
(3 2.8074e-16 0)
(3 2.76626e-16 0)
(3 2.2314e-16 0)
(3 6.97691e-17 0)
(3 5.01811e-16 0)
(3 -1.81229e-16 0)
(3 4.72635e-17 0)
(3 2.26076e-16 0)
(3 2.07489e-16 0)
(3 1.34131e-16 0)
(3 4.78207e-17 0)
(3 2.21679e-16 0)
(3 1.43277e-16 0)
(3 -3.74986e-16 0)
(3 -2.31162e-16 0)
(3 1.99933e-17 0)
(3 3.80703e-17 0)
(3 -4.58472e-16 0)
(3 -4.35795e-16 0)
(3 -5.7903e-17 0)
(3 -1.28667e-17 0)
(3 6.32516e-16 0)
(3 9.5548e-16 0)
(3 1.0567e-15 0)
(3 8.65451e-16 0)
(3 7.59498e-16 0)
(3 3.77282e-16 0)
(3 7.88693e-16 0)
(3 8.23471e-16 0)
(3 9.29812e-16 0)
(3 -2.94292e-17 0)
(3 1.1049e-16 0)
(3 9.56307e-17 0)
(3 -1.27797e-16 0)
(3 -3.87087e-16 0)
(3 -2.33209e-16 0)
(3 -1.99076e-16 0)
(3 -6.76836e-16 0)
(3 -1.0687e-15 0)
(3 -1.12342e-15 0)
(3 -4.04989e-16 0)
(3 2.67182e-17 0)
(3 -1.18256e-15 0)
(3 -6.43897e-16 0)
(3 1.04975e-15 0)
(3 1.89311e-15 0)
(3 1.6429e-15 0)
(3 1.59481e-15 0)
(3 1.7123e-15 0)
(3 1.40085e-15 0)
(3 1.06056e-15 0)
(3 6.61555e-16 0)
(3 4.69736e-16 0)
(3 6.02575e-16 0)
(3 -2.08538e-16 0)
(3 -2.94968e-16 0)
(3 2.65902e-16 0)
(3 4.10212e-16 0)
(3 3.37045e-16 0)
(3 1.91252e-16 0)
(3 2.29129e-16 0)
(3 1.87291e-16 0)
(3 -9.76293e-17 0)
(3 -7.45215e-17 0)
(3 -1.13255e-16 0)
(3 2.59747e-17 0)
(3 1.69527e-16 0)
(3 3.29199e-16 0)
(3 2.90874e-16 0)
(3 2.39873e-16 0)
(3 3.23026e-16 0)
(3 7.67921e-16 0)
(3 1.2024e-15 0)
(3 1.04436e-15 0)
(3 1.31698e-15 0)
(3 8.83479e-16 0)
(3 5.36604e-16 0)
(3 -1.77276e-16 0)
(3 -6.4257e-18 0)
(3 -3.18863e-17 0)
(3 2.70366e-16 0)
(3 2.7756e-16 0)
(3 3.18176e-16 0)
(3 2.57229e-16 0)
(3 5.24212e-16 0)
(3 7.51133e-16 0)
(3 6.53755e-16 0)
(3 4.85284e-16 0)
(3 -2.77896e-16 0)
(3 2.4727e-17 0)
(3 1.09619e-15 0)
(3 5.43627e-16 0)
(3 -1.16146e-16 0)
(3 -6.1289e-16 0)
(3 -6.07718e-16 0)
(3 -4.49355e-16 0)
(3 4.58298e-18 0)
(3 4.67204e-16 0)
(3 4.66036e-16 0)
(3 8.21976e-16 0)
(3 1.91269e-16 0)
(3 -2.615e-16 0)
(3 -1.45796e-17 0)
(3 1.7978e-16 0)
(3 4.57485e-16 0)
(3 4.31721e-16 0)
(3 2.92285e-16 0)
(3 2.75403e-16 0)
(3 8.44345e-16 0)
(3 8.47255e-16 0)
(3 9.83839e-16 0)
(3 5.9536e-16 0)
(3 4.29854e-16 0)
(3 1.01349e-15 0)
(3 9.47044e-16 0)
(3 5.15777e-16 0)
(3 4.99533e-16 0)
(3 1.3183e-16 0)
(3 -3.75873e-16 0)
(3 -5.30626e-16 0)
(3 -8.44567e-16 0)
(3 -5.79095e-16 0)
(3 2.70824e-16 0)
(3 1.44939e-15 0)
(3 1.06581e-15 0)
(3 7.48923e-16 0)
(3 9.52138e-17 0)
(3 -2.22227e-16 0)
(3 -2.07565e-16 0)
(3 1.47002e-16 0)
(3 2.90387e-16 0)
(3 6.91113e-17 0)
(3 -2.66602e-16 0)
(3 9.93694e-18 0)
(3 6.29663e-16 0)
(3 1.01012e-15 0)
(3 1.60462e-15 0)
(3 9.02483e-16 0)
(3 6.84209e-17 0)
(3 -2.15326e-17 0)
(3 -1.36673e-16 0)
(3 -4.14186e-17 0)
(3 -5.55623e-16 0)
(3 -4.1835e-16 0)
(3 9.46834e-17 0)
(3 1.58245e-16 0)
(3 7.28642e-16 0)
(3 -2.7743e-16 0)
(3 -4.8219e-16 0)
(3 -4.81209e-16 0)
(3 2.23672e-16 0)
(3 1.5312e-16 0)
(3 -1.03222e-16 0)
(3 -1.87182e-16 0)
(3 -2.42007e-16 0)
(3 -6.00696e-16 0)
(3 -7.4041e-16 0)
(3 -4.34038e-16 0)
(3 -2.52722e-16 0)
(3 4.1867e-17 0)
(3 -1.34909e-16 0)
(3 -1.97464e-16 0)
(3 1.98909e-16 0)
(3 7.82948e-16 0)
(3 2.0842e-16 0)
(3 -1.04635e-16 0)
(3 -1.17626e-16 0)
(3 -1.6028e-16 0)
(3 -3.01315e-16 0)
(3 -3.00802e-16 0)
(3 -1.01445e-15 0)
(3 -1.50006e-15 0)
(3 -1.21004e-15 0)
(3 -4.92269e-16 0)
(3 -5.81334e-17 0)
(3 2.16657e-16 0)
(3 2.10564e-16 0)
(3 5.8199e-17 0)
(3 -4.15708e-17 0)
(3 -2.83807e-16 0)
(3 -6.22636e-16 0)
(3 -3.00666e-16 0)
(3 -4.48078e-16 0)
(3 -8.85474e-16 0)
(3 -1.79184e-15 0)
(3 -1.08991e-15 0)
(3 5.56778e-16 0)
(3 1.03362e-15 0)
(3 7.91908e-16 0)
(3 6.93006e-16 0)
(3 8.59549e-16 0)
(3 7.20109e-16 0)
(3 2.29938e-16 0)
(3 -3.7212e-17 0)
(3 -6.93212e-16 0)
(3 -1.44216e-16 0)
(3 -1.57148e-16 0)
(3 -1.06271e-16 0)
(3 -5.61998e-17 0)
(3 -2.48217e-16 0)
(3 -3.53019e-16 0)
(3 -2.95135e-16 0)
(3 -3.33055e-17 0)
(3 -2.61884e-16 0)
(3 -8.58023e-16 0)
(3 -8.60292e-16 0)
(3 -7.345e-16 0)
(3 -1.06745e-15 0)
(3 -1.35257e-15 0)
(3 -1.06013e-15 0)
(3 -4.36708e-16 0)
(3 -5.93501e-16 0)
(3 -8.02638e-17 0)
(3 -1.69061e-16 0)
(3 -2.32117e-16 0)
(3 3.96773e-16 0)
(3 -2.91956e-16 0)
(3 -5.19293e-16 0)
(3 7.00065e-16 0)
(3 1.41844e-15 0)
(3 1.44769e-15 0)
(3 1.35239e-15 0)
(3 2.39553e-17 0)
(3 -1.91986e-16 0)
(3 -5.13579e-16 0)
(3 -6.06446e-16 0)
(3 -7.60345e-16 0)
(3 -4.47273e-16 0)
(3 -2.63337e-16 0)
(3 -6.35789e-16 0)
(3 -4.97785e-16 0)
(3 -3.19754e-16 0)
(3 -5.66872e-16 0)
(3 -1.60189e-15 0)
(3 -1.61304e-15 0)
(3 -4.7821e-16 0)
(3 -2.03286e-16 0)
(3 -4.19168e-17 0)
(3 5.09086e-16 0)
(3 5.92536e-16 0)
(3 4.96765e-16 0)
(3 3.03091e-16 0)
(3 8.54032e-16 0)
(3 1.12641e-16 0)
(3 1.84092e-15 0)
(3 1.66761e-15 0)
(3 -2.77386e-16 0)
(3 -3.32894e-16 0)
(3 -2.01306e-16 0)
(3 -4.11516e-16 0)
(3 -4.56298e-16 0)
(3 -2.73176e-16 0)
(3 2.22235e-16 0)
(3 5.45927e-16 0)
(3 6.16237e-16 0)
(3 5.40428e-16 0)
(3 6.96942e-16 0)
(3 2.82086e-16 0)
(3 -1.72518e-16 0)
(3 1.22166e-15 0)
(3 1.37705e-15 0)
(3 1.51733e-15 0)
(3 1.12874e-15 0)
(3 8.48452e-16 0)
(3 1.49831e-15 0)
(3 2.09801e-15 0)
(3 8.38927e-16 0)
(3 -1.25891e-15 0)
(3 -7.89236e-16 0)
(3 4.31745e-16 0)
(3 -1.63324e-16 0)
(3 -6.78864e-16 0)
(3 -5.11014e-16 0)
(3 -1.74467e-16 0)
(3 7.07597e-17 0)
(3 9.49682e-18 0)
(3 3.8549e-16 0)
(3 6.30382e-16 0)
(3 4.59615e-16 0)
(3 -1.79267e-16 0)
(3 5.15418e-16 0)
(3 1.46888e-15 0)
(3 1.98676e-15 0)
(3 1.56434e-15 0)
(3 1.48942e-15 0)
(3 1.01546e-15 0)
(3 6.67913e-16 0)
(3 8.88005e-16 0)
(3 1.41081e-15 0)
(3 1.72629e-15 0)
(3 1.25312e-16 0)
(3 -1.91366e-16 0)
(3 -5.99167e-16 0)
(3 -8.10372e-16 0)
(3 -2.78315e-17 0)
(3 -1.65528e-16 0)
(3 -3.2251e-16 0)
(3 -1.39047e-16 0)
(3 2.03277e-17 0)
(3 1.80312e-18 0)
(3 -2.36532e-17 0)
(3 -5.79537e-17 0)
(3 -2.86773e-16 0)
(3 -8.73493e-16 0)
(3 -1.44542e-16 0)
(3 7.2876e-16 0)
(3 1.42386e-15 0)
(3 1.47165e-15 0)
(3 9.19445e-16 0)
(3 -3.96283e-17 0)
(3 2.21324e-16 0)
(3 5.07864e-16 0)
(3 1.12281e-15 0)
(3 1.28013e-15 0)
(3 4.42332e-16 0)
(3 7.57381e-16 0)
(3 6.87006e-16 0)
(3 3.73574e-16 0)
(2.93148 0.0359578 0)
(2.85342 0.0435894 0)
(2.75341 0.148528 0)
(2.66554 0.247379 0)
(2.58642 0.338011 0)
(2.49164 0.451376 0)
(2.42722 0.543037 0)
(2.35113 0.626838 0)
(2.31053 0.721045 0)
(2.25703 0.799873 0)
(2.2498 0.856265 0)
(2.28567 0.885379 0)
(2.32497 0.900917 0)
(2.33441 0.887081 0)
(2.3443 0.881777 0)
(2.3475 0.865819 0)
(2.35002 0.85695 0)
(2.34801 0.852527 0)
(2.34245 0.85061 0)
(2.33909 0.850221 0)
(2.33917 0.849464 0)
(2.33972 0.848623 0)
(2.33924 0.848627 0)
(2.33775 0.849326 0)
(2.99844 0.0016848 0)
(2.99102 0.0110824 0)
(2.96137 0.0475614 0)
(2.89933 0.134669 0)
(2.80937 0.26953 0)
(2.67233 0.469456 0)
(2.53634 0.682139 0)
(2.39163 0.897972 0)
(2.21401 1.07536 0)
(2.16278 1.1008 0)
(2.14235 1.04416 0)
(2.19823 0.999668 0)
(2.24052 0.949184 0)
(2.30033 0.902301 0)
(2.33094 0.860314 0)
(2.34737 0.826687 0)
(2.35636 0.830033 0)
(2.35976 0.839458 0)
(2.35305 0.847125 0)
(2.34822 0.848626 0)
(2.34363 0.849077 0)
(2.34354 0.848314 0)
(2.3426 0.847693 0)
(2.34054 0.848805 0)
(3 4.89709e-07 0)
(3.00002 -9.12087e-06 0)
(2.99998 -3.99113e-05 0)
(2.99982 0.000253847 0)
(2.99868 0.0018001 0)
(2.99104 0.0131211 0)
(2.96617 0.052777 0)
(2.89943 0.171638 0)
(2.76108 0.424484 0)
(2.6151 0.684763 0)
(2.43711 0.85738 0)
(2.33285 0.928089 0)
(2.29778 0.91486 0)
(2.30478 0.900429 0)
(2.30549 0.898827 0)
(2.34094 0.867326 0)
(2.35819 0.851115 0)
(2.36236 0.854152 0)
(2.35895 0.849704 0)
(2.3552 0.849208 0)
(2.35084 0.849563 0)
(2.35008 0.849264 0)
(2.35026 0.84857 0)
(2.34598 0.850121 0)
(3 -5.8711e-10 0)
(3 -7.65086e-07 0)
(3 -1.76421e-06 0)
(3 -1.6436e-06 0)
(3 -8.72493e-06 0)
(2.99999 2.38198e-05 0)
(3.00002 -5.30033e-05 0)
(2.99936 0.000920895 0)
(2.98796 0.0212264 0)
(2.92428 0.136558 0)
(2.68802 0.484353 0)
(2.48225 0.739068 0)
(2.36113 0.87516 0)
(2.28155 0.960767 0)
(2.2746 0.95584 0)
(2.29972 0.921946 0)
(2.33112 0.876214 0)
(2.35043 0.855326 0)
(2.35653 0.847429 0)
(2.36083 0.839228 0)
(2.36112 0.840669 0)
(2.35875 0.844654 0)
(2.35703 0.846699 0)
(2.35286 0.847136 0)
(3 -1.28739e-10 0)
(3 2.482e-09 0)
(3 -7.87113e-08 0)
(3 -1.52996e-07 0)
(3 -6.14346e-07 0)
(3 -6.42989e-07 0)
(3 -4.87099e-06 0)
(3 -5.57767e-06 0)
(3.00003 -5.90017e-05 0)
(2.99944 0.000659336 0)
(2.9826 0.0224147 0)
(2.87591 0.163899 0)
(2.67487 0.45247 0)
(2.35785 0.82267 0)
(2.34984 0.845125 0)
(2.30712 0.880911 0)
(2.30993 0.876992 0)
(2.32621 0.870765 0)
(2.3487 0.85369 0)
(2.35819 0.842963 0)
(2.36062 0.841324 0)
(2.36154 0.840152 0)
(2.35954 0.843177 0)
(2.35341 0.845689 0)
(3 -1.28029e-12 0)
(3 1.24806e-10 0)
(3 3.396e-10 0)
(3 -1.15685e-09 0)
(3 -8.55203e-10 0)
(3 -3.29283e-08 0)
(3 -7.8951e-08 0)
(3 -3.27819e-07 0)
(3 -6.05224e-06 0)
(3 -5.51771e-06 0)
(3.00003 -5.63262e-05 0)
(2.99886 0.00152533 0)
(2.97163 0.0363546 0)
(2.79554 0.250062 0)
(2.63609 0.507705 0)
(2.32363 0.851775 0)
(2.24619 0.910375 0)
(2.29377 0.885535 0)
(2.3123 0.8767 0)
(2.32196 0.866879 0)
(2.34191 0.854915 0)
(2.35078 0.847153 0)
(2.35164 0.841801 0)
(2.34843 0.841881 0)
(3 1.58101e-14 0)
(3 -9.47481e-14 0)
(3 2.47817e-11 0)
(3 1.98279e-11 0)
(3 2.06308e-11 0)
(3 -1.6464e-10 0)
(3 -5.52028e-10 0)
(3 -7.98253e-10 0)
(3 -9.02026e-09 0)
(3 -3.28462e-07 0)
(3 -4.3064e-06 0)
(3.00001 -7.45677e-06 0)
(2.99999 -2.61272e-05 0)
(2.99543 0.00678157 0)
(2.95285 0.0662241 0)
(2.70075 0.377842 0)
(2.55272 0.599212 0)
(2.35766 0.802709 0)
(2.27174 0.891886 0)
(2.28286 0.880345 0)
(2.31057 0.859288 0)
(2.32469 0.846274 0)
(2.3351 0.848469 0)
(2.33908 0.843194 0)
(3 4.29401e-15 0)
(3 6.81407e-15 0)
(3 2.86126e-14 0)
(3 1.54715e-12 0)
(3 2.9481e-12 0)
(3 2.40871e-12 0)
(3 2.43554e-12 0)
(3 3.4593e-12 0)
(3 7.84517e-11 0)
(3 -8.43124e-10 0)
(3 -9.86237e-09 0)
(3 -1.61455e-06 0)
(3 -1.76296e-06 0)
(3.00001 -1.6807e-05 0)
(2.99969 0.000406591 0)
(2.98317 0.0234989 0)
(2.90781 0.147927 0)
(2.57465 0.543216 0)
(2.40893 0.74798 0)
(2.35171 0.804167 0)
(2.32437 0.840371 0)
(2.31721 0.847438 0)
(2.32382 0.847274 0)
(2.32923 0.839634 0)
(3 1.50808e-15 0)
(3 1.47787e-15 0)
(3 1.08424e-15 0)
(3 4.14981e-15 0)
(3 2.86283e-14 0)
(3 2.7651e-13 0)
(3 6.61202e-13 0)
(3 1.45939e-12 0)
(3 1.05858e-11 0)
(3 1.82407e-11 0)
(3 3.49977e-11 0)
(3 -1.66104e-08 0)
(3 -1.34569e-07 0)
(3 -3.75754e-06 0)
(3 -3.15188e-06 0)
(2.99999 1.66195e-05 0)
(2.99789 0.00360182 0)
(2.93946 0.0816137 0)
(2.81114 0.287663 0)
(2.46528 0.694999 0)
(2.33311 0.851085 0)
(2.32255 0.843165 0)
(2.32209 0.8437 0)
(2.3182 0.844627 0)
(3 2.2765e-15 0)
(3 1.83415e-15 0)
(3 5.71269e-16 0)
(3 9.89999e-16 0)
(3 -5.48955e-16 0)
(3 8.43388e-16 0)
(3 2.93499e-14 0)
(3 1.39268e-13 0)
(3 3.62386e-13 0)
(3 3.71727e-12 0)
(3 5.24397e-12 0)
(3 1.07341e-10 0)
(3 -1.44261e-09 0)
(3 -4.06692e-08 0)
(3 -4.72862e-07 0)
(3 -7.43314e-07 0)
(3.00001 -1.36016e-05 0)
(2.9993 0.0012611 0)
(2.98892 0.0214589 0)
(2.84871 0.208836 0)
(2.618 0.519748 0)
(2.45956 0.723804 0)
(2.33188 0.863689 0)
(2.30799 0.865073 0)
(3 1.9796e-15 0)
(3 6.47005e-16 0)
(3 2.20554e-16 0)
(3 -3.39636e-16 0)
(3 -7.05525e-16 0)
(3 3.75033e-16 0)
(3 8.09872e-16 0)
(3 4.28368e-15 0)
(3 2.8874e-15 0)
(3 3.79415e-14 0)
(3 4.15276e-13 0)
(3 1.80421e-11 0)
(3 1.6104e-11 0)
(3 2.60301e-10 0)
(3 -4.94625e-09 0)
(3 -6.61106e-08 0)
(3 -2.05349e-06 0)
(3 -5.38268e-06 0)
(2.99995 6.34835e-05 0)
(2.99362 0.0104708 0)
(2.93785 0.0983826 0)
(2.71751 0.418667 0)
(2.44824 0.756883 0)
(2.37467 0.797026 0)
(3 1.48739e-15 0)
(3 5.91858e-16 0)
(3 -4.12046e-16 0)
(3 -8.61629e-16 0)
(3 -3.67591e-16 0)
(3 1.29398e-16 0)
(3 -9.63877e-16 0)
(3 -1.25355e-15 0)
(3 -1.48763e-15 0)
(3 -1.83304e-15 0)
(3 6.816e-16 0)
(3 3.88346e-13 0)
(3 2.82863e-12 0)
(3 3.03917e-11 0)
(3 4.97304e-11 0)
(3 -1.91442e-09 0)
(3 -3.95298e-08 0)
(3 -1.426e-06 0)
(3 -1.31204e-06 0)
(3 1.6819e-06 0)
(2.99844 0.00316717 0)
(2.96591 0.0542128 0)
(2.77017 0.332907 0)
(2.52911 0.647778 0)
(3 9.0715e-16 0)
(3 3.50844e-16 0)
(3 -3.07225e-16 0)
(3 4.07008e-17 0)
(3 5.51842e-16 0)
(3 1.4388e-16 0)
(3 -1.02538e-15 0)
(3 -1.35961e-15 0)
(3 -1.04769e-15 0)
(3 1.55582e-16 0)
(3 2.67621e-16 0)
(3 6.77448e-16 0)
(3 2.71508e-14 0)
(3 9.04822e-13 0)
(3 1.45783e-11 0)
(3 9.8489e-12 0)
(3 3.02969e-11 0)
(3 -2.22073e-08 0)
(3 -3.76636e-07 0)
(3 -3.57292e-07 0)
(3 -3.32552e-06 0)
(2.99928 0.00139286 0)
(2.97684 0.0389088 0)
(2.86501 0.222639 0)
(3 2.16217e-15 0)
(3 1.40059e-15 0)
(3 -3.40851e-16 0)
(3 4.16227e-16 0)
(3 4.54374e-16 0)
(3 9.82155e-17 0)
(3 -4.14535e-16 0)
(3 -8.0105e-16 0)
(3 -4.68663e-16 0)
(3 7.70752e-16 0)
(3 9.36481e-16 0)
(3 -2.34516e-16 0)
(3 -3.06337e-16 0)
(3 8.69671e-16 0)
(3 7.42816e-13 0)
(3 2.79846e-12 0)
(3 2.19917e-11 0)
(3 6.00997e-11 0)
(3 -1.73186e-08 0)
(3 -8.31517e-08 0)
(3 -4.28725e-07 0)
(3 -1.36098e-06 0)
(2.99964 0.000767366 0)
(2.99277 0.0146012 0)
(3 2.36239e-16 0)
(3 -1.6257e-16 0)
(3 -6.92984e-16 0)
(3 -8.59923e-16 0)
(3 -4.27331e-16 0)
(3 -3.94323e-17 0)
(3 9.16823e-16 0)
(3 1.68803e-15 0)
(3 1.92366e-15 0)
(3 1.42452e-15 0)
(3 7.57325e-16 0)
(3 4.73637e-16 0)
(3 6.36602e-16 0)
(3 4.51899e-16 0)
(3 2.21664e-15 0)
(3 1.43066e-13 0)
(3 2.27974e-12 0)
(3 6.57535e-12 0)
(3 -1.15202e-10 0)
(3 -7.13884e-09 0)
(3 -7.76451e-08 0)
(3 -2.70469e-07 0)
(3 2.53012e-06 0)
(3.00001 -5.7915e-05 0)
(3 -1.77937e-15 0)
(3 -6.70241e-16 0)
(3 1.11134e-17 0)
(3 -3.7777e-16 0)
(3 -4.01707e-16 0)
(3 -3.79361e-16 0)
(3 1.66057e-15 0)
(3 3.27669e-15 0)
(3 3.72849e-15 0)
(3 3.17122e-15 0)
(3 2.81858e-15 0)
(3 2.32999e-15 0)
(3 1.02319e-15 0)
(3 4.06954e-16 0)
(3 -2.15629e-15 0)
(3 1.85673e-15 0)
(3 1.9562e-14 0)
(3 4.2442e-13 0)
(3 5.89258e-13 0)
(3 -1.51436e-10 0)
(3 -2.49764e-09 0)
(3 -8.33981e-09 0)
(3 -9.95638e-07 0)
(3 8.39343e-07 0)
(3 -2.25423e-15 0)
(3 -1.10873e-15 0)
(3 -5.90034e-16 0)
(3 -5.1676e-16 0)
(3 -3.17566e-16 0)
(3 7.04985e-16 0)
(3 2.17411e-15 0)
(3 2.20089e-15 0)
(3 1.87973e-15 0)
(3 1.70069e-15 0)
(3 2.01524e-15 0)
(3 1.76114e-15 0)
(3 6.92941e-16 0)
(3 -8.22327e-16 0)
(3 -1.97918e-15 0)
(3 -3.699e-15 0)
(3 -2.11986e-14 0)
(3 -9.54346e-13 0)
(3 -4.18867e-13 0)
(3 3.05534e-11 0)
(3 1.88005e-09 0)
(3 2.05744e-07 0)
(3 -2.98724e-08 0)
(3 2.97492e-06 0)
(3 -2.62031e-15 0)
(3 -1.51971e-15 0)
(3 -1.42247e-15 0)
(3 -1.55561e-15 0)
(3 -6.48487e-16 0)
(3 2.2148e-16 0)
(3 1.28322e-15 0)
(3 1.69047e-15 0)
(3 1.18619e-15 0)
(3 -4.90503e-16 0)
(3 -2.12699e-15 0)
(3 -1.60723e-15 0)
(3 -9.28488e-16 0)
(3 -7.66335e-16 0)
(3 -5.82085e-15 0)
(3 -1.31017e-13 0)
(3 -2.09261e-12 0)
(3 -4.42057e-12 0)
(3 5.67185e-11 0)
(3 8.44486e-09 0)
(3 3.9727e-08 0)
(3 7.59401e-07 0)
(3 -3.66789e-06 0)
(2.99997 -3.85415e-05 0)
(3 -9.66215e-16 0)
(3 -5.74011e-16 0)
(3 -8.70574e-16 0)
(3 -2.95461e-16 0)
(3 -8.35045e-16 0)
(3 -1.03973e-15 0)
(3 -6.43356e-16 0)
(3 -9.73518e-17 0)
(3 4.54818e-16 0)
(3 5.01865e-16 0)
(3 -1.42696e-15 0)
(3 -1.75451e-15 0)
(3 -1.36915e-15 0)
(3 -3.43322e-15 0)
(3 -8.52986e-13 0)
(3 -3.0357e-12 0)
(3 -1.97821e-11 0)
(3 -1.2876e-11 0)
(3 1.36945e-08 0)
(3 1.73176e-07 0)
(3 2.07146e-07 0)
(3 2.91438e-06 0)
(2.99956 -0.000898345 0)
(2.99249 -0.0151653 0)
(3 6.3379e-16 0)
(3 -6.76396e-16 0)
(3 -9.66714e-16 0)
(3 -1.74676e-15 0)
(3 -1.66663e-15 0)
(3 -9.40629e-16 0)
(3 -1.25444e-15 0)
(3 -9.86833e-16 0)
(3 -5.28279e-16 0)
(3 -2.04165e-16 0)
(3 -2.25401e-16 0)
(3 -1.11668e-15 0)
(3 -2.89119e-14 0)
(3 -7.85391e-13 0)
(3 -1.54278e-11 0)
(3 -1.08647e-11 0)
(3 -2.27388e-11 0)
(3 2.40422e-08 0)
(3 3.51887e-07 0)
(3 6.35588e-07 0)
(3 -8.65259e-07 0)
(2.99937 -0.00122017 0)
(2.97563 -0.0399692 0)
(2.8583 -0.242044 0)
(3 9.57999e-16 0)
(3 4.59757e-16 0)
(3 -3.7254e-16 0)
(3 -1.32297e-15 0)
(3 -9.92573e-16 0)
(3 -8.64022e-16 0)
(3 -4.20233e-16 0)
(3 8.58392e-16 0)
(3 2.46843e-16 0)
(3 1.64396e-16 0)
(3 -2.90002e-15 0)
(3 -3.97597e-13 0)
(3 -2.91347e-12 0)
(3 -2.70624e-11 0)
(3 -5.05483e-11 0)
(3 1.82402e-09 0)
(3 4.21424e-08 0)
(3 1.31286e-06 0)
(3 1.49821e-06 0)
(2.99999 -6.67983e-06 0)
(2.99858 -0.00314234 0)
(2.96728 -0.0508977 0)
(2.75099 -0.358719 0)
(2.58199 -0.608132 0)
(3 -2.21311e-16 0)
(3 4.93739e-16 0)
(3 -4.85668e-16 0)
(3 -3.43554e-16 0)
(3 9.63591e-16 0)
(3 5.27178e-16 0)
(3 7.33785e-16 0)
(3 -3.67203e-15 0)
(3 -2.37966e-15 0)
(3 -4.02565e-14 0)
(3 -4.17811e-13 0)
(3 -1.80911e-11 0)
(3 -1.61127e-11 0)
(3 -2.3044e-10 0)
(3 4.80076e-09 0)
(3 7.11675e-08 0)
(3 2.05631e-06 0)
(3 4.84226e-06 0)
(2.99996 -5.18189e-05 0)
(2.9932 -0.0114123 0)
(2.94428 -0.0917186 0)
(2.70065 -0.436479 0)
(2.45013 -0.756741 0)
(2.38255 -0.780964 0)
(3 3.42208e-16 0)
(3 3.92521e-16 0)
(3 7.47284e-16 0)
(3 3.50341e-16 0)
(3 6.5873e-16 0)
(3 -8.26551e-16 0)
(3 -3.05435e-14 0)
(3 -1.4393e-13 0)
(3 -3.50518e-13 0)
(3 -3.71893e-12 0)
(3 -4.94353e-12 0)
(3 -1.09619e-10 0)
(3 1.51282e-09 0)
(3 3.86057e-08 0)
(3 4.99694e-07 0)
(3 7.48237e-07 0)
(3.00001 1.36277e-05 0)
(2.9993 -0.00126901 0)
(2.98912 -0.0211444 0)
(2.84616 -0.212309 0)
(2.62413 -0.514734 0)
(2.4588 -0.726355 0)
(2.32782 -0.866863 0)
(2.30814 -0.859358 0)
(3 2.5409e-17 0)
(3 -5.59599e-16 0)
(3 -2.73663e-17 0)
(3 -2.80855e-15 0)
(3 -2.91244e-14 0)
(3 -2.74434e-13 0)
(3 -6.63986e-13 0)
(3 -1.45901e-12 0)
(3 -1.03967e-11 0)
(3 -1.80528e-11 0)
(3 -3.49285e-11 0)
(3 1.66188e-08 0)
(3 1.33737e-07 0)
(3 3.68771e-06 0)
(3 3.40194e-06 0)
(2.99999 -1.7885e-05 0)
(2.99791 -0.00358724 0)
(2.93941 -0.0817182 0)
(2.81139 -0.287172 0)
(2.46769 -0.693285 0)
(2.33031 -0.854642 0)
(2.32103 -0.843947 0)
(2.32097 -0.842796 0)
(2.31768 -0.84276 0)
(3 -5.68258e-15 0)
(3 -7.30491e-15 0)
(3 -2.90188e-14 0)
(3 -1.54809e-12 0)
(3 -2.95002e-12 0)
(3 -2.41196e-12 0)
(3 -2.44572e-12 0)
(3 -3.46753e-12 0)
(3 -7.75964e-11 0)
(3 8.46328e-10 0)
(3 9.84217e-09 0)
(3 1.60949e-06 0)
(3 1.76438e-06 0)
(3.00001 1.69058e-05 0)
(2.99969 -0.00040576 0)
(2.98311 -0.0235908 0)
(2.90838 -0.147569 0)
(2.57359 -0.544647 0)
(2.41019 -0.746109 0)
(2.35236 -0.804526 0)
(2.32409 -0.840842 0)
(2.31659 -0.847563 0)
(2.32337 -0.846429 0)
(2.32952 -0.838058 0)
(3 -1.7613e-14 0)
(3 9.34758e-14 0)
(3 -2.47878e-11 0)
(3 -1.98466e-11 0)
(3 -2.06545e-11 0)
(3 1.66513e-10 0)
(3 5.50592e-10 0)
(3 8.13652e-10 0)
(3 9.06638e-09 0)
(3 3.27349e-07 0)
(3 4.33245e-06 0)
(3.00001 7.37125e-06 0)
(2.99999 2.65532e-05 0)
(2.99543 -0.00678999 0)
(2.95294 -0.0661626 0)
(2.70056 -0.378085 0)
(2.55285 -0.59948 0)
(2.3573 -0.802851 0)
(2.27192 -0.89124 0)
(2.28334 -0.880029 0)
(2.31065 -0.859365 0)
(2.32458 -0.846772 0)
(2.33462 -0.848121 0)
(2.3393 -0.842918 0)
(3 1.28378e-12 0)
(3 -1.24916e-10 0)
(3 -3.39906e-10 0)
(3 1.1597e-09 0)
(3 8.58067e-10 0)
(3 3.29498e-08 0)
(3 7.89293e-08 0)
(3 3.27855e-07 0)
(3 6.05026e-06 0)
(3 5.51788e-06 0)
(3.00003 5.65428e-05 0)
(2.99886 -0.00152823 0)
(2.97167 -0.0363025 0)
(2.79537 -0.250283 0)
(2.63636 -0.507551 0)
(2.32396 -0.851535 0)
(2.24594 -0.910754 0)
(2.29347 -0.885603 0)
(2.31218 -0.876526 0)
(2.32204 -0.866879 0)
(2.34202 -0.854909 0)
(2.35046 -0.847458 0)
(2.35145 -0.841596 0)
(2.3485 -0.841692 0)
(3 1.28421e-10 0)
(3 -2.48161e-09 0)
(3 7.87208e-08 0)
(3 1.53126e-07 0)
(3 6.14873e-07 0)
(3 6.43028e-07 0)
(3 4.86697e-06 0)
(3 5.5785e-06 0)
(3.00003 5.89451e-05 0)
(2.99944 -0.000658931 0)
(2.9826 -0.0224152 0)
(2.87591 -0.163887 0)
(2.67493 -0.452406 0)
(2.35774 -0.822802 0)
(2.3499 -0.845097 0)
(2.30715 -0.880896 0)
(2.30985 -0.877035 0)
(2.32608 -0.870812 0)
(2.34869 -0.853455 0)
(2.35823 -0.842817 0)
(2.36073 -0.841396 0)
(2.36135 -0.840391 0)
(2.35944 -0.843238 0)
(2.35343 -0.845541 0)
(3 5.84138e-10 0)
(3 7.62524e-07 0)
(3 1.76334e-06 0)
(3 1.64484e-06 0)
(3 8.72566e-06 0)
(2.99999 -2.38217e-05 0)
(3.00002 5.30022e-05 0)
(2.99936 -0.000920904 0)
(2.98796 -0.0212264 0)
(2.92426 -0.136584 0)
(2.68808 -0.484297 0)
(2.48223 -0.739065 0)
(2.36112 -0.875152 0)
(2.28151 -0.960808 0)
(2.2746 -0.95583 0)
(2.29975 -0.921909 0)
(2.33117 -0.876178 0)
(2.35027 -0.855524 0)
(2.35655 -0.847276 0)
(2.3609 -0.839167 0)
(2.3612 -0.840694 0)
(2.35876 -0.844734 0)
(2.35698 -0.846721 0)
(2.35284 -0.8471 0)
(3 -4.89892e-07 0)
(3.00002 9.09211e-06 0)
(2.99998 4.00362e-05 0)
(2.99982 -0.000253934 0)
(2.99868 -0.00179981 0)
(2.99104 -0.0131201 0)
(2.96616 -0.0527866 0)
(2.89944 -0.171617 0)
(2.76107 -0.424495 0)
(2.61504 -0.684829 0)
(2.43716 -0.857329 0)
(2.33287 -0.928078 0)
(2.29779 -0.914857 0)
(2.30477 -0.900455 0)
(2.3055 -0.898816 0)
(2.34096 -0.867255 0)
(2.3582 -0.851194 0)
(2.36229 -0.854243 0)
(2.35893 -0.849639 0)
(2.35524 -0.849152 0)
(2.35088 -0.84959 0)
(2.35006 -0.849333 0)
(2.35023 -0.848565 0)
(2.34597 -0.8501 0)
(2.99844 -0.00168456 0)
(2.99102 -0.0110843 0)
(2.96138 -0.0475585 0)
(2.89932 -0.134677 0)
(2.80938 -0.269527 0)
(2.67234 -0.469434 0)
(2.53628 -0.682174 0)
(2.3917 -0.897949 0)
(2.21401 -1.07535 0)
(2.16275 -1.10082 0)
(2.14236 -1.04414 0)
(2.19821 -0.999645 0)
(2.24054 -0.949178 0)
(2.30036 -0.902314 0)
(2.33093 -0.860322 0)
(2.34737 -0.826674 0)
(2.35638 -0.830065 0)
(2.35972 -0.839513 0)
(2.35304 -0.847105 0)
(2.34823 -0.848581 0)
(2.34366 -0.849061 0)
(2.34353 -0.848345 0)
(2.34258 -0.847714 0)
(2.34053 -0.848799 0)
(2.93148 -0.035952 0)
(2.85341 -0.0436085 0)
(2.75342 -0.148502 0)
(2.66551 -0.247431 0)
(2.58645 -0.337959 0)
(2.49164 -0.451376 0)
(2.42718 -0.543067 0)
(2.35114 -0.626851 0)
(2.31053 -0.721018 0)
(2.25703 -0.799865 0)
(2.24981 -0.856265 0)
(2.28567 -0.885392 0)
(2.32498 -0.900917 0)
(2.33441 -0.887092 0)
(2.3443 -0.881754 0)
(2.34751 -0.865794 0)
(2.35003 -0.856968 0)
(2.348 -0.852555 0)
(2.34243 -0.850603 0)
(2.3391 -0.850198 0)
(2.33919 -0.84946 0)
(2.33971 -0.848623 0)
(2.33924 -0.848626 0)
(2.33775 -0.849321 0)
(2.42641 0.827829 0)
(2.53593 0.779096 0)
(2.67034 0.7484 0)
(2.72549 0.718452 0)
(2.84586 0.506136 0)
(2.94492 0.344878 0)
(2.98754 0.197256 0)
(2.99419 0.0824738 0)
(3.00741 0.0324747 0)
(2.97186 -0.034368 0)
(2.96862 -0.0621636 0)
(2.99005 -0.0560505 0)
(3.01499 -0.0514804 0)
(2.98421 -0.056187 0)
(2.97364 -0.0572508 0)
(2.96741 -0.0492704 0)
(2.95827 -0.02446 0)
(2.94706 -0.0188196 0)
(2.93534 -0.0167756 0)
(2.94885 -0.0146831 0)
(2.95884 -0.0101946 0)
(2.9603 -0.00607282 0)
(2.94883 -0.00294337 0)
(2.91556 -0.0278341 0)
(2.76493 -0.139699 0)
(2.43965 -0.361768 0)
(2.21576 -0.407835 0)
(2.0397 -0.423521 0)
(1.89886 -0.243431 0)
(1.82065 -0.121253 0)
(1.84002 -0.013801 0)
(1.91216 0.0297916 0)
(1.97936 0.0249047 0)
(2.01975 0.0266684 0)
(2.0429 0.0272075 0)
(2.06578 0.0243929 0)
(2.09261 0.0221299 0)
(2.11554 0.0208918 0)
(2.13372 0.0214709 0)
(2.15182 0.024526 0)
(2.17186 0.0275758 0)
(2.19666 0.0284464 0)
(2.2263 0.0272606 0)
(2.25738 0.0272941 0)
(2.28525 0.0288802 0)
(2.30638 0.0288109 0)
(2.32237 0.0252735 0)
(2.33547 0.0217814 0)
(2.34444 0.0228712 0)
(2.34897 0.028973 0)
(2.35511 0.0328198 0)
(2.37217 0.0325399 0)
(2.39495 0.0304559 0)
(2.41915 0.0294465 0)
(2.44292 0.029249 0)
(2.46449 0.0284125 0)
(2.48396 0.026226 0)
(2.50152 0.0242887 0)
(2.51501 0.0236265 0)
(2.52008 0.0249189 0)
(2.5125 0.0283724 0)
(2.50018 0.0334114 0)
(2.5124 0.0330447 0)
(2.53212 0.0333243 0)
(2.55268 0.0334784 0)
(2.57376 0.0333649 0)
(2.59392 0.0305314 0)
(2.61375 0.0278378 0)
(2.63408 0.0286887 0)
(2.64491 0.0286846 0)
(2.63835 0.0215051 0)
(2.60491 -0.00725209 0)
(2.56266 -0.0340666 0)
(2.46706 -0.0915411 0)
(2.34595 -0.128511 0)
(2.26472 -0.151391 0)
(2.22898 -0.174666 0)
(2.22565 -0.122694 0)
(2.18043 -0.0514859 0)
(2.16458 -0.0224642 0)
(2.1609 -0.00713997 0)
(2.17728 0.00251018 0)
(2.19406 0.0169644 0)
(2.19734 0.0218215 0)
(2.20945 0.021101 0)
(2.22821 0.019375 0)
(2.25137 0.013861 0)
(2.27465 0.0132909 0)
(2.28853 0.0149834 0)
(2.2939 0.0153205 0)
(2.29759 0.0135724 0)
(2.30279 0.0120645 0)
(2.30722 0.0136066 0)
(2.31034 0.0156236 0)
(2.31573 0.0148874 0)
(2.33222 0.0142239 0)
(2.44822 0.792708 0)
(2.59563 0.659769 0)
(2.71614 0.466846 0)
(2.78826 0.318904 0)
(2.85206 0.175491 0)
(2.91883 -0.00636042 0)
(2.9385 -0.120659 0)
(2.98201 -0.159715 0)
(2.96421 -0.150883 0)
(2.92335 -0.179499 0)
(2.9459 -0.165506 0)
(2.98055 -0.110186 0)
(2.98772 -0.0669588 0)
(2.97 -0.0612213 0)
(2.95388 -0.0622544 0)
(2.94363 -0.0541078 0)
(2.93314 -0.0275583 0)
(2.92398 -0.0016125 0)
(2.91664 0.0134979 0)
(2.9283 0.0149049 0)
(2.94355 0.0109309 0)
(2.94032 0.0027936 0)
(2.9187 -0.0402143 0)
(2.72081 -0.302163 0)
(2.55026 -0.518228 0)
(2.37209 -0.759303 0)
(2.29634 -0.714835 0)
(2.20165 -0.513406 0)
(2.08213 -0.195639 0)
(1.92266 0.0499006 0)
(1.86362 0.14763 0)
(1.89478 0.12368 0)
(1.96058 0.0801527 0)
(2.01583 0.0431419 0)
(2.05521 0.0345852 0)
(2.08994 0.036047 0)
(2.11948 0.0395275 0)
(2.14026 0.0402068 0)
(2.15561 0.0396302 0)
(2.1742 0.0458817 0)
(2.19591 0.0578555 0)
(2.21672 0.0642207 0)
(2.24143 0.0612559 0)
(2.26999 0.0581119 0)
(2.29862 0.0576956 0)
(2.32345 0.0564467 0)
(2.34328 0.0516514 0)
(2.35768 0.0446321 0)
(2.36735 0.0399408 0)
(2.37499 0.0447222 0)
(2.38273 0.0560666 0)
(2.39492 0.0642212 0)
(2.41269 0.0642554 0)
(2.43446 0.0628302 0)
(2.45695 0.0618493 0)
(2.4783 0.0591016 0)
(2.49829 0.0541972 0)
(2.51697 0.0496234 0)
(2.53229 0.0462915 0)
(2.53917 0.0418112 0)
(2.53453 0.0357769 0)
(2.5275 0.0443871 0)
(2.53515 0.0581477 0)
(2.55099 0.0649349 0)
(2.57034 0.0674963 0)
(2.59091 0.0704492 0)
(2.61131 0.0659108 0)
(2.62709 0.0629803 0)
(2.64178 0.0572338 0)
(2.64445 0.0375033 0)
(2.61208 -0.0359612 0)
(2.57116 -0.111647 0)
(2.49602 -0.211469 0)
(2.43059 -0.296945 0)
(2.39569 -0.335132 0)
(2.35067 -0.307561 0)
(2.28577 -0.209263 0)
(2.25593 -0.0959723 0)
(2.23007 0.0311676 0)
(2.19206 0.0659898 0)
(2.17801 0.0572074 0)
(2.17074 0.0360508 0)
(2.18524 0.0414783 0)
(2.20377 0.0440356 0)
(2.22475 0.0406958 0)
(2.24641 0.0326878 0)
(2.26585 0.0215757 0)
(2.28775 0.0217901 0)
(2.30218 0.0278184 0)
(2.30894 0.03134 0)
(2.31239 0.030599 0)
(2.31445 0.0277891 0)
(2.31707 0.0270499 0)
(2.3207 0.0285202 0)
(2.32714 0.0263357 0)
(2.34431 0.0237539 0)
(2.36722 0.835044 0)
(2.42173 0.790823 0)
(2.52159 0.685907 0)
(2.62566 0.545068 0)
(2.67348 0.495155 0)
(2.72897 0.365181 0)
(2.78079 0.186129 0)
(2.81589 0.164894 0)
(2.82069 0.173326 0)
(2.84702 0.0502717 0)
(2.84876 -0.0187988 0)
(2.87487 -0.0344861 0)
(2.91135 -0.0307485 0)
(2.91414 -0.0428864 0)
(2.90988 -0.089086 0)
(2.91011 -0.0951817 0)
(2.91356 -0.0709639 0)
(2.9125 -0.041846 0)
(2.91067 -0.0304726 0)
(2.91429 -0.0354254 0)
(2.91933 -0.0277597 0)
(2.88081 -0.0995322 0)
(2.73977 -0.320073 0)
(2.41791 -0.684131 0)
(2.36181 -0.727644 0)
(2.35183 -0.771071 0)
(2.3608 -0.767505 0)
(2.36544 -0.742224 0)
(2.35531 -0.648202 0)
(2.2826 -0.395892 0)
(2.15185 -0.115134 0)
(2.02582 0.0474924 0)
(2.00575 0.0720576 0)
(2.02252 0.0783696 0)
(2.06893 0.0874102 0)
(2.10548 0.0800451 0)
(2.12328 0.0762787 0)
(2.14025 0.0774122 0)
(2.1598 0.0776192 0)
(2.18148 0.0846296 0)
(2.20161 0.0979217 0)
(2.21991 0.103286 0)
(2.24085 0.101482 0)
(2.2653 0.101109 0)
(2.29025 0.101579 0)
(2.31344 0.0971051 0)
(2.33368 0.0861688 0)
(2.35056 0.0789985 0)
(2.36445 0.0836383 0)
(2.37845 0.0962531 0)
(2.39097 0.104978 0)
(2.39951 0.104844 0)
(2.4118 0.103456 0)
(2.43043 0.105109 0)
(2.45135 0.107733 0)
(2.47145 0.106435 0)
(2.48925 0.0974631 0)
(2.50435 0.0861327 0)
(2.51786 0.0782415 0)
(2.5268 0.0778881 0)
(2.52926 0.0833468 0)
(2.53314 0.0938539 0)
(2.54148 0.0983382 0)
(2.55392 0.102639 0)
(2.56929 0.112125 0)
(2.58587 0.11072 0)
(2.6058 0.103583 0)
(2.61705 0.0944904 0)
(2.61 0.0717525 0)
(2.58432 0.00241985 0)
(2.53154 -0.10523 0)
(2.46293 -0.227543 0)
(2.3919 -0.345092 0)
(2.36868 -0.373042 0)
(2.38224 -0.371735 0)
(2.38741 -0.353604 0)
(2.37863 -0.312186 0)
(2.35196 -0.237078 0)
(2.31849 -0.128392 0)
(2.31006 -0.0637685 0)
(2.27112 -0.00572954 0)
(2.22034 0.0105266 0)
(2.20348 0.0367786 0)
(2.21801 0.0710284 0)
(2.23702 0.0747616 0)
(2.25831 0.0681609 0)
(2.27573 0.0491866 0)
(2.2907 0.0444922 0)
(2.30608 0.0510207 0)
(2.31559 0.0560454 0)
(2.31903 0.0535547 0)
(2.31926 0.0471505 0)
(2.31898 0.0459224 0)
(2.32159 0.0455149 0)
(2.32811 0.0432604 0)
(2.34651 0.0437112 0)
(2.35605 0.843804 0)
(2.37675 0.826333 0)
(2.42767 0.780936 0)
(2.51433 0.684396 0)
(2.58383 0.609064 0)
(2.65321 0.527372 0)
(2.74658 0.335381 0)
(2.77138 0.257698 0)
(2.80131 0.25662 0)
(2.8854 0.127268 0)
(2.87218 -0.0184729 0)
(2.8596 -0.0184489 0)
(2.88594 -0.0311273 0)
(2.91162 -0.0578524 0)
(2.90536 -0.110844 0)
(2.90449 -0.123685 0)
(2.92482 -0.0914197 0)
(2.92076 -0.0549227 0)
(2.91653 -0.0506824 0)
(2.90879 -0.058247 0)
(2.86487 -0.141295 0)
(2.71384 -0.400538 0)
(2.3917 -0.765177 0)
(2.33398 -0.81881 0)
(2.34349 -0.805897 0)
(2.35667 -0.797816 0)
(2.38306 -0.779034 0)
(2.40539 -0.761729 0)
(2.41976 -0.738431 0)
(2.413 -0.657483 0)
(2.36122 -0.47689 0)
(2.19297 -0.157176 0)
(2.07821 0.045903 0)
(2.04512 0.15737 0)
(2.05852 0.150068 0)
(2.09414 0.133731 0)
(2.12773 0.114622 0)
(2.15578 0.110521 0)
(2.18399 0.108288 0)
(2.21074 0.115249 0)
(2.22931 0.128328 0)
(2.24116 0.133205 0)
(2.25403 0.133984 0)
(2.27151 0.138431 0)
(2.29227 0.147259 0)
(2.31457 0.148913 0)
(2.33979 0.137407 0)
(2.35975 0.123379 0)
(2.38054 0.12265 0)
(2.40247 0.130652 0)
(2.41978 0.137327 0)
(2.42313 0.139938 0)
(2.42334 0.140827 0)
(2.43492 0.143014 0)
(2.45054 0.144994 0)
(2.46716 0.144791 0)
(2.4869 0.140861 0)
(2.50661 0.137516 0)
(2.52107 0.131115 0)
(2.53258 0.121641 0)
(2.54713 0.11795 0)
(2.5619 0.123876 0)
(2.56798 0.129814 0)
(2.5714 0.140155 0)
(2.57443 0.147693 0)
(2.59207 0.145499 0)
(2.59806 0.134278 0)
(2.59381 0.0977556 0)
(2.55173 0.0110622 0)
(2.4913 -0.108689 0)
(2.3977 -0.268006 0)
(2.37539 -0.326578 0)
(2.36938 -0.346996 0)
(2.37343 -0.341568 0)
(2.38505 -0.335012 0)
(2.40315 -0.320105 0)
(2.41141 -0.322415 0)
(2.40171 -0.296745 0)
(2.38837 -0.258822 0)
(2.3676 -0.196278 0)
(2.31589 -0.0875494 0)
(2.279 -0.0213132 0)
(2.22752 0.0413471 0)
(2.22788 0.100989 0)
(2.24474 0.110497 0)
(2.2623 0.0987233 0)
(2.2752 0.0833001 0)
(2.29029 0.0730476 0)
(2.31004 0.0736379 0)
(2.32569 0.0753219 0)
(2.33184 0.0690509 0)
(2.32943 0.0595858 0)
(2.32212 0.0553746 0)
(2.32526 0.0598166 0)
(2.33816 0.0634081 0)
(2.35583 0.0644505 0)
(2.3543 0.844281 0)
(2.3594 0.839786 0)
(2.38305 0.819704 0)
(2.4305 0.775738 0)
(2.51247 0.685681 0)
(2.57246 0.627645 0)
(2.61445 0.554716 0)
(2.71235 0.399624 0)
(2.76431 0.332399 0)
(2.79891 0.333497 0)
(2.83372 0.216777 0)
(2.84827 0.110981 0)
(2.8545 0.120471 0)
(2.87718 0.0918635 0)
(2.89531 0.0210627 0)
(2.90114 -0.00474481 0)
(2.92422 0.0161335 0)
(2.92335 -0.0134295 0)
(2.90956 -0.04488 0)
(2.83045 -0.192831 0)
(2.686 -0.483712 0)
(2.4285 -0.780651 0)
(2.32457 -0.870294 0)
(2.33041 -0.864014 0)
(2.34929 -0.836504 0)
(2.37065 -0.806985 0)
(2.40459 -0.77287 0)
(2.42563 -0.762489 0)
(2.4386 -0.751562 0)
(2.45621 -0.731251 0)
(2.44803 -0.659712 0)
(2.42263 -0.549348 0)
(2.28018 -0.264971 0)
(2.15209 0.00804544 0)
(2.10471 0.119231 0)
(2.10239 0.157509 0)
(2.11869 0.162477 0)
(2.14568 0.165632 0)
(2.17583 0.149517 0)
(2.2008 0.148434 0)
(2.22089 0.15883 0)
(2.23856 0.162219 0)
(2.25739 0.16255 0)
(2.27918 0.174089 0)
(2.29404 0.188932 0)
(2.3055 0.188331 0)
(2.32545 0.175466 0)
(2.34892 0.163962 0)
(2.37381 0.163576 0)
(2.39583 0.169209 0)
(2.41186 0.174476 0)
(2.42286 0.179009 0)
(2.43135 0.178559 0)
(2.43979 0.181032 0)
(2.45391 0.185386 0)
(2.47368 0.187191 0)
(2.49216 0.18464 0)
(2.50318 0.175897 0)
(2.50586 0.164203 0)
(2.5167 0.16434 0)
(2.5401 0.168079 0)
(2.56231 0.17177 0)
(2.58507 0.170494 0)
(2.59644 0.168752 0)
(2.5876 0.166018 0)
(2.5811 0.15065 0)
(2.55903 0.100099 0)
(2.51794 0.00430576 0)
(2.42707 -0.148135 0)
(2.37781 -0.247095 0)
(2.3488 -0.330692 0)
(2.35392 -0.332673 0)
(2.36427 -0.323988 0)
(2.38008 -0.309217 0)
(2.39665 -0.298088 0)
(2.40914 -0.289597 0)
(2.4109 -0.297352 0)
(2.40435 -0.301843 0)
(2.41169 -0.296812 0)
(2.40942 -0.280688 0)
(2.39148 -0.230872 0)
(2.35081 -0.140044 0)
(2.30899 -0.0518918 0)
(2.27152 0.0550456 0)
(2.26954 0.107774 0)
(2.27039 0.114325 0)
(2.27471 0.116113 0)
(2.28404 0.109253 0)
(2.29952 0.101654 0)
(2.31487 0.0996869 0)
(2.3256 0.0917365 0)
(2.32725 0.0750737 0)
(2.32441 0.066809 0)
(2.3321 0.0760844 0)
(2.34024 0.0875116 0)
(2.3551 0.0890757 0)
(2.34562 0.848416 0)
(2.35376 0.844722 0)
(2.36001 0.838383 0)
(2.38517 0.817302 0)
(2.43616 0.771146 0)
(2.51235 0.688928 0)
(2.55998 0.633853 0)
(2.60446 0.568286 0)
(2.68877 0.465868 0)
(2.75447 0.391433 0)
(2.80275 0.298831 0)
(2.81852 0.236742 0)
(2.81969 0.230215 0)
(2.87374 0.168972 0)
(2.91882 0.0700772 0)
(2.92409 0.0272021 0)
(2.9388 0.0151107 0)
(2.91579 -0.058787 0)
(2.84002 -0.211605 0)
(2.56877 -0.596947 0)
(2.42988 -0.783608 0)
(2.30313 -0.862445 0)
(2.3156 -0.857933 0)
(2.34142 -0.839464 0)
(2.37053 -0.808086 0)
(2.39232 -0.785968 0)
(2.4157 -0.773475 0)
(2.4393 -0.763902 0)
(2.45024 -0.759899 0)
(2.47059 -0.730746 0)
(2.48352 -0.697149 0)
(2.49683 -0.649954 0)
(2.48384 -0.58196 0)
(2.40701 -0.399251 0)
(2.23095 -0.0665313 0)
(2.14296 0.13235 0)
(2.10945 0.239032 0)
(2.12424 0.22758 0)
(2.15409 0.205834 0)
(2.18233 0.188107 0)
(2.21209 0.189857 0)
(2.24199 0.194564 0)
(2.26378 0.194557 0)
(2.27842 0.203313 0)
(2.28863 0.222212 0)
(2.30413 0.228777 0)
(2.32948 0.220566 0)
(2.35317 0.211981 0)
(2.37387 0.210211 0)
(2.39125 0.213587 0)
(2.41003 0.215252 0)
(2.4296 0.212373 0)
(2.44645 0.210677 0)
(2.45779 0.215089 0)
(2.4672 0.225111 0)
(2.47425 0.22598 0)
(2.48167 0.212524 0)
(2.49151 0.20464 0)
(2.50905 0.206122 0)
(2.53042 0.21726 0)
(2.54478 0.221993 0)
(2.55819 0.211432 0)
(2.57024 0.206728 0)
(2.57294 0.191938 0)
(2.5615 0.160064 0)
(2.51773 0.077792 0)
(2.45832 -0.0416526 0)
(2.38353 -0.174514 0)
(2.33821 -0.251583 0)
(2.32375 -0.281209 0)
(2.33946 -0.285186 0)
(2.35211 -0.284069 0)
(2.37175 -0.276565 0)
(2.39002 -0.269674 0)
(2.40274 -0.267101 0)
(2.40614 -0.264951 0)
(2.4011 -0.271981 0)
(2.39527 -0.279281 0)
(2.40963 -0.278664 0)
(2.41834 -0.274915 0)
(2.42619 -0.261444 0)
(2.42132 -0.223769 0)
(2.39103 -0.146844 0)
(2.34592 -0.0432617 0)
(2.31531 0.0607322 0)
(2.28441 0.131149 0)
(2.27165 0.146206 0)
(2.26979 0.148125 0)
(2.2821 0.139293 0)
(2.29554 0.127156 0)
(2.30963 0.115816 0)
(2.31883 0.0948709 0)
(2.32672 0.0833368 0)
(2.34101 0.0885066 0)
(2.35261 0.103991 0)
(2.36172 0.114118 0)
(2.3389 0.84359 0)
(2.34102 0.84764 0)
(2.35165 0.844975 0)
(2.35793 0.839754 0)
(2.38674 0.817035 0)
(2.42609 0.780531 0)
(2.50205 0.70727 0)
(2.57073 0.615426 0)
(2.60431 0.580176 0)
(2.64119 0.541449 0)
(2.73944 0.430089 0)
(2.78487 0.317452 0)
(2.79835 0.276222 0)
(2.81824 0.295822 0)
(2.85739 0.241653 0)
(2.87673 0.159761 0)
(2.86616 0.0617256 0)
(2.78545 -0.150426 0)
(2.51033 -0.541911 0)
(2.37189 -0.746283 0)
(2.27059 -0.820635 0)
(2.29373 -0.81594 0)
(2.32999 -0.800054 0)
(2.35972 -0.777316 0)
(2.38313 -0.754296 0)
(2.40541 -0.739319 0)
(2.42415 -0.73685 0)
(2.44824 -0.729153 0)
(2.46405 -0.722953 0)
(2.48411 -0.696113 0)
(2.49778 -0.6678 0)
(2.51509 -0.641626 0)
(2.54371 -0.64899 0)
(2.52955 -0.59461 0)
(2.48556 -0.469974 0)
(2.35487 -0.194532 0)
(2.21717 0.0912133 0)
(2.1566 0.195549 0)
(2.15723 0.23241 0)
(2.17327 0.228795 0)
(2.20298 0.233424 0)
(2.23862 0.235544 0)
(2.26698 0.234439 0)
(2.28022 0.239832 0)
(2.28636 0.250188 0)
(2.29554 0.257726 0)
(2.31286 0.2567 0)
(2.33364 0.25221 0)
(2.35507 0.252054 0)
(2.37682 0.253009 0)
(2.39877 0.250795 0)
(2.42021 0.245872 0)
(2.43703 0.24606 0)
(2.44885 0.251188 0)
(2.45631 0.258969 0)
(2.46449 0.257817 0)
(2.47915 0.249957 0)
(2.498 0.247393 0)
(2.51629 0.25197 0)
(2.52677 0.256528 0)
(2.53322 0.255822 0)
(2.55122 0.246283 0)
(2.55107 0.223403 0)
(2.52767 0.168209 0)
(2.46663 0.045447 0)
(2.3991 -0.0885016 0)
(2.34119 -0.192295 0)
(2.30147 -0.258326 0)
(2.28757 -0.276539 0)
(2.29952 -0.270584 0)
(2.32093 -0.263626 0)
(2.34292 -0.2558 0)
(2.36384 -0.244298 0)
(2.38272 -0.239557 0)
(2.39769 -0.239109 0)
(2.40311 -0.239825 0)
(2.39434 -0.243537 0)
(2.38344 -0.250872 0)
(2.39292 -0.248364 0)
(2.41166 -0.248114 0)
(2.42767 -0.245214 0)
(2.44018 -0.236121 0)
(2.44657 -0.214981 0)
(2.43194 -0.162061 0)
(2.38219 -0.055137 0)
(2.34674 0.0324289 0)
(2.31181 0.0949833 0)
(2.2764 0.121583 0)
(2.26141 0.138208 0)
(2.27039 0.136752 0)
(2.28831 0.132182 0)
(2.30477 0.122271 0)
(2.31635 0.111997 0)
(2.33172 0.111602 0)
(2.35024 0.120878 0)
(2.36684 0.132346 0)
(2.33318 0.836811 0)
(2.33277 0.837533 0)
(2.33775 0.83939 0)
(2.34494 0.83981 0)
(2.35726 0.835341 0)
(2.39038 0.809595 0)
(2.4266 0.777418 0)
(2.48288 0.72054 0)
(2.56142 0.627519 0)
(2.60724 0.567151 0)
(2.62737 0.558322 0)
(2.67161 0.482275 0)
(2.75242 0.378059 0)
(2.78543 0.336906 0)
(2.82262 0.25753 0)
(2.78426 0.159948 0)
(2.64388 -0.116254 0)
(2.42726 -0.478659 0)
(2.2973 -0.649896 0)
(2.26723 -0.722282 0)
(2.28684 -0.723074 0)
(2.31956 -0.7181 0)
(2.34852 -0.713654 0)
(2.37113 -0.699914 0)
(2.39181 -0.685654 0)
(2.41422 -0.68023 0)
(2.43885 -0.681585 0)
(2.463 -0.681476 0)
(2.48664 -0.675834 0)
(2.50999 -0.655449 0)
(2.53391 -0.624726 0)
(2.54691 -0.607633 0)
(2.55827 -0.599698 0)
(2.5639 -0.600636 0)
(2.5729 -0.571344 0)
(2.55284 -0.490967 0)
(2.47807 -0.311125 0)
(2.31013 -0.00459974 0)
(2.21637 0.180679 0)
(2.17198 0.293168 0)
(2.19645 0.289778 0)
(2.22177 0.285885 0)
(2.25307 0.276736 0)
(2.27491 0.275683 0)
(2.28809 0.282352 0)
(2.29587 0.291105 0)
(2.30593 0.294312 0)
(2.32226 0.293818 0)
(2.34082 0.291833 0)
(2.36213 0.289199 0)
(2.38575 0.285501 0)
(2.40937 0.283068 0)
(2.42952 0.285003 0)
(2.44339 0.288859 0)
(2.4499 0.294534 0)
(2.45606 0.292215 0)
(2.46969 0.288938 0)
(2.48465 0.283089 0)
(2.50096 0.287962 0)
(2.50974 0.289594 0)
(2.52449 0.275532 0)
(2.52043 0.241058 0)
(2.48838 0.169881 0)
(2.39648 0.00728579 0)
(2.34994 -0.108566 0)
(2.30839 -0.181741 0)
(2.28995 -0.210044 0)
(2.27539 -0.224728 0)
(2.28114 -0.231595 0)
(2.29991 -0.227952 0)
(2.32169 -0.225143 0)
(2.34752 -0.221322 0)
(2.3682 -0.216594 0)
(2.38572 -0.215192 0)
(2.39802 -0.214364 0)
(2.3982 -0.215101 0)
(2.38319 -0.218558 0)
(2.37824 -0.221134 0)
(2.39349 -0.218674 0)
(2.40875 -0.21975 0)
(2.42436 -0.217735 0)
(2.44233 -0.216531 0)
(2.45321 -0.214185 0)
(2.46145 -0.204469 0)
(2.45879 -0.175909 0)
(2.41619 -0.090732 0)
(2.36772 0.00675108 0)
(2.30779 0.0781635 0)
(2.25624 0.130131 0)
(2.25228 0.152426 0)
(2.27355 0.151351 0)
(2.29949 0.148581 0)
(2.31122 0.145054 0)
(2.32318 0.138258 0)
(2.3412 0.141987 0)
(2.36641 0.150523 0)
(2.32281 0.837828 0)
(2.32559 0.834267 0)
(2.33297 0.832645 0)
(2.33862 0.833004 0)
(2.34658 0.833574 0)
(2.36133 0.827008 0)
(2.39307 0.797929 0)
(2.42888 0.764768 0)
(2.46345 0.723522 0)
(2.54686 0.641654 0)
(2.59086 0.58002 0)
(2.63953 0.52889 0)
(2.64918 0.518273 0)
(2.67643 0.423635 0)
(2.65541 0.252542 0)
(2.48559 -0.126019 0)
(2.34124 -0.415616 0)
(2.22742 -0.597738 0)
(2.22174 -0.622337 0)
(2.25321 -0.617802 0)
(2.28475 -0.609436 0)
(2.31057 -0.613035 0)
(2.33516 -0.619473 0)
(2.36137 -0.615121 0)
(2.38813 -0.606506 0)
(2.41387 -0.605512 0)
(2.44084 -0.607468 0)
(2.46333 -0.608975 0)
(2.48163 -0.605494 0)
(2.50025 -0.597915 0)
(2.53136 -0.574384 0)
(2.55928 -0.563696 0)
(2.58741 -0.551296 0)
(2.60365 -0.545552 0)
(2.60057 -0.534542 0)
(2.60343 -0.525631 0)
(2.59845 -0.469792 0)
(2.56992 -0.365466 0)
(2.44224 -0.118991 0)
(2.29233 0.161742 0)
(2.24691 0.266684 0)
(2.23961 0.319373 0)
(2.25078 0.317756 0)
(2.27145 0.316331 0)
(2.29937 0.317518 0)
(2.31176 0.328508 0)
(2.31131 0.3312 0)
(2.31757 0.331392 0)
(2.33542 0.330459 0)
(2.35843 0.329523 0)
(2.38397 0.327507 0)
(2.40886 0.327082 0)
(2.42797 0.327449 0)
(2.43878 0.327944 0)
(2.4421 0.333065 0)
(2.45029 0.33207 0)
(2.46694 0.326174 0)
(2.47725 0.323446 0)
(2.49348 0.317691 0)
(2.49352 0.296613 0)
(2.47194 0.237141 0)
(2.4235 0.130611 0)
(2.33633 -0.0345317 0)
(2.29003 -0.149506 0)
(2.25848 -0.208925 0)
(2.25545 -0.209476 0)
(2.25874 -0.209726 0)
(2.26133 -0.207355 0)
(2.27855 -0.197412 0)
(2.29546 -0.190952 0)
(2.31463 -0.190426 0)
(2.33478 -0.190811 0)
(2.35435 -0.190729 0)
(2.37263 -0.190389 0)
(2.38821 -0.190868 0)
(2.39453 -0.194074 0)
(2.38388 -0.197384 0)
(2.37727 -0.193428 0)
(2.38782 -0.187789 0)
(2.40266 -0.187512 0)
(2.41943 -0.188423 0)
(2.43363 -0.188702 0)
(2.44912 -0.18925 0)
(2.46316 -0.191165 0)
(2.47603 -0.191234 0)
(2.46918 -0.173352 0)
(2.44071 -0.109036 0)
(2.39625 -0.0412442 0)
(2.32013 0.0461904 0)
(2.27463 0.110078 0)
(2.27444 0.148274 0)
(2.29934 0.169252 0)
(2.31234 0.178176 0)
(2.32315 0.174587 0)
(2.33698 0.171696 0)
(2.3636 0.172733 0)
(2.30702 0.855001 0)
(2.31406 0.841083 0)
(2.32601 0.835327 0)
(2.33278 0.835105 0)
(2.33517 0.836268 0)
(2.33996 0.836362 0)
(2.35765 0.822433 0)
(2.38011 0.799294 0)
(2.43489 0.742648 0)
(2.46396 0.720602 0)
(2.53018 0.64945 0)
(2.58603 0.62872 0)
(2.55847 0.488091 0)
(2.51199 0.280116 0)
(2.32122 -0.0982445 0)
(2.22832 -0.332167 0)
(2.16707 -0.475216 0)
(2.17649 -0.493569 0)
(2.21087 -0.502141 0)
(2.24807 -0.504582 0)
(2.28232 -0.514935 0)
(2.31143 -0.53064 0)
(2.33665 -0.539717 0)
(2.36262 -0.534792 0)
(2.38948 -0.523858 0)
(2.41707 -0.523357 0)
(2.44776 -0.528103 0)
(2.47768 -0.535866 0)
(2.50364 -0.541312 0)
(2.52601 -0.53617 0)
(2.54345 -0.511645 0)
(2.5581 -0.503209 0)
(2.57975 -0.496232 0)
(2.60226 -0.483995 0)
(2.61398 -0.480931 0)
(2.62952 -0.47211 0)
(2.63814 -0.45292 0)
(2.65842 -0.419094 0)
(2.64467 -0.355075 0)
(2.57543 -0.202683 0)
(2.39512 0.101282 0)
(2.32365 0.271326 0)
(2.26662 0.380923 0)
(2.27088 0.380466 0)
(2.28827 0.371381 0)
(2.30779 0.371597 0)
(2.31272 0.372801 0)
(2.31511 0.373231 0)
(2.33145 0.369282 0)
(2.35365 0.366905 0)
(2.37832 0.363604 0)
(2.40318 0.365076 0)
(2.42388 0.368198 0)
(2.43773 0.373041 0)
(2.43933 0.379083 0)
(2.44372 0.369712 0)
(2.44773 0.357803 0)
(2.46583 0.344518 0)
(2.45961 0.306459 0)
(2.42251 0.224373 0)
(2.33146 0.0576291 0)
(2.27923 -0.0777802 0)
(2.26827 -0.126514 0)
(2.25133 -0.150187 0)
(2.24647 -0.157175 0)
(2.25668 -0.166851 0)
(2.264 -0.176906 0)
(2.25857 -0.175915 0)
(2.27027 -0.168873 0)
(2.29057 -0.161854 0)
(2.3101 -0.160151 0)
(2.33127 -0.162512 0)
(2.35093 -0.165504 0)
(2.37002 -0.168595 0)
(2.38694 -0.172804 0)
(2.39407 -0.17642 0)
(2.38644 -0.174101 0)
(2.38065 -0.166521 0)
(2.38767 -0.159952 0)
(2.40121 -0.15692 0)
(2.41862 -0.157286 0)
(2.43704 -0.158996 0)
(2.45595 -0.162001 0)
(2.47208 -0.167829 0)
(2.48691 -0.173 0)
(2.49036 -0.177243 0)
(2.4783 -0.158531 0)
(2.45602 -0.112866 0)
(2.42168 -0.0635691 0)
(2.35621 0.0272925 0)
(2.31971 0.108131 0)
(2.31701 0.182533 0)
(2.32164 0.211712 0)
(2.32565 0.20974 0)
(2.33423 0.200206 0)
(2.35302 0.192328 0)
(2.33352 0.820645 0)
(2.33482 0.823517 0)
(2.33672 0.830415 0)
(2.33427 0.838548 0)
(2.33057 0.84287 0)
(2.32924 0.841818 0)
(2.33232 0.835227 0)
(2.34853 0.818608 0)
(2.38049 0.793638 0)
(2.42289 0.758471 0)
(2.46891 0.703622 0)
(2.45511 0.568414 0)
(2.32976 0.252161 0)
(2.19025 -0.0898487 0)
(2.10092 -0.310657 0)
(2.08607 -0.390096 0)
(2.11091 -0.403532 0)
(2.14948 -0.409779 0)
(2.18945 -0.4126 0)
(2.22958 -0.417873 0)
(2.26932 -0.428303 0)
(2.30545 -0.441705 0)
(2.33552 -0.4509 0)
(2.36173 -0.447295 0)
(2.38554 -0.436294 0)
(2.40846 -0.433246 0)
(2.43281 -0.434811 0)
(2.45872 -0.439332 0)
(2.48632 -0.445481 0)
(2.52167 -0.444701 0)
(2.55833 -0.440469 0)
(2.58889 -0.444193 0)
(2.61076 -0.444223 0)
(2.62376 -0.42224 0)
(2.62582 -0.416243 0)
(2.63418 -0.407338 0)
(2.65398 -0.398324 0)
(2.67944 -0.382148 0)
(2.70198 -0.375565 0)
(2.69277 -0.328158 0)
(2.65524 -0.227315 0)
(2.53033 0.00860701 0)
(2.39612 0.249396 0)
(2.33815 0.361546 0)
(2.30431 0.411715 0)
(2.31039 0.407603 0)
(2.3252 0.407069 0)
(2.33868 0.411192 0)
(2.35126 0.417799 0)
(2.36906 0.413337 0)
(2.38821 0.404049 0)
(2.40584 0.402222 0)
(2.42173 0.40479 0)
(2.43258 0.414507 0)
(2.43366 0.419333 0)
(2.44184 0.405997 0)
(2.43597 0.369159 0)
(2.41452 0.305898 0)
(2.35024 0.179629 0)
(2.25558 0.00808581 0)
(2.22233 -0.101417 0)
(2.20939 -0.177246 0)
(2.21635 -0.175322 0)
(2.22868 -0.160674 0)
(2.24295 -0.145393 0)
(2.25647 -0.13826 0)
(2.26096 -0.144173 0)
(2.25903 -0.147346 0)
(2.2762 -0.142111 0)
(2.29628 -0.136585 0)
(2.31543 -0.134853 0)
(2.33464 -0.13619 0)
(2.35225 -0.139518 0)
(2.36901 -0.145479 0)
(2.38323 -0.152241 0)
(2.39048 -0.153992 0)
(2.39121 -0.148924 0)
(2.39214 -0.143499 0)
(2.39847 -0.139373 0)
(2.41157 -0.134272 0)
(2.42605 -0.12896 0)
(2.43939 -0.126024 0)
(2.45405 -0.128929 0)
(2.46824 -0.137775 0)
(2.48055 -0.149428 0)
(2.48706 -0.160501 0)
(2.48905 -0.158006 0)
(2.48479 -0.138833 0)
(2.47897 -0.107044 0)
(2.46261 -0.066627 0)
(2.40591 0.034599 0)
(2.38016 0.118335 0)
(2.3762 0.18818 0)
(2.35398 0.212788 0)
(2.34788 0.208393 0)
(2.34885 0.202513 0)
(2.35813 0.828953 0)
(2.34497 0.851635 0)
(2.34002 0.843284 0)
(2.33508 0.839965 0)
(2.32943 0.839219 0)
(2.32585 0.836626 0)
(2.32457 0.835411 0)
(2.33887 0.822397 0)
(2.36249 0.815701 0)
(2.36473 0.752275 0)
(2.31269 0.572345 0)
(2.15253 0.211451 0)
(2.04553 -0.0551043 0)
(2.0276 -0.180127 0)
(2.03613 -0.225688 0)
(2.06686 -0.267924 0)
(2.10221 -0.298951 0)
(2.13743 -0.322866 0)
(2.17532 -0.334107 0)
(2.21704 -0.339473 0)
(2.26 -0.346323 0)
(2.30076 -0.357092 0)
(2.3364 -0.368147 0)
(2.36781 -0.370857 0)
(2.3974 -0.36718 0)
(2.42657 -0.367655 0)
(2.45586 -0.370084 0)
(2.48532 -0.370609 0)
(2.51094 -0.368961 0)
(2.53023 -0.359429 0)
(2.54811 -0.351894 0)
(2.57346 -0.353817 0)
(2.6056 -0.355097 0)
(2.63766 -0.348098 0)
(2.65979 -0.354956 0)
(2.67103 -0.358006 0)
(2.68514 -0.339674 0)
(2.69741 -0.325093 0)
(2.71347 -0.313443 0)
(2.71497 -0.319299 0)
(2.73204 -0.287054 0)
(2.71563 -0.21929 0)
(2.64584 -0.0732311 0)
(2.48823 0.195976 0)
(2.41288 0.35273 0)
(2.34253 0.44525 0)
(2.33287 0.459061 0)
(2.3356 0.471882 0)
(2.34499 0.476831 0)
(2.36623 0.462483 0)
(2.38715 0.450549 0)
(2.40377 0.444477 0)
(2.41774 0.442966 0)
(2.42643 0.453291 0)
(2.43225 0.435817 0)
(2.41734 0.381035 0)
(2.37064 0.277817 0)
(2.28444 0.135393 0)
(2.21127 -0.0126943 0)
(2.19083 -0.0502716 0)
(2.20183 -0.097833 0)
(2.20673 -0.119989 0)
(2.22106 -0.132779 0)
(2.24279 -0.12764 0)
(2.25741 -0.121722 0)
(2.26223 -0.117743 0)
(2.25808 -0.117396 0)
(2.26136 -0.116461 0)
(2.28037 -0.112286 0)
(2.30216 -0.111037 0)
(2.32442 -0.110485 0)
(2.34347 -0.109807 0)
(2.35941 -0.112318 0)
(2.37285 -0.119241 0)
(2.38196 -0.126741 0)
(2.38941 -0.127314 0)
(2.3989 -0.122837 0)
(2.40726 -0.118955 0)
(2.41346 -0.11424 0)
(2.42148 -0.108323 0)
(2.43514 -0.103239 0)
(2.45035 -0.101643 0)
(2.46334 -0.104488 0)
(2.47352 -0.112883 0)
(2.48333 -0.120972 0)
(2.49142 -0.130111 0)
(2.49709 -0.138034 0)
(2.49874 -0.130689 0)
(2.51068 -0.117864 0)
(2.51094 -0.0946639 0)
(2.50329 -0.056273 0)
(2.47613 0.0132792 0)
(2.43216 0.11967 0)
(2.42053 0.189305 0)
(2.36733 0.214719 0)
(2.35453 0.212095 0)
(2.53535 0.64529 0)
(2.45851 0.738693 0)
(2.37503 0.807079 0)
(2.34872 0.841991 0)
(2.32753 0.855128 0)
(2.32405 0.853699 0)
(2.32479 0.843656 0)
(2.32686 0.826403 0)
(2.30489 0.748578 0)
(2.17379 0.502878 0)
(1.97505 0.144484 0)
(1.91523 -0.0908997 0)
(1.91132 -0.181713 0)
(1.93966 -0.187609 0)
(1.98688 -0.180491 0)
(2.03452 -0.187399 0)
(2.08344 -0.213187 0)
(2.13154 -0.241522 0)
(2.17965 -0.258071 0)
(2.22708 -0.265389 0)
(2.27058 -0.271769 0)
(2.30853 -0.280436 0)
(2.34119 -0.288698 0)
(2.37116 -0.290363 0)
(2.40021 -0.287176 0)
(2.43123 -0.286478 0)
(2.46425 -0.286942 0)
(2.49661 -0.284572 0)
(2.52736 -0.283298 0)
(2.5569 -0.281649 0)
(2.58364 -0.282502 0)
(2.60603 -0.283173 0)
(2.61782 -0.277432 0)
(2.6265 -0.265084 0)
(2.64004 -0.263997 0)
(2.66951 -0.272354 0)
(2.69857 -0.267385 0)
(2.72252 -0.263036 0)
(2.7396 -0.261799 0)
(2.74627 -0.260772 0)
(2.73603 -0.255972 0)
(2.76335 -0.226802 0)
(2.77038 -0.194878 0)
(2.74053 -0.103823 0)
(2.60133 0.144873 0)
(2.50618 0.31374 0)
(2.41161 0.442182 0)
(2.37406 0.506734 0)
(2.35547 0.528126 0)
(2.37351 0.521577 0)
(2.38804 0.512905 0)
(2.40604 0.492089 0)
(2.4205 0.477402 0)
(2.41669 0.448827 0)
(2.38014 0.357012 0)
(2.31411 0.200405 0)
(2.23942 0.0493519 0)
(2.15227 -0.0699376 0)
(2.15104 -0.12207 0)
(2.16492 -0.106523 0)
(2.19388 -0.0892489 0)
(2.21077 -0.0845723 0)
(2.23107 -0.0887489 0)
(2.25901 -0.0947433 0)
(2.27849 -0.101737 0)
(2.28319 -0.104545 0)
(2.27599 -0.101022 0)
(2.27861 -0.0919169 0)
(2.295 -0.0896905 0)
(2.31684 -0.0904388 0)
(2.3391 -0.0886554 0)
(2.3571 -0.0843996 0)
(2.37081 -0.0849883 0)
(2.38198 -0.0938426 0)
(2.39063 -0.102673 0)
(2.40003 -0.100938 0)
(2.41051 -0.0922627 0)
(2.42155 -0.0869028 0)
(2.43043 -0.0859496 0)
(2.4361 -0.0852191 0)
(2.44244 -0.0820308 0)
(2.45286 -0.0794779 0)
(2.46703 -0.0818393 0)
(2.48167 -0.088168 0)
(2.49227 -0.0943875 0)
(2.50107 -0.101513 0)
(2.50956 -0.10641 0)
(2.51895 -0.105204 0)
(2.52135 -0.102974 0)
(2.53459 -0.0947145 0)
(2.54381 -0.0798355 0)
(2.54129 -0.0542862 0)
(2.5192 -0.00366121 0)
(2.48149 0.0848304 0)
(2.45195 0.148323 0)
(2.37782 0.210591 0)
(2.86662 0.206743 0)
(2.72129 0.457917 0)
(2.43024 0.784982 0)
(2.32447 0.883785 0)
(2.3236 0.862577 0)
(2.32993 0.841392 0)
(2.3113 0.799934 0)
(2.21904 0.654895 0)
(2.07342 0.366753 0)
(1.91812 0.103276 0)
(1.8746 0.0195558 0)
(1.87505 -0.0226657 0)
(1.9059 -0.0846195 0)
(1.94889 -0.12842 0)
(1.98906 -0.132133 0)
(2.02976 -0.132711 0)
(2.07513 -0.141123 0)
(2.12476 -0.156706 0)
(2.17655 -0.170551 0)
(2.22748 -0.177335 0)
(2.27362 -0.185444 0)
(2.31687 -0.19867 0)
(2.35722 -0.211083 0)
(2.39311 -0.215747 0)
(2.42077 -0.211406 0)
(2.44132 -0.204495 0)
(2.46413 -0.200213 0)
(2.49447 -0.198251 0)
(2.52548 -0.198216 0)
(2.5565 -0.194272 0)
(2.58434 -0.195006 0)
(2.6131 -0.201739 0)
(2.64044 -0.207839 0)
(2.66473 -0.204819 0)
(2.68401 -0.196098 0)
(2.68737 -0.199441 0)
(2.68762 -0.203494 0)
(2.70156 -0.195106 0)
(2.71966 -0.189366 0)
(2.74098 -0.189956 0)
(2.76256 -0.199285 0)
(2.78646 -0.187062 0)
(2.81157 -0.171753 0)
(2.81924 -0.122866 0)
(2.79612 -0.0623594 0)
(2.70594 0.102703 0)
(2.59229 0.289585 0)
(2.48316 0.456252 0)
(2.39314 0.55393 0)
(2.38555 0.562747 0)
(2.39976 0.5574 0)
(2.40004 0.525436 0)
(2.37247 0.455442 0)
(2.3159 0.32142 0)
(2.24547 0.123189 0)
(2.22998 0.0331757 0)
(2.1828 -0.022875 0)
(2.17118 -0.0463553 0)
(2.16574 -0.0714005 0)
(2.18555 -0.0710248 0)
(2.21034 -0.0594601 0)
(2.22429 -0.0548455 0)
(2.23645 -0.056344 0)
(2.25548 -0.0624061 0)
(2.27928 -0.0707571 0)
(2.29692 -0.080355 0)
(2.30008 -0.0773768 0)
(2.30003 -0.069421 0)
(2.31037 -0.0669024 0)
(2.3292 -0.0659398 0)
(2.3499 -0.063491 0)
(2.36917 -0.0596235 0)
(2.38553 -0.0602922 0)
(2.39693 -0.0684379 0)
(2.40265 -0.074181 0)
(2.40853 -0.0685253 0)
(2.41961 -0.0588534 0)
(2.4312 -0.0550609 0)
(2.44418 -0.0576766 0)
(2.45346 -0.0652001 0)
(2.45853 -0.0676019 0)
(2.46556 -0.0622212 0)
(2.47313 -0.0578749 0)
(2.48053 -0.0595415 0)
(2.48796 -0.0653224 0)
(2.49399 -0.0706687 0)
(2.49996 -0.0734637 0)
(2.51149 -0.0710166 0)
(2.52871 -0.0753429 0)
(2.54196 -0.0763538 0)
(2.55516 -0.0703771 0)
(2.56689 -0.0624991 0)
(2.56081 -0.0441168 0)
(2.54908 -0.00637933 0)
(2.52357 0.0512961 0)
(2.44915 0.156454 0)
(2.99139 0.0176377 0)
(2.96524 0.0955637 0)
(2.66089 0.51221 0)
(2.47953 0.756723 0)
(2.38672 0.761162 0)
(2.35056 0.733139 0)
(2.18039 0.540818 0)
(1.89327 0.210436 0)
(1.80216 -0.0363693 0)
(1.8281 -0.0768363 0)
(1.84946 -0.0461704 0)
(1.85973 -0.0225708 0)
(1.89861 -0.0336223 0)
(1.95515 -0.0726248 0)
(2.00536 -0.101622 0)
(2.05622 -0.101356 0)
(2.10405 -0.0939309 0)
(2.15146 -0.0944579 0)
(2.1999 -0.103755 0)
(2.24193 -0.108726 0)
(2.28078 -0.104523 0)
(2.31708 -0.109562 0)
(2.35362 -0.122209 0)
(2.39154 -0.130059 0)
(2.43472 -0.127651 0)
(2.46948 -0.123518 0)
(2.49479 -0.119953 0)
(2.51894 -0.121331 0)
(2.54835 -0.130963 0)
(2.57231 -0.127473 0)
(2.59478 -0.120132 0)
(2.61301 -0.116594 0)
(2.63071 -0.119551 0)
(2.65219 -0.120699 0)
(2.68206 -0.11705 0)
(2.70658 -0.12057 0)
(2.71107 -0.121276 0)
(2.71041 -0.115668 0)
(2.72086 -0.103769 0)
(2.74415 -0.102339 0)
(2.76833 -0.107138 0)
(2.78876 -0.107722 0)
(2.80748 -0.101109 0)
(2.81454 -0.0965818 0)
(2.81666 -0.0826116 0)
(2.80917 -0.0516973 0)
(2.78197 0.0277605 0)
(2.64211 0.276962 0)
(2.54568 0.463776 0)
(2.48353 0.513047 0)
(2.43744 0.502294 0)
(2.37206 0.429628 0)
(2.21491 0.26416 0)
(2.11016 0.0555475 0)
(2.13935 -0.087091 0)
(2.16266 -0.0807439 0)
(2.17171 -0.0600108 0)
(2.17944 -0.0560492 0)
(2.19064 -0.0556487 0)
(2.20746 -0.0475019 0)
(2.22677 -0.0352099 0)
(2.24618 -0.0313243 0)
(2.26147 -0.0321793 0)
(2.27422 -0.0358367 0)
(2.29043 -0.0437008 0)
(2.30607 -0.0523006 0)
(2.31595 -0.0511711 0)
(2.31943 -0.0458121 0)
(2.32736 -0.0448365 0)
(2.34101 -0.042713 0)
(2.35899 -0.0394006 0)
(2.37763 -0.0360235 0)
(2.39619 -0.0362424 0)
(2.41217 -0.042845 0)
(2.42174 -0.0483743 0)
(2.42828 -0.0438486 0)
(2.42928 -0.0344557 0)
(2.43106 -0.0317064 0)
(2.4405 -0.0357122 0)
(2.45434 -0.0395238 0)
(2.46925 -0.0437942 0)
(2.48179 -0.0426861 0)
(2.49049 -0.0383501 0)
(2.4941 -0.0374441 0)
(2.49454 -0.0400519 0)
(2.49393 -0.0440933 0)
(2.50147 -0.044558 0)
(2.51643 -0.0423869 0)
(2.53166 -0.0422037 0)
(2.54937 -0.0456966 0)
(2.56398 -0.0476549 0)
(2.5823 -0.0446159 0)
(2.58891 -0.0385147 0)
(2.58126 -0.025436 0)
(2.56438 0.0102394 0)
(2.52176 0.0794517 0)
(2.99989 0.000348861 0)
(2.99972 -0.000447428 0)
(2.92068 0.109387 0)
(2.69129 0.439916 0)
(2.43543 0.203041 0)
(2.28663 0.246913 0)
(2.07391 0.29926 0)
(1.88222 0.163155 0)
(1.82493 -0.00876401 0)
(1.83734 -0.0308904 0)
(1.87668 -0.00804199 0)
(1.88679 0.0117097 0)
(1.90858 -0.00684517 0)
(1.95096 -0.0325022 0)
(2.00803 -0.0493652 0)
(2.06288 -0.0431242 0)
(2.11064 -0.0289348 0)
(2.14933 -0.0296591 0)
(2.18626 -0.0350149 0)
(2.23604 -0.0323255 0)
(2.28554 -0.0304476 0)
(2.33577 -0.0324223 0)
(2.37841 -0.0390763 0)
(2.4142 -0.0433843 0)
(2.4353 -0.0363968 0)
(2.4581 -0.0312981 0)
(2.48219 -0.0358491 0)
(2.49774 -0.041057 0)
(2.52402 -0.0426746 0)
(2.56508 -0.042023 0)
(2.60442 -0.0420228 0)
(2.63769 -0.0426128 0)
(2.65939 -0.0476567 0)
(2.67732 -0.0522823 0)
(2.68846 -0.0460274 0)
(2.69761 -0.0374577 0)
(2.69659 -0.0313471 0)
(2.70315 -0.0337827 0)
(2.739 -0.0326456 0)
(2.76937 -0.0352305 0)
(2.79986 -0.0405861 0)
(2.82422 -0.0420269 0)
(2.83733 -0.0386135 0)
(2.83161 -0.0155135 0)
(2.80817 -0.0265708 0)
(2.83546 -0.0294937 0)
(2.83649 -0.0261655 0)
(2.80708 0.0184318 0)
(2.68895 0.185129 0)
(2.52015 0.200143 0)
(2.41318 0.167413 0)
(2.32998 0.239513 0)
(2.18374 0.181501 0)
(2.12313 0.050992 0)
(2.14989 -0.0356394 0)
(2.16088 -0.0338623 0)
(2.18831 -0.0107769 0)
(2.20999 -0.00371575 0)
(2.21372 -0.0227362 0)
(2.21857 -0.0245612 0)
(2.2314 -0.015282 0)
(2.24912 -0.0062412 0)
(2.26732 -0.00391094 0)
(2.28553 -0.0086111 0)
(2.3007 -0.0139979 0)
(2.31165 -0.0169118 0)
(2.32164 -0.0142665 0)
(2.32962 -0.0104523 0)
(2.33434 -0.0140898 0)
(2.3398 -0.021015 0)
(2.35271 -0.0178538 0)
(2.37032 -0.0120148 0)
(2.38711 -0.0108738 0)
(2.40292 -0.0109322 0)
(2.41641 -0.0131934 0)
(2.42667 -0.0132114 0)
(2.43076 -0.0102357 0)
(2.42933 -0.00904011 0)
(2.44409 -0.0113605 0)
(2.46071 -0.0124148 0)
(2.47524 -0.0127547 0)
(2.48993 -0.0119099 0)
(2.50079 -0.0111942 0)
(2.50463 -0.0122532 0)
(2.50026 -0.0135243 0)
(2.49896 -0.0175733 0)
(2.50689 -0.0162407 0)
(2.51745 -0.0120815 0)
(2.52933 -0.00888788 0)
(2.54465 -0.0104095 0)
(2.5602 -0.0164187 0)
(2.57511 -0.0155297 0)
(2.58597 -0.0136137 0)
(2.58335 -0.0153527 0)
(2.57333 -0.00275625 0)
(2.55226 0.0158956 0)
(2.99993 -0.000103397 0)
(2.99408 -0.0156168 0)
(2.95964 -0.0359554 0)
(2.77101 -0.198408 0)
(2.45579 -0.607023 0)
(2.08883 -0.373204 0)
(1.99207 -0.0587945 0)
(1.98963 -0.053201 0)
(1.841 -0.0634371 0)
(1.84022 -0.0234126 0)
(1.85694 0.0286712 0)
(1.87034 0.0331888 0)
(1.89908 0.0176755 0)
(1.9398 0.00700863 0)
(2.00262 0.0111889 0)
(2.07143 0.0245512 0)
(2.13305 0.0293573 0)
(2.18106 0.0234751 0)
(2.21302 0.0259337 0)
(2.23904 0.0354373 0)
(2.27308 0.0394059 0)
(2.31095 0.0394127 0)
(2.34417 0.0406983 0)
(2.38075 0.0451091 0)
(2.43137 0.0442985 0)
(2.47789 0.0380287 0)
(2.51229 0.0319666 0)
(2.5344 0.0376327 0)
(2.55069 0.0468097 0)
(2.56351 0.0425751 0)
(2.58596 0.0376322 0)
(2.60733 0.0311484 0)
(2.62429 0.0306149 0)
(2.6426 0.0379247 0)
(2.67684 0.0429896 0)
(2.70859 0.0378724 0)
(2.7336 0.0335167 0)
(2.74745 0.0405132 0)
(2.74357 0.0464457 0)
(2.75612 0.037362 0)
(2.77852 0.0315829 0)
(2.79641 0.0259957 0)
(2.81268 0.0296775 0)
(2.82605 0.0482231 0)
(2.83662 0.0355799 0)
(2.85222 0.0110166 0)
(2.85091 0.00196531 0)
(2.8227 -0.0209376 0)
(2.71282 -0.115981 0)
(2.52859 -0.331978 0)
(2.34326 -0.320346 0)
(2.2179 -0.09312 0)
(2.22961 -0.0284861 0)
(2.17869 -0.0615494 0)
(2.15133 -0.0548548 0)
(2.15336 -0.00329297 0)
(2.16269 0.0409771 0)
(2.19308 0.0368412 0)
(2.21507 0.0108137 0)
(2.22397 -0.0058663 0)
(2.2403 0.00292453 0)
(2.2519 0.0208675 0)
(2.25995 0.025402 0)
(2.27418 0.0161268 0)
(2.28871 0.0103309 0)
(2.30267 0.0137812 0)
(2.31593 0.0195836 0)
(2.32987 0.0195316 0)
(2.34113 0.0130753 0)
(2.34829 0.00835717 0)
(2.35674 0.0109319 0)
(2.37058 0.016325 0)
(2.39096 0.0177673 0)
(2.40808 0.0170176 0)
(2.42385 0.0134805 0)
(2.43628 0.0102683 0)
(2.44099 0.00930031 0)
(2.44234 0.0118145 0)
(2.44629 0.0159813 0)
(2.457 0.0147567 0)
(2.47092 0.0135411 0)
(2.48234 0.0134602 0)
(2.49033 0.0138406 0)
(2.49598 0.0125036 0)
(2.50151 0.00846828 0)
(2.50789 0.00785682 0)
(2.51663 0.0116135 0)
(2.52733 0.0156183 0)
(2.53942 0.018817 0)
(2.55472 0.0176739 0)
(2.57094 0.0138717 0)
(2.58321 0.0131704 0)
(2.58912 0.0178142 0)
(2.58422 0.0149131 0)
(2.57253 0.00309464 0)
(2.55634 -0.0112027 0)
(2.99295 -0.0147226 0)
(2.88901 -0.179544 0)
(2.74168 -0.42973 0)
(2.57689 -0.666765 0)
(2.44881 -0.876058 0)
(2.22093 -0.738376 0)
(2.05499 -0.432921 0)
(2.04765 -0.237356 0)
(1.88284 -0.0301666 0)
(1.81145 0.0536542 0)
(1.8118 0.0527289 0)
(1.84451 0.0410529 0)
(1.8857 0.0380269 0)
(1.95002 0.0571754 0)
(2.00787 0.084469 0)
(2.05852 0.0999789 0)
(2.10954 0.101138 0)
(2.15903 0.0993127 0)
(2.20706 0.103484 0)
(2.25292 0.112901 0)
(2.29105 0.12411 0)
(2.3252 0.127692 0)
(2.36275 0.130168 0)
(2.40125 0.135999 0)
(2.4326 0.130056 0)
(2.46015 0.117186 0)
(2.48234 0.10923 0)
(2.50406 0.114614 0)
(2.52979 0.1212 0)
(2.55929 0.123068 0)
(2.58553 0.125601 0)
(2.6134 0.124178 0)
(2.63936 0.119322 0)
(2.66556 0.123517 0)
(2.68328 0.124817 0)
(2.69212 0.116457 0)
(2.70151 0.114077 0)
(2.71367 0.117304 0)
(2.73321 0.126061 0)
(2.75401 0.122458 0)
(2.77623 0.114254 0)
(2.80362 0.108065 0)
(2.8233 0.112587 0)
(2.81751 0.113639 0)
(2.81895 0.0846668 0)
(2.81689 0.0494426 0)
(2.77036 -0.0577999 0)
(2.67946 -0.248494 0)
(2.59754 -0.407592 0)
(2.49719 -0.580335 0)
(2.37282 -0.534416 0)
(2.24172 -0.357528 0)
(2.2463 -0.20828 0)
(2.23665 -0.0915672 0)
(2.144 0.0109294 0)
(2.126 0.0810224 0)
(2.13803 0.0791438 0)
(2.17525 0.0579593 0)
(2.2027 0.0330503 0)
(2.2197 0.0270359 0)
(2.23906 0.0417482 0)
(2.25078 0.0563612 0)
(2.26235 0.0513489 0)
(2.27407 0.0415336 0)
(2.28509 0.0400985 0)
(2.29387 0.0425239 0)
(2.30323 0.0459012 0)
(2.31714 0.0455916 0)
(2.33755 0.0388748 0)
(2.35444 0.0324895 0)
(2.36993 0.0316033 0)
(2.38596 0.0396727 0)
(2.3963 0.0499341 0)
(2.40484 0.0514304 0)
(2.41435 0.045725 0)
(2.42035 0.0386202 0)
(2.42462 0.0370128 0)
(2.43384 0.0400693 0)
(2.44809 0.0399552 0)
(2.46232 0.0391356 0)
(2.47433 0.041159 0)
(2.48363 0.0455373 0)
(2.48968 0.0461059 0)
(2.49176 0.0399318 0)
(2.49359 0.0333485 0)
(2.50032 0.0342816 0)
(2.51036 0.0379455 0)
(2.52148 0.0409931 0)
(2.53359 0.041864 0)
(2.5468 0.0419797 0)
(2.55799 0.0436531 0)
(2.56582 0.046839 0)
(2.57541 0.0434622 0)
(2.58014 0.0287589 0)
(2.56396 -0.010868 0)
(2.52323 -0.0858784 0)
(2.90396 -0.182204 0)
(2.58107 -0.612686 0)
(2.45083 -0.737125 0)
(2.37675 -0.807078 0)
(2.35744 -0.850855 0)
(2.3379 -0.861755 0)
(2.29911 -0.815142 0)
(2.2223 -0.656245 0)
(2.08593 -0.374981 0)
(1.9207 -0.125822 0)
(1.85672 -0.0151987 0)
(1.86483 0.0374296 0)
(1.90272 0.083984 0)
(1.9494 0.105124 0)
(1.99094 0.129023 0)
(2.03232 0.148548 0)
(2.08208 0.158703 0)
(2.13604 0.167097 0)
(2.18731 0.174756 0)
(2.23067 0.185681 0)
(2.26637 0.197674 0)
(2.301 0.202875 0)
(2.33937 0.201952 0)
(2.37748 0.199961 0)
(2.41067 0.197567 0)
(2.44055 0.194798 0)
(2.4768 0.195439 0)
(2.51632 0.199928 0)
(2.552 0.198733 0)
(2.58221 0.200391 0)
(2.6046 0.211915 0)
(2.61213 0.220361 0)
(2.622 0.213798 0)
(2.64006 0.20295 0)
(2.65715 0.198632 0)
(2.66521 0.201412 0)
(2.67897 0.19466 0)
(2.71459 0.185468 0)
(2.74689 0.183276 0)
(2.78022 0.184407 0)
(2.79458 0.188468 0)
(2.78788 0.170339 0)
(2.77685 0.181739 0)
(2.79253 0.146355 0)
(2.77398 0.0830354 0)
(2.70809 -0.0587147 0)
(2.5484 -0.339664 0)
(2.50083 -0.449142 0)
(2.41929 -0.526953 0)
(2.40087 -0.563059 0)
(2.39367 -0.553912 0)
(2.3852 -0.528171 0)
(2.36575 -0.449172 0)
(2.32677 -0.324043 0)
(2.2338 -0.159408 0)
(2.17661 -0.0245897 0)
(2.16866 0.017927 0)
(2.18436 0.0466083 0)
(2.19502 0.0592007 0)
(2.20492 0.0719911 0)
(2.21222 0.0797299 0)
(2.22699 0.0773222 0)
(2.24352 0.0673286 0)
(2.25675 0.0614653 0)
(2.26739 0.0666693 0)
(2.27536 0.071164 0)
(2.28681 0.0678165 0)
(2.30256 0.0629532 0)
(2.32136 0.0581837 0)
(2.33967 0.0557944 0)
(2.35643 0.0601813 0)
(2.37161 0.0702066 0)
(2.38398 0.0784704 0)
(2.39078 0.0776524 0)
(2.39342 0.0673331 0)
(2.39768 0.0617563 0)
(2.40848 0.0619185 0)
(2.42368 0.0625108 0)
(2.44008 0.0619867 0)
(2.45471 0.0615969 0)
(2.46692 0.0653624 0)
(2.4744 0.0725243 0)
(2.47559 0.0726157 0)
(2.47656 0.0641217 0)
(2.48302 0.0594567 0)
(2.49444 0.0614404 0)
(2.50756 0.0664693 0)
(2.52033 0.0699474 0)
(2.53334 0.0712275 0)
(2.5451 0.0736405 0)
(2.55136 0.0732121 0)
(2.55368 0.070002 0)
(2.54951 0.0496395 0)
(2.53849 0.00458642 0)
(2.51036 -0.0609965 0)
(2.44968 -0.180299 0)
(2.62968 -0.561609 0)
(2.41028 -0.825456 0)
(2.33461 -0.834584 0)
(2.32587 -0.830716 0)
(2.32974 -0.831074 0)
(2.33751 -0.835396 0)
(2.3373 -0.840898 0)
(2.33543 -0.833115 0)
(2.30857 -0.761109 0)
(2.16104 -0.496684 0)
(1.98002 -0.14145 0)
(1.89938 0.0911625 0)
(1.92259 0.177539 0)
(1.95074 0.185211 0)
(1.98944 0.191071 0)
(2.03452 0.206394 0)
(2.08669 0.227593 0)
(2.13909 0.243538 0)
(2.18467 0.253709 0)
(2.22145 0.265162 0)
(2.25647 0.273291 0)
(2.2946 0.273841 0)
(2.33304 0.271654 0)
(2.36856 0.273466 0)
(2.40233 0.278979 0)
(2.43632 0.280684 0)
(2.46762 0.281183 0)
(2.49492 0.28418 0)
(2.52386 0.282482 0)
(2.55346 0.284247 0)
(2.57684 0.292929 0)
(2.59181 0.288076 0)
(2.59669 0.274739 0)
(2.61085 0.271086 0)
(2.64388 0.273447 0)
(2.676 0.272552 0)
(2.7046 0.270949 0)
(2.72537 0.266191 0)
(2.74141 0.252186 0)
(2.75173 0.247979 0)
(2.75033 0.249548 0)
(2.7608 0.233685 0)
(2.75587 0.194114 0)
(2.71358 0.0882722 0)
(2.6174 -0.123379 0)
(2.48693 -0.347068 0)
(2.4171 -0.48202 0)
(2.36478 -0.508245 0)
(2.37091 -0.503435 0)
(2.38143 -0.501206 0)
(2.4012 -0.499057 0)
(2.40659 -0.499744 0)
(2.40578 -0.48915 0)
(2.39661 -0.452794 0)
(2.36265 -0.37652 0)
(2.28126 -0.205549 0)
(2.21902 -0.0499635 0)
(2.19665 0.0611338 0)
(2.18284 0.130536 0)
(2.18011 0.129984 0)
(2.18693 0.113399 0)
(2.20463 0.0916603 0)
(2.22474 0.0794664 0)
(2.24368 0.0827026 0)
(2.25308 0.0915481 0)
(2.26005 0.0930032 0)
(2.27977 0.0911612 0)
(2.29959 0.0911799 0)
(2.31811 0.0912935 0)
(2.33474 0.0900502 0)
(2.35107 0.0931045 0)
(2.36532 0.100791 0)
(2.37041 0.101246 0)
(2.36807 0.0906638 0)
(2.37188 0.0851906 0)
(2.38847 0.0877927 0)
(2.40596 0.08944 0)
(2.42451 0.0899377 0)
(2.44251 0.089865 0)
(2.45758 0.0907816 0)
(2.46643 0.0949873 0)
(2.46378 0.0978995 0)
(2.45645 0.0929911 0)
(2.46114 0.0896122 0)
(2.47857 0.0907275 0)
(2.49498 0.091615 0)
(2.51094 0.0926524 0)
(2.52664 0.0941579 0)
(2.54206 0.0936254 0)
(2.54526 0.0940684 0)
(2.54111 0.0887919 0)
(2.52717 0.0557393 0)
(2.50986 0.0104744 0)
(2.45428 -0.0824701 0)
(2.41208 -0.158583 0)
(2.3858 -0.229095 0)
(2.37 -0.811845 0)
(2.33425 -0.885418 0)
(2.3127 -0.870827 0)
(2.30522 -0.843976 0)
(2.31766 -0.823596 0)
(2.32619 -0.821259 0)
(2.3364 -0.827745 0)
(2.34839 -0.825023 0)
(2.36561 -0.819425 0)
(2.36563 -0.758501 0)
(2.30349 -0.557365 0)
(2.15396 -0.206076 0)
(2.05905 0.0436054 0)
(2.02482 0.188538 0)
(2.02851 0.249021 0)
(2.05938 0.285207 0)
(2.10387 0.299619 0)
(2.1461 0.310139 0)
(2.18312 0.325697 0)
(2.21774 0.341446 0)
(2.25377 0.348454 0)
(2.2913 0.347342 0)
(2.32762 0.346808 0)
(2.3622 0.354291 0)
(2.39439 0.366573 0)
(2.42577 0.373844 0)
(2.45913 0.37744 0)
(2.49274 0.382359 0)
(2.5239 0.376798 0)
(2.54809 0.36581 0)
(2.56703 0.36616 0)
(2.58688 0.364969 0)
(2.60601 0.361333 0)
(2.62107 0.355887 0)
(2.63593 0.346077 0)
(2.65618 0.339655 0)
(2.67738 0.331709 0)
(2.69418 0.323057 0)
(2.71696 0.316204 0)
(2.7244 0.321119 0)
(2.73911 0.289506 0)
(2.72186 0.218854 0)
(2.65223 0.08017 0)
(2.47946 -0.215511 0)
(2.41585 -0.354949 0)
(2.35326 -0.444648 0)
(2.34198 -0.464193 0)
(2.34854 -0.463349 0)
(2.36302 -0.456023 0)
(2.37203 -0.456844 0)
(2.3834 -0.451405 0)
(2.39616 -0.454239 0)
(2.40165 -0.454228 0)
(2.40578 -0.445514 0)
(2.42108 -0.430456 0)
(2.41711 -0.38835 0)
(2.36837 -0.278654 0)
(2.30541 -0.13301 0)
(2.23267 0.0388439 0)
(2.20516 0.0946547 0)
(2.19879 0.0964767 0)
(2.20169 0.0984587 0)
(2.21854 0.108217 0)
(2.23241 0.11663 0)
(2.23796 0.121064 0)
(2.25254 0.112895 0)
(2.26976 0.110629 0)
(2.28864 0.114694 0)
(2.30466 0.120816 0)
(2.31851 0.121266 0)
(2.33218 0.120311 0)
(2.34422 0.120651 0)
(2.35166 0.116776 0)
(2.35358 0.109753 0)
(2.36289 0.108682 0)
(2.37792 0.110675 0)
(2.39383 0.111901 0)
(2.40986 0.112242 0)
(2.42619 0.11252 0)
(2.44172 0.115613 0)
(2.45119 0.122041 0)
(2.44689 0.122291 0)
(2.44109 0.116417 0)
(2.45075 0.113294 0)
(2.46657 0.113201 0)
(2.48295 0.114224 0)
(2.50021 0.114791 0)
(2.51537 0.116923 0)
(2.52381 0.115681 0)
(2.52313 0.106884 0)
(2.50654 0.0672467 0)
(2.47802 0.00193949 0)
(2.41817 -0.0883818 0)
(2.36237 -0.160149 0)
(2.33944 -0.200487 0)
(2.34841 -0.237857 0)
(2.34735 -0.814227 0)
(2.33691 -0.831114 0)
(2.32985 -0.844765 0)
(2.32727 -0.843747 0)
(2.32653 -0.839047 0)
(2.32907 -0.834161 0)
(2.33563 -0.830753 0)
(2.35365 -0.817476 0)
(2.38262 -0.796881 0)
(2.42517 -0.758675 0)
(2.46797 -0.703354 0)
(2.45749 -0.568575 0)
(2.32813 -0.245627 0)
(2.18437 0.0908613 0)
(2.10383 0.317404 0)
(2.08705 0.390945 0)
(2.11935 0.394716 0)
(2.15343 0.390138 0)
(2.18458 0.397623 0)
(2.21877 0.414533 0)
(2.25589 0.427762 0)
(2.29339 0.433248 0)
(2.32854 0.436746 0)
(2.36036 0.445229 0)
(2.38884 0.455229 0)
(2.41675 0.456789 0)
(2.44504 0.45277 0)
(2.47376 0.454164 0)
(2.50519 0.448186 0)
(2.53498 0.442931 0)
(2.55779 0.450038 0)
(2.57509 0.448262 0)
(2.58445 0.433296 0)
(2.59319 0.411521 0)
(2.60885 0.401922 0)
(2.63605 0.398924 0)
(2.66539 0.398897 0)
(2.69442 0.385438 0)
(2.71443 0.382757 0)
(2.70186 0.337249 0)
(2.66081 0.229355 0)
(2.54196 0.011044 0)
(2.38608 -0.242033 0)
(2.33584 -0.358226 0)
(2.30252 -0.412914 0)
(2.30937 -0.41148 0)
(2.33068 -0.412068 0)
(2.34782 -0.409424 0)
(2.35937 -0.405262 0)
(2.37036 -0.411742 0)
(2.38152 -0.412404 0)
(2.3942 -0.416124 0)
(2.40946 -0.413216 0)
(2.423 -0.411365 0)
(2.43385 -0.403798 0)
(2.45148 -0.393999 0)
(2.45269 -0.378402 0)
(2.42378 -0.307856 0)
(2.37245 -0.181949 0)
(2.26631 0.0216828 0)
(2.23577 0.111731 0)
(2.20166 0.153785 0)
(2.20088 0.164722 0)
(2.21064 0.154932 0)
(2.22807 0.147696 0)
(2.25074 0.137702 0)
(2.27214 0.136726 0)
(2.29127 0.14254 0)
(2.30835 0.153013 0)
(2.31992 0.159341 0)
(2.32714 0.154458 0)
(2.33281 0.143599 0)
(2.3379 0.134574 0)
(2.34304 0.131298 0)
(2.35402 0.133 0)
(2.37098 0.136498 0)
(2.38957 0.139754 0)
(2.40744 0.141158 0)
(2.42435 0.141428 0)
(2.4393 0.14247 0)
(2.44354 0.143285 0)
(2.43179 0.14233 0)
(2.42859 0.141539 0)
(2.44135 0.138776 0)
(2.46014 0.1381 0)
(2.47698 0.138523 0)
(2.48838 0.13816 0)
(2.5003 0.133769 0)
(2.50459 0.119395 0)
(2.47934 0.0677215 0)
(2.4388 -0.0196415 0)
(2.38764 -0.0967023 0)
(2.33721 -0.147024 0)
(2.30255 -0.188454 0)
(2.30801 -0.204999 0)
(2.33046 -0.216352 0)
(2.30928 -0.850552 0)
(2.31619 -0.841286 0)
(2.32624 -0.837961 0)
(2.33162 -0.83709 0)
(2.33452 -0.836592 0)
(2.33977 -0.834698 0)
(2.3582 -0.820057 0)
(2.3822 -0.797789 0)
(2.43741 -0.744265 0)
(2.46549 -0.720944 0)
(2.53117 -0.646375 0)
(2.58749 -0.627682 0)
(2.55745 -0.488871 0)
(2.5077 -0.277802 0)
(2.32617 0.103386 0)
(2.23307 0.326698 0)
(2.17477 0.458227 0)
(2.18031 0.476679 0)
(2.20699 0.49364 0)
(2.23953 0.508257 0)
(2.27355 0.520481 0)
(2.30555 0.526102 0)
(2.33534 0.528802 0)
(2.36401 0.536284 0)
(2.39267 0.545696 0)
(2.42313 0.547657 0)
(2.45441 0.543339 0)
(2.48294 0.545344 0)
(2.50962 0.535361 0)
(2.52617 0.521555 0)
(2.53301 0.514719 0)
(2.54078 0.507504 0)
(2.56198 0.488237 0)
(2.58897 0.469076 0)
(2.61606 0.45498 0)
(2.64372 0.458152 0)
(2.66151 0.451361 0)
(2.67225 0.429693 0)
(2.65552 0.367903 0)
(2.57894 0.21071 0)
(2.3977 -0.0850184 0)
(2.31219 -0.253845 0)
(2.2624 -0.366233 0)
(2.25548 -0.388203 0)
(2.27307 -0.38442 0)
(2.29364 -0.382367 0)
(2.31274 -0.378208 0)
(2.33332 -0.368043 0)
(2.35164 -0.361834 0)
(2.37032 -0.369542 0)
(2.38717 -0.375587 0)
(2.39882 -0.377045 0)
(2.40155 -0.370461 0)
(2.40708 -0.369385 0)
(2.42362 -0.365409 0)
(2.44155 -0.368026 0)
(2.46093 -0.363841 0)
(2.47919 -0.352534 0)
(2.47515 -0.313393 0)
(2.42855 -0.208687 0)
(2.37406 -0.0807152 0)
(2.269 0.0622572 0)
(2.2173 0.138092 0)
(2.21645 0.148518 0)
(2.2381 0.162102 0)
(2.25683 0.168591 0)
(2.27625 0.173736 0)
(2.29006 0.17307 0)
(2.3023 0.173318 0)
(2.31097 0.174706 0)
(2.3174 0.170295 0)
(2.32466 0.162002 0)
(2.33244 0.158202 0)
(2.34121 0.15983 0)
(2.35441 0.161883 0)
(2.37102 0.164695 0)
(2.38868 0.167795 0)
(2.4056 0.169043 0)
(2.421 0.167473 0)
(2.43362 0.164515 0)
(2.43566 0.165081 0)
(2.42261 0.167819 0)
(2.42046 0.165983 0)
(2.43635 0.163065 0)
(2.45177 0.162583 0)
(2.46251 0.159214 0)
(2.47375 0.149858 0)
(2.47152 0.120479 0)
(2.4511 0.0552263 0)
(2.39757 -0.0516609 0)
(2.36268 -0.133529 0)
(2.31337 -0.160252 0)
(2.28635 -0.174605 0)
(2.28563 -0.18489 0)
(2.30256 -0.189172 0)
(2.32339 -0.188899 0)
(2.32311 -0.836671 0)
(2.32636 -0.834427 0)
(2.3327 -0.833894 0)
(2.3378 -0.834453 0)
(2.34548 -0.834788 0)
(2.36135 -0.827054 0)
(2.39306 -0.797227 0)
(2.42932 -0.764288 0)
(2.46454 -0.723544 0)
(2.54717 -0.641042 0)
(2.58932 -0.578553 0)
(2.63808 -0.52797 0)
(2.64853 -0.51747 0)
(2.6763 -0.423362 0)
(2.65768 -0.25344 0)
(2.49363 0.112104 0)
(2.33886 0.404904 0)
(2.22312 0.593749 0)
(2.21322 0.626178 0)
(2.24372 0.625521 0)
(2.27963 0.618216 0)
(2.31148 0.611301 0)
(2.33998 0.610573 0)
(2.36749 0.619909 0)
(2.39468 0.630073 0)
(2.42268 0.627622 0)
(2.45092 0.614037 0)
(2.47347 0.605368 0)
(2.49363 0.588379 0)
(2.50673 0.576672 0)
(2.52291 0.575144 0)
(2.54217 0.568642 0)
(2.5698 0.540989 0)
(2.58774 0.524489 0)
(2.60141 0.507119 0)
(2.62591 0.508165 0)
(2.62517 0.484402 0)
(2.57333 0.365725 0)
(2.46002 0.128652 0)
(2.31066 -0.142465 0)
(2.23367 -0.274617 0)
(2.21882 -0.326762 0)
(2.22959 -0.32535 0)
(2.25877 -0.329427 0)
(2.28865 -0.327693 0)
(2.30862 -0.329486 0)
(2.32289 -0.332543 0)
(2.34039 -0.331362 0)
(2.35975 -0.32478 0)
(2.37643 -0.322105 0)
(2.38771 -0.326064 0)
(2.39328 -0.332793 0)
(2.40007 -0.334292 0)
(2.41405 -0.333405 0)
(2.43154 -0.330268 0)
(2.4495 -0.33148 0)
(2.46844 -0.329736 0)
(2.49126 -0.325682 0)
(2.51143 -0.322091 0)
(2.50437 -0.297596 0)
(2.48147 -0.224108 0)
(2.41896 -0.118603 0)
(2.30916 0.035513 0)
(2.25581 0.139775 0)
(2.25757 0.188804 0)
(2.26206 0.213507 0)
(2.27047 0.211948 0)
(2.28673 0.203586 0)
(2.30211 0.195274 0)
(2.31134 0.196008 0)
(2.31773 0.192446 0)
(2.32407 0.185251 0)
(2.33285 0.186554 0)
(2.34439 0.192346 0)
(2.35835 0.192866 0)
(2.37374 0.193276 0)
(2.39058 0.194968 0)
(2.40711 0.195182 0)
(2.42295 0.191836 0)
(2.43534 0.187881 0)
(2.43559 0.188985 0)
(2.4181 0.191626 0)
(2.42646 0.190798 0)
(2.43598 0.189845 0)
(2.44374 0.184 0)
(2.44789 0.164913 0)
(2.43257 0.116003 0)
(2.39655 0.0212883 0)
(2.37931 -0.0604029 0)
(2.3449 -0.137308 0)
(2.31419 -0.167875 0)
(2.29497 -0.169154 0)
(2.2855 -0.167225 0)
(2.29135 -0.165646 0)
(2.3066 -0.162638 0)
(2.32724 -0.161709 0)
(2.33387 -0.836642 0)
(2.33314 -0.837821 0)
(2.33771 -0.839768 0)
(2.34468 -0.840019 0)
(2.35692 -0.835201 0)
(2.38981 -0.809313 0)
(2.42616 -0.777433 0)
(2.48303 -0.720868 0)
(2.56093 -0.62822 0)
(2.60625 -0.568727 0)
(2.62532 -0.558345 0)
(2.67197 -0.480267 0)
(2.752 -0.376425 0)
(2.78554 -0.336831 0)
(2.82261 -0.258545 0)
(2.78428 -0.163186 0)
(2.64201 0.107643 0)
(2.4188 0.476963 0)
(2.28915 0.662391 0)
(2.2613 0.730647 0)
(2.28839 0.729162 0)
(2.32716 0.717346 0)
(2.35841 0.707017 0)
(2.38047 0.704552 0)
(2.39871 0.709348 0)
(2.42206 0.696542 0)
(2.4453 0.674583 0)
(2.46525 0.658882 0)
(2.4856 0.645272 0)
(2.50133 0.629905 0)
(2.50911 0.631324 0)
(2.52256 0.621201 0)
(2.54737 0.596468 0)
(2.56147 0.582065 0)
(2.58505 0.553503 0)
(2.57331 0.488505 0)
(2.49619 0.311909 0)
(2.30865 -0.000109546 0)
(2.2349 -0.175351 0)
(2.18277 -0.291974 0)
(2.18 -0.304384 0)
(2.20007 -0.298276 0)
(2.22451 -0.295394 0)
(2.25095 -0.28979 0)
(2.27721 -0.280123 0)
(2.30091 -0.282141 0)
(2.3221 -0.288912 0)
(2.34211 -0.288264 0)
(2.36083 -0.28198 0)
(2.37695 -0.28007 0)
(2.38843 -0.28708 0)
(2.39691 -0.296873 0)
(2.40718 -0.302681 0)
(2.42377 -0.299855 0)
(2.44244 -0.296306 0)
(2.46112 -0.292482 0)
(2.47989 -0.293944 0)
(2.50012 -0.290996 0)
(2.5194 -0.287565 0)
(2.526 -0.286958 0)
(2.52482 -0.268897 0)
(2.50941 -0.223259 0)
(2.47177 -0.160539 0)
(2.37637 -0.0047822 0)
(2.33023 0.10861 0)
(2.31373 0.195329 0)
(2.2993 0.222587 0)
(2.30091 0.214202 0)
(2.30836 0.209127 0)
(2.32241 0.216624 0)
(2.32596 0.218614 0)
(2.32832 0.216199 0)
(2.33736 0.219262 0)
(2.35045 0.222898 0)
(2.36726 0.222514 0)
(2.38398 0.221393 0)
(2.40099 0.222339 0)
(2.4169 0.222378 0)
(2.43036 0.217576 0)
(2.43866 0.212111 0)
(2.43477 0.212344 0)
(2.42348 0.214697 0)
(2.43036 0.210606 0)
(2.43288 0.205891 0)
(2.4253 0.177371 0)
(2.39653 0.117704 0)
(2.34687 0.015716 0)
(2.3352 -0.0726275 0)
(2.31408 -0.148701 0)
(2.30126 -0.173521 0)
(2.2941 -0.177723 0)
(2.2951 -0.173876 0)
(2.30172 -0.162387 0)
(2.30648 -0.149965 0)
(2.31199 -0.137203 0)
(2.33079 -0.136844 0)
(2.33915 -0.843561 0)
(2.34137 -0.847722 0)
(2.35184 -0.845038 0)
(2.35798 -0.839811 0)
(2.38675 -0.816991 0)
(2.42637 -0.780188 0)
(2.50251 -0.706886 0)
(2.57101 -0.615628 0)
(2.60387 -0.58216 0)
(2.6408 -0.542377 0)
(2.7403 -0.428531 0)
(2.78385 -0.316721 0)
(2.79793 -0.276531 0)
(2.81842 -0.29603 0)
(2.85775 -0.240974 0)
(2.87535 -0.160339 0)
(2.86392 -0.0598546 0)
(2.78034 0.157513 0)
(2.49892 0.563746 0)
(2.38048 0.75572 0)
(2.28059 0.82134 0)
(2.30278 0.815592 0)
(2.34215 0.798119 0)
(2.37088 0.777212 0)
(2.38428 0.770368 0)
(2.40916 0.745573 0)
(2.42542 0.724091 0)
(2.44046 0.706913 0)
(2.45899 0.693873 0)
(2.48044 0.677482 0)
(2.48695 0.68155 0)
(2.5123 0.660741 0)
(2.5379 0.640044 0)
(2.53883 0.588401 0)
(2.49975 0.469134 0)
(2.35236 0.188971 0)
(2.25897 -0.041038 0)
(2.16036 -0.197064 0)
(2.14537 -0.25174 0)
(2.16754 -0.25139 0)
(2.19604 -0.251084 0)
(2.22338 -0.242935 0)
(2.24523 -0.24855 0)
(2.26634 -0.246987 0)
(2.28789 -0.240816 0)
(2.30877 -0.241576 0)
(2.32868 -0.247 0)
(2.35022 -0.249084 0)
(2.37184 -0.247343 0)
(2.38671 -0.2459 0)
(2.39353 -0.251023 0)
(2.401 -0.259937 0)
(2.41425 -0.265292 0)
(2.43408 -0.261043 0)
(2.45376 -0.25411 0)
(2.4708 -0.246748 0)
(2.48822 -0.247585 0)
(2.50806 -0.250829 0)
(2.52832 -0.250947 0)
(2.54179 -0.253792 0)
(2.53634 -0.251049 0)
(2.5343 -0.240501 0)
(2.53326 -0.21841 0)
(2.51273 -0.168897 0)
(2.46688 -0.0655895 0)
(2.38101 0.120023 0)
(2.36802 0.211258 0)
(2.32418 0.250479 0)
(2.31969 0.2513 0)
(2.31657 0.250757 0)
(2.3202 0.25138 0)
(2.33279 0.243721 0)
(2.34869 0.243378 0)
(2.36505 0.250018 0)
(2.37703 0.253282 0)
(2.38775 0.251372 0)
(2.3995 0.251342 0)
(2.41419 0.24767 0)
(2.42925 0.241547 0)
(2.43847 0.237345 0)
(2.4373 0.237073 0)
(2.43036 0.223004 0)
(2.4239 0.209368 0)
(2.40296 0.174086 0)
(2.36687 0.111399 0)
(2.29983 0.00939287 0)
(2.28749 -0.05755 0)
(2.29007 -0.118654 0)
(2.2928 -0.139492 0)
(2.29791 -0.143651 0)
(2.30785 -0.140907 0)
(2.31622 -0.14181 0)
(2.3222 -0.141485 0)
(2.32473 -0.13246 0)
(2.32196 -0.114432 0)
(2.33649 -0.112888 0)
(2.34585 -0.848383 0)
(2.35391 -0.844746 0)
(2.36008 -0.838497 0)
(2.38512 -0.817457 0)
(2.4364 -0.771066 0)
(2.51227 -0.68922 0)
(2.55993 -0.63437 0)
(2.60488 -0.568086 0)
(2.68865 -0.467102 0)
(2.7549 -0.391499 0)
(2.80258 -0.297072 0)
(2.81768 -0.238167 0)
(2.81875 -0.231533 0)
(2.87579 -0.167841 0)
(2.91874 -0.0685224 0)
(2.92352 -0.0284196 0)
(2.93709 -0.0138557 0)
(2.91433 0.0610821 0)
(2.83627 0.221816 0)
(2.58006 0.602222 0)
(2.4454 0.792588 0)
(2.29918 0.855964 0)
(2.30865 0.852129 0)
(2.33816 0.836776 0)
(2.36075 0.827075 0)
(2.38242 0.802965 0)
(2.41052 0.768372 0)
(2.42736 0.746238 0)
(2.44793 0.72352 0)
(2.46758 0.708355 0)
(2.4785 0.704801 0)
(2.50016 0.672125 0)
(2.48839 0.593484 0)
(2.41765 0.407982 0)
(2.22083 0.0669018 0)
(2.14072 -0.100226 0)
(2.13002 -0.192747 0)
(2.12919 -0.217381 0)
(2.14666 -0.228687 0)
(2.17688 -0.215522 0)
(2.20398 -0.197282 0)
(2.22981 -0.193022 0)
(2.25661 -0.206393 0)
(2.27933 -0.214879 0)
(2.30024 -0.207087 0)
(2.3188 -0.198234 0)
(2.33905 -0.2034 0)
(2.36027 -0.211657 0)
(2.38119 -0.214526 0)
(2.39065 -0.213806 0)
(2.39267 -0.214775 0)
(2.40438 -0.221386 0)
(2.42363 -0.225831 0)
(2.44701 -0.22163 0)
(2.46847 -0.21349 0)
(2.48578 -0.205308 0)
(2.50168 -0.204834 0)
(2.51754 -0.208575 0)
(2.53307 -0.210093 0)
(2.54449 -0.219924 0)
(2.54567 -0.214703 0)
(2.54341 -0.214536 0)
(2.54723 -0.212005 0)
(2.55716 -0.193223 0)
(2.55433 -0.162404 0)
(2.51621 -0.0753907 0)
(2.4638 0.0651915 0)
(2.42089 0.166472 0)
(2.3531 0.238439 0)
(2.32643 0.267663 0)
(2.32805 0.267807 0)
(2.34264 0.270468 0)
(2.36261 0.271938 0)
(2.38103 0.279023 0)
(2.39303 0.284803 0)
(2.39797 0.286077 0)
(2.40125 0.288591 0)
(2.41704 0.281525 0)
(2.43357 0.269193 0)
(2.44011 0.261061 0)
(2.43427 0.23977 0)
(2.41965 0.194434 0)
(2.38909 0.136134 0)
(2.33282 0.0440832 0)
(2.27878 -0.0275641 0)
(2.25599 -0.0668131 0)
(2.25528 -0.105652 0)
(2.27601 -0.125408 0)
(2.28528 -0.126933 0)
(2.30143 -0.118476 0)
(2.31734 -0.113291 0)
(2.33371 -0.116733 0)
(2.34132 -0.124075 0)
(2.34301 -0.119792 0)
(2.34134 -0.100942 0)
(2.34936 -0.0938735 0)
(2.35438 -0.844248 0)
(2.35947 -0.839789 0)
(2.38304 -0.819788 0)
(2.43078 -0.775555 0)
(2.51244 -0.68574 0)
(2.57185 -0.628702 0)
(2.61491 -0.553901 0)
(2.7125 -0.39881 0)
(2.76448 -0.334206 0)
(2.79856 -0.333825 0)
(2.83399 -0.213735 0)
(2.84827 -0.112258 0)
(2.85333 -0.122534 0)
(2.87823 -0.0906637 0)
(2.89502 -0.0192995 0)
(2.90163 0.00371187 0)
(2.92308 -0.0166958 0)
(2.9221 0.0136479 0)
(2.90867 0.047963 0)
(2.84944 0.172235 0)
(2.63981 0.541122 0)
(2.4639 0.752947 0)
(2.32916 0.842047 0)
(2.33184 0.847905 0)
(2.34783 0.842612 0)
(2.36811 0.820564 0)
(2.40132 0.776896 0)
(2.41333 0.748834 0)
(2.43799 0.718258 0)
(2.45683 0.709059 0)
(2.45624 0.669233 0)
(2.42365 0.55697 0)
(2.28073 0.260355 0)
(2.1828 0.0259776 0)
(2.10113 -0.10827 0)
(2.09477 -0.146407 0)
(2.11326 -0.157097 0)
(2.14728 -0.169778 0)
(2.16954 -0.180544 0)
(2.19365 -0.170517 0)
(2.21487 -0.153323 0)
(2.23879 -0.154916 0)
(2.26289 -0.167189 0)
(2.28286 -0.172765 0)
(2.30635 -0.166 0)
(2.33071 -0.15975 0)
(2.35315 -0.1626 0)
(2.36676 -0.172456 0)
(2.37256 -0.181478 0)
(2.38254 -0.182927 0)
(2.39494 -0.182771 0)
(2.4058 -0.180093 0)
(2.41802 -0.176873 0)
(2.43583 -0.169716 0)
(2.45638 -0.160721 0)
(2.47516 -0.156862 0)
(2.49154 -0.162975 0)
(2.50364 -0.175093 0)
(2.51525 -0.177438 0)
(2.52887 -0.181115 0)
(2.54604 -0.185356 0)
(2.56014 -0.187683 0)
(2.56389 -0.185442 0)
(2.56576 -0.171631 0)
(2.58141 -0.157848 0)
(2.58285 -0.142852 0)
(2.5591 -0.0732447 0)
(2.52211 0.0229097 0)
(2.4312 0.156625 0)
(2.36683 0.248697 0)
(2.34537 0.281806 0)
(2.35394 0.305541 0)
(2.36512 0.309173 0)
(2.37918 0.315894 0)
(2.39245 0.318299 0)
(2.39837 0.322551 0)
(2.39798 0.313767 0)
(2.4107 0.299012 0)
(2.41691 0.287139 0)
(2.41917 0.263266 0)
(2.39577 0.193572 0)
(2.36235 0.084881 0)
(2.31847 -0.0119971 0)
(2.29507 -0.0501446 0)
(2.2618 -0.061585 0)
(2.26019 -0.0675119 0)
(2.26652 -0.086264 0)
(2.27904 -0.0947994 0)
(2.28819 -0.0953183 0)
(2.30144 -0.0911894 0)
(2.31485 -0.0918978 0)
(2.32852 -0.0960848 0)
(2.33955 -0.100567 0)
(2.34967 -0.101403 0)
(2.35708 -0.0949211 0)
(2.36503 -0.0848848 0)
(2.35604 -0.843778 0)
(2.37673 -0.826357 0)
(2.4278 -0.780822 0)
(2.51436 -0.684299 0)
(2.58346 -0.609918 0)
(2.65362 -0.526722 0)
(2.74638 -0.334258 0)
(2.77104 -0.25928 0)
(2.80155 -0.257838 0)
(2.88578 -0.124744 0)
(2.87136 0.01834 0)
(2.85912 0.0169731 0)
(2.88699 0.031963 0)
(2.91163 0.0581273 0)
(2.90464 0.112063 0)
(2.90498 0.124014 0)
(2.92403 0.0908368 0)
(2.92005 0.0543388 0)
(2.91608 0.0508002 0)
(2.91004 0.0576531 0)
(2.86661 0.131682 0)
(2.6671 0.453389 0)
(2.46103 0.67265 0)
(2.35616 0.804632 0)
(2.33247 0.82749 0)
(2.33891 0.820163 0)
(2.36438 0.791544 0)
(2.3871 0.757783 0)
(2.41477 0.717684 0)
(2.41978 0.659175 0)
(2.37186 0.491054 0)
(2.19633 0.16696 0)
(2.08892 -0.044354 0)
(2.05532 -0.140439 0)
(2.0634 -0.138664 0)
(2.08696 -0.137219 0)
(2.11306 -0.126643 0)
(2.14267 -0.118412 0)
(2.17598 -0.130599 0)
(2.204 -0.135568 0)
(2.22588 -0.124683 0)
(2.24625 -0.120288 0)
(2.26782 -0.125511 0)
(2.28897 -0.126994 0)
(2.30973 -0.122273 0)
(2.32324 -0.123669 0)
(2.33507 -0.13513 0)
(2.3465 -0.147659 0)
(2.35945 -0.150002 0)
(2.37691 -0.145031 0)
(2.39731 -0.14184 0)
(2.417 -0.140728 0)
(2.43445 -0.137417 0)
(2.45031 -0.129437 0)
(2.46668 -0.121638 0)
(2.48516 -0.120499 0)
(2.50163 -0.125103 0)
(2.50977 -0.135393 0)
(2.51211 -0.141364 0)
(2.51751 -0.144023 0)
(2.52979 -0.14229 0)
(2.54996 -0.140969 0)
(2.57125 -0.147894 0)
(2.58565 -0.147536 0)
(2.59716 -0.128092 0)
(2.59631 -0.120973 0)
(2.59019 -0.0978612 0)
(2.57825 -0.0706213 0)
(2.53654 -0.00371768 0)
(2.46772 0.112013 0)
(2.40367 0.227399 0)
(2.3901 0.2803 0)
(2.38142 0.331961 0)
(2.38332 0.342227 0)
(2.39657 0.347765 0)
(2.40403 0.351234 0)
(2.4007 0.340488 0)
(2.39619 0.307858 0)
(2.38793 0.276078 0)
(2.35407 0.195549 0)
(2.30009 0.0573071 0)
(2.29891 -0.0296081 0)
(2.26409 -0.098298 0)
(2.25495 -0.0993964 0)
(2.25356 -0.0873351 0)
(2.25936 -0.0772182 0)
(2.26956 -0.074807 0)
(2.27966 -0.0681284 0)
(2.28863 -0.0605555 0)
(2.29973 -0.0600649 0)
(2.31612 -0.0644578 0)
(2.33065 -0.0715727 0)
(2.34384 -0.0788796 0)
(2.35585 -0.0768098 0)
(2.36344 -0.0687907 0)
(2.37239 -0.0641492 0)
(2.36722 -0.835031 0)
(2.42163 -0.790887 0)
(2.52187 -0.685547 0)
(2.6256 -0.545392 0)
(2.67285 -0.495932 0)
(2.72924 -0.363857 0)
(2.78074 -0.185902 0)
(2.81609 -0.166523 0)
(2.82084 -0.173038 0)
(2.84703 -0.048459 0)
(2.84828 0.0183197 0)
(2.87575 0.0338328 0)
(2.9111 0.0302125 0)
(2.91442 0.043561 0)
(2.90968 0.0899935 0)
(2.91004 0.0954154 0)
(2.91322 0.0702601 0)
(2.91212 0.0418221 0)
(2.91036 0.0312344 0)
(2.91517 0.0354311 0)
(2.91923 0.0289475 0)
(2.88615 0.0854539 0)
(2.71806 0.327144 0)
(2.44614 0.650844 0)
(2.35604 0.743237 0)
(2.33976 0.775315 0)
(2.34778 0.77287 0)
(2.35316 0.738773 0)
(2.35427 0.644524 0)
(2.28594 0.404775 0)
(2.16909 0.141952 0)
(2.03595 -0.0388664 0)
(2.01336 -0.0790291 0)
(2.02078 -0.0876867 0)
(2.0654 -0.0878441 0)
(2.0881 -0.0941633 0)
(2.10687 -0.0858899 0)
(2.13178 -0.0814813 0)
(2.15971 -0.085348 0)
(2.18292 -0.0845017 0)
(2.2079 -0.0805568 0)
(2.23333 -0.0831821 0)
(2.25405 -0.0914923 0)
(2.27125 -0.0955962 0)
(2.28614 -0.092732 0)
(2.30082 -0.091707 0)
(2.31787 -0.100004 0)
(2.33342 -0.110389 0)
(2.35109 -0.110977 0)
(2.37343 -0.102666 0)
(2.39513 -0.0939515 0)
(2.4166 -0.089172 0)
(2.43538 -0.0872397 0)
(2.44831 -0.0868898 0)
(2.45555 -0.0855133 0)
(2.46375 -0.0879486 0)
(2.47542 -0.0935411 0)
(2.48662 -0.100159 0)
(2.49816 -0.104777 0)
(2.51229 -0.107823 0)
(2.53039 -0.106283 0)
(2.54825 -0.0999764 0)
(2.56489 -0.0963395 0)
(2.57732 -0.0916515 0)
(2.58554 -0.0826664 0)
(2.58609 -0.0805675 0)
(2.58012 -0.08608 0)
(2.58647 -0.0837268 0)
(2.58782 -0.0712141 0)
(2.57472 -0.0269899 0)
(2.53154 0.0640534 0)
(2.44931 0.214948 0)
(2.43584 0.294878 0)
(2.4097 0.362023 0)
(2.39839 0.376775 0)
(2.39073 0.366003 0)
(2.37079 0.317135 0)
(2.34815 0.256275 0)
(2.31411 0.181986 0)
(2.27622 0.0982628 0)
(2.23325 -0.00794555 0)
(2.22963 -0.0673987 0)
(2.23515 -0.0714681 0)
(2.23866 -0.0658267 0)
(2.2511 -0.0548379 0)
(2.26929 -0.0543754 0)
(2.27723 -0.0545141 0)
(2.27279 -0.0525577 0)
(2.26972 -0.044848 0)
(2.28071 -0.0440242 0)
(2.29941 -0.0464926 0)
(2.31585 -0.0504982 0)
(2.32872 -0.0516548 0)
(2.34139 -0.0472295 0)
(2.35233 -0.0413987 0)
(2.36733 -0.0415413 0)
(2.44824 -0.792719 0)
(2.59574 -0.659558 0)
(2.71593 -0.466994 0)
(2.78788 -0.31963 0)
(2.85243 -0.175054 0)
(2.91881 0.00716984 0)
(2.9387 0.120584 0)
(2.9825 0.158444 0)
(2.96337 0.151525 0)
(2.92312 0.180191 0)
(2.94691 0.165794 0)
(2.98072 0.109188 0)
(2.98752 0.0667403 0)
(2.96955 0.0616198 0)
(2.95392 0.0625764 0)
(2.94358 0.0538795 0)
(2.93321 0.0271833 0)
(2.92371 0.00182753 0)
(2.91662 -0.0129051 0)
(2.9292 -0.0144868 0)
(2.94317 -0.00976538 0)
(2.94055 -0.00347297 0)
(2.91822 0.03254 0)
(2.70536 0.311349 0)
(2.5234 0.561063 0)
(2.37262 0.776032 0)
(2.30087 0.724461 0)
(2.19832 0.504868 0)
(2.07945 0.191526 0)
(1.92407 -0.0428652 0)
(1.87571 -0.125431 0)
(1.90966 -0.109897 0)
(1.96743 -0.0889195 0)
(2.01363 -0.0570473 0)
(2.04466 -0.0393788 0)
(2.0776 -0.0469741 0)
(2.10466 -0.0525777 0)
(2.13052 -0.0490896 0)
(2.15667 -0.0446377 0)
(2.18287 -0.0429952 0)
(2.21079 -0.0453461 0)
(2.23752 -0.0495005 0)
(2.26028 -0.0527161 0)
(2.27511 -0.051189 0)
(2.28553 -0.0481934 0)
(2.29901 -0.0520224 0)
(2.31628 -0.0628957 0)
(2.33372 -0.0706682 0)
(2.35574 -0.0666908 0)
(2.38092 -0.0589627 0)
(2.40716 -0.0541028 0)
(2.43145 -0.0533808 0)
(2.44929 -0.0545632 0)
(2.45783 -0.0525065 0)
(2.45898 -0.043693 0)
(2.46157 -0.0394028 0)
(2.47198 -0.0484637 0)
(2.48486 -0.0615478 0)
(2.49838 -0.0675709 0)
(2.51493 -0.0654117 0)
(2.53378 -0.0601935 0)
(2.55402 -0.0561004 0)
(2.57434 -0.0543587 0)
(2.59012 -0.0523345 0)
(2.59763 -0.0451752 0)
(2.59448 -0.0408653 0)
(2.58923 -0.0515339 0)
(2.58463 -0.0488114 0)
(2.6086 -0.0418006 0)
(2.61147 -0.0341068 0)
(2.60715 -0.00316148 0)
(2.57746 0.0652141 0)
(2.51784 0.189389 0)
(2.47995 0.292903 0)
(2.43923 0.353432 0)
(2.36472 0.305025 0)
(2.29038 0.218424 0)
(2.23253 0.105064 0)
(2.19747 0.0195274 0)
(2.16559 -0.026178 0)
(2.1539 -0.0646432 0)
(2.17728 -0.071652 0)
(2.1978 -0.0626145 0)
(2.22134 -0.0432199 0)
(2.24429 -0.0290567 0)
(2.26577 -0.0315302 0)
(2.27711 -0.0335855 0)
(2.27292 -0.0287687 0)
(2.26509 -0.0217615 0)
(2.27831 -0.023486 0)
(2.29614 -0.0260017 0)
(2.31261 -0.0297812 0)
(2.32726 -0.0293137 0)
(2.342 -0.0260925 0)
(2.35618 -0.0232644 0)
(2.37235 -0.0238985 0)
(2.42642 -0.827644 0)
(2.53612 -0.779068 0)
(2.67002 -0.74954 0)
(2.72464 -0.718069 0)
(2.84595 -0.506177 0)
(2.94636 -0.343198 0)
(2.98685 -0.197591 0)
(2.99465 -0.0830798 0)
(3.00682 -0.0326503 0)
(2.97127 0.0341003 0)
(2.96908 0.0626594 0)
(2.99076 0.0556512 0)
(3.01485 0.0511163 0)
(2.98367 0.0563742 0)
(2.97363 0.0574429 0)
(2.96758 0.0490041 0)
(2.95837 0.0245399 0)
(2.94693 0.019223 0)
(2.93558 0.0168614 0)
(2.94949 0.0150464 0)
(2.95909 0.01077 0)
(2.96075 0.00619212 0)
(2.94872 0.00272125 0)
(2.91078 0.0291097 0)
(2.74505 0.161396 0)
(2.45415 0.392775 0)
(2.23764 0.39168 0)
(2.03277 0.407639 0)
(1.8903 0.248632 0)
(1.81485 0.128188 0)
(1.84708 0.0209287 0)
(1.9286 -0.0263784 0)
(1.98269 -0.0368069 0)
(2.00783 -0.0295405 0)
(2.02656 -0.0209342 0)
(2.05495 -0.0229616 0)
(2.08546 -0.0267363 0)
(2.11331 -0.0261486 0)
(2.14042 -0.0229202 0)
(2.16768 -0.0204013 0)
(2.19537 -0.0207407 0)
(2.22013 -0.0239077 0)
(2.23738 -0.027038 0)
(2.24848 -0.0270957 0)
(2.25986 -0.0251048 0)
(2.27668 -0.0261489 0)
(2.29621 -0.0304285 0)
(2.31617 -0.0326683 0)
(2.34025 -0.0302057 0)
(2.36698 -0.0271598 0)
(2.39449 -0.0256366 0)
(2.41747 -0.0266443 0)
(2.43084 -0.0284402 0)
(2.43499 -0.0278312 0)
(2.43496 -0.0247948 0)
(2.43775 -0.0244901 0)
(2.44887 -0.0294929 0)
(2.46206 -0.0351791 0)
(2.478 -0.034346 0)
(2.49714 -0.0315263 0)
(2.51833 -0.029003 0)
(2.54068 -0.0273548 0)
(2.56111 -0.0261157 0)
(2.57553 -0.0254623 0)
(2.58022 -0.0227989 0)
(2.57532 -0.0238309 0)
(2.56747 -0.0308231 0)
(2.56503 -0.0329293 0)
(2.58896 -0.0337407 0)
(2.60707 -0.033105 0)
(2.61896 -0.0277355 0)
(2.62602 -0.0140074 0)
(2.59314 0.0276075 0)
(2.50225 0.0874427 0)
(2.3976 0.163006 0)
(2.32002 0.167929 0)
(2.24258 0.124329 0)
(2.17771 0.12593 0)
(2.13539 0.0855654 0)
(2.14041 0.0478591 0)
(2.16221 -0.00334104 0)
(2.16817 -0.0271848 0)
(2.18402 -0.0248514 0)
(2.21105 -0.0171519 0)
(2.23914 -0.0119167 0)
(2.26051 -0.0130231 0)
(2.26841 -0.0167707 0)
(2.25878 -0.01756 0)
(2.25182 -0.0152601 0)
(2.26719 -0.0148184 0)
(2.28408 -0.0150675 0)
(2.30112 -0.0153101 0)
(2.31807 -0.0138405 0)
(2.33433 -0.012361 0)
(2.34944 -0.0113229 0)
(2.3634 -0.0122409 0)
)
;

boundaryField
{
    inlet
    {
        type            fixedValue;
        value           uniform (3 0 0);
    }
    outlet
    {
        type            inletOutlet;
        inletValue      uniform (3 0 0);
        value           nonuniform List<vector> 
32
(
(2.33222 0.0142239 0)
(2.34431 0.0237539 0)
(2.34651 0.0437112 0)
(2.35583 0.0644505 0)
(2.3551 0.0890757 0)
(2.36172 0.114118 0)
(2.36684 0.132346 0)
(2.36641 0.150523 0)
(2.3636 0.172733 0)
(2.35302 0.192328 0)
(2.34885 0.202513 0)
(2.35453 0.212095 0)
(2.37782 0.210591 0)
(2.44915 0.156454 0)
(2.52176 0.0794517 0)
(2.55226 0.0158956 0)
(2.55634 -0.0112027 0)
(2.52323 -0.0858784 0)
(2.44968 -0.180299 0)
(2.3858 -0.229095 0)
(2.34841 -0.237857 0)
(2.33046 -0.216352 0)
(2.32339 -0.188899 0)
(2.32724 -0.161709 0)
(2.33079 -0.136844 0)
(2.33649 -0.112888 0)
(2.34936 -0.0938735 0)
(2.36503 -0.0848848 0)
(2.37239 -0.0641492 0)
(2.36733 -0.0415413 0)
(2.37235 -0.0238985 0)
(2.3634 -0.0122409 0)
)
;
    }
    bottom
    {
        type            symmetryPlane;
    }
    top
    {
        type            symmetryPlane;
    }
    obstacle
    {
        type            slip;
    }
    defaultFaces
    {
        type            empty;
    }
}


// ************************************************************************* //
