/*--------------------------------*- C++ -*----------------------------------*\
  =========                 |
  \\      /  F ield         | OpenFOAM: The Open Source CFD Toolbox
   \\    /   O peration     | Website:  https://openfoam.org
    \\  /    A nd           | Version:  7
     \\/     M anipulation  |
\*---------------------------------------------------------------------------*/
FoamFile
{
    version     2.0;
    format      ascii;
    class       volScalarField;
    location    "0.2";
    object      T;
}
// * * * * * * * * * * * * * * * * * * * * * * * * * * * * * * * * * * * * * //

dimensions      [0 0 0 1 0 0 0];

internalField   nonuniform List<scalar> 
4608
(
1
1
1
1
1
1
1
1
1
1
1
1
1
1
1
1
1
1
1
1
1
1
1
1
1
1
1
1
1
1
1
1
1
1
1
1
1
1
1
1
1
1
1
1
1
1
1
1
1
1
1
1
1
1
1
1
1
1
1
1
1
1
1
1
1
1
1
1
1
1
1
1
1
1
1
1
1
1
1
1
1
1
1
1
1
1
1
1
1
1
1
1
1
1
1
1
1
1
1
1
1
1
1
1
1
1
1
1
1
1
1
1
1
1
1
1
1
1
1
1
1
1
1
1
1
1
1
1
1
1
1
1
1
1
1
1
1
1
1
1
1
1
1
1
1
1
1
1
1
1
1
1
1
1
1
1
1
1
1
1
1
1
1
1
1
1
1
1
1
1
1
1
1
1
1
1
1
1
1
1
1
1
1
1
1
1
1
1
1
1
1
1
1
1
1
1
1
1
1
1
1
1
1
1
1
1
1
1
1
1
1
1
1
1
1
1
1
1
1
1
1
1
1
1
1
1
1
1
1
1
1
1
1
1
1
1
1
1
1
1
1
1
1
1
1
1
1
1
1
1
1
1
1
1
1
1
1
1
1
1
1
1
1
1
1
1
1
1
1
1
1
1
1
1
1
1
1
1
1
1
1
1
1
1
1
1
1
1
1
1
1
1
1
1
1
1
1
1
1
1
1
1
1
1
1
1
1
1
1
1
1
1
1
1
1
1
1
1
1
1
1
1
1
1
1
1
1
1
1
1
1
1
1
1
1
1
1
1
1
1
1
1
1
1
1
1
1
1
1
1
1
1
1
1
1
1
1
1
1
1
1
1
1
1
1
1
1
1
1
1
1
1
1
1
1
1
1
1
1
1
1
1
1
1
1
1
1
1
1
1
1
1
1
1
1
1
1
1
1
1
1
1
1
1
1
1
1
1
1
1
1
1
1
1
1
1
1
1
1
1
1
1
1
1
1
1
1
1
1
1
1
1
1
1
1
1
1
1
1
1
1
1
1
1
1
1
1
1
1
1
1
1
1
1
1
1
1
1
1
1
1
1
1
1
1
1
1
1
1
1
1
1
1
1
1
1
1
1
1
1
1
1
1
1
1
1
1
1
1
1
1
1
1
1
1
1
1
1
1
1
1
1
1
1
1
1
1
1
1
1
1
1
1
1
1
1
1
1
1
1
1
1
1
1
1
1
1
1
1
1
1
1
1
1
1
1
1
1
1
1
1
1
1
1
1
1
1
1
1
1
1
1
1
1
1
1
1
1
1
1
1
1
1
1
1
1
1
1
1
1
1
1
1
1
1
1
1
1
1
1
1
1
1
1
1
1
1
1
1
1
1
1
1
1
1
1
1
1
1
1
1
1
1
1
1
1
1
1
1
1
1
1
1
1
1
1
1
1
1
1
1
1
1
1
1
1
1
1
1
1
1
1
1
1
1
1
1
1
1
1
1
1
1
1
1
1
1
1
1
1
1
1
1
1
1
1
1
1
1
1
1
1
1
1
1
1
1
1
1
1
1
1
1
1
1
1
1
1
1
1
1
1
1
1
1
1
1
1
1
1
1
1
1
1
1
1
1
1
1
1
1
1
1
1
1
1
1
1
1
1
1
1
1
1
1
1
1
1
1
1
1
1
1
1
1
1
1
1
1
1
1
1
1
1
1
1
1
1
1
1
1
1
1
1
1
1
1
1
1
1
1
1
1
1
1
1
1
1
1
1
1
1
1
1
1
1
1
1
1.07889
1.18149
1.28586
1.39302
1.48685
1.57088
1.63663
1.68765
1.69859
1.67971
1.63458
1.58063
1.52904
1.50526
1.4913
1.48052
1.47579
1.47232
1.46952
1.46911
1.47015
1.47244
1.47486
1.47929
1.00061
1.00725
1.0287
1.07165
1.14623
1.23211
1.3201
1.40952
1.48472
1.51781
1.55301
1.55183
1.54015
1.52308
1.51422
1.50201
1.49287
1.48624
1.48035
1.47644
1.47472
1.47313
1.47223
1.47501
0.999999
0.999995
1.00004
1.00005
1.00125
1.00817
1.03703
1.11491
1.27629
1.45724
1.57442
1.60023
1.59055
1.57025
1.55076
1.53147
1.51206
1.49869
1.49034
1.48525
1.4829
1.4815
1.48119
1.48441
1
1
1
1
0.999995
1.00001
0.999982
1.00057
1.01388
1.1182
1.31545
1.492
1.55828
1.56092
1.55009
1.53493
1.52723
1.5179
1.5104
1.50622
1.50413
1.50126
1.49733
1.49831
1
1
1
1
1
1
0.999998
0.999998
0.99996
1.00064
1.01752
1.12314
1.29581
1.43937
1.50054
1.53146
1.53768
1.53244
1.52469
1.51948
1.51541
1.51383
1.51163
1.50862
1
1
1
1
1
1
1
1
0.999997
0.999997
0.999962
1.00093
1.01692
1.0928
1.23017
1.34826
1.43455
1.48112
1.4965
1.51053
1.50659
1.50554
1.50695
1.51543
1
1
1
1
1
1
1
1
1
1
0.999996
0.999998
0.999978
1.00064
1.0091
1.04979
1.13948
1.2573
1.34257
1.41734
1.46212
1.4883
1.50758
1.51317
1
1
1
1
1
1
1
1
1
1
1
1
0.999998
0.999998
0.999991
1.0002
1.00295
1.0181
1.06553
1.14283
1.25365
1.33699
1.42865
1.4559
1
1
1
1
1
1
1
1
1
1
1
1
1
1
0.999999
0.999999
1
1.00002
1.00055
1.00393
1.02192
1.06888
1.16471
1.25811
1
1
1
1
1
1
1
1
1
1
1
1
1
1
1
1
1
1
1
0.999996
1.00007
1.00071
1.00781
1.01947
1
1
1
1
1
1
1
1
1
1
1
1
1
1
1
1
1
1
1
0.999999
1
0.999998
1.00004
0.999743
1
1
1
1
1
1
1
1
1
1
1
1
1
1
1
1
1
1
1
1
1
1
1
0.999974
1
1
1
1
1
1
1
1
1
1
1
1
1
1
1
1
1
1
1
1
1
1
1
1
1
1
1
1
1
1
1
1
1
1
1
1
1
1
1
1
1
1
1
1
1
1
1
1
1
1
1
1
1
1
1
1
1
1
1
1
1
1
1
1
1
1
1
1
1
1
1
1
1
1
1
1
1
1
1
1
1
1
1
1
1
1
1
1
1
1
1
1
1
1
1
1
1
1
1
1
1
1
1
1
1
1
1
1
1
1
1
1
1
1
1
1
1
1
1
1
1
1
1
1
1
1
1
1
1
1
1
1
1
1
1
1
1
1
1
1
1
1
1
1
1
1
1
1
1
1
1
1
1
1
1
1
1
1
1
1
1
1
1
1
1
1
1
1
1
1
1
1
1
1
1
1
1
1
1
1
1
1
1
1
1
1
1
1
1
1
1
1
1
1
1
1
1
1
1
1
1
1
1
1
1
1
1
1
1
1
1
1
1
1
1
0.999974
1
1
1
1
1
1
1
1
1
1
1
1
1
1
1
1
1
1
1
0.999999
1
0.999998
1.00004
0.999743
1
1
1
1
1
1
1
1
1
1
1
1
1
1
1
1
1
1
1
0.999996
1.00007
1.00071
1.00781
1.01947
1
1
1
1
1
1
1
1
1
1
1
1
1
1
0.999999
0.999999
1
1.00002
1.00055
1.00393
1.02192
1.06888
1.16471
1.25811
1
1
1
1
1
1
1
1
1
1
1
1
0.999998
0.999998
0.999991
1.0002
1.00295
1.0181
1.06553
1.14283
1.25365
1.33699
1.42865
1.4559
1
1
1
1
1
1
1
1
1
1
0.999996
0.999998
0.999978
1.00064
1.0091
1.04979
1.13948
1.2573
1.34257
1.41734
1.46212
1.4883
1.50758
1.51317
1
1
1
1
1
1
1
1
0.999997
0.999997
0.999962
1.00093
1.01692
1.0928
1.23017
1.34826
1.43455
1.48112
1.4965
1.51053
1.50659
1.50554
1.50695
1.51543
1
1
1
1
1
1
0.999998
0.999998
0.99996
1.00064
1.01752
1.12314
1.29581
1.43937
1.50054
1.53146
1.53768
1.53244
1.52469
1.51948
1.51541
1.51383
1.51163
1.50862
1
1
1
1
0.999995
1.00001
0.999982
1.00057
1.01388
1.1182
1.31545
1.492
1.55828
1.56092
1.55009
1.53493
1.52723
1.5179
1.5104
1.50622
1.50413
1.50126
1.49733
1.49831
0.999999
0.999995
1.00004
1.00005
1.00125
1.00817
1.03703
1.11491
1.27629
1.45724
1.57442
1.60023
1.59055
1.57025
1.55076
1.53147
1.51206
1.49869
1.49034
1.48525
1.4829
1.4815
1.48119
1.48441
1.00061
1.00725
1.0287
1.07165
1.14623
1.23211
1.3201
1.40952
1.48472
1.51781
1.55301
1.55183
1.54015
1.52308
1.51422
1.50201
1.49287
1.48624
1.48035
1.47644
1.47472
1.47313
1.47223
1.47501
1.07889
1.18149
1.28586
1.39302
1.48685
1.57088
1.63663
1.68765
1.69859
1.67971
1.63458
1.58063
1.52904
1.50526
1.4913
1.48052
1.47579
1.47232
1.46952
1.46911
1.47015
1.47244
1.47486
1.47929
1.34587
1.19013
1.0592
0.965314
0.894406
0.886779
0.914579
0.95755
0.970341
0.975605
0.989356
1.0134
1.03668
1.05003
1.051
1.0494
1.04467
1.04073
1.04056
1.0424
1.04964
1.05781
1.06448
1.0764
1.0812
1.07871
1.07006
1.05611
1.04211
1.02872
1.01824
1.01541
1.01577
1.0194
1.02389
1.02534
1.02576
1.02597
1.02574
1.02243
1.01233
1.00219
1.00005
1
1
1
1
1
1
1
1
1
1
1
1
1
1
1
1
1
1
1
1
1
1
1
1
1
1
1
1
1
1
1
1
1
1
1
1
1
1
1
1
1
1
1
1
1
1
1
1
1
1
1
1
1
1.43786
1.3608
1.27333
1.20558
1.13155
1.04465
1.02885
1.03061
1.01504
0.992735
0.993645
1.00433
1.00252
0.991798
0.989444
0.991584
0.994337
0.999472
1.0058
1.01235
1.01961
1.02724
1.03502
1.04871
1.06289
1.06285
1.05677
1.04528
1.03385
1.02462
1.01837
1.01702
1.01758
1.02093
1.0246
1.02569
1.02595
1.02604
1.02578
1.0227
1.0128
1.0024
1.00006
1
1
1
1
1
1
1
1
1
1
1
1
1
1
1
1
1
1
1
1
1
1
1
1
1
1
1
1
1
1
1
1
1
1
1
1
1
1
1
1
1
1
1
1
1
1
1
1
1
1
1
1
1
1.47455
1.44564
1.38879
1.32007
1.26265
1.19494
1.11106
1.07975
1.05149
1.01215
0.995492
0.99518
0.985759
0.964529
0.957269
0.959332
0.968319
0.982951
0.993177
0.997397
1.00014
1.00314
1.00967
1.02304
1.04122
1.04465
1.04146
1.0337
1.0251
1.01814
1.01496
1.01504
1.0178
1.02364
1.0267
1.02738
1.02761
1.02754
1.02588
1.02046
1.00985
1.0014
1.00002
1
1
1
1
1
1
1
1
1
1
1
1
1
1
1
1
1
1
1
1
1
1
1
1
1
1
1
1
1
1
1
1
1
1
1
1
1
1
1
1
1
1
1
1
1
1
1
1
1
1
1
1
1
1.4932
1.48106
1.45472
1.40103
1.34996
1.30801
1.23318
1.16719
1.13968
1.10555
1.06339
1.05194
1.0403
1.00337
0.975299
0.975009
0.975224
0.977375
0.98288
0.985375
0.983342
0.978631
0.980732
0.989707
1.0061
1.02301
1.02642
1.02482
1.02074
1.01464
1.01184
1.01218
1.01722
1.02537
1.02848
1.02931
1.02974
1.02971
1.02737
1.01895
1.0062
1.00042
1
1
1
1
1
1
1
1
1
1
1
1
1
1
1
1
1
1
1
1
1
1
1
1
1
1
1
1
1
1
1
1
1
1
1
1
1
1
1
1
1
1
1
1
1
1
1
1
1
1
1
1
1
1
1.50324
1.4963
1.48281
1.45565
1.41037
1.36825
1.32216
1.25205
1.20731
1.18317
1.14196
1.10345
1.08491
1.05285
1.01501
1.00437
0.99931
0.991817
0.993592
0.996135
0.994028
0.985406
0.984322
0.986569
0.995015
1.01009
1.02138
1.02307
1.02248
1.01923
1.01572
1.01551
1.01952
1.02674
1.02953
1.03041
1.03077
1.03063
1.02714
1.015
1.00256
1.00005
1
1
1
1
1
1
1
1
1
1
1
1
1
1
1
1
1
1
1
1
1
1
1
1
1
1
1
1
1
1
1
1
1
1
1
1
1
1
1
1
1
1
1
1
1
1
1
1
1
1
1
1
1
1
1.51499
1.51303
1.50624
1.49309
1.4683
1.429
1.38836
1.3417
1.28189
1.24647
1.21736
1.17713
1.14594
1.11799
1.07445
1.06209
1.05881
1.04875
1.03617
1.02753
1.01706
1.01009
1.0013
0.995624
0.997168
1.00168
1.00872
1.01445
1.01585
1.01588
1.01685
1.02001
1.02695
1.03285
1.03476
1.03549
1.03564
1.03369
1.02329
1.00679
1.00033
1
1
1
1
1
1
1
1
1
1
1
1
1
1
1
1
1
1
1
1
1
1
1
1
1
1
1
1
1
1
1
1
1
1
1
1
1
1
1
1
1
1
1
1
1
1
1
1
1
1
1
1
1
1
1
1.52491
1.53182
1.5305
1.52597
1.51553
1.49122
1.45117
1.40962
1.3634
1.31654
1.28295
1.2467
1.21106
1.18528
1.1529
1.12401
1.11206
1.10007
1.08167
1.06369
1.04629
1.03166
1.01986
1.00631
0.995508
0.995761
0.999961
1.00694
1.01117
1.0131
1.01559
1.02258
1.03398
1.04074
1.04312
1.04428
1.0428
1.03113
1.01053
1.00071
1
1
1
1
1
1
1
1
1
1
1
1
1
1
1
1
1
1
1
1
1
1
1
1
1
1
1
1
1
1
1
1
1
1
1
1
1
1
1
1
1
1
1
1
1
1
1
1
1
1
1
1
1
1
1
1
1.49021
1.52155
1.53152
1.53411
1.53534
1.52835
1.50601
1.47153
1.43262
1.38972
1.34975
1.31264
1.27399
1.24356
1.21687
1.18612
1.16556
1.14888
1.1259
1.10121
1.07963
1.06364
1.05324
1.039
1.02251
1.02
1.02191
1.02555
1.02802
1.03039
1.03537
1.04464
1.05293
1.0562
1.05673
1.0512
1.03552
1.01251
1.00093
1.00001
1
1
1
1
1
1
1
1
1
1
1
1
1
1
1
1
1
1
1
1
1
1
1
1
1
1
1
1
1
1
1
1
1
1
1
1
1
1
1
1
1
1
1
1
1
1
1
1
1
1
1
1
1
1
1
1
1.36667
1.46173
1.50109
1.52538
1.53568
1.53962
1.53627
1.52381
1.49774
1.46281
1.4228
1.38103
1.33944
1.30329
1.27481
1.24339
1.214
1.19264
1.1684
1.14036
1.11598
1.09825
1.08667
1.0728
1.05519
1.04756
1.04801
1.04999
1.05332
1.05874
1.06652
1.07212
1.07288
1.06784
1.05632
1.03755
1.01207
1.0008
1
1
1
1
1
1
1
1
1
1
1
1
1
1
1
1
1
1
1
1
1
1
1
1
1
1
1
1
1
1
1
1
1
1
1
1
1
1
1
1
1
1
1
1
1
1
1
1
1
1
1
1
1
1
1
1
1
1
1.1103
1.24199
1.37182
1.45823
1.50059
1.52806
1.53822
1.53359
1.52242
1.50756
1.48185
1.44497
1.40525
1.36816
1.3345
1.30139
1.26657
1.23951
1.21514
1.18583
1.16019
1.14235
1.13035
1.11724
1.10379
1.09705
1.09494
1.09417
1.0939
1.09286
1.08825
1.08108
1.07249
1.05945
1.03528
1.00912
1.00046
1
1
1
1
1
1
1
1
1
1
1
1
1
1
1
1
1
1
1
1
1
1
1
1
1
1
1
1
1
1
1
1
1
1
1
1
1
1
1
1
1
1
1
1
1
1
1
1
1
1
1
1
1
1
1
1
1
1
1
1.00424
1.02749
1.10962
1.22083
1.34755
1.42828
1.49492
1.51334
1.51537
1.50766
1.49171
1.46897
1.44487
1.41834
1.38812
1.35525
1.32314
1.29549
1.27016
1.24207
1.21636
1.19753
1.1818
1.16692
1.15331
1.14167
1.13134
1.12066
1.11002
1.09948
1.08927
1.07663
1.05625
1.02731
1.00507
1.00017
1
1
1
1
1
1
1
1
1
1
1
1
1
1
1
1
1
1
1
1
1
1
1
1
1
1
1
1
1
1
1
1
1
1
1
1
1
1
1
1
1
1
1
1
1
1
1
1
1
1
1
1
1
1
1
1
1
1
1
1
0.999998
1.00032
1.00401
1.02068
1.07655
1.17791
1.29103
1.39306
1.43969
1.46639
1.46932
1.45962
1.44054
1.41925
1.39421
1.36772
1.34375
1.32079
1.2968
1.27127
1.24657
1.22442
1.20411
1.18531
1.16758
1.15068
1.13473
1.12061
1.10685
1.09168
1.07178
1.04416
1.01537
1.00176
1.00003
1
1
1
1
1
1
1
1
1
1
1
1
1
1
1
1
1
1
1
1
1
1
1
1
1
1
1
1
1
1
1
1
1
1
1
1
1
1
1
1
1
1
1
1
1
1
1
1
1
1
1
1
1
1
1
1
1
1
1
1
1
0.999998
0.999999
1.00001
1.00018
1.00182
1.01128
1.04333
1.11752
1.21201
1.2889
1.35447
1.39076
1.39547
1.38869
1.37525
1.35567
1.33316
1.31132
1.28918
1.26586
1.2431
1.22216
1.20282
1.18393
1.16505
1.1459
1.12593
1.10436
1.0803
1.05247
1.02375
1.00517
1.00033
1
1
1
1
1
1
1
1
1
1
1
1
1
1
1
1
1
1
1
1
1
1
1
1
1
1
1
1
1
1
1
1
1
1
1
1
1
1
1
1
1
1
1
1
1
1
1
1
1
1
1
1
1
1
1
1
1
1
1
1
1
1
1
1
1
1
1
1
1.00006
1.00061
1.00413
1.01778
1.05039
1.11344
1.18463
1.242
1.27243
1.28984
1.2905
1.28523
1.27179
1.25541
1.23768
1.21855
1.19851
1.17756
1.15518
1.13075
1.10391
1.07548
1.04742
1.02282
1.00665
1.00083
1.00003
1
1
1
1
1
1
1
1
1
1
1
1
1
1
1
1
1
1
1
1
1
1
1
1
1
1
1
1
1
1
1
1
1
1
1
1
1
1
1
1
1
1
1
1
1
1
1
1
1
1
1
1
1
1
1
1
1
1
1
1
1
1
1
1
1
1
1
1
1
1
1
1.00001
1.00013
1.00088
1.00467
1.01636
1.04017
1.07224
1.10647
1.13583
1.14998
1.15316
1.14992
1.14201
1.12902
1.1117
1.09139
1.06926
1.04694
1.02715
1.01251
1.00403
1.00072
1.00005
1
1
1
1
1
1
1
1
1
1
1
1
1
1
1
1
1
1
1
1
1
1
1
1
1
1
1
1
1
1
1
1
1
1
1
1
1
1
1
1
1
1
1
1
1
1
1
1
1
1
1
1
1
1
1
1
1
1
1
1
1
1
1
1
1
1
1
1
1
1
1
1
1
1
1
1
1.00002
1.00013
1.00068
1.00235
1.0061
1.01221
1.01871
1.02366
1.02501
1.02422
1.02135
1.01651
1.01099
1.00612
1.00274
1.00092
1.0002
1.00002
1
1
1
1
1
1
1
1
1
1
1
1
1
1
1
1
1
1
1
1
1
1
1
1
1
1
1
1
1
1
1
1
1
1
1
1
1
1
1
1
1
1
1
1
1
1
1
1
1
1
1
1
1
1
1
1
1
1
1
1
1
1
1
1
1
1
1
1
1
1
1
1
1
1
1
1
1
1
1.00002
1.00013
1.00068
1.00235
1.0061
1.01221
1.01871
1.02366
1.02501
1.02422
1.02135
1.01651
1.01099
1.00612
1.00274
1.00092
1.0002
1.00002
1
1
1
1
1
1
1
1
1
1
1
1
1
1
1
1
1
1
1
1
1
1
1
1
1
1
1
1
1
1
1
1
1
1
1
1
1
1
1
1
1
1
1
1
1
1
1
1
1
1
1
1
1
1
1
1
1
1
1
1
1
1
1
1
1
1
1
1
1
1
1
1
1
1
1
1.00001
1.00013
1.00088
1.00467
1.01636
1.04017
1.07224
1.10647
1.13583
1.14998
1.15316
1.14992
1.14201
1.12902
1.1117
1.09139
1.06926
1.04694
1.02715
1.01251
1.00403
1.00072
1.00005
1
1
1
1
1
1
1
1
1
1
1
1
1
1
1
1
1
1
1
1
1
1
1
1
1
1
1
1
1
1
1
1
1
1
1
1
1
1
1
1
1
1
1
1
1
1
1
1
1
1
1
1
1
1
1
1
1
1
1
1
1
1
1
1
1
1
1
1
1
1
1
1.00006
1.00061
1.00413
1.01778
1.05039
1.11344
1.18463
1.242
1.27243
1.28984
1.2905
1.28523
1.27179
1.25541
1.23768
1.21855
1.19851
1.17756
1.15518
1.13075
1.10391
1.07548
1.04742
1.02282
1.00665
1.00083
1.00003
1
1
1
1
1
1
1
1
1
1
1
1
1
1
1
1
1
1
1
1
1
1
1
1
1
1
1
1
1
1
1
1
1
1
1
1
1
1
1
1
1
1
1
1
1
1
1
1
1
1
1
1
1
1
1
1
1
1
1
1
1
1
1
1
0.999998
0.999999
1.00001
1.00018
1.00182
1.01128
1.04333
1.11752
1.21201
1.2889
1.35447
1.39076
1.39547
1.38869
1.37525
1.35567
1.33316
1.31132
1.28918
1.26586
1.2431
1.22216
1.20282
1.18393
1.16505
1.1459
1.12593
1.10436
1.0803
1.05247
1.02375
1.00517
1.00033
1
1
1
1
1
1
1
1
1
1
1
1
1
1
1
1
1
1
1
1
1
1
1
1
1
1
1
1
1
1
1
1
1
1
1
1
1
1
1
1
1
1
1
1
1
1
1
1
1
1
1
1
1
1
1
1
1
1
1
1
1
1
1
0.999998
1.00032
1.00401
1.02068
1.07655
1.17791
1.29103
1.39306
1.43969
1.46639
1.46932
1.45962
1.44054
1.41925
1.39421
1.36772
1.34375
1.32079
1.2968
1.27127
1.24657
1.22442
1.20411
1.18531
1.16758
1.15068
1.13473
1.12061
1.10685
1.09168
1.07178
1.04416
1.01537
1.00176
1.00003
1
1
1
1
1
1
1
1
1
1
1
1
1
1
1
1
1
1
1
1
1
1
1
1
1
1
1
1
1
1
1
1
1
1
1
1
1
1
1
1
1
1
1
1
1
1
1
1
1
1
1
1
1
1
1
1
1
1
1
1
1
1.00424
1.02749
1.10962
1.22083
1.34755
1.42828
1.49492
1.51334
1.51537
1.50766
1.49171
1.46897
1.44487
1.41834
1.38812
1.35525
1.32314
1.29549
1.27016
1.24207
1.21636
1.19753
1.1818
1.16692
1.15331
1.14167
1.13134
1.12066
1.11002
1.09948
1.08927
1.07663
1.05625
1.02731
1.00507
1.00017
1
1
1
1
1
1
1
1
1
1
1
1
1
1
1
1
1
1
1
1
1
1
1
1
1
1
1
1
1
1
1
1
1
1
1
1
1
1
1
1
1
1
1
1
1
1
1
1
1
1
1
1
1
1
1
1
1
1
1
1
1.1103
1.24199
1.37182
1.45823
1.50059
1.52806
1.53822
1.53359
1.52242
1.50756
1.48185
1.44497
1.40525
1.36816
1.3345
1.30139
1.26657
1.23951
1.21514
1.18583
1.16019
1.14235
1.13035
1.11724
1.10379
1.09705
1.09494
1.09417
1.0939
1.09286
1.08825
1.08108
1.07249
1.05945
1.03528
1.00912
1.00046
1
1
1
1
1
1
1
1
1
1
1
1
1
1
1
1
1
1
1
1
1
1
1
1
1
1
1
1
1
1
1
1
1
1
1
1
1
1
1
1
1
1
1
1
1
1
1
1
1
1
1
1
1
1
1
1
1
1
1
1.36667
1.46173
1.50109
1.52538
1.53568
1.53962
1.53627
1.52381
1.49774
1.46281
1.4228
1.38103
1.33944
1.30329
1.27481
1.24339
1.214
1.19264
1.1684
1.14036
1.11598
1.09825
1.08667
1.0728
1.05519
1.04756
1.04801
1.04999
1.05332
1.05874
1.06652
1.07212
1.07288
1.06784
1.05632
1.03755
1.01207
1.0008
1
1
1
1
1
1
1
1
1
1
1
1
1
1
1
1
1
1
1
1
1
1
1
1
1
1
1
1
1
1
1
1
1
1
1
1
1
1
1
1
1
1
1
1
1
1
1
1
1
1
1
1
1
1
1
1
1
1
1.49021
1.52155
1.53152
1.53411
1.53534
1.52835
1.50601
1.47153
1.43262
1.38972
1.34975
1.31264
1.27399
1.24356
1.21687
1.18612
1.16556
1.14888
1.1259
1.10121
1.07963
1.06364
1.05324
1.039
1.02251
1.02
1.02191
1.02555
1.02802
1.03039
1.03537
1.04464
1.05293
1.0562
1.05673
1.0512
1.03552
1.01251
1.00093
1.00001
1
1
1
1
1
1
1
1
1
1
1
1
1
1
1
1
1
1
1
1
1
1
1
1
1
1
1
1
1
1
1
1
1
1
1
1
1
1
1
1
1
1
1
1
1
1
1
1
1
1
1
1
1
1
1
1
1.52491
1.53182
1.5305
1.52597
1.51553
1.49122
1.45117
1.40962
1.3634
1.31654
1.28295
1.2467
1.21106
1.18528
1.1529
1.12401
1.11206
1.10007
1.08167
1.06369
1.04629
1.03166
1.01986
1.00631
0.995508
0.995761
0.999961
1.00694
1.01117
1.0131
1.01559
1.02258
1.03398
1.04074
1.04312
1.04428
1.0428
1.03113
1.01053
1.00071
1
1
1
1
1
1
1
1
1
1
1
1
1
1
1
1
1
1
1
1
1
1
1
1
1
1
1
1
1
1
1
1
1
1
1
1
1
1
1
1
1
1
1
1
1
1
1
1
1
1
1
1
1
1
1
1
1.51499
1.51303
1.50624
1.49309
1.4683
1.429
1.38836
1.3417
1.28189
1.24647
1.21736
1.17713
1.14594
1.11799
1.07445
1.06209
1.05881
1.04875
1.03617
1.02753
1.01706
1.01009
1.0013
0.995624
0.997168
1.00168
1.00872
1.01445
1.01585
1.01588
1.01685
1.02001
1.02695
1.03285
1.03476
1.03549
1.03564
1.03369
1.02329
1.00679
1.00033
1
1
1
1
1
1
1
1
1
1
1
1
1
1
1
1
1
1
1
1
1
1
1
1
1
1
1
1
1
1
1
1
1
1
1
1
1
1
1
1
1
1
1
1
1
1
1
1
1
1
1
1
1
1
1
1.50324
1.4963
1.48281
1.45565
1.41037
1.36825
1.32216
1.25205
1.20731
1.18317
1.14196
1.10345
1.08491
1.05285
1.01501
1.00437
0.99931
0.991817
0.993592
0.996135
0.994028
0.985406
0.984322
0.986569
0.995015
1.01009
1.02138
1.02307
1.02248
1.01923
1.01572
1.01551
1.01952
1.02674
1.02953
1.03041
1.03077
1.03063
1.02714
1.015
1.00256
1.00005
1
1
1
1
1
1
1
1
1
1
1
1
1
1
1
1
1
1
1
1
1
1
1
1
1
1
1
1
1
1
1
1
1
1
1
1
1
1
1
1
1
1
1
1
1
1
1
1
1
1
1
1
1
1
1.4932
1.48106
1.45472
1.40103
1.34996
1.30801
1.23318
1.16719
1.13968
1.10555
1.06339
1.05194
1.0403
1.00337
0.975299
0.975009
0.975224
0.977375
0.98288
0.985375
0.983342
0.978631
0.980732
0.989707
1.0061
1.02301
1.02642
1.02482
1.02074
1.01464
1.01184
1.01218
1.01722
1.02537
1.02848
1.02931
1.02974
1.02971
1.02737
1.01895
1.0062
1.00042
1
1
1
1
1
1
1
1
1
1
1
1
1
1
1
1
1
1
1
1
1
1
1
1
1
1
1
1
1
1
1
1
1
1
1
1
1
1
1
1
1
1
1
1
1
1
1
1
1
1
1
1
1
1
1.47455
1.44564
1.38879
1.32007
1.26265
1.19494
1.11106
1.07975
1.05149
1.01215
0.995492
0.99518
0.985759
0.964529
0.957269
0.959332
0.968319
0.982951
0.993177
0.997397
1.00014
1.00314
1.00967
1.02304
1.04122
1.04465
1.04146
1.0337
1.0251
1.01814
1.01496
1.01504
1.0178
1.02364
1.0267
1.02738
1.02761
1.02754
1.02588
1.02046
1.00985
1.0014
1.00002
1
1
1
1
1
1
1
1
1
1
1
1
1
1
1
1
1
1
1
1
1
1
1
1
1
1
1
1
1
1
1
1
1
1
1
1
1
1
1
1
1
1
1
1
1
1
1
1
1
1
1
1
1
1.43786
1.3608
1.27333
1.20558
1.13155
1.04465
1.02885
1.03061
1.01504
0.992735
0.993645
1.00433
1.00252
0.991798
0.989444
0.991584
0.994337
0.999472
1.0058
1.01235
1.01961
1.02724
1.03502
1.04871
1.06289
1.06285
1.05677
1.04528
1.03385
1.02462
1.01837
1.01702
1.01758
1.02093
1.0246
1.02569
1.02595
1.02604
1.02578
1.0227
1.0128
1.0024
1.00006
1
1
1
1
1
1
1
1
1
1
1
1
1
1
1
1
1
1
1
1
1
1
1
1
1
1
1
1
1
1
1
1
1
1
1
1
1
1
1
1
1
1
1
1
1
1
1
1
1
1
1
1
1
1.34587
1.19013
1.0592
0.965314
0.894406
0.886779
0.914579
0.95755
0.970341
0.975605
0.989356
1.0134
1.03668
1.05003
1.051
1.0494
1.04467
1.04073
1.04056
1.0424
1.04964
1.05781
1.06448
1.0764
1.0812
1.07871
1.07006
1.05611
1.04211
1.02872
1.01824
1.01541
1.01577
1.0194
1.02389
1.02534
1.02576
1.02597
1.02574
1.02243
1.01233
1.00219
1.00005
1
1
1
1
1
1
1
1
1
1
1
1
1
1
1
1
1
1
1
1
1
1
1
1
1
1
1
1
1
1
1
1
1
1
1
1
1
1
1
1
1
1
1
1
1
1
1
1
1
1
1
1
1
)
;

boundaryField
{
    inlet
    {
        type            fixedValue;
        value           uniform 1;
    }
    outlet
    {
        type            inletOutlet;
        inletValue      uniform 1;
        value           nonuniform List<scalar> 
32
(
1
1
1
1
1
1
1
1
1
1
1
1
1
1
1
1
1
1
1
1
1
1
1
1
1
1
1
1
1
1
1
1
)
;
    }
    bottom
    {
        type            symmetryPlane;
    }
    top
    {
        type            symmetryPlane;
    }
    obstacle
    {
        type            zeroGradient;
    }
    defaultFaces
    {
        type            empty;
    }
}


// ************************************************************************* //
