/*--------------------------------*- C++ -*----------------------------------*\
  =========                 |
  \\      /  F ield         | OpenFOAM: The Open Source CFD Toolbox
   \\    /   O peration     | Website:  https://openfoam.org
    \\  /    A nd           | Version:  7
     \\/     M anipulation  |
\*---------------------------------------------------------------------------*/
FoamFile
{
    version     2.0;
    format      ascii;
    class       volVectorField;
    location    "0.2";
    object      U;
}
// * * * * * * * * * * * * * * * * * * * * * * * * * * * * * * * * * * * * * //

dimensions      [0 1 -1 0 0 0 0];

internalField   nonuniform List<vector> 
4608
(
(3 5.38302e-18 0)
(3 4.80485e-17 0)
(3 5.59414e-16 0)
(3 4.82916e-16 0)
(3 5.0087e-16 0)
(3 5.23219e-16 0)
(3 1.1956e-15 0)
(3 1.92706e-15 0)
(3 9.12344e-16 0)
(3 5.05784e-16 0)
(3 -9.34219e-16 0)
(3 -1.31132e-15 0)
(3 -1.15824e-15 0)
(3 -1.02734e-15 0)
(3 -1.40486e-15 0)
(3 -1.96008e-15 0)
(3 -2.01073e-15 0)
(3 -3.7139e-15 0)
(3 -4.15792e-15 0)
(3 -2.75976e-15 0)
(3 -2.81354e-16 0)
(3 7.62227e-16 0)
(3 3.15367e-17 0)
(3 4.07557e-16 0)
(3 -5.28942e-17 0)
(3 -2.67217e-16 0)
(3 2.18599e-16 0)
(3 2.46072e-16 0)
(3 6.32604e-16 0)
(3 7.07431e-16 0)
(3 1.48915e-15 0)
(3 2.35257e-15 0)
(3 1.25565e-15 0)
(3 4.88294e-16 0)
(3 -1.72668e-15 0)
(3 -3.48479e-15 0)
(3 -3.81393e-15 0)
(3 -4.30445e-15 0)
(3 -5.06837e-15 0)
(3 -6.65911e-15 0)
(3 -8.81102e-15 0)
(3 -7.77207e-15 0)
(3 -6.6701e-15 0)
(3 -2.95631e-15 0)
(3 6.80435e-16 0)
(3 1.45707e-15 0)
(3 1.46977e-16 0)
(3 -5.64649e-17 0)
(3 -2.13698e-16 0)
(3 -1.37371e-16 0)
(3 1.3283e-17 0)
(3 2.31879e-16 0)
(3 1.05921e-15 0)
(3 1.48094e-15 0)
(3 1.9557e-15 0)
(3 3.19433e-15 0)
(3 2.7275e-15 0)
(3 1.99474e-15 0)
(3 1.20673e-15 0)
(3 -1.17925e-16 0)
(3 -1.40528e-15 0)
(3 -4.49847e-15 0)
(3 -5.05715e-15 0)
(3 -5.33959e-15 0)
(3 -6.04276e-15 0)
(3 -6.05998e-15 0)
(3 -4.16323e-15 0)
(3 -2.65484e-15 0)
(3 -1.16465e-15 0)
(3 -4.73829e-16 0)
(3 -1.04763e-15 0)
(3 -1.4277e-15 0)
(3 3.68095e-17 0)
(3 1.17322e-16 0)
(3 1.96179e-16 0)
(3 -1.81589e-17 0)
(3 -2.09025e-16 0)
(3 6.55788e-16 0)
(3 2.44362e-15 0)
(3 3.50469e-15 0)
(3 3.2937e-15 0)
(3 2.21617e-15 0)
(3 4.91413e-16 0)
(3 -3.32566e-16 0)
(3 -2.01785e-15 0)
(3 -3.47915e-15 0)
(3 -3.99828e-15 0)
(3 -3.82456e-15 0)
(3 -2.18382e-15 0)
(3 -2.10939e-15 0)
(3 -2.53923e-15 0)
(3 -2.75932e-15 0)
(3 -1.9051e-15 0)
(3 -1.7917e-15 0)
(3 -3.28809e-15 0)
(3 -1.73563e-15 0)
(3 4.66575e-16 0)
(3 6.83128e-16 0)
(3 5.38125e-16 0)
(3 3.49468e-16 0)
(3 -1.57195e-16 0)
(3 6.78809e-16 0)
(3 1.32271e-15 0)
(3 9.97609e-16 0)
(3 3.51239e-16 0)
(3 -2.33535e-16 0)
(3 -6.07042e-16 0)
(3 -2.92597e-15 0)
(3 -3.70036e-15 0)
(3 -3.60419e-15 0)
(3 -2.67338e-15 0)
(3 -1.96126e-15 0)
(3 -1.58096e-15 0)
(3 -7.34231e-16 0)
(3 -1.29272e-15 0)
(3 -1.76404e-15 0)
(3 -1.78388e-15 0)
(3 -1.80375e-15 0)
(3 -1.97351e-15 0)
(3 -4.1488e-16 0)
(3 1.22514e-17 0)
(3 2.85462e-16 0)
(3 4.88244e-16 0)
(3 5.10855e-16 0)
(3 7.65178e-16 0)
(3 7.20082e-16 0)
(3 9.37822e-16 0)
(3 -1.8466e-16 0)
(3 -1.45691e-15 0)
(3 -1.52028e-15 0)
(3 -1.02351e-15 0)
(3 -1.88617e-15 0)
(3 -2.3034e-15 0)
(3 -1.66031e-15 0)
(3 -6.94191e-16 0)
(3 4.42264e-16 0)
(3 7.05837e-17 0)
(3 3.78194e-16 0)
(3 2.99759e-16 0)
(3 -2.1247e-16 0)
(3 -7.14762e-16 0)
(3 -2.16885e-16 0)
(3 9.37455e-16 0)
(3 1.32508e-15 0)
(3 2.39382e-17 0)
(3 2.36584e-18 0)
(3 8.17495e-17 0)
(3 -5.01134e-17 0)
(3 -9.07913e-17 0)
(3 3.82916e-17 0)
(3 2.44828e-16 0)
(3 -3.7305e-17 0)
(3 -7.36027e-16 0)
(3 -1.51631e-15 0)
(3 -1.70264e-15 0)
(3 -1.18151e-15 0)
(3 -5.51357e-16 0)
(3 -3.28898e-16 0)
(3 7.72253e-16 0)
(3 1.03265e-15 0)
(3 5.64844e-16 0)
(3 2.95126e-16 0)
(3 6.5399e-16 0)
(3 5.78464e-16 0)
(3 -8.35982e-17 0)
(3 6.73803e-17 0)
(3 1.20891e-15 0)
(3 1.32444e-15 0)
(3 -8.74462e-17 0)
(3 -3.4591e-16 0)
(3 -3.64789e-16 0)
(3 -4.54993e-16 0)
(3 -6.18291e-16 0)
(3 -8.75891e-17 0)
(3 4.75774e-16 0)
(3 5.94205e-16 0)
(3 4.10666e-16 0)
(3 6.61951e-17 0)
(3 2.02509e-16 0)
(3 8.76032e-16 0)
(3 1.95121e-15 0)
(3 1.95608e-15 0)
(3 1.50569e-15 0)
(3 1.05268e-15 0)
(3 -1.99803e-16 0)
(3 -5.18667e-16 0)
(3 2.35809e-16 0)
(3 5.68546e-16 0)
(3 2.74231e-16 0)
(3 7.24602e-17 0)
(3 5.60207e-16 0)
(3 6.3212e-16 0)
(3 -4.83062e-16 0)
(3 -9.72977e-16 0)
(3 -1.29093e-15 0)
(3 -1.38853e-15 0)
(3 -7.40141e-16 0)
(3 -7.31147e-16 0)
(3 -8.10937e-16 0)
(3 -8.85992e-16 0)
(3 -7.19316e-16 0)
(3 -2.83744e-16 0)
(3 1.88098e-15 0)
(3 3.91633e-15 0)
(3 4.06397e-15 0)
(3 2.99379e-15 0)
(3 8.42429e-16 0)
(3 -6.93374e-16 0)
(3 -2.1078e-15 0)
(3 -2.47696e-15 0)
(3 -1.70466e-15 0)
(3 -9.51339e-16 0)
(3 9.59106e-16 0)
(3 1.46388e-15 0)
(3 1.23171e-15 0)
(3 1.23415e-15 0)
(3 -1.34071e-16 0)
(3 -5.42361e-16 0)
(3 -9.60412e-16 0)
(3 -5.54001e-16 0)
(3 5.44185e-17 0)
(3 -4.55982e-16 0)
(3 -1.19178e-15 0)
(3 -2.10378e-15 0)
(3 -2.48926e-15 0)
(3 -1.92177e-15 0)
(3 -3.85045e-16 0)
(3 -3.0486e-17 0)
(3 1.35778e-15 0)
(3 1.29995e-15 0)
(3 -6.60405e-17 0)
(3 -2.93185e-15 0)
(3 -3.69367e-15 0)
(3 -3.60775e-15 0)
(3 -2.31529e-15 0)
(3 -1.97025e-15 0)
(3 -1.19924e-16 0)
(3 2.51299e-15 0)
(3 3.24637e-15 0)
(3 3.64072e-15 0)
(3 5.18433e-17 0)
(3 3.21197e-16 0)
(3 3.85067e-16 0)
(3 2.14511e-16 0)
(3 -3.73813e-16 0)
(3 -8.77752e-16 0)
(3 -1.59235e-15 0)
(3 -1.79902e-15 0)
(3 -7.07899e-16 0)
(3 -4.51651e-16 0)
(3 -5.08296e-16 0)
(3 -5.2243e-16 0)
(3 7.136e-16 0)
(3 7.10651e-16 0)
(3 -5.87774e-16 0)
(3 -8.98211e-16 0)
(3 -1.20485e-15 0)
(3 -1.385e-15 0)
(3 -1.69957e-15 0)
(3 -1.47882e-15 0)
(3 -8.69855e-16 0)
(3 -7.80777e-18 0)
(3 1.97566e-15 0)
(3 2.34661e-15 0)
(3 6.02199e-17 0)
(3 5.65888e-16 0)
(3 6.29366e-16 0)
(3 1.03784e-16 0)
(3 -3.26886e-16 0)
(3 -9.61251e-16 0)
(3 -1.23022e-15 0)
(3 -1.35637e-15 0)
(3 4.66325e-17 0)
(3 1.61059e-15 0)
(3 1.57393e-15 0)
(3 8.26908e-16 0)
(3 -3.83549e-16 0)
(3 -1.45594e-15 0)
(3 -9.3276e-16 0)
(3 5.36257e-16 0)
(3 8.15804e-16 0)
(3 5.70883e-16 0)
(3 -1.00007e-15 0)
(3 -1.15385e-15 0)
(3 -1.43928e-15 0)
(3 -1.0573e-15 0)
(3 6.50178e-17 0)
(3 3.11113e-16 0)
(3 1.92098e-17 0)
(3 1.03118e-16 0)
(3 -4.9468e-17 0)
(3 -9.76366e-17 0)
(3 4.96238e-17 0)
(3 -3.7917e-16 0)
(3 6.56644e-16 0)
(3 1.40562e-15 0)
(3 1.48514e-15 0)
(3 1.29735e-15 0)
(3 1.37128e-15 0)
(3 -1.82856e-15 0)
(3 -4.57187e-15 0)
(3 -4.23128e-15 0)
(3 -2.15274e-15 0)
(3 2.13956e-16 0)
(3 1.3386e-15 0)
(3 8.33247e-16 0)
(3 -1.01505e-17 0)
(3 -1.3096e-15 0)
(3 -2.40357e-15 0)
(3 -2.48427e-15 0)
(3 -2.15385e-15 0)
(3 -1.86698e-15 0)
(3 -6.78646e-17 0)
(3 -4.87817e-16 0)
(3 -6.19631e-16 0)
(3 -1.1962e-15 0)
(3 -1.4315e-15 0)
(3 -5.53101e-16 0)
(3 4.56313e-16 0)
(3 1.57098e-15 0)
(3 1.28905e-15 0)
(3 3.32565e-17 0)
(3 -1.06906e-15 0)
(3 -2.13731e-15 0)
(3 -2.08895e-15 0)
(3 -1.51063e-15 0)
(3 1.11451e-16 0)
(3 1.25804e-15 0)
(3 1.26168e-15 0)
(3 3.16558e-16 0)
(3 -3.4154e-16 0)
(3 -1.67003e-15 0)
(3 -2.91626e-15 0)
(3 -4.45757e-15 0)
(3 -4.7024e-15 0)
(3 -4.59459e-15 0)
(3 8.35432e-18 0)
(3 -1.44282e-16 0)
(3 -4.16294e-18 0)
(3 9.99778e-17 0)
(3 5.61203e-16 0)
(3 -2.35819e-16 0)
(3 -4.42627e-16 0)
(3 -2.82398e-16 0)
(3 6.27311e-16 0)
(3 5.21898e-16 0)
(3 -3.63073e-16 0)
(3 -2.41191e-16 0)
(3 8.12677e-16 0)
(3 6.48635e-16 0)
(3 3.38905e-16 0)
(3 5.18851e-17 0)
(3 1.16118e-16 0)
(3 2.8464e-16 0)
(3 3.00405e-16 0)
(3 -5.28624e-16 0)
(3 -1.61106e-15 0)
(3 -1.66949e-15 0)
(3 -1.89892e-15 0)
(3 -2.09091e-15 0)
(3 1.36471e-16 0)
(3 4.02169e-16 0)
(3 9.64935e-16 0)
(3 1.16473e-15 0)
(3 1.06441e-15 0)
(3 -5.79188e-16 0)
(3 -1.75009e-15 0)
(3 -1.65547e-15 0)
(3 -4.17721e-16 0)
(3 2.46801e-16 0)
(3 1.16824e-15 0)
(3 1.62233e-15 0)
(3 2.20078e-15 0)
(3 2.14744e-15 0)
(3 1.70331e-15 0)
(3 -2.86314e-16 0)
(3 -5.87829e-16 0)
(3 1.5797e-16 0)
(3 9.04338e-16 0)
(3 1.20304e-15 0)
(3 9.93041e-16 0)
(3 4.41669e-16 0)
(3 3.5607e-16 0)
(3 -1.29579e-16 0)
(3 3.40388e-19 0)
(3 -4.39128e-17 0)
(3 -2.6013e-16 0)
(3 -1.17943e-16 0)
(3 -5.87222e-16 0)
(3 -1.48727e-16 0)
(3 -8.21695e-16 0)
(3 -6.93917e-16 0)
(3 2.86593e-17 0)
(3 6.67813e-16 0)
(3 1.64355e-15 0)
(3 1.98399e-15 0)
(3 1.96917e-15 0)
(3 1.74372e-15 0)
(3 1.13954e-15 0)
(3 -4.43709e-16 0)
(3 -1.17564e-15 0)
(3 -1.11023e-15 0)
(3 8.57823e-16 0)
(3 1.64516e-15 0)
(3 1.86035e-15 0)
(3 1.18771e-15 0)
(3 1.89944e-16 0)
(3 -6.40278e-16 0)
(3 -3.47081e-17 0)
(3 -1.92496e-16 0)
(3 -1.01238e-15 0)
(3 -1.22017e-15 0)
(3 -4.33298e-16 0)
(3 8.73907e-16 0)
(3 1.72811e-15 0)
(3 2.01095e-15 0)
(3 6.33098e-16 0)
(3 7.54393e-17 0)
(3 8.47472e-16 0)
(3 1.12314e-15 0)
(3 5.77755e-16 0)
(3 2.46879e-16 0)
(3 -2.55094e-17 0)
(3 -2.13155e-16 0)
(3 -2.96051e-16 0)
(3 -9.26868e-16 0)
(3 -5.25024e-16 0)
(3 -3.99165e-17 0)
(3 4.10656e-16 0)
(3 4.68532e-16 0)
(3 -4.48722e-16 0)
(3 -8.10837e-16 0)
(3 -4.53491e-16 0)
(3 -6.69136e-16 0)
(3 -1.36016e-15 0)
(3 -1.6961e-15 0)
(3 -1.36879e-15 0)
(3 -1.08713e-16 0)
(3 2.49434e-15 0)
(3 2.69844e-15 0)
(3 1.45873e-15 0)
(3 -1.2982e-16 0)
(3 9.18867e-16 0)
(3 8.76291e-16 0)
(3 4.17576e-16 0)
(3 -6.44282e-16 0)
(3 -4.77609e-16 0)
(3 3.43723e-16 0)
(3 4.40858e-16 0)
(3 1.34358e-16 0)
(3 -1.10665e-16 0)
(3 -3.3158e-16 0)
(3 1.22067e-16 0)
(3 8.57502e-16 0)
(3 8.90553e-16 0)
(3 7.06752e-16 0)
(3 -1.52351e-16 0)
(3 -6.10352e-16 0)
(3 -2.13037e-16 0)
(3 6.67632e-17 0)
(3 -8.63443e-16 0)
(3 -7.02939e-16 0)
(3 1.59035e-16 0)
(3 5.40381e-16 0)
(3 -7.09764e-17 0)
(3 -2.67612e-16 0)
(3 -1.51019e-16 0)
(3 1.50198e-16 0)
(3 2.69124e-16 0)
(3 -2.47101e-17 0)
(3 -8.9311e-16 0)
(3 -9.19461e-16 0)
(3 4.43931e-16 0)
(3 8.63673e-16 0)
(3 1.14177e-16 0)
(3 -4.43392e-16 0)
(3 5.84204e-16 0)
(3 1.99953e-15 0)
(3 2.00157e-15 0)
(3 1.52595e-15 0)
(3 2.31117e-16 0)
(3 3.04623e-16 0)
(3 3.84393e-16 0)
(3 1.287e-16 0)
(3 -4.11681e-17 0)
(3 -8.58081e-16 0)
(3 -1.55192e-15 0)
(3 -1.45815e-15 0)
(3 -6.69317e-16 0)
(3 -5.66751e-16 0)
(3 -1.23652e-15 0)
(3 -1.64859e-15 0)
(3 2.78053e-16 0)
(3 1.3419e-15 0)
(3 1.51956e-15 0)
(3 1.05906e-15 0)
(3 1.0071e-15 0)
(3 1.2926e-15 0)
(3 8.71821e-16 0)
(3 8.05141e-16 0)
(3 1.19373e-15 0)
(3 4.73167e-16 0)
(3 -1.16039e-15 0)
(3 -1.49058e-15 0)
(3 3.03489e-16 0)
(3 7.53756e-16 0)
(3 5.34483e-16 0)
(3 4.89718e-16 0)
(3 9.25019e-16 0)
(3 8.47387e-16 0)
(3 -5.1847e-16 0)
(3 -7.01742e-16 0)
(3 4.46235e-17 0)
(3 1.0059e-15 0)
(3 5.83828e-16 0)
(3 -8.41461e-17 0)
(3 5.44105e-16 0)
(3 2.35102e-15 0)
(3 2.51526e-15 0)
(3 1.7932e-15 0)
(3 1.12811e-15 0)
(3 1.25919e-15 0)
(3 2.75379e-15 0)
(3 3.26936e-15 0)
(3 2.11998e-15 0)
(3 -7.738e-16 0)
(3 -2.68869e-15 0)
(3 -2.82277e-15 0)
(3 -1.34856e-16 0)
(3 -4.93853e-17 0)
(3 7.73621e-16 0)
(3 1.21888e-15 0)
(3 1.01143e-15 0)
(3 1.88293e-16 0)
(3 -4.75536e-16 0)
(3 -8.48371e-16 0)
(3 -7.78265e-16 0)
(3 6.90604e-16 0)
(3 1.29706e-15 0)
(3 1.96527e-15 0)
(3 2.5546e-15 0)
(3 2.82842e-15 0)
(3 2.00483e-15 0)
(3 7.6905e-16 0)
(3 4.98806e-16 0)
(3 8.05005e-16 0)
(3 1.55975e-15 0)
(3 1.28939e-15 0)
(3 3.61759e-19 0)
(3 -8.12707e-16 0)
(3 -2.2383e-16 0)
(3 3.01477e-17 0)
(3 -3.91344e-17 0)
(3 -1.10947e-16 0)
(3 1.39859e-16 0)
(3 2.28503e-16 0)
(3 -1.70542e-16 0)
(3 -1.70331e-16 0)
(3 -2.357e-16 0)
(3 -4.69827e-16 0)
(3 3.52177e-17 0)
(3 8.4579e-16 0)
(3 1.15955e-15 0)
(3 1.00639e-15 0)
(3 4.67655e-16 0)
(3 -1.93444e-16 0)
(3 4.10912e-17 0)
(3 6.36639e-16 0)
(3 8.07005e-16 0)
(3 6.74964e-16 0)
(3 -1.66661e-15 0)
(3 -2.27416e-15 0)
(3 -1.63663e-15 0)
(3 -3.2321e-16 0)
(3 2.20275e-15 0)
(3 3.74812e-15 0)
(3 2.83022e-16 0)
(3 4.31959e-16 0)
(3 6.25002e-16 0)
(3 5.26051e-16 0)
(3 1.84185e-16 0)
(3 -1.22384e-16 0)
(3 -2.2515e-16 0)
(3 -4.28835e-16 0)
(3 3.68284e-16 0)
(3 3.33494e-16 0)
(3 -8.11178e-16 0)
(3 -1.16415e-15 0)
(3 -1.24028e-15 0)
(3 -1.61401e-15 0)
(3 -7.55806e-16 0)
(3 2.67257e-15 0)
(3 3.29074e-15 0)
(3 2.50729e-15 0)
(3 4.75661e-16 0)
(3 -1.77532e-15 0)
(3 -8.98384e-16 0)
(3 1.48694e-15 0)
(3 4.8476e-15 0)
(3 6.83804e-15 0)
(3 9.91589e-17 0)
(3 6.04007e-17 0)
(3 6.64213e-16 0)
(3 7.79385e-16 0)
(3 6.56227e-16 0)
(3 -5.29415e-16 0)
(3 -8.62628e-16 0)
(3 -2.33398e-16 0)
(3 3.70932e-16 0)
(3 -1.34762e-15 0)
(3 -3.65336e-15 0)
(3 -2.94347e-15 0)
(3 -2.12049e-15 0)
(3 -1.29689e-15 0)
(3 -3.88985e-16 0)
(3 5.67256e-16 0)
(3 1.18003e-15 0)
(3 1.05882e-15 0)
(3 8.51554e-16 0)
(3 -1.72549e-16 0)
(3 6.73157e-16 0)
(3 1.97497e-15 0)
(3 4.16083e-15 0)
(3 5.37581e-15 0)
(3 -2.65281e-17 0)
(3 -5.11406e-17 0)
(3 3.11205e-16 0)
(3 7.67894e-16 0)
(3 6.18786e-16 0)
(3 6.87266e-16 0)
(3 5.15101e-16 0)
(3 -1.47714e-16 0)
(3 -1.72382e-16 0)
(3 -4.82866e-17 0)
(3 -1.3525e-16 0)
(3 -7.15861e-16 0)
(3 -8.88049e-16 0)
(3 -4.64356e-16 0)
(3 -5.90229e-16 0)
(3 -1.42901e-15 0)
(3 -1.78803e-15 0)
(3 -2.1001e-15 0)
(3 -7.42182e-16 0)
(3 3.69727e-16 0)
(3 -7.50797e-16 0)
(3 -1.07786e-15 0)
(3 -1.53601e-15 0)
(3 1.67693e-15 0)
(3 -2.5884e-17 0)
(3 5.89013e-17 0)
(3 2.26456e-16 0)
(3 4.8326e-16 0)
(3 9.50261e-16 0)
(3 1.98315e-15 0)
(3 1.60449e-15 0)
(3 -2.45604e-16 0)
(3 -6.4725e-16 0)
(3 3.42627e-16 0)
(3 1.30326e-15 0)
(3 5.58073e-16 0)
(3 1.47824e-16 0)
(3 5.13221e-18 0)
(3 -3.34547e-16 0)
(3 -1.05317e-15 0)
(3 -9.17162e-16 0)
(3 -3.39065e-16 0)
(3 -1.39388e-16 0)
(3 6.49813e-17 0)
(3 -6.34956e-16 0)
(3 -3.22971e-15 0)
(3 -5.12891e-15 0)
(3 -3.1973e-15 0)
(3 -9.49006e-17 0)
(3 -3.27767e-16 0)
(3 -5.00827e-16 0)
(3 -3.67986e-16 0)
(3 1.60607e-16 0)
(3 8.26771e-16 0)
(3 6.31904e-16 0)
(3 4.34745e-16 0)
(3 8.26325e-16 0)
(3 9.27461e-16 0)
(3 1.0703e-15 0)
(3 1.42241e-15 0)
(3 1.2576e-15 0)
(3 1.0763e-15 0)
(3 7.26532e-16 0)
(3 4.76864e-16 0)
(3 3.15434e-18 0)
(3 1.60942e-16 0)
(3 -4.58004e-17 0)
(3 6.79781e-17 0)
(3 -6.10673e-16 0)
(3 -1.48565e-15 0)
(3 -3.01803e-15 0)
(3 -4.20911e-15 0)
(3 -6.17497e-17 0)
(3 -1.54831e-16 0)
(3 -2.86122e-16 0)
(3 2.24291e-17 0)
(3 1.28846e-18 0)
(3 -1.02551e-16 0)
(3 -5.53411e-16 0)
(3 -5.61385e-16 0)
(3 -4.95242e-16 0)
(3 -5.18865e-16 0)
(3 -5.01566e-16 0)
(3 2.13139e-15 0)
(3 3.76181e-15 0)
(3 2.6409e-15 0)
(3 2.17336e-15 0)
(3 1.53842e-15 0)
(3 5.99582e-16 0)
(3 5.6605e-16 0)
(3 -4.99514e-17 0)
(3 -5.48059e-16 0)
(3 -4.50634e-16 0)
(3 -8.96108e-16 0)
(3 -1.65323e-15 0)
(3 -3.3656e-15 0)
(3 3.22211e-17 0)
(3 3.5361e-16 0)
(3 4.46668e-16 0)
(3 3.83375e-16 0)
(3 5.17885e-16 0)
(3 -1.40354e-16 0)
(3 -1.50658e-15 0)
(3 -1.72942e-15 0)
(3 -1.18259e-15 0)
(3 -1.83005e-15 0)
(3 -1.14569e-16 0)
(3 2.28627e-15 0)
(3 3.44645e-15 0)
(3 2.41326e-15 0)
(3 2.60036e-15 0)
(3 3.9635e-15 0)
(3 4.54909e-15 0)
(3 4.17119e-15 0)
(3 1.3967e-15 0)
(3 -1.41389e-15 0)
(3 -1.48446e-15 0)
(3 -1.3097e-15 0)
(3 -1.89162e-15 0)
(3 -3.01261e-15 0)
(3 5.72045e-18 0)
(3 9.16239e-18 0)
(3 1.35094e-16 0)
(3 1.42932e-16 0)
(3 2.35531e-16 0)
(3 -1.07502e-16 0)
(3 -7.75875e-16 0)
(3 -3.97666e-16 0)
(3 -1.34292e-16 0)
(3 -4.61708e-16 0)
(3 6.36293e-16 0)
(3 1.56571e-15 0)
(3 1.41974e-15 0)
(3 1.95192e-15 0)
(3 3.1419e-15 0)
(3 5.00042e-15 0)
(3 5.45602e-15 0)
(3 4.61485e-15 0)
(3 2.88029e-15 0)
(3 8.35091e-16 0)
(3 -3.39647e-16 0)
(3 -3.78888e-16 0)
(3 -4.80541e-16 0)
(3 -1.07694e-15 0)
(2.93427 0.00761532 0)
(2.84497 0.072481 0)
(2.7531 0.154818 0)
(2.67529 0.226719 0)
(2.57027 0.356213 0)
(2.50194 0.443967 0)
(2.42248 0.5408 0)
(2.35102 0.631559 0)
(2.30869 0.720963 0)
(2.25469 0.799583 0)
(2.2532 0.855427 0)
(2.29931 0.888007 0)
(2.34568 0.909362 0)
(2.38845 0.893324 0)
(2.40656 0.900811 0)
(2.42555 0.893908 0)
(2.44488 0.894033 0)
(2.45152 0.890625 0)
(2.45931 0.888464 0)
(2.4675 0.889107 0)
(2.47645 0.88991 0)
(2.48771 0.893597 0)
(2.50518 0.896094 0)
(2.52784 0.906278 0)
(2.99897 0.000980667 0)
(2.98945 0.0120239 0)
(2.95997 0.051299 0)
(2.90393 0.130672 0)
(2.80138 0.275019 0)
(2.68365 0.460788 0)
(2.52634 0.688658 0)
(2.39236 0.896613 0)
(2.2186 1.07437 0)
(2.15756 1.09465 0)
(2.1641 1.03889 0)
(2.21543 0.994088 0)
(2.28174 0.957601 0)
(2.35262 0.925839 0)
(2.40251 0.896326 0)
(2.43199 0.876142 0)
(2.45882 0.867525 0)
(2.47295 0.867521 0)
(2.48503 0.86865 0)
(2.49503 0.873824 0)
(2.50887 0.875723 0)
(2.51745 0.881416 0)
(2.5266 0.890654 0)
(2.54189 0.904381 0)
(3 -1.37446e-06 0)
(2.99999 7.14048e-06 0)
(2.99997 7.40703e-05 0)
(2.99996 2.59242e-05 0)
(2.99855 0.0019736 0)
(2.99159 0.0121659 0)
(2.96521 0.0542049 0)
(2.90013 0.170053 0)
(2.77186 0.416004 0)
(2.5656 0.715192 0)
(2.46075 0.859859 0)
(2.35641 0.918427 0)
(2.35812 0.918823 0)
(2.38313 0.910287 0)
(2.41707 0.901019 0)
(2.44453 0.899082 0)
(2.46889 0.899956 0)
(2.4924 0.894099 0)
(2.50638 0.896214 0)
(2.51996 0.897251 0)
(2.53736 0.895477 0)
(2.55096 0.887042 0)
(2.56276 0.888688 0)
(2.57481 0.895503 0)
(3 -6.37387e-08 0)
(3 1.04711e-07 0)
(3 -5.76745e-08 0)
(3 -4.33587e-07 0)
(3.00001 -8.27854e-06 0)
(2.99999 2.14933e-05 0)
(3.00003 -9.12516e-05 0)
(2.99933 0.00108468 0)
(2.9884 0.0199261 0)
(2.89539 0.16413 0)
(2.71277 0.469713 0)
(2.51147 0.730998 0)
(2.39166 0.889153 0)
(2.39358 0.937031 0)
(2.4101 0.942319 0)
(2.43589 0.933677 0)
(2.47472 0.922771 0)
(2.50098 0.915871 0)
(2.51767 0.908415 0)
(2.53687 0.90495 0)
(2.56044 0.899747 0)
(2.57666 0.887989 0)
(2.58703 0.88143 0)
(2.59931 0.888004 0)
(3 6.81389e-11 0)
(3 1.94025e-09 0)
(3 -1.29091e-08 0)
(3 -5.20623e-08 0)
(3 -6.76278e-07 0)
(3 -7.58836e-07 0)
(3 -3.66731e-06 0)
(3 -3.22359e-06 0)
(3.00003 -7.22807e-05 0)
(2.99917 0.00103074 0)
(2.98281 0.0232104 0)
(2.88083 0.16294 0)
(2.69837 0.426429 0)
(2.58853 0.635207 0)
(2.48103 0.832123 0)
(2.49997 0.835854 0)
(2.51743 0.853593 0)
(2.529 0.886562 0)
(2.5373 0.888827 0)
(2.54955 0.890611 0)
(2.56407 0.895034 0)
(2.57431 0.902157 0)
(2.58368 0.905298 0)
(2.59455 0.911434 0)
(3 4.90228e-12 0)
(3 -2.11696e-11 0)
(3 -1.71123e-11 0)
(3 -3.35568e-10 0)
(3 -1.10886e-09 0)
(3 -4.55639e-08 0)
(3 -9.19298e-08 0)
(3 -2.84031e-07 0)
(3 -6.45519e-06 0)
(3 -5.94194e-06 0)
(3.00003 -6.09857e-05 0)
(2.99885 0.00153569 0)
(2.98278 0.023536 0)
(2.90657 0.13578 0)
(2.79168 0.324034 0)
(2.6492 0.569856 0)
(2.59541 0.709715 0)
(2.54469 0.83131 0)
(2.55496 0.863736 0)
(2.55639 0.883313 0)
(2.55284 0.914832 0)
(2.55637 0.922499 0)
(2.56775 0.924426 0)
(2.58383 0.931955 0)
(3 8.15616e-14 0)
(3 -8.78977e-14 0)
(3 7.55097e-12 0)
(3 1.89911e-11 0)
(3 3.0881e-11 0)
(3 -4.93978e-10 0)
(3 -2.10089e-10 0)
(3 -9.41197e-10 0)
(3 -1.41556e-08 0)
(3 -3.68162e-07 0)
(3 -6.71904e-06 0)
(3 -5.06702e-06 0)
(3.00001 -2.76085e-05 0)
(2.99925 0.00103459 0)
(2.99052 0.0151137 0)
(2.95417 0.0719804 0)
(2.86613 0.225329 0)
(2.78804 0.392141 0)
(2.67821 0.615895 0)
(2.67071 0.688471 0)
(2.60013 0.813323 0)
(2.60575 0.834074 0)
(2.5916 0.870119 0)
(2.59337 0.899309 0)
(3 -3.31415e-17 0)
(3 1.71036e-14 0)
(3 1.43695e-13 0)
(3 1.76452e-12 0)
(3 7.54484e-12 0)
(3 7.23196e-12 0)
(3 8.11527e-12 0)
(3 5.85551e-12 0)
(3 1.29637e-10 0)
(3 -2.26242e-10 0)
(3 -4.53628e-08 0)
(3 -3.66228e-07 0)
(3 -4.2435e-06 0)
(3 -3.17776e-06 0)
(3 -1.86342e-05 0)
(2.99975 0.000393905 0)
(2.99703 0.00493008 0)
(2.9833 0.0310386 0)
(2.94481 0.103045 0)
(2.8808 0.24248 0)
(2.79316 0.419394 0)
(2.70197 0.614118 0)
(2.68616 0.705108 0)
(2.5898 0.866296 0)
(3 6.57767e-16 0)
(3 -1.02014e-15 0)
(3 -4.07788e-15 0)
(3 2.29389e-17 0)
(3 1.40893e-13 0)
(3 7.59571e-13 0)
(3 1.94992e-12 0)
(3 2.45927e-12 0)
(3 1.58947e-11 0)
(3 1.36903e-11 0)
(3 2.08633e-10 0)
(3 -1.82192e-09 0)
(3 -2.60346e-08 0)
(3 -4.38156e-07 0)
(3 -1.65945e-06 0)
(3 -2.20505e-06 0)
(3 6.76946e-06 0)
(2.99997 3.33607e-05 0)
(2.99943 0.00107292 0)
(2.99646 0.0068924 0)
(2.9807 0.0385668 0)
(2.94702 0.110135 0)
(2.86105 0.294042 0)
(2.80995 0.424074 0)
(3 3.06279e-15 0)
(3 1.1458e-15 0)
(3 -2.0103e-15 0)
(3 -4.22309e-15 0)
(3 -5.06214e-15 0)
(3 8.15667e-16 0)
(3 5.09771e-14 0)
(3 1.51931e-13 0)
(3 6.80356e-13 0)
(3 1.8712e-12 0)
(3 2.41293e-11 0)
(3 1.6239e-11 0)
(3 1.05274e-10 0)
(3 -5.1775e-09 0)
(3 -1.63946e-08 0)
(3 -1.74148e-07 0)
(3 -7.9375e-08 0)
(3 -2.28829e-07 0)
(3 2.31184e-07 0)
(3 -7.4266e-06 0)
(2.99992 0.000131565 0)
(2.99934 0.00139894 0)
(2.99342 0.0146485 0)
(2.98538 0.0309559 0)
(3 2.25721e-15 0)
(3 2.51199e-15 0)
(3 1.40038e-15 0)
(3 -1.38906e-15 0)
(3 -1.7585e-15 0)
(3 -1.10551e-15 0)
(3 -1.056e-16 0)
(3 4.5161e-15 0)
(3 1.18501e-14 0)
(3 2.75223e-14 0)
(3 2.72519e-13 0)
(3 1.6197e-12 0)
(3 1.41047e-11 0)
(3 1.26519e-11 0)
(3 3.76202e-11 0)
(3 -7.08044e-10 0)
(3 -7.3691e-09 0)
(3 -5.49682e-08 0)
(3 -9.69961e-08 0)
(3 -1.25136e-06 0)
(3 -6.9245e-07 0)
(3 -3.71635e-06 0)
(2.99997 9.26209e-05 0)
(3.00011 -0.000474677 0)
(3 6.29759e-17 0)
(3 1.4695e-15 0)
(3 2.09472e-15 0)
(3 2.32366e-15 0)
(3 1.6073e-15 0)
(3 1.77148e-15 0)
(3 1.41615e-15 0)
(3 5.90256e-16 0)
(3 -1.30036e-15 0)
(3 -1.80244e-16 0)
(3 5.07821e-16 0)
(3 1.56324e-14 0)
(3 1.73507e-13 0)
(3 2.8584e-12 0)
(3 2.78218e-12 0)
(3 3.8328e-12 0)
(3 -8.47783e-11 0)
(3 -1.54009e-09 0)
(3 -9.67954e-09 0)
(3 -2.40826e-08 0)
(3 -8.10827e-08 0)
(3 -4.98955e-07 0)
(3 -2.38532e-07 0)
(3.00002 -5.55121e-05 0)
(3 -2.0216e-15 0)
(3 -1.70652e-15 0)
(3 -1.14021e-15 0)
(3 1.45582e-15 0)
(3 2.62619e-15 0)
(3 2.29321e-15 0)
(3 1.884e-15 0)
(3 2.34405e-16 0)
(3 -6.63532e-16 0)
(3 -5.2933e-16 0)
(3 -2.26197e-16 0)
(3 1.90805e-15 0)
(3 2.91866e-15 0)
(3 5.35917e-14 0)
(3 1.25186e-13 0)
(3 5.84503e-13 0)
(3 -1.60976e-13 0)
(3 2.72518e-13 0)
(3 -3.82305e-11 0)
(3 3.41205e-11 0)
(3 -7.38347e-10 0)
(3 -1.05055e-08 0)
(3 -4.59348e-08 0)
(3 -2.73314e-07 0)
(3 -3.91086e-15 0)
(3 -3.38596e-15 0)
(3 -2.97289e-15 0)
(3 -1.07384e-15 0)
(3 4.94273e-16 0)
(3 5.60425e-16 0)
(3 3.73388e-16 0)
(3 4.6456e-16 0)
(3 -5.2001e-17 0)
(3 -4.53237e-16 0)
(3 -7.95036e-16 0)
(3 -1.00383e-16 0)
(3 3.12655e-17 0)
(3 3.13288e-16 0)
(3 5.75702e-15 0)
(3 2.24629e-14 0)
(3 1.45651e-14 0)
(3 2.06158e-13 0)
(3 3.04023e-13 0)
(3 5.6595e-12 0)
(3 4.72252e-13 0)
(3 7.37722e-12 0)
(3 -1.92858e-09 0)
(3 4.19079e-09 0)
(3 -1.53878e-15 0)
(3 -1.21862e-15 0)
(3 -8.75825e-16 0)
(3 -5.71285e-16 0)
(3 -2.72776e-17 0)
(3 8.91531e-16 0)
(3 1.09322e-15 0)
(3 1.16141e-15 0)
(3 7.44984e-16 0)
(3 -8.98141e-16 0)
(3 -1.1488e-15 0)
(3 -6.29169e-16 0)
(3 -9.24944e-16 0)
(3 -6.90549e-16 0)
(3 2.37247e-15 0)
(3 5.0486e-15 0)
(3 5.01317e-15 0)
(3 2.50418e-14 0)
(3 6.44606e-14 0)
(3 2.22218e-13 0)
(3 9.6693e-14 0)
(3 5.2044e-13 0)
(3 -1.09927e-11 0)
(3 1.45051e-09 0)
(3 -8.6537e-16 0)
(3 -1.02595e-15 0)
(3 -5.67092e-16 0)
(3 -4.64538e-17 0)
(3 9.37564e-16 0)
(3 1.64374e-15 0)
(3 1.18699e-15 0)
(3 8.38037e-16 0)
(3 1.16828e-15 0)
(3 -5.04253e-16 0)
(3 -2.96923e-15 0)
(3 -3.64111e-15 0)
(3 -2.45687e-15 0)
(3 -1.11888e-15 0)
(3 2.42255e-15 0)
(3 3.52767e-15 0)
(3 1.63986e-15 0)
(3 -3.20624e-15 0)
(3 -8.76083e-16 0)
(3 -9.63786e-16 0)
(3 6.50597e-15 0)
(3 1.3254e-13 0)
(3 5.56922e-14 0)
(3 8.37848e-11 0)
(3 -2.09147e-15 0)
(3 -2.43431e-15 0)
(3 -1.66332e-15 0)
(3 -9.82543e-17 0)
(3 1.50586e-15 0)
(3 1.73162e-15 0)
(3 1.43856e-15 0)
(3 9.83892e-16 0)
(3 7.38951e-16 0)
(3 -2.12424e-16 0)
(3 -2.79672e-15 0)
(3 -4.97132e-15 0)
(3 -4.54347e-15 0)
(3 -1.70839e-15 0)
(3 5.97278e-16 0)
(3 -3.66666e-16 0)
(3 -2.83139e-15 0)
(3 -4.98713e-15 0)
(3 -5.58232e-15 0)
(3 -4.42775e-15 0)
(3 -9.91676e-15 0)
(3 -1.35943e-13 0)
(3 -5.89947e-14 0)
(3 -8.37908e-11 0)
(3 -4.3543e-16 0)
(3 -1.97576e-17 0)
(3 -5.20654e-16 0)
(3 -3.02957e-16 0)
(3 -1.58853e-16 0)
(3 5.61884e-16 0)
(3 1.69204e-15 0)
(3 1.58661e-15 0)
(3 7.08976e-17 0)
(3 -7.77177e-16 0)
(3 -2.08753e-15 0)
(3 -3.76525e-15 0)
(3 -3.79017e-15 0)
(3 -3.01607e-15 0)
(3 -2.07778e-15 0)
(3 -2.034e-15 0)
(3 -2.12228e-15 0)
(3 -1.80247e-14 0)
(3 -6.03925e-14 0)
(3 -2.20831e-13 0)
(3 -9.67671e-14 0)
(3 -5.21457e-13 0)
(3 1.09919e-11 0)
(3 -1.45052e-09 0)
(3 1.30691e-15 0)
(3 1.41398e-15 0)
(3 1.14378e-15 0)
(3 2.99158e-16 0)
(3 -9.90405e-16 0)
(3 -8.80735e-16 0)
(3 -4.6974e-16 0)
(3 -4.29022e-16 0)
(3 -1.91142e-17 0)
(3 -5.50677e-16 0)
(3 -7.55327e-16 0)
(3 2.83759e-16 0)
(3 1.74368e-15 0)
(3 1.27964e-15 0)
(3 -1.92062e-15 0)
(3 -1.49817e-14 0)
(3 -5.27797e-15 0)
(3 -1.94185e-13 0)
(3 -2.99511e-13 0)
(3 -5.65534e-12 0)
(3 -4.68247e-13 0)
(3 -7.37261e-12 0)
(3 1.92858e-09 0)
(3 -4.19079e-09 0)
(3 3.5696e-16 0)
(3 4.70342e-16 0)
(3 7.68417e-16 0)
(3 3.16096e-16 0)
(3 -1.82471e-15 0)
(3 -3.06899e-15 0)
(3 -1.66944e-15 0)
(3 -2.04009e-16 0)
(3 7.16648e-16 0)
(3 6.43794e-16 0)
(3 3.20351e-15 0)
(3 4.97554e-15 0)
(3 6.99171e-15 0)
(3 -3.82684e-14 0)
(3 -1.06654e-13 0)
(3 -5.77726e-13 0)
(3 1.64808e-13 0)
(3 -2.68659e-13 0)
(3 3.82351e-11 0)
(3 -3.41168e-11 0)
(3 7.38349e-10 0)
(3 1.05055e-08 0)
(3 4.59348e-08 0)
(3 2.73314e-07 0)
(3 -1.59659e-15 0)
(3 -3.88064e-16 0)
(3 5.07826e-16 0)
(3 6.97016e-16 0)
(3 -3.73005e-16 0)
(3 -1.04568e-15 0)
(3 -1.51337e-15 0)
(3 1.93232e-16 0)
(3 1.49375e-15 0)
(3 6.87888e-16 0)
(3 5.5305e-17 0)
(3 -1.51219e-14 0)
(3 -1.7379e-13 0)
(3 -2.86592e-12 0)
(3 -2.79111e-12 0)
(3 -3.84041e-12 0)
(3 8.47705e-11 0)
(3 1.54008e-09 0)
(3 9.67953e-09 0)
(3 2.40826e-08 0)
(3 8.10827e-08 0)
(3 4.98955e-07 0)
(3 2.38532e-07 0)
(3.00002 5.55121e-05 0)
(3 -1.39258e-15 0)
(3 -4.15213e-16 0)
(3 1.79006e-17 0)
(3 9.30404e-16 0)
(3 2.03115e-15 0)
(3 1.91251e-15 0)
(3 1.48854e-15 0)
(3 -4.29639e-15 0)
(3 -7.22876e-15 0)
(3 -2.16722e-14 0)
(3 -2.74419e-13 0)
(3 -1.63279e-12 0)
(3 -1.4119e-11 0)
(3 -1.26612e-11 0)
(3 -3.7629e-11 0)
(3 7.08035e-10 0)
(3 7.36908e-09 0)
(3 5.49681e-08 0)
(3 9.6996e-08 0)
(3 1.25136e-06 0)
(3 6.9245e-07 0)
(3 3.71635e-06 0)
(2.99997 -9.26209e-05 0)
(3.00011 0.000474677 0)
(3 3.8926e-16 0)
(3 -1.74783e-16 0)
(3 -3.36606e-16 0)
(3 -8.13704e-16 0)
(3 6.80027e-16 0)
(3 -4.47151e-15 0)
(3 -5.32217e-14 0)
(3 -1.49363e-13 0)
(3 -6.69727e-13 0)
(3 -1.85889e-12 0)
(3 -2.41216e-11 0)
(3 -1.62319e-11 0)
(3 -1.0527e-10 0)
(3 5.17751e-09 0)
(3 1.63946e-08 0)
(3 1.74148e-07 0)
(3 7.9375e-08 0)
(3 2.28828e-07 0)
(3 -2.31185e-07 0)
(3 7.4266e-06 0)
(2.99992 -0.000131565 0)
(2.99934 -0.00139894 0)
(2.99342 -0.0146485 0)
(2.98538 -0.0309559 0)
(3 1.93751e-15 0)
(3 1.36948e-15 0)
(3 2.12663e-15 0)
(3 -4.07447e-15 0)
(3 -1.48231e-13 0)
(3 -7.62756e-13 0)
(3 -1.96223e-12 0)
(3 -2.45727e-12 0)
(3 -1.58941e-11 0)
(3 -1.36903e-11 0)
(3 -2.08632e-10 0)
(3 1.82192e-09 0)
(3 2.60346e-08 0)
(3 4.38156e-07 0)
(3 1.65945e-06 0)
(3 2.20505e-06 0)
(3 -6.76946e-06 0)
(2.99997 -3.33607e-05 0)
(2.99943 -0.00107292 0)
(2.99646 -0.0068924 0)
(2.9807 -0.0385668 0)
(2.94702 -0.110135 0)
(2.86105 -0.294042 0)
(2.80995 -0.424074 0)
(3 4.93617e-15 0)
(3 -1.40039e-14 0)
(3 -1.41224e-13 0)
(3 -1.76336e-12 0)
(3 -7.54486e-12 0)
(3 -7.2325e-12 0)
(3 -8.1196e-12 0)
(3 -5.85848e-12 0)
(3 -1.29641e-10 0)
(3 2.26242e-10 0)
(3 4.53628e-08 0)
(3 3.66228e-07 0)
(3 4.2435e-06 0)
(3 3.17776e-06 0)
(3 1.86342e-05 0)
(2.99975 -0.000393905 0)
(2.99703 -0.00493008 0)
(2.9833 -0.0310386 0)
(2.94481 -0.103045 0)
(2.8808 -0.24248 0)
(2.79316 -0.419394 0)
(2.70197 -0.614118 0)
(2.68616 -0.705108 0)
(2.5898 -0.866296 0)
(3 -7.5918e-14 0)
(3 9.17187e-14 0)
(3 -7.5487e-12 0)
(3 -1.89905e-11 0)
(3 -3.0882e-11 0)
(3 4.93978e-10 0)
(3 2.10082e-10 0)
(3 9.41195e-10 0)
(3 1.41556e-08 0)
(3 3.68162e-07 0)
(3 6.71904e-06 0)
(3 5.06702e-06 0)
(3.00001 2.76085e-05 0)
(2.99925 -0.00103459 0)
(2.99052 -0.0151137 0)
(2.95417 -0.0719804 0)
(2.86613 -0.225329 0)
(2.78804 -0.392141 0)
(2.67821 -0.615895 0)
(2.67071 -0.688471 0)
(2.60013 -0.813323 0)
(2.60575 -0.834074 0)
(2.5916 -0.870119 0)
(2.59337 -0.899309 0)
(3 -4.89977e-12 0)
(3 2.11723e-11 0)
(3 1.71151e-11 0)
(3 3.35573e-10 0)
(3 1.10886e-09 0)
(3 4.55639e-08 0)
(3 9.19298e-08 0)
(3 2.84031e-07 0)
(3 6.45519e-06 0)
(3 5.94194e-06 0)
(3.00003 6.09857e-05 0)
(2.99885 -0.00153569 0)
(2.98278 -0.023536 0)
(2.90657 -0.13578 0)
(2.79168 -0.324034 0)
(2.6492 -0.569856 0)
(2.59541 -0.709715 0)
(2.54469 -0.83131 0)
(2.55496 -0.863736 0)
(2.55639 -0.883313 0)
(2.55284 -0.914832 0)
(2.55637 -0.922499 0)
(2.56775 -0.924426 0)
(2.58383 -0.931955 0)
(3 -6.81389e-11 0)
(3 -1.94023e-09 0)
(3 1.29092e-08 0)
(3 5.20624e-08 0)
(3 6.76279e-07 0)
(3 7.58836e-07 0)
(3 3.66731e-06 0)
(3 3.22359e-06 0)
(3.00003 7.22807e-05 0)
(2.99917 -0.00103074 0)
(2.98281 -0.0232104 0)
(2.88083 -0.16294 0)
(2.69837 -0.426429 0)
(2.58853 -0.635207 0)
(2.48103 -0.832123 0)
(2.49997 -0.835854 0)
(2.51743 -0.853593 0)
(2.529 -0.886562 0)
(2.5373 -0.888827 0)
(2.54955 -0.890611 0)
(2.56407 -0.895034 0)
(2.57431 -0.902157 0)
(2.58368 -0.905298 0)
(2.59455 -0.911434 0)
(3 6.37385e-08 0)
(3 -1.0471e-07 0)
(3 5.76754e-08 0)
(3 4.33588e-07 0)
(3.00001 8.27854e-06 0)
(2.99999 -2.14933e-05 0)
(3.00003 9.12516e-05 0)
(2.99933 -0.00108468 0)
(2.9884 -0.0199261 0)
(2.89539 -0.16413 0)
(2.71277 -0.469713 0)
(2.51147 -0.730998 0)
(2.39166 -0.889153 0)
(2.39358 -0.937031 0)
(2.4101 -0.942319 0)
(2.43589 -0.933677 0)
(2.47472 -0.922771 0)
(2.50098 -0.915871 0)
(2.51767 -0.908415 0)
(2.53687 -0.90495 0)
(2.56044 -0.899747 0)
(2.57666 -0.887989 0)
(2.58703 -0.88143 0)
(2.59931 -0.888004 0)
(3 1.37446e-06 0)
(2.99999 -7.14044e-06 0)
(2.99997 -7.40704e-05 0)
(2.99996 -2.59241e-05 0)
(2.99855 -0.0019736 0)
(2.99159 -0.0121659 0)
(2.96521 -0.0542049 0)
(2.90013 -0.170053 0)
(2.77186 -0.416004 0)
(2.5656 -0.715192 0)
(2.46075 -0.859859 0)
(2.35641 -0.918427 0)
(2.35812 -0.918823 0)
(2.38313 -0.910287 0)
(2.41707 -0.901019 0)
(2.44453 -0.899082 0)
(2.46889 -0.899956 0)
(2.4924 -0.894099 0)
(2.50638 -0.896214 0)
(2.51996 -0.897251 0)
(2.53736 -0.895477 0)
(2.55096 -0.887042 0)
(2.56276 -0.888688 0)
(2.57481 -0.895503 0)
(2.99897 -0.000980667 0)
(2.98945 -0.0120239 0)
(2.95997 -0.051299 0)
(2.90393 -0.130672 0)
(2.80138 -0.275019 0)
(2.68365 -0.460788 0)
(2.52634 -0.688658 0)
(2.39236 -0.896613 0)
(2.2186 -1.07437 0)
(2.15756 -1.09465 0)
(2.1641 -1.03889 0)
(2.21543 -0.994088 0)
(2.28174 -0.957601 0)
(2.35262 -0.925839 0)
(2.40251 -0.896326 0)
(2.43199 -0.876142 0)
(2.45882 -0.867525 0)
(2.47295 -0.867521 0)
(2.48503 -0.86865 0)
(2.49503 -0.873824 0)
(2.50887 -0.875723 0)
(2.51745 -0.881416 0)
(2.5266 -0.890654 0)
(2.54189 -0.904381 0)
(2.93427 -0.00761531 0)
(2.84497 -0.072481 0)
(2.7531 -0.154818 0)
(2.67529 -0.226719 0)
(2.57027 -0.356213 0)
(2.50194 -0.443967 0)
(2.42248 -0.5408 0)
(2.35102 -0.631559 0)
(2.30869 -0.720963 0)
(2.25469 -0.799583 0)
(2.2532 -0.855427 0)
(2.29931 -0.888007 0)
(2.34568 -0.909362 0)
(2.38845 -0.893324 0)
(2.40656 -0.900811 0)
(2.42555 -0.893908 0)
(2.44488 -0.894033 0)
(2.45152 -0.890625 0)
(2.45931 -0.888464 0)
(2.4675 -0.889107 0)
(2.47645 -0.88991 0)
(2.48771 -0.893597 0)
(2.50518 -0.896094 0)
(2.52784 -0.906278 0)
(2.60091 0.892068 0)
(2.69131 0.836322 0)
(2.79979 0.818951 0)
(2.88959 0.81058 0)
(2.96903 0.643621 0)
(3.071 0.466303 0)
(3.16092 0.3458 0)
(3.17875 0.201395 0)
(3.20279 0.0653906 0)
(3.23885 0.00218567 0)
(3.23054 -0.012539 0)
(3.18462 -0.0157692 0)
(3.15881 -0.0506444 0)
(3.18107 -0.0527502 0)
(3.15444 -0.0481964 0)
(3.14021 -0.0467382 0)
(3.12953 -0.03714 0)
(3.12516 -0.0319662 0)
(3.11844 -0.0302645 0)
(3.11415 -0.0311535 0)
(3.12275 -0.0333571 0)
(3.12754 -0.0365584 0)
(3.11573 -0.0438203 0)
(3.09706 -0.0446167 0)
(3.06355 -0.0395881 0)
(3.04577 -0.0258351 0)
(3.04039 -0.0135262 0)
(3.04375 -0.00495811 0)
(3.05795 -0.00135682 0)
(3.07128 -0.000446481 0)
(3.07268 0.00175792 0)
(3.07263 0.00460937 0)
(3.07489 0.00659479 0)
(3.07868 0.00684739 0)
(3.0784 0.00560167 0)
(3.07557 0.00460237 0)
(3.07281 0.00380313 0)
(3.0703 0.0028772 0)
(3.06604 0.00188793 0)
(3.05411 0.000637132 0)
(3.02899 -1.38706e-05 0)
(3.00512 -2.85326e-05 0)
(3.00012 -8.01924e-07 0)
(3 -3.91029e-09 0)
(3 -2.7935e-09 0)
(3 -2.69047e-09 0)
(3 -2.05915e-09 0)
(3 -9.0194e-10 0)
(3 -1.35312e-10 0)
(3 -2.85769e-12 0)
(3 -5.79183e-15 0)
(3 -2.42819e-15 0)
(3 -1.84854e-15 0)
(3 -5.92769e-16 0)
(3 -6.87337e-17 0)
(3 -6.68101e-16 0)
(3 -1.03874e-15 0)
(3 -1.54614e-15 0)
(3 -2.4797e-15 0)
(3 -2.20239e-15 0)
(3 -1.44922e-15 0)
(3 -1.1934e-15 0)
(3 -1.31763e-15 0)
(3 -1.51418e-15 0)
(3 -1.524e-15 0)
(3 -5.57749e-16 0)
(3 1.23786e-15 0)
(3 9.26939e-16 0)
(3 -1.2114e-16 0)
(3 -1.15259e-15 0)
(3 -1.83895e-15 0)
(3 -2.27841e-15 0)
(3 -1.6967e-15 0)
(3 -1.35386e-15 0)
(3 -1.19599e-15 0)
(3 -8.79901e-16 0)
(3 -5.40353e-16 0)
(3 -8.18988e-16 0)
(3 -1.751e-16 0)
(3 2.05874e-16 0)
(3 1.53049e-16 0)
(3 -6.72393e-16 0)
(3 4.05666e-16 0)
(3 1.25293e-15 0)
(3 2.2539e-15 0)
(3 2.25219e-15 0)
(3 9.24125e-16 0)
(3 5.33626e-16 0)
(3 -4.87447e-16 0)
(3 -1.21221e-15 0)
(3 -1.59518e-15 0)
(3 -8.65232e-16 0)
(3 -2.3257e-16 0)
(3 1.21066e-15 0)
(3 3.12003e-15 0)
(3 3.09593e-15 0)
(2.63711 0.858502 0)
(2.78005 0.733241 0)
(2.90313 0.562119 0)
(2.97808 0.377725 0)
(3.04756 0.186483 0)
(3.10394 0.0649555 0)
(3.13856 -0.0344214 0)
(3.15816 -0.124639 0)
(3.19533 -0.20496 0)
(3.2176 -0.207772 0)
(3.1856 -0.177074 0)
(3.1831 -0.135449 0)
(3.18389 -0.0863285 0)
(3.18504 -0.0443659 0)
(3.18162 -0.036748 0)
(3.17133 -0.0315322 0)
(3.15628 -0.0259919 0)
(3.14595 -0.0321831 0)
(3.14282 -0.0336761 0)
(3.14292 -0.01887 0)
(3.15059 0.00302674 0)
(3.14741 0.00742565 0)
(3.12733 0.000656767 0)
(3.09339 -0.0118052 0)
(3.05711 -0.0214653 0)
(3.03013 -0.0186024 0)
(3.01703 -0.00996312 0)
(3.01987 -0.00210314 0)
(3.03789 -0.0010212 0)
(3.05843 -0.00295848 0)
(3.06823 -0.00208215 0)
(3.07295 -0.000362538 0)
(3.07815 0.00235912 0)
(3.0829 0.00613547 0)
(3.08252 0.00827397 0)
(3.08047 0.00860573 0)
(3.07798 0.00889007 0)
(3.07493 0.00883552 0)
(3.06933 0.00822438 0)
(3.05692 0.00561378 0)
(3.03146 0.00224392 0)
(3.00585 0.000300428 0)
(3.00014 5.52154e-06 0)
(3 -4.90937e-09 0)
(3 -9.24639e-09 0)
(3 -8.65548e-09 0)
(3 -7.10594e-09 0)
(3 -3.73629e-09 0)
(3 -5.95888e-10 0)
(3 -1.13101e-11 0)
(3 -1.09894e-14 0)
(3 -1.87525e-15 0)
(3 -1.14562e-15 0)
(3 9.86516e-16 0)
(3 -6.97652e-16 0)
(3 -2.64111e-15 0)
(3 -3.33874e-15 0)
(3 -5.18803e-15 0)
(3 -5.5064e-15 0)
(3 -5.70722e-15 0)
(3 -4.70002e-15 0)
(3 -4.28287e-15 0)
(3 -4.51868e-15 0)
(3 -4.41832e-15 0)
(3 -4.17823e-15 0)
(3 -1.99733e-15 0)
(3 -3.63039e-17 0)
(3 2.37609e-16 0)
(3 -2.3485e-15 0)
(3 -5.40108e-15 0)
(3 -5.1759e-15 0)
(3 -4.46786e-15 0)
(3 -2.45084e-15 0)
(3 -2.04113e-15 0)
(3 -2.13262e-15 0)
(3 -1.88791e-15 0)
(3 -1.27635e-15 0)
(3 -7.10505e-16 0)
(3 -8.30182e-16 0)
(3 -7.92933e-16 0)
(3 -5.38105e-16 0)
(3 -4.78592e-19 0)
(3 2.11493e-15 0)
(3 4.24807e-15 0)
(3 4.57634e-15 0)
(3 3.98479e-15 0)
(3 2.90535e-15 0)
(3 1.83729e-15 0)
(3 -5.42349e-16 0)
(3 -1.83412e-15 0)
(3 -2.27746e-15 0)
(3 -4.66945e-16 0)
(3 1.81485e-15 0)
(3 4.49067e-15 0)
(3 5.23292e-15 0)
(3 5.94468e-15 0)
(2.59005 0.891337 0)
(2.63907 0.852876 0)
(2.6945 0.800848 0)
(2.80706 0.657616 0)
(2.89364 0.481733 0)
(2.90881 0.479373 0)
(2.92917 0.417445 0)
(3.02276 0.209677 0)
(3.05947 0.146117 0)
(3.06973 0.178999 0)
(3.10025 0.111962 0)
(3.1118 0.0431153 0)
(3.13061 0.0417973 0)
(3.1652 0.0245155 0)
(3.18653 -0.0155893 0)
(3.2031 -0.0469781 0)
(3.2178 -0.0604846 0)
(3.21934 -0.0798157 0)
(3.21563 -0.0957192 0)
(3.21761 -0.100484 0)
(3.2148 -0.105378 0)
(3.20191 -0.106265 0)
(3.17551 -0.10523 0)
(3.1306 -0.095203 0)
(3.07837 -0.0741766 0)
(3.04086 -0.0493596 0)
(3.0243 -0.0247544 0)
(3.02921 -0.0116152 0)
(3.04528 -0.00507089 0)
(3.05972 -0.00328899 0)
(3.06825 -0.00282249 0)
(3.07534 -0.000333184 0)
(3.08359 0.0056387 0)
(3.089 0.0108905 0)
(3.0882 0.0124169 0)
(3.08602 0.0131566 0)
(3.08255 0.014446 0)
(3.07672 0.0159589 0)
(3.06744 0.0165994 0)
(3.05204 0.0145251 0)
(3.02426 0.00693568 0)
(3.00333 0.000896751 0)
(3.00005 1.26682e-05 0)
(3 -9.2441e-09 0)
(3 -1.65361e-08 0)
(3 -1.58971e-08 0)
(3 -1.31231e-08 0)
(3 -5.85911e-09 0)
(3 -6.36066e-10 0)
(3 -6.43076e-12 0)
(3 -4.01704e-15 0)
(3 -1.20402e-15 0)
(3 -5.29139e-17 0)
(3 4.33809e-16 0)
(3 -5.39899e-16 0)
(3 -5.73252e-18 0)
(3 -1.4818e-15 0)
(3 -3.86166e-15 0)
(3 -4.58716e-15 0)
(3 -5.52152e-15 0)
(3 -4.77441e-15 0)
(3 -3.67275e-15 0)
(3 -4.62813e-15 0)
(3 -3.92709e-15 0)
(3 -1.50222e-15 0)
(3 2.99824e-16 0)
(3 4.81433e-16 0)
(3 -2.26508e-17 0)
(3 -1.94518e-15 0)
(3 -5.26785e-15 0)
(3 -6.0993e-15 0)
(3 -5.61203e-15 0)
(3 -4.17203e-15 0)
(3 -2.54791e-15 0)
(3 -2.79496e-15 0)
(3 -2.39347e-15 0)
(3 -1.21519e-15 0)
(3 -1.55868e-16 0)
(3 -3.75484e-16 0)
(3 -6.43427e-16 0)
(3 -1.01046e-15 0)
(3 -1.7288e-15 0)
(3 -1.59211e-15 0)
(3 -9.93244e-16 0)
(3 -1.22543e-15 0)
(3 -1.6483e-15 0)
(3 -1.07504e-15 0)
(3 2.92671e-16 0)
(3 -3.33902e-16 0)
(3 -1.64717e-15 0)
(3 -2.5933e-15 0)
(3 -2.07703e-15 0)
(3 -5.15096e-16 0)
(3 1.83287e-15 0)
(3 3.49595e-15 0)
(3 5.70668e-15 0)
(2.60827 0.889001 0)
(2.62773 0.875192 0)
(2.65858 0.847766 0)
(2.71583 0.795168 0)
(2.81732 0.657226 0)
(2.86299 0.573546 0)
(2.9087 0.52612 0)
(3.00798 0.347288 0)
(3.04122 0.249154 0)
(3.05942 0.25177 0)
(3.13275 0.159491 0)
(3.1573 0.0201543 0)
(3.16215 0.00841962 0)
(3.17626 0.0108536 0)
(3.22988 -0.0586713 0)
(3.25049 -0.125871 0)
(3.26539 -0.131333 0)
(3.27171 -0.12461 0)
(3.26567 -0.123953 0)
(3.25338 -0.13152 0)
(3.22712 -0.141618 0)
(3.20205 -0.143512 0)
(3.18932 -0.1419 0)
(3.15465 -0.125683 0)
(3.10389 -0.090578 0)
(3.05921 -0.0636867 0)
(3.04096 -0.0526184 0)
(3.04828 -0.0393912 0)
(3.06057 -0.0229116 0)
(3.06778 -0.00942793 0)
(3.07176 -0.000394493 0)
(3.07769 0.00624365 0)
(3.08881 0.010458 0)
(3.095 0.0141523 0)
(3.09289 0.0162977 0)
(3.08918 0.0178375 0)
(3.08475 0.0196124 0)
(3.07811 0.0212646 0)
(3.06553 0.0212573 0)
(3.0437 0.0158341 0)
(3.01414 0.00524481 0)
(3.00097 0.00033429 0)
(3.00001 1.60752e-06 0)
(3 -2.19306e-08 0)
(3 -2.21346e-08 0)
(3 -2.13162e-08 0)
(3 -1.58456e-08 0)
(3 -4.69943e-09 0)
(3 -2.29811e-10 0)
(3 -6.92422e-13 0)
(3 -1.84739e-15 0)
(3 -1.26714e-15 0)
(3 5.45783e-16 0)
(3 9.58125e-16 0)
(3 1.56025e-15 0)
(3 1.7224e-15 0)
(3 1.40303e-15 0)
(3 2.01315e-16 0)
(3 -1.02308e-15 0)
(3 -8.38619e-16 0)
(3 -7.85294e-16 0)
(3 -1.89526e-15 0)
(3 -1.60609e-15 0)
(3 1.57634e-16 0)
(3 1.20361e-15 0)
(3 6.59456e-16 0)
(3 -2.88298e-16 0)
(3 -1.91197e-15 0)
(3 -3.97741e-15 0)
(3 -5.16253e-15 0)
(3 -4.40599e-15 0)
(3 -3.99112e-15 0)
(3 -3.27655e-15 0)
(3 -1.91262e-15 0)
(3 -1.51329e-15 0)
(3 -1.42718e-15 0)
(3 8.59625e-16 0)
(3 1.90551e-15 0)
(3 1.72931e-15 0)
(3 7.58451e-16 0)
(3 -1.35512e-15 0)
(3 -3.49699e-15 0)
(3 -4.91573e-15 0)
(3 -4.43541e-15 0)
(3 -3.83162e-15 0)
(3 -4.32661e-15 0)
(3 -3.10482e-15 0)
(3 -2.07238e-15 0)
(3 -1.34169e-15 0)
(3 -1.16408e-15 0)
(3 -1.5905e-15 0)
(3 -1.7686e-15 0)
(3 -1.55635e-15 0)
(3 -5.2443e-16 0)
(3 2.79759e-15 0)
(3 5.75268e-15 0)
(2.60529 0.911639 0)
(2.61771 0.910431 0)
(2.65097 0.890225 0)
(2.69197 0.855302 0)
(2.72999 0.810322 0)
(2.82819 0.691456 0)
(2.88836 0.619699 0)
(2.93662 0.557171 0)
(3.02999 0.392307 0)
(3.06141 0.346448 0)
(3.08273 0.365121 0)
(3.16015 0.245746 0)
(3.19283 0.117937 0)
(3.21416 0.0911791 0)
(3.23916 0.066705 0)
(3.24476 0.0296986 0)
(3.24505 0.0187423 0)
(3.25485 -0.00119678 0)
(3.26213 -0.0483912 0)
(3.24449 -0.0806716 0)
(3.21224 -0.104108 0)
(3.19319 -0.118811 0)
(3.18447 -0.119908 0)
(3.16483 -0.112466 0)
(3.13634 -0.0918971 0)
(3.10379 -0.0775068 0)
(3.08956 -0.0700892 0)
(3.09083 -0.0527706 0)
(3.09169 -0.031222 0)
(3.08831 -0.0150078 0)
(3.08625 -0.00215535 0)
(3.08798 0.010597 0)
(3.09319 0.0224271 0)
(3.0935 0.0302726 0)
(3.08851 0.0320823 0)
(3.08386 0.033361 0)
(3.07956 0.0340685 0)
(3.07416 0.0334559 0)
(3.06105 0.0296565 0)
(3.03251 0.0161746 0)
(3.00557 0.00252313 0)
(3.00012 4.41313e-05 0)
(3 -3.38946e-09 0)
(3 -3.52942e-08 0)
(3 -3.39773e-08 0)
(3 -2.88545e-08 0)
(3 -1.38479e-08 0)
(3 -1.69844e-09 0)
(3 -2.05351e-11 0)
(3 -8.13873e-15 0)
(3 -1.385e-16 0)
(3 9.74553e-16 0)
(3 9.23774e-16 0)
(3 1.1698e-15 0)
(3 2.37883e-15 0)
(3 3.07185e-15 0)
(3 3.64562e-15 0)
(3 3.63061e-15 0)
(3 2.77064e-15 0)
(3 1.27719e-15 0)
(3 -3.72055e-17 0)
(3 -1.22117e-15 0)
(3 -4.74718e-16 0)
(3 1.937e-15 0)
(3 1.96993e-15 0)
(3 7.80398e-16 0)
(3 -1.11179e-15 0)
(3 -3.52198e-15 0)
(3 -4.38939e-15 0)
(3 -3.1076e-15 0)
(3 -2.40681e-15 0)
(3 -1.99686e-15 0)
(3 -1.43355e-15 0)
(3 -1.32037e-15 0)
(3 -7.99496e-16 0)
(3 -6.08763e-16 0)
(3 4.81643e-16 0)
(3 1.19955e-15 0)
(3 -2.88765e-16 0)
(3 -1.46119e-15 0)
(3 -2.87117e-15 0)
(3 -5.19126e-15 0)
(3 -6.32897e-15 0)
(3 -5.65981e-15 0)
(3 -4.73796e-15 0)
(3 -2.39459e-15 0)
(3 -2.19066e-15 0)
(3 -2.2742e-15 0)
(3 -4.58252e-16 0)
(3 8.80498e-16 0)
(3 1.15979e-15 0)
(3 1.53324e-15 0)
(3 1.71144e-15 0)
(3 1.69362e-15 0)
(3 2.93119e-15 0)
(3 3.57311e-15 0)
(2.59425 0.932369 0)
(2.60685 0.935113 0)
(2.62376 0.93477 0)
(2.65188 0.91588 0)
(2.69313 0.874238 0)
(2.73114 0.832657 0)
(2.82041 0.728828 0)
(2.8828 0.660349 0)
(2.90434 0.629491 0)
(2.99557 0.513019 0)
(3.05129 0.448764 0)
(3.11047 0.390696 0)
(3.15182 0.277638 0)
(3.15999 0.264344 0)
(3.17187 0.2397 0)
(3.24379 0.115988 0)
(3.25114 0.0362303 0)
(3.25983 0.0246831 0)
(3.26027 0.0138661 0)
(3.23334 -0.0390442 0)
(3.20218 -0.0937844 0)
(3.19798 -0.128023 0)
(3.1937 -0.146162 0)
(3.18487 -0.145182 0)
(3.17112 -0.133532 0)
(3.15335 -0.111066 0)
(3.13558 -0.0817594 0)
(3.12208 -0.0524232 0)
(3.11136 -0.0307333 0)
(3.10336 -0.0196681 0)
(3.10008 -0.0137836 0)
(3.10254 -0.00501912 0)
(3.10632 0.0131899 0)
(3.10217 0.0273653 0)
(3.09685 0.0335708 0)
(3.09152 0.0392944 0)
(3.08454 0.0437488 0)
(3.07189 0.0444841 0)
(3.04747 0.0321459 0)
(3.01395 0.00881083 0)
(3.00071 0.000375427 0)
(3 8.67404e-07 0)
(3 -5.13263e-08 0)
(3 -4.80853e-08 0)
(3 -4.06191e-08 0)
(3 -2.45179e-08 0)
(3 -5.35984e-09 0)
(3 -1.66661e-10 0)
(3 -2.55904e-13 0)
(3 4.52637e-15 0)
(3 3.95889e-15 0)
(3 1.02855e-15 0)
(3 -1.51761e-15 0)
(3 -4.02174e-16 0)
(3 1.81071e-15 0)
(3 4.08491e-15 0)
(3 5.96371e-15 0)
(3 6.1629e-15 0)
(3 3.76143e-15 0)
(3 1.60249e-15 0)
(3 4.65728e-16 0)
(3 1.72134e-16 0)
(3 3.87741e-16 0)
(3 1.12646e-15 0)
(3 7.80157e-16 0)
(3 4.82546e-16 0)
(3 -8.53482e-16 0)
(3 -1.60986e-15 0)
(3 -1.58841e-15 0)
(3 -1.63898e-15 0)
(3 -1.36806e-15 0)
(3 -1.23377e-15 0)
(3 -1.05072e-15 0)
(3 -1.14155e-15 0)
(3 -3.80202e-16 0)
(3 -3.91519e-16 0)
(3 2.15118e-16 0)
(3 2.22316e-16 0)
(3 -9.28614e-16 0)
(3 -2.07138e-15 0)
(3 -2.2201e-15 0)
(3 -2.99066e-15 0)
(3 -3.27636e-15 0)
(3 -3.31685e-15 0)
(3 -2.60137e-15 0)
(3 -2.84151e-15 0)
(3 -2.54969e-15 0)
(3 -1.09556e-15 0)
(3 1.64665e-15 0)
(3 3.80974e-15 0)
(3 4.54902e-15 0)
(3 4.39998e-15 0)
(3 4.59289e-15 0)
(3 4.21331e-15 0)
(3 2.90079e-15 0)
(3 1.35323e-15 0)
(2.59721 0.90544 0)
(2.6025 0.916487 0)
(2.60987 0.933247 0)
(2.62984 0.936919 0)
(2.65705 0.9218 0)
(2.69966 0.87866 0)
(2.75312 0.827869 0)
(2.831 0.74685 0)
(2.88001 0.692838 0)
(2.9343 0.628236 0)
(3.00498 0.536515 0)
(3.05693 0.479429 0)
(3.10633 0.394564 0)
(3.13087 0.33304 0)
(3.14753 0.320791 0)
(3.18293 0.258632 0)
(3.20188 0.171654 0)
(3.20675 0.143912 0)
(3.20512 0.125723 0)
(3.21303 0.0376406 0)
(3.19384 0.00474692 0)
(3.1848 -0.0100288 0)
(3.18202 -0.0131594 0)
(3.17763 -0.0121381 0)
(3.16894 -0.0062924 0)
(3.15634 -0.00461588 0)
(3.1415 -0.00521619 0)
(3.12651 0.000485227 0)
(3.11444 0.0128075 0)
(3.10596 0.0243161 0)
(3.10115 0.0332756 0)
(3.10273 0.0416373 0)
(3.11159 0.0505885 0)
(3.11099 0.0579773 0)
(3.10306 0.062466 0)
(3.09705 0.0649419 0)
(3.08822 0.0633413 0)
(3.06029 0.04781 0)
(3.01987 0.0157917 0)
(3.00137 0.000980561 0)
(3.00001 4.47362e-06 0)
(3 -5.79703e-08 0)
(3 -5.60959e-08 0)
(3 -4.97802e-08 0)
(3 -3.4639e-08 0)
(3 -1.09984e-08 0)
(3 -6.65291e-10 0)
(3 -2.73803e-12 0)
(3 6.80087e-15 0)
(3 8.1387e-15 0)
(3 6.2369e-15 0)
(3 3.23753e-16 0)
(3 -9.31648e-16 0)
(3 -5.49795e-16 0)
(3 1.38045e-15 0)
(3 4.99378e-15 0)
(3 6.6905e-15 0)
(3 6.63402e-15 0)
(3 4.45822e-15 0)
(3 1.67756e-15 0)
(3 1.07985e-15 0)
(3 7.29697e-16 0)
(3 1.12188e-15 0)
(3 1.24346e-15 0)
(3 6.30187e-16 0)
(3 -1.0245e-15 0)
(3 -1.36332e-15 0)
(3 -1.20236e-15 0)
(3 -7.63318e-16 0)
(3 -9.33204e-16 0)
(3 -7.21109e-16 0)
(3 -4.03732e-16 0)
(3 -7.92198e-17 0)
(3 8.44992e-17 0)
(3 1.08821e-15 0)
(3 1.3159e-15 0)
(3 1.31119e-15 0)
(3 4.16906e-16 0)
(3 -3.37297e-16 0)
(3 -1.10849e-15 0)
(3 -1.44174e-15 0)
(3 3.79678e-16 0)
(3 1.25161e-15 0)
(3 6.18939e-16 0)
(3 3.33635e-16 0)
(3 -9.10336e-16 0)
(3 -1.12192e-15 0)
(3 -1.13068e-16 0)
(3 2.50819e-15 0)
(3 4.93351e-15 0)
(3 5.3512e-15 0)
(3 5.64549e-15 0)
(3 3.16946e-15 0)
(3 2.92486e-15 0)
(3 1.551e-15 0)
(3 -1.5231e-15 0)
(2.59139 0.901759 0)
(2.60932 0.894075 0)
(2.6104 0.923511 0)
(2.61542 0.958899 0)
(2.63057 0.961964 0)
(2.6501 0.95073 0)
(2.69051 0.917957 0)
(2.74239 0.871244 0)
(2.80593 0.806172 0)
(2.87101 0.732079 0)
(2.93205 0.653469 0)
(2.98239 0.588592 0)
(3.02416 0.532302 0)
(3.06498 0.46081 0)
(3.09113 0.425189 0)
(3.12185 0.372346 0)
(3.14911 0.280239 0)
(3.15309 0.243161 0)
(3.15561 0.222049 0)
(3.16616 0.153774 0)
(3.1699 0.0992107 0)
(3.18052 0.0850027 0)
(3.18476 0.05639 0)
(3.1852 0.026248 0)
(3.18713 0.00628479 0)
(3.18472 -0.0139783 0)
(3.17644 -0.0245705 0)
(3.16041 -0.0156964 0)
(3.14364 0.00327027 0)
(3.13251 0.022524 0)
(3.12758 0.0429311 0)
(3.12711 0.0674647 0)
(3.12483 0.0872968 0)
(3.11871 0.0953142 0)
(3.11404 0.0959414 0)
(3.09771 0.0878682 0)
(3.06433 0.0624362 0)
(3.02185 0.0209881 0)
(3.00166 0.00142183 0)
(3.00001 7.47221e-06 0)
(3 -6.72566e-08 0)
(3 -6.66977e-08 0)
(3 -5.95042e-08 0)
(3 -4.3019e-08 0)
(3 -1.65674e-08 0)
(3 -1.52162e-09 0)
(3 -1.21018e-11 0)
(3 6.28508e-15 0)
(3 9.90921e-15 0)
(3 8.70608e-15 0)
(3 5.22894e-15 0)
(3 1.9956e-15 0)
(3 1.72015e-15 0)
(3 1.79725e-15 0)
(3 2.41152e-15 0)
(3 2.4601e-15 0)
(3 2.69028e-15 0)
(3 3.21089e-15 0)
(3 3.07828e-15 0)
(3 1.32299e-15 0)
(3 6.48529e-16 0)
(3 5.71414e-16 0)
(3 5.56244e-16 0)
(3 2.60325e-16 0)
(3 -4.372e-16 0)
(3 -1.71199e-15 0)
(3 -1.69983e-15 0)
(3 -1.57995e-15 0)
(3 -1.31735e-15 0)
(3 -3.58147e-16 0)
(3 -1.62489e-16 0)
(3 4.80412e-16 0)
(3 7.99549e-16 0)
(3 1.04995e-15 0)
(3 1.11481e-15 0)
(3 1.05905e-15 0)
(3 8.8415e-16 0)
(3 3.08017e-20 0)
(3 -7.39967e-16 0)
(3 -1.79544e-15 0)
(3 -1.3938e-15 0)
(3 1.05551e-15 0)
(3 3.08526e-15 0)
(3 2.76303e-15 0)
(3 1.79068e-15 0)
(3 2.01698e-16 0)
(3 -6.69306e-16 0)
(3 -5.14044e-16 0)
(3 5.93602e-16 0)
(3 2.43683e-15 0)
(3 3.79235e-15 0)
(3 3.21015e-15 0)
(3 1.20926e-15 0)
(3 2.69495e-16 0)
(3 -1.57413e-16 0)
(3 -1.16626e-15 0)
(2.70195 0.672024 0)
(2.68689 0.762433 0)
(2.60143 0.927358 0)
(2.61025 0.93684 0)
(2.62199 0.946367 0)
(2.64831 0.962828 0)
(2.66101 0.960943 0)
(2.68715 0.945704 0)
(2.73382 0.906195 0)
(2.79322 0.843562 0)
(2.85118 0.773733 0)
(2.90784 0.701011 0)
(2.95357 0.641142 0)
(2.99371 0.580521 0)
(3.03241 0.51795 0)
(3.05697 0.474863 0)
(3.08915 0.395346 0)
(3.10559 0.33836 0)
(3.11203 0.318075 0)
(3.13157 0.256695 0)
(3.14891 0.196751 0)
(3.1636 0.181445 0)
(3.17692 0.162016 0)
(3.17567 0.145849 0)
(3.17812 0.126038 0)
(3.18194 0.112556 0)
(3.17762 0.104433 0)
(3.16631 0.10361 0)
(3.15468 0.108947 0)
(3.14637 0.117964 0)
(3.14229 0.128984 0)
(3.13901 0.135912 0)
(3.13493 0.135079 0)
(3.12111 0.125277 0)
(3.09736 0.105968 0)
(3.06214 0.0696231 0)
(3.01972 0.021107 0)
(3.00133 0.00131027 0)
(3.00001 6.65688e-06 0)
(3 -6.14895e-08 0)
(3 -6.0383e-08 0)
(3 -5.56289e-08 0)
(3 -4.18088e-08 0)
(3 -1.73432e-08 0)
(3 -1.89529e-09 0)
(3 -2.09734e-11 0)
(3 2.97508e-15 0)
(3 1.06313e-14 0)
(3 8.40192e-15 0)
(3 5.41712e-15 0)
(3 4.77768e-15 0)
(3 4.48488e-15 0)
(3 3.36621e-15 0)
(3 2.62242e-15 0)
(3 2.09202e-15 0)
(3 3.99139e-16 0)
(3 -1.39771e-15 0)
(3 -1.65602e-15 0)
(3 -1.21725e-15 0)
(3 -1.23839e-15 0)
(3 -1.19535e-15 0)
(3 -1.02234e-15 0)
(3 -1.45504e-15 0)
(3 -1.49214e-15 0)
(3 -1.70183e-15 0)
(3 -1.40734e-15 0)
(3 -2.02178e-15 0)
(3 -6.32213e-16 0)
(3 -3.8011e-16 0)
(3 -6.17411e-16 0)
(3 -6.20493e-16 0)
(3 5.06732e-17 0)
(3 1.07392e-15 0)
(3 1.75123e-15 0)
(3 1.59208e-15 0)
(3 1.62502e-15 0)
(3 1.03689e-15 0)
(3 3.11872e-16 0)
(3 -1.1145e-15 0)
(3 -1.67042e-15 0)
(3 -8.07708e-16 0)
(3 4.28717e-16 0)
(3 2.19774e-15 0)
(3 3.34258e-15 0)
(3 3.25173e-15 0)
(3 2.30488e-15 0)
(3 -4.97333e-17 0)
(3 -8.14335e-16 0)
(3 -1.76022e-15 0)
(3 -1.17555e-16 0)
(3 -3.82762e-16 0)
(3 -1.41979e-15 0)
(3 -1.03707e-15 0)
(3 -9.46575e-16 0)
(3 -1.2189e-15 0)
(3 -1.00215e-15 0)
(2.9163 0.192455 0)
(2.84011 0.404671 0)
(2.70022 0.689763 0)
(2.70236 0.771764 0)
(2.6301 0.920443 0)
(2.64785 0.922996 0)
(2.6641 0.948569 0)
(2.67429 0.953713 0)
(2.69582 0.948981 0)
(2.73253 0.921024 0)
(2.77618 0.873769 0)
(2.8247 0.821938 0)
(2.87274 0.769791 0)
(2.92255 0.706201 0)
(2.96858 0.638634 0)
(3.00084 0.582337 0)
(3.02593 0.525457 0)
(3.06109 0.459671 0)
(3.08182 0.423696 0)
(3.09777 0.379791 0)
(3.12739 0.322875 0)
(3.14489 0.303099 0)
(3.16418 0.282644 0)
(3.16947 0.262609 0)
(3.17716 0.239643 0)
(3.186 0.220234 0)
(3.18171 0.207235 0)
(3.17135 0.203073 0)
(3.16391 0.202287 0)
(3.15708 0.198768 0)
(3.14626 0.187087 0)
(3.13297 0.169372 0)
(3.11639 0.14929 0)
(3.09194 0.11935 0)
(3.0535 0.0682755 0)
(3.01382 0.0167085 0)
(3.00071 0.000812418 0)
(3 3.20396e-06 0)
(3 -6.44176e-08 0)
(3 -6.46741e-08 0)
(3 -5.83164e-08 0)
(3 -4.08339e-08 0)
(3 -1.56628e-08 0)
(3 -1.62847e-09 0)
(3 -1.79961e-11 0)
(3 1.54701e-15 0)
(3 7.12591e-15 0)
(3 5.93398e-15 0)
(3 4.16563e-15 0)
(3 4.63934e-15 0)
(3 5.81729e-15 0)
(3 5.76634e-15 0)
(3 4.57677e-15 0)
(3 2.87217e-15 0)
(3 1.16341e-15 0)
(3 -7.1276e-16 0)
(3 -2.8725e-15 0)
(3 -4.53131e-15 0)
(3 -3.86885e-15 0)
(3 -2.90735e-15 0)
(3 -2.77822e-15 0)
(3 -2.31513e-15 0)
(3 -3.05641e-15 0)
(3 -2.5916e-15 0)
(3 -1.15248e-15 0)
(3 1.33581e-15 0)
(3 8.41084e-16 0)
(3 4.17628e-16 0)
(3 2.69961e-16 0)
(3 -1.97328e-17 0)
(3 6.51332e-16 0)
(3 1.17897e-15 0)
(3 1.68205e-15 0)
(3 2.86548e-15 0)
(3 3.30503e-15 0)
(3 3.50154e-15 0)
(3 2.46388e-15 0)
(3 9.47433e-16 0)
(3 -2.88346e-16 0)
(3 -2.47686e-16 0)
(3 5.88639e-16 0)
(3 1.26865e-15 0)
(3 1.50967e-15 0)
(3 1.52094e-15 0)
(3 1.3714e-15 0)
(3 2.07797e-15 0)
(3 -4.19114e-17 0)
(3 -2.26924e-15 0)
(3 -3.03092e-15 0)
(3 -2.17541e-15 0)
(3 -1.46765e-15 0)
(3 -1.59123e-15 0)
(3 -1.98547e-15 0)
(3 -3.17414e-15 0)
(3 -3.89739e-15 0)
(3 -3.33537e-15 0)
(2.99694 0.00803236 0)
(2.98164 0.0487894 0)
(2.92277 0.186469 0)
(2.85385 0.393476 0)
(2.79296 0.582898 0)
(2.6896 0.795897 0)
(2.70206 0.845348 0)
(2.68022 0.937978 0)
(2.6978 0.925208 0)
(2.71665 0.90783 0)
(2.74537 0.891888 0)
(2.77666 0.880077 0)
(2.82046 0.851881 0)
(2.86825 0.805361 0)
(2.9077 0.7608 0)
(2.9445 0.712436 0)
(2.98392 0.653313 0)
(3.02186 0.600884 0)
(3.05221 0.562032 0)
(3.07698 0.52138 0)
(3.1041 0.474592 0)
(3.12813 0.440305 0)
(3.14426 0.414686 0)
(3.1578 0.389247 0)
(3.16948 0.360549 0)
(3.17451 0.330174 0)
(3.1715 0.300344 0)
(3.16344 0.269807 0)
(3.15265 0.240415 0)
(3.14071 0.213746 0)
(3.12691 0.189487 0)
(3.10681 0.161042 0)
(3.07752 0.116285 0)
(3.03805 0.054403 0)
(3.00706 0.00961999 0)
(3.00023 0.000314805 0)
(3 8.0111e-07 0)
(3 -5.25727e-08 0)
(3 -5.25672e-08 0)
(3 -4.57813e-08 0)
(3 -2.9733e-08 0)
(3 -9.9691e-09 0)
(3 -8.75999e-10 0)
(3 -8.27628e-12 0)
(3 3.73355e-15 0)
(3 5.34176e-15 0)
(3 3.96497e-15 0)
(3 2.42964e-15 0)
(3 2.2139e-15 0)
(3 3.11634e-15 0)
(3 3.9555e-15 0)
(3 4.00759e-15 0)
(3 3.41642e-15 0)
(3 2.17572e-15 0)
(3 4.06947e-16 0)
(3 -1.70934e-15 0)
(3 -2.81558e-15 0)
(3 -3.8781e-15 0)
(3 -2.98559e-15 0)
(3 -1.42774e-15 0)
(3 -9.713e-16 0)
(3 -2.03388e-15 0)
(3 -2.03648e-15 0)
(3 -1.45923e-15 0)
(3 2.70842e-16 0)
(3 2.51474e-15 0)
(3 2.94178e-15 0)
(3 1.74451e-15 0)
(3 5.70252e-16 0)
(3 7.46693e-16 0)
(3 1.48514e-15 0)
(3 2.21892e-15 0)
(3 2.20285e-15 0)
(3 2.58068e-15 0)
(3 2.49918e-15 0)
(3 1.70108e-15 0)
(3 1.12655e-15 0)
(3 6.61425e-16 0)
(3 3.58442e-16 0)
(3 -1.06231e-16 0)
(3 -1.21436e-16 0)
(3 4.05954e-16 0)
(3 -4.22489e-16 0)
(3 -9.35839e-16 0)
(3 -9.72187e-16 0)
(3 -1.02728e-15 0)
(3 -3.29242e-15 0)
(3 -4.97538e-15 0)
(3 -4.03446e-15 0)
(3 -3.57092e-15 0)
(3 -3.46947e-15 0)
(3 -4.44707e-15 0)
(3 -5.41405e-15 0)
(3 -6.30501e-15 0)
(3 -6.61205e-15 0)
(3 -5.01302e-15 0)
(3 -5.10051e-06 0)
(2.99978 0.000666435 0)
(2.99733 0.00777764 0)
(2.98749 0.0379206 0)
(2.95472 0.134472 0)
(2.88968 0.306062 0)
(2.81689 0.520645 0)
(2.78091 0.677657 0)
(2.72448 0.82418 0)
(2.74137 0.824738 0)
(2.74873 0.862448 0)
(2.76815 0.859522 0)
(2.80257 0.839596 0)
(2.84345 0.809982 0)
(2.87934 0.784406 0)
(2.92038 0.750946 0)
(2.96179 0.711646 0)
(2.99651 0.673921 0)
(3.02753 0.638818 0)
(3.05714 0.600352 0)
(3.08384 0.557688 0)
(3.10568 0.516124 0)
(3.12347 0.476818 0)
(3.13795 0.437784 0)
(3.14805 0.396916 0)
(3.15186 0.355447 0)
(3.14926 0.315706 0)
(3.13989 0.280263 0)
(3.12534 0.245544 0)
(3.10775 0.207351 0)
(3.08499 0.158689 0)
(3.05417 0.094335 0)
(3.01933 0.0313873 0)
(3.00217 0.00350317 0)
(3.00004 6.97621e-05 0)
(3 7.43878e-08 0)
(3 -4.11006e-08 0)
(3 -4.14869e-08 0)
(3 -3.37723e-08 0)
(3 -1.84275e-08 0)
(3 -4.62751e-09 0)
(3 -2.81669e-10 0)
(3 -1.83386e-12 0)
(3 8.32919e-15 0)
(3 7.18359e-15 0)
(3 4.25595e-15 0)
(3 2.09967e-15 0)
(3 1.89327e-15 0)
(3 1.16817e-15 0)
(3 -5.39723e-16 0)
(3 -4.4718e-16 0)
(3 8.38721e-16 0)
(3 1.9355e-15 0)
(3 2.3475e-15 0)
(3 1.23756e-15 0)
(3 -5.34494e-16 0)
(3 -1.76275e-15 0)
(3 -1.56807e-15 0)
(3 -1.09434e-15 0)
(3 -8.14338e-16 0)
(3 -1.06756e-15 0)
(3 -1.28883e-15 0)
(3 -1.05752e-15 0)
(3 1.03573e-15 0)
(3 2.85824e-15 0)
(3 3.83699e-15 0)
(3 4.19736e-15 0)
(3 3.11433e-15 0)
(3 2.08924e-15 0)
(3 2.11466e-15 0)
(3 2.18173e-15 0)
(3 2.95853e-15 0)
(3 3.64664e-15 0)
(3 1.98934e-15 0)
(3 7.453e-16 0)
(3 -7.72167e-16 0)
(3 -1.19162e-15 0)
(3 -2.82179e-16 0)
(3 -1.37157e-16 0)
(3 -5.3704e-17 0)
(3 -6.50181e-16 0)
(3 -2.37583e-15 0)
(3 -3.13244e-15 0)
(3 -4.07405e-15 0)
(3 -4.88373e-15 0)
(3 -5.57386e-15 0)
(3 -4.74384e-15 0)
(3 -3.59659e-15 0)
(3 -2.3052e-15 0)
(3 -2.27692e-15 0)
(3 -4.20796e-15 0)
(3 -6.0109e-15 0)
(3 -7.21733e-15 0)
(3 -8.2613e-15 0)
(3 -8.16639e-15 0)
(3 -5.74323e-15 0)
(3 -4.32968e-06 0)
(3 -3.27898e-06 0)
(2.99999 2.87913e-05 0)
(2.99989 0.000395917 0)
(2.9989 0.00364324 0)
(2.99322 0.0213476 0)
(2.97495 0.0774037 0)
(2.93341 0.206454 0)
(2.8793 0.376362 0)
(2.83777 0.524974 0)
(2.7953 0.659995 0)
(2.79206 0.723043 0)
(2.80633 0.775092 0)
(2.8432 0.761711 0)
(2.87748 0.741467 0)
(2.91383 0.716998 0)
(2.94941 0.694963 0)
(2.98461 0.660672 0)
(3.01258 0.623803 0)
(3.03878 0.587307 0)
(3.06406 0.548085 0)
(3.08539 0.5081 0)
(3.10271 0.468973 0)
(3.1153 0.429313 0)
(3.12058 0.387479 0)
(3.11839 0.342568 0)
(3.10883 0.294337 0)
(3.09466 0.241664 0)
(3.07721 0.183156 0)
(3.05366 0.116815 0)
(3.02563 0.0511372 0)
(3.00567 0.0108545 0)
(3.00035 0.000697734 0)
(3 7.4972e-06 0)
(3 -1.75771e-08 0)
(3 -2.77051e-08 0)
(3 -2.71206e-08 0)
(3 -1.91595e-08 0)
(3 -8.16332e-09 0)
(3 -1.38077e-09 0)
(3 -5.04077e-11 0)
(3 -1.84682e-13 0)
(3 5.70721e-15 0)
(3 5.10844e-15 0)
(3 3.49319e-15 0)
(3 1.08108e-15 0)
(3 -3.96183e-16 0)
(3 1.63543e-15 0)
(3 2.4165e-15 0)
(3 2.32029e-15 0)
(3 2.069e-15 0)
(3 2.97636e-15 0)
(3 2.89191e-15 0)
(3 2.59502e-15 0)
(3 6.21475e-16 0)
(3 -1.01917e-15 0)
(3 -6.68646e-16 0)
(3 3.81873e-16 0)
(3 3.53899e-16 0)
(3 -4.55504e-16 0)
(3 -9.14206e-16 0)
(3 -1.89388e-16 0)
(3 4.43669e-16 0)
(3 1.80723e-15 0)
(3 1.81008e-15 0)
(3 3.49223e-15 0)
(3 4.65832e-15 0)
(3 5.76302e-15 0)
(3 5.04832e-15 0)
(3 4.04616e-15 0)
(3 3.45452e-15 0)
(3 3.44714e-15 0)
(3 3.15249e-15 0)
(3 1.19083e-15 0)
(3 1.23224e-15 0)
(3 6.43937e-16 0)
(3 1.30638e-16 0)
(3 5.12448e-16 0)
(3 9.83916e-16 0)
(3 1.82957e-15 0)
(3 5.20867e-16 0)
(3 -1.63993e-15 0)
(3 -4.05144e-15 0)
(3 -7.09389e-15 0)
(3 -7.74171e-15 0)
(3 -7.0466e-15 0)
(3 -3.09618e-15 0)
(3 -6.97879e-16 0)
(3 -1.30265e-15 0)
(3 -2.93375e-15 0)
(3 -3.14236e-15 0)
(3 -3.05594e-15 0)
(3 -3.13786e-15 0)
(3 -3.18988e-15 0)
(3 -3.74361e-15 0)
(3 -2.73043e-15 0)
(3 -4.0974e-07 0)
(3 -9.00939e-07 0)
(3 -5.28142e-07 0)
(3 -1.60375e-08 0)
(3 8.54502e-06 0)
(2.99996 0.000140021 0)
(2.99965 0.0012711 0)
(2.9976 0.00809002 0)
(2.98996 0.033587 0)
(2.97224 0.0927763 0)
(2.93483 0.206871 0)
(2.8963 0.345659 0)
(2.87827 0.462541 0)
(2.87466 0.543885 0)
(2.88947 0.58067 0)
(2.9069 0.618746 0)
(2.95257 0.601162 0)
(2.97221 0.586448 0)
(2.99526 0.563456 0)
(3.0181 0.534245 0)
(3.03886 0.498835 0)
(3.05491 0.458652 0)
(3.06518 0.41427 0)
(3.07009 0.364462 0)
(3.07002 0.307709 0)
(3.06367 0.243746 0)
(3.05204 0.175314 0)
(3.0368 0.108269 0)
(3.01969 0.05099 0)
(3.00614 0.0145998 0)
(3.00077 0.00181441 0)
(3.00002 6.27318e-05 0)
(3 3.32739e-07 0)
(3 -1.4097e-08 0)
(3 -1.6701e-08 0)
(3 -1.49552e-08 0)
(3 -8.60324e-09 0)
(3 -2.54321e-09 0)
(3 -2.47794e-10 0)
(3 -4.59143e-12 0)
(3 -6.96989e-16 0)
(3 5.44227e-15 0)
(3 4.69266e-15 0)
(3 2.88882e-15 0)
(3 -2.19714e-16 0)
(3 -6.88894e-16 0)
(3 -8.05722e-16 0)
(3 4.71979e-16 0)
(3 3.08451e-15 0)
(3 4.4417e-15 0)
(3 3.6845e-15 0)
(3 2.79358e-15 0)
(3 1.04451e-15 0)
(3 -4.89542e-16 0)
(3 -1.86734e-15 0)
(3 -8.64618e-16 0)
(3 -3.62215e-16 0)
(3 2.02636e-16 0)
(3 8.41856e-16 0)
(3 6.44014e-16 0)
(3 4.34539e-18 0)
(3 3.87179e-16 0)
(3 1.49383e-15 0)
(3 1.72126e-15 0)
(3 1.3612e-15 0)
(3 1.55404e-15 0)
(3 4.21696e-15 0)
(3 6.46635e-15 0)
(3 7.18391e-15 0)
(3 6.7407e-15 0)
(3 5.70244e-15 0)
(3 4.43769e-15 0)
(3 1.44385e-15 0)
(3 3.07031e-17 0)
(3 4.04694e-16 0)
(3 1.89695e-15 0)
(3 3.71763e-15 0)
(3 3.41666e-15 0)
(3 3.021e-15 0)
(3 1.91784e-15 0)
(3 1.16033e-15 0)
(3 -2.17241e-15 0)
(3 -3.32795e-15 0)
(3 -3.9174e-15 0)
(3 -3.76402e-15 0)
(3 -2.61125e-15 0)
(3 1.14562e-16 0)
(3 1.27551e-15 0)
(3 3.16159e-16 0)
(3 -6.41877e-16 0)
(3 -2.44718e-17 0)
(3 -1.28292e-16 0)
(3 6.95772e-16 0)
(3 1.85316e-15 0)
(3 2.36017e-15 0)
(3 1.97099e-15 0)
(3 -7.72434e-10 0)
(3 -2.67811e-08 0)
(3 -1.03854e-07 0)
(3 -1.25822e-07 0)
(3 -1.17333e-07 0)
(3 -2.77108e-08 0)
(3 1.56497e-06 0)
(2.99999 2.74757e-05 0)
(2.99993 0.000280542 0)
(2.99949 0.00184899 0)
(2.99725 0.00937053 0)
(2.99078 0.0320335 0)
(2.97906 0.0782288 0)
(2.96554 0.142155 0)
(2.95547 0.21365 0)
(2.95228 0.27943 0)
(2.9635 0.321423 0)
(2.98172 0.334235 0)
(2.98948 0.329745 0)
(3.00026 0.317379 0)
(3.01154 0.292176 0)
(3.02021 0.255227 0)
(3.02455 0.209819 0)
(3.02442 0.159203 0)
(3.02042 0.107765 0)
(3.01418 0.0621698 0)
(3.00774 0.0285339 0)
(3.00287 0.0091548 0)
(3.00055 0.00163034 0)
(3.00004 0.000114713 0)
(3 2.0577e-06 0)
(3 3.62712e-10 0)
(3 -7.53301e-09 0)
(3 -8.47478e-09 0)
(3 -6.57808e-09 0)
(3 -2.88212e-09 0)
(3 -5.29087e-10 0)
(3 -2.59887e-11 0)
(3 -2.03424e-13 0)
(3 8.31587e-15 0)
(3 7.45742e-15 0)
(3 3.69644e-15 0)
(3 1.16616e-15 0)
(3 -4.85908e-16 0)
(3 -1.0449e-15 0)
(3 -1.42425e-15 0)
(3 -1.39541e-15 0)
(3 -1.08242e-15 0)
(3 5.51677e-16 0)
(3 4.0438e-16 0)
(3 4.19558e-16 0)
(3 4.33143e-16 0)
(3 -1.09362e-15 0)
(3 -3.98864e-15 0)
(3 -3.99327e-15 0)
(3 -1.16354e-15 0)
(3 7.8673e-16 0)
(3 1.09595e-15 0)
(3 -1.68463e-16 0)
(3 -1.60189e-16 0)
(3 7.19736e-16 0)
(3 1.57992e-15 0)
(3 1.45937e-15 0)
(3 1.76823e-15 0)
(3 2.23505e-15 0)
(3 2.65123e-15 0)
(3 3.37986e-15 0)
(3 5.49768e-15 0)
(3 7.32765e-15 0)
(3 8.27153e-15 0)
(3 6.00759e-15 0)
(3 3.54609e-15 0)
(3 1.10903e-15 0)
(3 1.58137e-16 0)
(3 -1.72765e-16 0)
(3 8.21053e-16 0)
(3 1.18122e-15 0)
(3 2.03207e-15 0)
(3 1.62745e-15 0)
(3 1.36191e-15 0)
(3 2.03931e-16 0)
(3 -1.40654e-16 0)
(3 5.8037e-16 0)
(3 1.17952e-15 0)
(3 2.24814e-15 0)
(3 2.69717e-15 0)
(3 2.3495e-15 0)
(3 1.59613e-15 0)
(3 1.14673e-15 0)
(3 2.45518e-15 0)
(3 3.19203e-15 0)
(3 2.97341e-15 0)
(3 4.92571e-15 0)
(3 6.84971e-15 0)
(3 7.91365e-15 0)
(3 6.91377e-15 0)
(3 1.2945e-10 0)
(3 2.42135e-11 0)
(3 -3.81997e-09 0)
(3 -2.36229e-08 0)
(3 -3.56432e-08 0)
(3 -2.50993e-08 0)
(3 -1.69263e-08 0)
(3 -5.30492e-09 0)
(3 1.59358e-07 0)
(3 2.9581e-06 0)
(2.99999 3.7446e-05 0)
(2.99991 0.000287672 0)
(2.99957 0.00142126 0)
(2.99859 0.00480537 0)
(2.99655 0.0122444 0)
(2.99371 0.0242227 0)
(2.9918 0.0372649 0)
(2.99271 0.0476522 0)
(2.99442 0.050246 0)
(2.99547 0.0489705 0)
(2.99771 0.0438544 0)
(3.00004 0.0346143 0)
(3.00129 0.0235248 0)
(3.00139 0.0133657 0)
(3.00091 0.00607898 0)
(3.0004 0.00206353 0)
(3.00011 0.000456066 0)
(3.00001 5.14009e-05 0)
(3 2.07895e-06 0)
(3 1.89963e-08 0)
(3 -1.39532e-09 0)
(3 -2.43851e-09 0)
(3 -2.72216e-09 0)
(3 -1.74931e-09 0)
(3 -5.88544e-10 0)
(3 -6.17995e-11 0)
(3 -1.42686e-12 0)
(3 -5.13602e-15 0)
(3 1.98629e-16 0)
(3 1.87337e-15 0)
(3 8.56991e-16 0)
(3 -1.56603e-15 0)
(3 -1.77279e-15 0)
(3 -1.88368e-15 0)
(3 -9.36249e-16 0)
(3 -8.87373e-16 0)
(3 -3.55245e-16 0)
(3 -5.66737e-16 0)
(3 -8.77775e-16 0)
(3 -1.92515e-15 0)
(3 -3.87835e-15 0)
(3 -4.14076e-15 0)
(3 -5.33237e-15 0)
(3 -7.17319e-15 0)
(3 -4.38469e-15 0)
(3 -2.11005e-15 0)
(3 1.95162e-15 0)
(3 2.80547e-15 0)
(3 1.06979e-15 0)
(3 -2.19132e-16 0)
(3 -7.31669e-16 0)
(3 6.80776e-18 0)
(3 7.2631e-16 0)
(3 2.06333e-15 0)
(3 2.5479e-15 0)
(3 2.5603e-15 0)
(3 2.67205e-15 0)
(3 3.67595e-15 0)
(3 5.19845e-15 0)
(3 5.88376e-15 0)
(3 5.77276e-15 0)
(3 2.81629e-15 0)
(3 7.60482e-16 0)
(3 -2.26522e-16 0)
(3 -3.31061e-16 0)
(3 -1.63419e-15 0)
(3 -2.38555e-15 0)
(3 -1.77306e-15 0)
(3 -9.67838e-16 0)
(3 8.2259e-17 0)
(3 2.41914e-15 0)
(3 4.10827e-15 0)
(3 4.16947e-15 0)
(3 4.37113e-15 0)
(3 4.81313e-15 0)
(3 5.59954e-15 0)
(3 4.99493e-15 0)
(3 2.3477e-15 0)
(3 9.72767e-16 0)
(3 2.55743e-15 0)
(3 3.3326e-15 0)
(3 5.8501e-15 0)
(3 7.04403e-15 0)
(3 8.69589e-15 0)
(3 9.78395e-15 0)
(3 8.12514e-15 0)
(3 -1.29453e-10 0)
(3 -2.42142e-11 0)
(3 3.81993e-09 0)
(3 2.36232e-08 0)
(3 3.56429e-08 0)
(3 2.50994e-08 0)
(3 1.69263e-08 0)
(3 5.30433e-09 0)
(3 -1.59358e-07 0)
(3 -2.9581e-06 0)
(2.99999 -3.7446e-05 0)
(2.99991 -0.000287672 0)
(2.99957 -0.00142126 0)
(2.99859 -0.00480537 0)
(2.99655 -0.0122444 0)
(2.99371 -0.0242227 0)
(2.9918 -0.0372649 0)
(2.99271 -0.0476522 0)
(2.99442 -0.050246 0)
(2.99547 -0.0489705 0)
(2.99771 -0.0438544 0)
(3.00004 -0.0346143 0)
(3.00129 -0.0235248 0)
(3.00139 -0.0133657 0)
(3.00091 -0.00607898 0)
(3.0004 -0.00206352 0)
(3.00011 -0.000456066 0)
(3.00001 -5.14009e-05 0)
(3 -2.07917e-06 0)
(3 -1.92761e-08 0)
(3 1.20177e-09 0)
(3 2.33497e-09 0)
(3 2.59227e-09 0)
(3 1.66671e-09 0)
(3 5.88622e-10 0)
(3 6.82272e-11 0)
(3 1.59409e-12 0)
(3 2.20045e-15 0)
(3 -2.6773e-15 0)
(3 -4.70857e-15 0)
(3 -5.34282e-15 0)
(3 -5.48968e-15 0)
(3 -5.43327e-15 0)
(3 -3.40047e-15 0)
(3 -2.26397e-16 0)
(3 1.40401e-15 0)
(3 1.70764e-15 0)
(3 1.21764e-15 0)
(3 -9.79615e-16 0)
(3 -2.76666e-15 0)
(3 -5.55643e-15 0)
(3 -6.55958e-15 0)
(3 -5.68828e-15 0)
(3 -4.14993e-15 0)
(3 -6.37514e-16 0)
(3 8.09814e-16 0)
(3 2.94236e-15 0)
(3 2.7845e-15 0)
(3 2.6211e-15 0)
(3 1.19696e-15 0)
(3 -5.31539e-16 0)
(3 -9.72828e-16 0)
(3 -2.38789e-16 0)
(3 2.00226e-15 0)
(3 2.12906e-15 0)
(3 1.85928e-15 0)
(3 2.10428e-15 0)
(3 2.45166e-15 0)
(3 2.67869e-15 0)
(3 2.57145e-15 0)
(3 1.56181e-15 0)
(3 9.49023e-16 0)
(3 -1.11307e-16 0)
(3 -2.38151e-15 0)
(3 -2.84317e-15 0)
(3 -3.27364e-15 0)
(3 -3.53833e-15 0)
(3 -3.54469e-15 0)
(3 -2.66649e-15 0)
(3 9.80236e-16 0)
(3 4.85828e-15 0)
(3 5.86324e-15 0)
(3 6.24172e-15 0)
(3 6.77435e-15 0)
(3 7.1102e-15 0)
(3 6.97212e-15 0)
(3 5.49993e-15 0)
(3 3.83951e-15 0)
(3 2.58235e-15 0)
(3 2.46203e-15 0)
(3 2.8357e-15 0)
(3 3.45522e-15 0)
(3 5.67918e-15 0)
(3 6.57823e-15 0)
(3 7.38948e-15 0)
(3 7.60875e-15 0)
(3 7.72432e-10 0)
(3 2.67811e-08 0)
(3 1.03854e-07 0)
(3 1.25822e-07 0)
(3 1.17333e-07 0)
(3 2.77108e-08 0)
(3 -1.56497e-06 0)
(2.99999 -2.74757e-05 0)
(2.99993 -0.000280542 0)
(2.99949 -0.00184899 0)
(2.99725 -0.00937053 0)
(2.99078 -0.0320335 0)
(2.97906 -0.0782288 0)
(2.96554 -0.142155 0)
(2.95547 -0.21365 0)
(2.95228 -0.27943 0)
(2.9635 -0.321423 0)
(2.98172 -0.334235 0)
(2.98948 -0.329745 0)
(3.00026 -0.317379 0)
(3.01154 -0.292176 0)
(3.02021 -0.255227 0)
(3.02455 -0.209819 0)
(3.02442 -0.159203 0)
(3.02042 -0.107765 0)
(3.01418 -0.0621698 0)
(3.00774 -0.0285339 0)
(3.00287 -0.0091548 0)
(3.00055 -0.00163034 0)
(3.00004 -0.000114713 0)
(3 -2.05747e-06 0)
(3 -2.86272e-10 0)
(3 7.60364e-09 0)
(3 8.50883e-09 0)
(3 6.58913e-09 0)
(3 2.88893e-09 0)
(3 5.30885e-10 0)
(3 2.60263e-11 0)
(3 1.97869e-13 0)
(3 -6.58222e-15 0)
(3 -6.53669e-15 0)
(3 -5.34627e-15 0)
(3 -5.68153e-15 0)
(3 -3.84632e-15 0)
(3 4.02994e-16 0)
(3 4.22834e-15 0)
(3 4.22626e-15 0)
(3 2.64162e-15 0)
(3 1.02751e-15 0)
(3 -1.41464e-15 0)
(3 -2.34953e-15 0)
(3 -2.90919e-15 0)
(3 -2.44771e-15 0)
(3 -5.89947e-16 0)
(3 7.92936e-16 0)
(3 9.85439e-16 0)
(3 5.6834e-16 0)
(3 9.04741e-16 0)
(3 9.56446e-16 0)
(3 8.80883e-16 0)
(3 -4.38812e-16 0)
(3 -1.04786e-15 0)
(3 3.72434e-17 0)
(3 1.49374e-16 0)
(3 6.25941e-16 0)
(3 1.58745e-15 0)
(3 1.92326e-15 0)
(3 2.01542e-15 0)
(3 1.46079e-15 0)
(3 3.78014e-16 0)
(3 -6.35865e-16 0)
(3 -1.23267e-15 0)
(3 -1.63089e-15 0)
(3 -2.67527e-15 0)
(3 -3.21965e-15 0)
(3 -4.49213e-15 0)
(3 -4.89959e-15 0)
(3 -3.78327e-15 0)
(3 -2.1605e-15 0)
(3 1.54525e-15 0)
(3 3.1897e-15 0)
(3 3.0331e-15 0)
(3 3.61399e-15 0)
(3 4.54127e-15 0)
(3 4.90312e-15 0)
(3 5.39172e-15 0)
(3 5.30078e-15 0)
(3 4.12249e-15 0)
(3 3.18634e-15 0)
(3 2.74578e-15 0)
(3 2.99291e-15 0)
(3 2.26704e-15 0)
(3 2.14907e-15 0)
(3 2.04885e-15 0)
(3 2.42365e-15 0)
(3 3.98193e-15 0)
(3 4.0974e-07 0)
(3 9.00939e-07 0)
(3 5.28142e-07 0)
(3 1.60376e-08 0)
(3 -8.54502e-06 0)
(2.99996 -0.000140021 0)
(2.99965 -0.0012711 0)
(2.9976 -0.00809002 0)
(2.98996 -0.033587 0)
(2.97224 -0.0927763 0)
(2.93483 -0.206871 0)
(2.8963 -0.345659 0)
(2.87827 -0.462541 0)
(2.87466 -0.543885 0)
(2.88947 -0.58067 0)
(2.9069 -0.618746 0)
(2.95257 -0.601162 0)
(2.97221 -0.586448 0)
(2.99526 -0.563456 0)
(3.0181 -0.534245 0)
(3.03886 -0.498835 0)
(3.05491 -0.458652 0)
(3.06518 -0.41427 0)
(3.07009 -0.364462 0)
(3.07002 -0.307709 0)
(3.06367 -0.243746 0)
(3.05204 -0.175314 0)
(3.0368 -0.108269 0)
(3.01969 -0.05099 0)
(3.00614 -0.0145998 0)
(3.00077 -0.00181441 0)
(3.00002 -6.27318e-05 0)
(3 -3.32732e-07 0)
(3 1.4099e-08 0)
(3 1.67017e-08 0)
(3 1.49552e-08 0)
(3 8.60342e-09 0)
(3 2.54328e-09 0)
(3 2.47791e-10 0)
(3 4.59604e-12 0)
(3 2.3473e-15 0)
(3 -4.09083e-15 0)
(3 -3.36017e-15 0)
(3 -2.12422e-15 0)
(3 -1.55954e-15 0)
(3 1.40814e-15 0)
(3 3.91365e-15 0)
(3 3.73831e-15 0)
(3 2.10773e-15 0)
(3 -1.85881e-16 0)
(3 -3.63723e-16 0)
(3 -7.09826e-16 0)
(3 3.31432e-17 0)
(3 5.03051e-16 0)
(3 5.68652e-16 0)
(3 -1.23617e-15 0)
(3 -2.10529e-15 0)
(3 -2.01282e-15 0)
(3 -1.56816e-16 0)
(3 1.04477e-15 0)
(3 2.6405e-16 0)
(3 -4.1015e-16 0)
(3 -1.69402e-15 0)
(3 -2.38076e-15 0)
(3 -1.77302e-15 0)
(3 -3.15323e-16 0)
(3 3.16924e-16 0)
(3 1.15929e-15 0)
(3 1.3245e-15 0)
(3 -3.29914e-17 0)
(3 -8.5058e-16 0)
(3 -1.66115e-15 0)
(3 -1.28806e-15 0)
(3 -3.04152e-15 0)
(3 -4.57727e-15 0)
(3 -4.49901e-15 0)
(3 -4.1291e-15 0)
(3 -2.99875e-15 0)
(3 -8.68541e-16 0)
(3 8.38077e-16 0)
(3 1.31025e-15 0)
(3 7.59856e-16 0)
(3 5.45112e-16 0)
(3 1.48512e-15 0)
(3 1.65156e-15 0)
(3 3.43713e-15 0)
(3 4.36756e-15 0)
(3 4.26303e-15 0)
(3 3.85468e-15 0)
(3 1.99992e-15 0)
(3 1.85901e-15 0)
(3 1.49231e-16 0)
(3 -1.18421e-15 0)
(3 5.41721e-16 0)
(3 2.16392e-15 0)
(3 2.10682e-15 0)
(3 4.32968e-06 0)
(3 3.27898e-06 0)
(2.99999 -2.87913e-05 0)
(2.99989 -0.000395917 0)
(2.9989 -0.00364324 0)
(2.99322 -0.0213476 0)
(2.97495 -0.0774037 0)
(2.93341 -0.206454 0)
(2.8793 -0.376362 0)
(2.83777 -0.524974 0)
(2.7953 -0.659995 0)
(2.79206 -0.723043 0)
(2.80633 -0.775092 0)
(2.8432 -0.761711 0)
(2.87748 -0.741467 0)
(2.91383 -0.716998 0)
(2.94941 -0.694963 0)
(2.98461 -0.660672 0)
(3.01258 -0.623803 0)
(3.03878 -0.587307 0)
(3.06406 -0.548085 0)
(3.08539 -0.5081 0)
(3.10271 -0.468973 0)
(3.1153 -0.429313 0)
(3.12058 -0.387479 0)
(3.11839 -0.342568 0)
(3.10883 -0.294337 0)
(3.09466 -0.241664 0)
(3.07721 -0.183156 0)
(3.05366 -0.116815 0)
(3.02563 -0.0511372 0)
(3.00567 -0.0108545 0)
(3.00035 -0.000697734 0)
(3 -7.4972e-06 0)
(3 1.75772e-08 0)
(3 2.77051e-08 0)
(3 2.71205e-08 0)
(3 1.91595e-08 0)
(3 8.16333e-09 0)
(3 1.38076e-09 0)
(3 5.04057e-11 0)
(3 1.85524e-13 0)
(3 -3.15715e-15 0)
(3 -3.27691e-15 0)
(3 -1.70185e-15 0)
(3 8.98271e-16 0)
(3 2.68531e-15 0)
(3 3.00364e-15 0)
(3 2.18794e-15 0)
(3 -7.35055e-16 0)
(3 -1.29135e-15 0)
(3 6.67108e-16 0)
(3 7.85261e-16 0)
(3 4.71175e-16 0)
(3 -9.74589e-16 0)
(3 -2.26657e-15 0)
(3 -2.56871e-15 0)
(3 -2.09873e-15 0)
(3 -5.83695e-16 0)
(3 1.01853e-15 0)
(3 9.29839e-16 0)
(3 -1.30741e-16 0)
(3 -2.15837e-15 0)
(3 -3.48389e-15 0)
(3 -3.52547e-15 0)
(3 -2.15984e-15 0)
(3 -1.54359e-15 0)
(3 -1.4058e-15 0)
(3 -8.07071e-16 0)
(3 -1.57964e-15 0)
(3 -2.13999e-15 0)
(3 -1.70348e-15 0)
(3 -1.51881e-15 0)
(3 -1.53858e-15 0)
(3 -2.07097e-15 0)
(3 -2.73134e-15 0)
(3 -2.33542e-15 0)
(3 -1.29291e-15 0)
(3 -4.77573e-16 0)
(3 -2.87374e-17 0)
(3 1.68776e-15 0)
(3 2.66054e-15 0)
(3 2.64197e-15 0)
(3 2.31896e-15 0)
(3 1.81093e-15 0)
(3 7.92579e-16 0)
(3 8.75107e-16 0)
(3 1.90073e-15 0)
(3 2.0467e-15 0)
(3 1.54339e-15 0)
(3 -1.08789e-16 0)
(3 -3.14337e-15 0)
(3 -4.27992e-15 0)
(3 -3.74411e-15 0)
(3 -1.87197e-15 0)
(3 -1.24491e-15 0)
(3 5.10051e-06 0)
(2.99978 -0.000666435 0)
(2.99733 -0.00777764 0)
(2.98749 -0.0379206 0)
(2.95472 -0.134472 0)
(2.88968 -0.306062 0)
(2.81689 -0.520645 0)
(2.78091 -0.677657 0)
(2.72448 -0.82418 0)
(2.74137 -0.824738 0)
(2.74873 -0.862448 0)
(2.76815 -0.859522 0)
(2.80257 -0.839596 0)
(2.84345 -0.809982 0)
(2.87934 -0.784406 0)
(2.92038 -0.750946 0)
(2.96179 -0.711646 0)
(2.99651 -0.673921 0)
(3.02753 -0.638818 0)
(3.05714 -0.600352 0)
(3.08384 -0.557688 0)
(3.10568 -0.516124 0)
(3.12347 -0.476818 0)
(3.13795 -0.437784 0)
(3.14805 -0.396916 0)
(3.15186 -0.355447 0)
(3.14926 -0.315706 0)
(3.13989 -0.280263 0)
(3.12534 -0.245544 0)
(3.10775 -0.207351 0)
(3.08499 -0.158689 0)
(3.05417 -0.094335 0)
(3.01933 -0.0313873 0)
(3.00217 -0.00350317 0)
(3.00004 -6.9762e-05 0)
(3 -7.43879e-08 0)
(3 4.11006e-08 0)
(3 4.14869e-08 0)
(3 3.37723e-08 0)
(3 1.84275e-08 0)
(3 4.6275e-09 0)
(3 2.81666e-10 0)
(3 1.83779e-12 0)
(3 -2.55983e-15 0)
(3 -3.65836e-15 0)
(3 -2.93732e-15 0)
(3 -1.59871e-15 0)
(3 -1.08977e-15 0)
(3 -2.33419e-15 0)
(3 -3.33287e-15 0)
(3 -1.8682e-15 0)
(3 3.4045e-16 0)
(3 1.05541e-15 0)
(3 4.36294e-16 0)
(3 -1.03122e-15 0)
(3 -1.35291e-15 0)
(3 -1.02119e-15 0)
(3 -2.53237e-16 0)
(3 -1.93164e-16 0)
(3 1.41931e-15 0)
(3 1.51004e-15 0)
(3 1.27896e-16 0)
(3 -1.97241e-15 0)
(3 -3.83498e-15 0)
(3 -4.53189e-15 0)
(3 -2.86259e-15 0)
(3 -2.21391e-15 0)
(3 -2.29523e-15 0)
(3 -3.18495e-15 0)
(3 -2.81015e-15 0)
(3 -2.54103e-15 0)
(3 -1.08184e-15 0)
(3 -5.83296e-16 0)
(3 6.73868e-17 0)
(3 2.07784e-16 0)
(3 5.51556e-16 0)
(3 5.22537e-16 0)
(3 -3.12638e-16 0)
(3 -1.7756e-15 0)
(3 -2.62893e-15 0)
(3 -1.97027e-16 0)
(3 1.2473e-15 0)
(3 2.12535e-15 0)
(3 2.24564e-15 0)
(3 8.72769e-16 0)
(3 -1.91378e-15 0)
(3 -2.97557e-15 0)
(3 -6.7958e-16 0)
(3 1.40867e-15 0)
(3 1.1538e-15 0)
(3 -7.7355e-16 0)
(3 -2.82729e-15 0)
(3 -4.27939e-15 0)
(3 -6.02506e-15 0)
(3 -6.13132e-15 0)
(3 -4.73728e-15 0)
(2.99694 -0.00803236 0)
(2.98164 -0.0487894 0)
(2.92277 -0.186469 0)
(2.85385 -0.393476 0)
(2.79296 -0.582898 0)
(2.6896 -0.795897 0)
(2.70206 -0.845348 0)
(2.68022 -0.937978 0)
(2.6978 -0.925208 0)
(2.71665 -0.90783 0)
(2.74537 -0.891888 0)
(2.77666 -0.880077 0)
(2.82046 -0.851881 0)
(2.86825 -0.805361 0)
(2.9077 -0.7608 0)
(2.9445 -0.712436 0)
(2.98392 -0.653313 0)
(3.02186 -0.600884 0)
(3.05221 -0.562032 0)
(3.07698 -0.52138 0)
(3.1041 -0.474592 0)
(3.12813 -0.440305 0)
(3.14426 -0.414686 0)
(3.1578 -0.389247 0)
(3.16948 -0.360549 0)
(3.17451 -0.330174 0)
(3.1715 -0.300344 0)
(3.16344 -0.269807 0)
(3.15265 -0.240415 0)
(3.14071 -0.213746 0)
(3.12691 -0.189487 0)
(3.10681 -0.161042 0)
(3.07752 -0.116285 0)
(3.03805 -0.054403 0)
(3.00706 -0.00961999 0)
(3.00023 -0.000314805 0)
(3 -8.0111e-07 0)
(3 5.25727e-08 0)
(3 5.25672e-08 0)
(3 4.57813e-08 0)
(3 2.97329e-08 0)
(3 9.96909e-09 0)
(3 8.76006e-10 0)
(3 8.27461e-12 0)
(3 -3.63317e-15 0)
(3 -5.39466e-15 0)
(3 -3.10064e-15 0)
(3 -1.91723e-15 0)
(3 -3.28099e-15 0)
(3 -3.77884e-15 0)
(3 -1.70827e-15 0)
(3 -1.167e-15 0)
(3 -3.49497e-16 0)
(3 -1.16401e-16 0)
(3 -1.54517e-16 0)
(3 4.99058e-16 0)
(3 1.06214e-15 0)
(3 1.09136e-15 0)
(3 9.01168e-16 0)
(3 1.67541e-15 0)
(3 2.15859e-15 0)
(3 2.08614e-15 0)
(3 1.95207e-15 0)
(3 5.29461e-16 0)
(3 -3.1699e-15 0)
(3 -3.79769e-15 0)
(3 -3.9241e-15 0)
(3 -2.91395e-15 0)
(3 -1.52892e-15 0)
(3 -2.6711e-16 0)
(3 4.62153e-16 0)
(3 1.30587e-15 0)
(3 9.46377e-16 0)
(3 5.32103e-16 0)
(3 6.02767e-16 0)
(3 1.59776e-15 0)
(3 1.3283e-15 0)
(3 3.6554e-17 0)
(3 -2.58216e-15 0)
(3 -4.88242e-15 0)
(3 -3.92595e-15 0)
(3 -2.77313e-15 0)
(3 -2.65214e-15 0)
(3 -2.87053e-15 0)
(3 -3.19866e-15 0)
(3 -3.87289e-15 0)
(3 -3.8577e-15 0)
(3 -1.68004e-15 0)
(3 -9.71558e-16 0)
(3 -7.63304e-17 0)
(3 -2.2583e-16 0)
(3 -2.79077e-16 0)
(3 -1.15473e-15 0)
(3 -3.30181e-15 0)
(3 -6.23224e-15 0)
(3 -6.8146e-15 0)
(2.9163 -0.192455 0)
(2.84011 -0.404671 0)
(2.70022 -0.689763 0)
(2.70236 -0.771764 0)
(2.6301 -0.920443 0)
(2.64785 -0.922996 0)
(2.6641 -0.948569 0)
(2.67429 -0.953713 0)
(2.69582 -0.948981 0)
(2.73253 -0.921024 0)
(2.77618 -0.873769 0)
(2.8247 -0.821938 0)
(2.87274 -0.769791 0)
(2.92255 -0.706201 0)
(2.96858 -0.638634 0)
(3.00084 -0.582337 0)
(3.02593 -0.525457 0)
(3.06109 -0.459671 0)
(3.08182 -0.423696 0)
(3.09777 -0.379791 0)
(3.12739 -0.322875 0)
(3.14489 -0.303099 0)
(3.16418 -0.282644 0)
(3.16947 -0.262609 0)
(3.17716 -0.239643 0)
(3.186 -0.220234 0)
(3.18171 -0.207235 0)
(3.17135 -0.203073 0)
(3.16391 -0.202287 0)
(3.15708 -0.198768 0)
(3.14626 -0.187087 0)
(3.13297 -0.169372 0)
(3.11639 -0.14929 0)
(3.09194 -0.11935 0)
(3.0535 -0.0682755 0)
(3.01382 -0.0167085 0)
(3.00071 -0.000812418 0)
(3 -3.20396e-06 0)
(3 6.44176e-08 0)
(3 6.46741e-08 0)
(3 5.83164e-08 0)
(3 4.08339e-08 0)
(3 1.56627e-08 0)
(3 1.62847e-09 0)
(3 1.80078e-11 0)
(3 6.49461e-15 0)
(3 -3.63494e-15 0)
(3 -3.46049e-15 0)
(3 -3.22775e-15 0)
(3 -2.87719e-15 0)
(3 -1.62598e-15 0)
(3 -1.15812e-15 0)
(3 -1.75337e-15 0)
(3 -8.76252e-16 0)
(3 3.633e-17 0)
(3 1.93507e-15 0)
(3 2.21312e-15 0)
(3 1.92208e-15 0)
(3 1.801e-15 0)
(3 1.79736e-15 0)
(3 2.59102e-15 0)
(3 3.68516e-15 0)
(3 4.81944e-15 0)
(3 4.06602e-15 0)
(3 1.16051e-15 0)
(3 -1.05585e-15 0)
(3 -2.00675e-15 0)
(3 -2.69285e-15 0)
(3 -1.2343e-15 0)
(3 2.6393e-16 0)
(3 5.8343e-16 0)
(3 5.96762e-16 0)
(3 3.57196e-16 0)
(3 8.71007e-16 0)
(3 1.78036e-15 0)
(3 1.96901e-15 0)
(3 7.90237e-16 0)
(3 3.37466e-16 0)
(3 -5.06063e-16 0)
(3 -2.82459e-15 0)
(3 -3.89396e-15 0)
(3 -3.80891e-15 0)
(3 -4.131e-15 0)
(3 -4.06346e-15 0)
(3 -3.63816e-15 0)
(3 -3.00305e-15 0)
(3 -1.97443e-15 0)
(3 -2.1226e-15 0)
(3 -2.59099e-15 0)
(3 -1.53158e-15 0)
(3 -3.81758e-16 0)
(3 8.40791e-16 0)
(3 -3.54388e-16 0)
(3 -1.52048e-15 0)
(3 -3.76578e-15 0)
(3 -5.34605e-15 0)
(2.70195 -0.672024 0)
(2.68689 -0.762433 0)
(2.60143 -0.927358 0)
(2.61025 -0.93684 0)
(2.62199 -0.946367 0)
(2.64831 -0.962828 0)
(2.66101 -0.960943 0)
(2.68715 -0.945704 0)
(2.73382 -0.906195 0)
(2.79322 -0.843562 0)
(2.85118 -0.773733 0)
(2.90784 -0.701011 0)
(2.95357 -0.641142 0)
(2.99371 -0.580521 0)
(3.03241 -0.51795 0)
(3.05697 -0.474863 0)
(3.08915 -0.395346 0)
(3.10559 -0.33836 0)
(3.11203 -0.318075 0)
(3.13157 -0.256695 0)
(3.14891 -0.196751 0)
(3.1636 -0.181445 0)
(3.17692 -0.162016 0)
(3.17567 -0.145849 0)
(3.17812 -0.126038 0)
(3.18194 -0.112556 0)
(3.17762 -0.104433 0)
(3.16631 -0.10361 0)
(3.15468 -0.108947 0)
(3.14637 -0.117964 0)
(3.14229 -0.128984 0)
(3.13901 -0.135912 0)
(3.13493 -0.135079 0)
(3.12111 -0.125277 0)
(3.09736 -0.105968 0)
(3.06214 -0.0696231 0)
(3.01972 -0.021107 0)
(3.00133 -0.00131027 0)
(3.00001 -6.65688e-06 0)
(3 6.14895e-08 0)
(3 6.0383e-08 0)
(3 5.56289e-08 0)
(3 4.18088e-08 0)
(3 1.73432e-08 0)
(3 1.8953e-09 0)
(3 2.09786e-11 0)
(3 -1.09413e-15 0)
(3 -4.57466e-15 0)
(3 -3.17223e-15 0)
(3 -1.22878e-15 0)
(3 -5.10229e-16 0)
(3 -2.28686e-16 0)
(3 -2.77236e-16 0)
(3 -7.08125e-17 0)
(3 1.38882e-15 0)
(3 3.1066e-15 0)
(3 3.21318e-15 0)
(3 3.19077e-15 0)
(3 3.37885e-15 0)
(3 3.61867e-15 0)
(3 4.47736e-15 0)
(3 4.58923e-15 0)
(3 4.14921e-15 0)
(3 4.03512e-15 0)
(3 3.3668e-15 0)
(3 1.00694e-15 0)
(3 -3.91869e-16 0)
(3 -4.33841e-16 0)
(3 2.00184e-16 0)
(3 8.08539e-16 0)
(3 6.45237e-16 0)
(3 8.07848e-17 0)
(3 3.05624e-16 0)
(3 -1.39535e-16 0)
(3 7.42175e-17 0)
(3 1.09212e-15 0)
(3 1.4604e-15 0)
(3 1.45983e-15 0)
(3 8.46931e-16 0)
(3 6.27697e-16 0)
(3 -8.64038e-16 0)
(3 -3.01295e-15 0)
(3 -4.18338e-15 0)
(3 -4.51818e-15 0)
(3 -4.11425e-15 0)
(3 -2.47516e-15 0)
(3 -2.82561e-15 0)
(3 -3.87939e-15 0)
(3 -3.944e-15 0)
(3 -3.40628e-15 0)
(3 -9.78234e-16 0)
(3 -8.16254e-16 0)
(3 -3.2045e-16 0)
(3 3.38404e-16 0)
(3 -1.25489e-15 0)
(3 -3.04618e-15 0)
(2.59139 -0.901759 0)
(2.60932 -0.894075 0)
(2.6104 -0.923511 0)
(2.61542 -0.958899 0)
(2.63057 -0.961964 0)
(2.6501 -0.95073 0)
(2.69051 -0.917957 0)
(2.74239 -0.871244 0)
(2.80593 -0.806172 0)
(2.87101 -0.732079 0)
(2.93205 -0.653469 0)
(2.98239 -0.588592 0)
(3.02416 -0.532302 0)
(3.06498 -0.46081 0)
(3.09113 -0.425189 0)
(3.12185 -0.372346 0)
(3.14911 -0.280239 0)
(3.15309 -0.243161 0)
(3.15561 -0.222049 0)
(3.16616 -0.153774 0)
(3.1699 -0.0992107 0)
(3.18052 -0.0850027 0)
(3.18476 -0.05639 0)
(3.1852 -0.026248 0)
(3.18713 -0.00628479 0)
(3.18472 0.0139783 0)
(3.17644 0.0245705 0)
(3.16041 0.0156964 0)
(3.14364 -0.00327027 0)
(3.13251 -0.022524 0)
(3.12758 -0.0429311 0)
(3.12711 -0.0674647 0)
(3.12483 -0.0872968 0)
(3.11871 -0.0953142 0)
(3.11404 -0.0959414 0)
(3.09771 -0.0878682 0)
(3.06433 -0.0624362 0)
(3.02185 -0.0209881 0)
(3.00166 -0.00142183 0)
(3.00001 -7.47221e-06 0)
(3 6.72566e-08 0)
(3 6.66977e-08 0)
(3 5.95042e-08 0)
(3 4.30189e-08 0)
(3 1.65673e-08 0)
(3 1.52162e-09 0)
(3 1.2094e-11 0)
(3 -4.89007e-15 0)
(3 -3.52561e-15 0)
(3 -9.72068e-16 0)
(3 1.34038e-15 0)
(3 1.67992e-15 0)
(3 2.37924e-15 0)
(3 2.23941e-15 0)
(3 1.77127e-15 0)
(3 1.66895e-15 0)
(3 2.72294e-15 0)
(3 3.41037e-15 0)
(3 3.8509e-15 0)
(3 3.91924e-15 0)
(3 3.53333e-15 0)
(3 3.79313e-15 0)
(3 3.10786e-15 0)
(3 2.52048e-15 0)
(3 1.29715e-15 0)
(3 6.16091e-16 0)
(3 6.24868e-16 0)
(3 8.96219e-16 0)
(3 1.29839e-15 0)
(3 6.85483e-16 0)
(3 -1.41055e-16 0)
(3 3.75607e-16 0)
(3 1.3068e-15 0)
(3 5.48964e-17 0)
(3 -2.48889e-16 0)
(3 -2.42792e-16 0)
(3 1.27938e-15 0)
(3 1.8781e-15 0)
(3 1.69184e-15 0)
(3 1.72294e-15 0)
(3 1.68197e-15 0)
(3 -6.37839e-16 0)
(3 -1.67526e-15 0)
(3 -3.17237e-15 0)
(3 -4.2384e-15 0)
(3 -4.27109e-15 0)
(3 -4.2571e-15 0)
(3 -4.39111e-15 0)
(3 -2.89218e-15 0)
(3 -1.44817e-15 0)
(3 -1.69559e-15 0)
(3 -1.69556e-15 0)
(3 -1.19275e-15 0)
(3 -7.95979e-16 0)
(3 -2.14374e-15 0)
(3 -3.71412e-15 0)
(2.59721 -0.90544 0)
(2.6025 -0.916487 0)
(2.60987 -0.933247 0)
(2.62984 -0.936919 0)
(2.65705 -0.9218 0)
(2.69966 -0.87866 0)
(2.75312 -0.827869 0)
(2.831 -0.74685 0)
(2.88001 -0.692838 0)
(2.9343 -0.628236 0)
(3.00498 -0.536515 0)
(3.05693 -0.479429 0)
(3.10633 -0.394564 0)
(3.13087 -0.33304 0)
(3.14753 -0.320791 0)
(3.18293 -0.258632 0)
(3.20188 -0.171654 0)
(3.20675 -0.143912 0)
(3.20512 -0.125723 0)
(3.21303 -0.0376406 0)
(3.19384 -0.00474692 0)
(3.1848 0.0100288 0)
(3.18202 0.0131594 0)
(3.17763 0.0121381 0)
(3.16894 0.0062924 0)
(3.15634 0.00461588 0)
(3.1415 0.00521619 0)
(3.12651 -0.000485226 0)
(3.11444 -0.0128075 0)
(3.10596 -0.0243161 0)
(3.10115 -0.0332756 0)
(3.10273 -0.0416373 0)
(3.11159 -0.0505885 0)
(3.11099 -0.0579773 0)
(3.10306 -0.062466 0)
(3.09705 -0.0649419 0)
(3.08822 -0.0633413 0)
(3.06029 -0.04781 0)
(3.01987 -0.0157917 0)
(3.00137 -0.000980561 0)
(3.00001 -4.47362e-06 0)
(3 5.79703e-08 0)
(3 5.60959e-08 0)
(3 4.97802e-08 0)
(3 3.46391e-08 0)
(3 1.09984e-08 0)
(3 6.65279e-10 0)
(3 2.73406e-12 0)
(3 -7.13883e-15 0)
(3 -5.46616e-15 0)
(3 -2.49749e-15 0)
(3 2.05766e-15 0)
(3 5.67848e-15 0)
(3 5.51437e-15 0)
(3 3.81371e-15 0)
(3 1.55621e-15 0)
(3 1.82316e-16 0)
(3 -2.96301e-17 0)
(3 6.35847e-16 0)
(3 4.70596e-16 0)
(3 9.79556e-16 0)
(3 2.17958e-15 0)
(3 1.59555e-15 0)
(3 1.40355e-15 0)
(3 1.81358e-16 0)
(3 -2.84384e-16 0)
(3 1.38877e-16 0)
(3 6.67048e-16 0)
(3 -7.36084e-17 0)
(3 -3.65031e-16 0)
(3 1.05988e-15 0)
(3 1.45889e-15 0)
(3 2.00962e-15 0)
(3 2.10843e-15 0)
(3 9.99893e-16 0)
(3 4.31447e-16 0)
(3 1.22238e-15 0)
(3 1.46013e-15 0)
(3 1.15435e-15 0)
(3 1.17518e-15 0)
(3 1.43074e-15 0)
(3 9.69922e-16 0)
(3 3.71042e-16 0)
(3 -1.46573e-15 0)
(3 -1.98343e-15 0)
(3 -1.9865e-15 0)
(3 -1.21916e-15 0)
(3 -4.46718e-16 0)
(3 -1.13037e-16 0)
(3 -6.13803e-16 0)
(3 -1.04515e-15 0)
(3 -1.03243e-15 0)
(3 -1.3574e-15 0)
(3 -2.7602e-15 0)
(3 -3.81866e-15 0)
(3 -2.80566e-15 0)
(2.59425 -0.932369 0)
(2.60685 -0.935113 0)
(2.62376 -0.93477 0)
(2.65188 -0.91588 0)
(2.69313 -0.874238 0)
(2.73114 -0.832657 0)
(2.82041 -0.728828 0)
(2.8828 -0.660349 0)
(2.90434 -0.629491 0)
(2.99557 -0.513019 0)
(3.05129 -0.448764 0)
(3.11047 -0.390696 0)
(3.15182 -0.277638 0)
(3.15999 -0.264344 0)
(3.17187 -0.2397 0)
(3.24379 -0.115988 0)
(3.25114 -0.0362303 0)
(3.25983 -0.0246831 0)
(3.26027 -0.0138661 0)
(3.23334 0.0390443 0)
(3.20218 0.0937844 0)
(3.19798 0.128023 0)
(3.1937 0.146162 0)
(3.18487 0.145182 0)
(3.17112 0.133532 0)
(3.15335 0.111066 0)
(3.13558 0.0817594 0)
(3.12208 0.0524232 0)
(3.11136 0.0307333 0)
(3.10336 0.0196681 0)
(3.10008 0.0137836 0)
(3.10254 0.00501912 0)
(3.10632 -0.0131899 0)
(3.10217 -0.0273653 0)
(3.09685 -0.0335708 0)
(3.09152 -0.0392944 0)
(3.08454 -0.0437488 0)
(3.07189 -0.0444841 0)
(3.04747 -0.0321459 0)
(3.01395 -0.00881083 0)
(3.00071 -0.000375427 0)
(3 -8.67404e-07 0)
(3 5.13263e-08 0)
(3 4.80853e-08 0)
(3 4.06191e-08 0)
(3 2.45179e-08 0)
(3 5.35987e-09 0)
(3 1.66651e-10 0)
(3 2.51517e-13 0)
(3 -8.33245e-15 0)
(3 -6.40825e-15 0)
(3 -8.33227e-17 0)
(3 4.00521e-15 0)
(3 5.36214e-15 0)
(3 4.30012e-15 0)
(3 1.59218e-15 0)
(3 -1.88632e-15 0)
(3 -2.47045e-15 0)
(3 -1.52988e-15 0)
(3 -1.98526e-16 0)
(3 2.39277e-17 0)
(3 -8.76444e-16 0)
(3 -4.70042e-16 0)
(3 7.59661e-16 0)
(3 9.96638e-16 0)
(3 5.38422e-17 0)
(3 -3.31419e-16 0)
(3 -8.67735e-16 0)
(3 -1.1743e-15 0)
(3 -3.82393e-16 0)
(3 -3.15114e-16 0)
(3 -1.78939e-16 0)
(3 -9.76951e-18 0)
(3 1.06871e-15 0)
(3 1.8308e-15 0)
(3 1.51598e-15 0)
(3 1.73956e-15 0)
(3 1.88729e-15 0)
(3 1.68413e-15 0)
(3 1.05473e-15 0)
(3 4.04197e-16 0)
(3 1.19876e-15 0)
(3 1.83015e-15 0)
(3 1.5326e-15 0)
(3 1.78632e-15 0)
(3 2.14066e-15 0)
(3 3.37786e-15 0)
(3 2.89888e-15 0)
(3 1.73961e-15 0)
(3 1.01801e-15 0)
(3 7.84676e-18 0)
(3 -9.29613e-17 0)
(3 4.26712e-18 0)
(3 -2.28246e-16 0)
(3 -3.02346e-16 0)
(3 -1.37957e-16 0)
(2.60529 -0.911639 0)
(2.61771 -0.910431 0)
(2.65097 -0.890225 0)
(2.69197 -0.855302 0)
(2.72999 -0.810322 0)
(2.82819 -0.691456 0)
(2.88836 -0.619699 0)
(2.93662 -0.557171 0)
(3.02999 -0.392307 0)
(3.06141 -0.346448 0)
(3.08273 -0.365121 0)
(3.16015 -0.245746 0)
(3.19283 -0.117937 0)
(3.21416 -0.0911791 0)
(3.23916 -0.066705 0)
(3.24476 -0.0296986 0)
(3.24505 -0.0187423 0)
(3.25485 0.00119678 0)
(3.26213 0.0483913 0)
(3.24449 0.0806716 0)
(3.21224 0.104108 0)
(3.19319 0.118811 0)
(3.18447 0.119908 0)
(3.16483 0.112466 0)
(3.13634 0.0918971 0)
(3.10379 0.0775068 0)
(3.08956 0.0700892 0)
(3.09083 0.0527706 0)
(3.09169 0.031222 0)
(3.08831 0.0150078 0)
(3.08625 0.00215535 0)
(3.08798 -0.010597 0)
(3.09319 -0.0224271 0)
(3.0935 -0.0302726 0)
(3.08851 -0.0320823 0)
(3.08386 -0.033361 0)
(3.07956 -0.0340685 0)
(3.07416 -0.0334559 0)
(3.06105 -0.0296565 0)
(3.03251 -0.0161746 0)
(3.00557 -0.00252313 0)
(3.00012 -4.41313e-05 0)
(3 3.38947e-09 0)
(3 3.52942e-08 0)
(3 3.39773e-08 0)
(3 2.88544e-08 0)
(3 1.38479e-08 0)
(3 1.69844e-09 0)
(3 2.05309e-11 0)
(3 2.40252e-15 0)
(3 -5.22943e-15 0)
(3 -2.40766e-15 0)
(3 -4.25243e-16 0)
(3 1.48655e-15 0)
(3 1.10881e-15 0)
(3 -2.63749e-16 0)
(3 -1.40113e-15 0)
(3 -2.25202e-15 0)
(3 -2.89371e-15 0)
(3 -2.78834e-15 0)
(3 -3.03247e-15 0)
(3 -3.00507e-15 0)
(3 -1.81908e-15 0)
(3 -1.12347e-15 0)
(3 5.37153e-17 0)
(3 3.66714e-17 0)
(3 -1.46866e-15 0)
(3 -3.08809e-15 0)
(3 -2.93533e-15 0)
(3 -2.0367e-15 0)
(3 -2.12215e-15 0)
(3 -2.66904e-15 0)
(3 -3.11373e-15 0)
(3 -2.91312e-16 0)
(3 8.87724e-16 0)
(3 7.63904e-16 0)
(3 6.07507e-16 0)
(3 8.97681e-16 0)
(3 1.17263e-15 0)
(3 6.66686e-16 0)
(3 -2.45632e-16 0)
(3 -1.21043e-16 0)
(3 1.26906e-15 0)
(3 2.07298e-15 0)
(3 3.65156e-15 0)
(3 5.29635e-15 0)
(3 5.80848e-15 0)
(3 4.99637e-15 0)
(3 4.11813e-15 0)
(3 2.90135e-15 0)
(3 1.19015e-15 0)
(3 1.07867e-15 0)
(3 1.16699e-15 0)
(3 9.27193e-16 0)
(3 6.52908e-16 0)
(3 7.50214e-16 0)
(2.60827 -0.889001 0)
(2.62773 -0.875192 0)
(2.65858 -0.847766 0)
(2.71583 -0.795168 0)
(2.81732 -0.657226 0)
(2.86299 -0.573546 0)
(2.9087 -0.52612 0)
(3.00798 -0.347288 0)
(3.04122 -0.249154 0)
(3.05942 -0.25177 0)
(3.13275 -0.159491 0)
(3.1573 -0.0201543 0)
(3.16215 -0.00841962 0)
(3.17626 -0.0108536 0)
(3.22988 0.0586713 0)
(3.25049 0.125871 0)
(3.26539 0.131333 0)
(3.27171 0.12461 0)
(3.26567 0.123953 0)
(3.25338 0.13152 0)
(3.22712 0.141618 0)
(3.20205 0.143512 0)
(3.18932 0.1419 0)
(3.15465 0.125683 0)
(3.10389 0.090578 0)
(3.05921 0.0636867 0)
(3.04096 0.0526184 0)
(3.04828 0.0393912 0)
(3.06057 0.0229116 0)
(3.06778 0.00942793 0)
(3.07176 0.000394493 0)
(3.07769 -0.00624365 0)
(3.08881 -0.010458 0)
(3.095 -0.0141523 0)
(3.09289 -0.0162977 0)
(3.08918 -0.0178375 0)
(3.08475 -0.0196124 0)
(3.07811 -0.0212646 0)
(3.06553 -0.0212573 0)
(3.0437 -0.0158341 0)
(3.01414 -0.00524481 0)
(3.00097 -0.00033429 0)
(3.00001 -1.60752e-06 0)
(3 2.19306e-08 0)
(3 2.21346e-08 0)
(3 2.13162e-08 0)
(3 1.58456e-08 0)
(3 4.69943e-09 0)
(3 2.29813e-10 0)
(3 6.8484e-13 0)
(3 -4.4391e-15 0)
(3 -4.403e-15 0)
(3 -2.25132e-15 0)
(3 -1.64911e-15 0)
(3 -8.36267e-16 0)
(3 -1.21094e-16 0)
(3 -1.259e-15 0)
(3 -2.07938e-15 0)
(3 -3.11013e-15 0)
(3 -3.35354e-15 0)
(3 -2.33814e-15 0)
(3 -1.54333e-15 0)
(3 -1.02501e-15 0)
(3 -9.80627e-16 0)
(3 -1.12571e-15 0)
(3 -1.33298e-15 0)
(3 -2.51845e-15 0)
(3 -4.12592e-15 0)
(3 -3.73663e-15 0)
(3 -3.63913e-15 0)
(3 -2.56781e-15 0)
(3 -2.16573e-15 0)
(3 -1.33019e-15 0)
(3 6.03202e-17 0)
(3 1.26367e-15 0)
(3 2.0148e-15 0)
(3 1.35458e-15 0)
(3 6.31527e-16 0)
(3 -7.80298e-16 0)
(3 -9.80686e-16 0)
(3 -1.66927e-15 0)
(3 -1.36945e-15 0)
(3 -5.77005e-16 0)
(3 1.54711e-15 0)
(3 3.18767e-15 0)
(3 4.50114e-15 0)
(3 5.13846e-15 0)
(3 5.9827e-15 0)
(3 5.88689e-15 0)
(3 3.69291e-15 0)
(3 1.70083e-15 0)
(3 6.69168e-16 0)
(3 6.59905e-16 0)
(3 -2.30435e-16 0)
(3 -1.80417e-16 0)
(3 3.51793e-16 0)
(2.59005 -0.891337 0)
(2.63907 -0.852876 0)
(2.6945 -0.800848 0)
(2.80706 -0.657616 0)
(2.89364 -0.481733 0)
(2.90881 -0.479373 0)
(2.92917 -0.417445 0)
(3.02276 -0.209677 0)
(3.05947 -0.146117 0)
(3.06973 -0.178999 0)
(3.10025 -0.111962 0)
(3.1118 -0.0431153 0)
(3.13061 -0.0417973 0)
(3.1652 -0.0245155 0)
(3.18653 0.0155893 0)
(3.2031 0.0469781 0)
(3.2178 0.0604846 0)
(3.21934 0.0798157 0)
(3.21563 0.0957192 0)
(3.21761 0.100484 0)
(3.2148 0.105378 0)
(3.20191 0.106265 0)
(3.17551 0.10523 0)
(3.1306 0.095203 0)
(3.07837 0.0741766 0)
(3.04086 0.0493596 0)
(3.0243 0.0247544 0)
(3.02921 0.0116152 0)
(3.04528 0.00507089 0)
(3.05972 0.00328899 0)
(3.06825 0.00282249 0)
(3.07534 0.000333184 0)
(3.08359 -0.0056387 0)
(3.089 -0.0108905 0)
(3.0882 -0.0124169 0)
(3.08602 -0.0131566 0)
(3.08255 -0.014446 0)
(3.07672 -0.0159589 0)
(3.06744 -0.0165994 0)
(3.05204 -0.0145251 0)
(3.02426 -0.00693568 0)
(3.00333 -0.000896751 0)
(3.00005 -1.26682e-05 0)
(3 9.2441e-09 0)
(3 1.65361e-08 0)
(3 1.58971e-08 0)
(3 1.31231e-08 0)
(3 5.8591e-09 0)
(3 6.36068e-10 0)
(3 6.42469e-12 0)
(3 -1.87452e-15 0)
(3 -4.07019e-15 0)
(3 -3.83846e-15 0)
(3 -2.02857e-15 0)
(3 -1.90351e-16 0)
(3 1.56164e-16 0)
(3 -1.67628e-15 0)
(3 -1.78466e-15 0)
(3 -1.39699e-15 0)
(3 -8.61955e-16 0)
(3 -1.54526e-16 0)
(3 1.16879e-16 0)
(3 1.80065e-16 0)
(3 1.06185e-15 0)
(3 7.03929e-16 0)
(3 -5.05051e-17 0)
(3 -1.63259e-15 0)
(3 -2.40179e-15 0)
(3 -1.8263e-15 0)
(3 -1.73459e-15 0)
(3 -1.21843e-15 0)
(3 7.65531e-16 0)
(3 1.85821e-15 0)
(3 2.65295e-15 0)
(3 3.5366e-15 0)
(3 4.56946e-15 0)
(3 4.17241e-15 0)
(3 1.89974e-15 0)
(3 2.5037e-16 0)
(3 -1.36302e-15 0)
(3 -1.4094e-15 0)
(3 -1.63242e-15 0)
(3 -2.08575e-15 0)
(3 -9.95002e-16 0)
(3 -1.28735e-16 0)
(3 9.40285e-16 0)
(3 2.9397e-15 0)
(3 3.22803e-15 0)
(3 3.07032e-15 0)
(3 1.6131e-15 0)
(3 1.76025e-16 0)
(3 -1.0687e-15 0)
(3 -1.31345e-15 0)
(3 -1.13863e-15 0)
(3 -5.85152e-17 0)
(3 7.72819e-16 0)
(2.63711 -0.858502 0)
(2.78005 -0.733241 0)
(2.90313 -0.562119 0)
(2.97808 -0.377725 0)
(3.04756 -0.186483 0)
(3.10394 -0.0649555 0)
(3.13856 0.0344214 0)
(3.15816 0.124639 0)
(3.19533 0.20496 0)
(3.2176 0.207772 0)
(3.1856 0.177074 0)
(3.1831 0.135449 0)
(3.18389 0.0863285 0)
(3.18504 0.0443659 0)
(3.18162 0.036748 0)
(3.17133 0.0315322 0)
(3.15628 0.0259919 0)
(3.14595 0.0321831 0)
(3.14282 0.0336761 0)
(3.14292 0.01887 0)
(3.15059 -0.00302674 0)
(3.14741 -0.00742565 0)
(3.12733 -0.000656767 0)
(3.09339 0.0118052 0)
(3.05711 0.0214653 0)
(3.03013 0.0186024 0)
(3.01703 0.00996312 0)
(3.01987 0.00210314 0)
(3.03789 0.0010212 0)
(3.05843 0.00295848 0)
(3.06823 0.00208215 0)
(3.07295 0.000362538 0)
(3.07815 -0.00235912 0)
(3.0829 -0.00613547 0)
(3.08252 -0.00827397 0)
(3.08047 -0.00860573 0)
(3.07798 -0.00889007 0)
(3.07493 -0.00883552 0)
(3.06933 -0.00822438 0)
(3.05692 -0.00561378 0)
(3.03146 -0.00224392 0)
(3.00585 -0.000300428 0)
(3.00014 -5.52153e-06 0)
(3 4.90939e-09 0)
(3 9.2464e-09 0)
(3 8.65548e-09 0)
(3 7.10594e-09 0)
(3 3.7363e-09 0)
(3 5.95891e-10 0)
(3 1.13099e-11 0)
(3 6.77566e-15 0)
(3 -2.65915e-15 0)
(3 -3.4544e-15 0)
(3 -1.01124e-15 0)
(3 1.0418e-15 0)
(3 8.23391e-16 0)
(3 -3.6812e-16 0)
(3 -1.14004e-15 0)
(3 -5.26649e-16 0)
(3 -5.765e-16 0)
(3 -4.36859e-16 0)
(3 -2.38173e-16 0)
(3 1.27254e-15 0)
(3 2.54892e-15 0)
(3 1.88674e-15 0)
(3 2.68876e-16 0)
(3 2.84056e-16 0)
(3 1.03636e-15 0)
(3 7.55723e-16 0)
(3 -5.10117e-17 0)
(3 -1.01381e-15 0)
(3 9.80565e-16 0)
(3 3.12274e-15 0)
(3 4.21841e-15 0)
(3 5.18659e-15 0)
(3 5.17582e-15 0)
(3 4.39929e-15 0)
(3 3.60908e-15 0)
(3 3.10209e-15 0)
(3 1.88552e-15 0)
(3 1.45761e-15 0)
(3 -5.82691e-16 0)
(3 -2.58377e-15 0)
(3 -2.67114e-15 0)
(3 -1.76937e-15 0)
(3 -1.62812e-16 0)
(3 2.20609e-15 0)
(3 2.44406e-15 0)
(3 1.69095e-15 0)
(3 5.51204e-16 0)
(3 -1.73175e-16 0)
(3 -7.19403e-16 0)
(3 -1.30236e-15 0)
(3 -1.33044e-15 0)
(3 1.46768e-16 0)
(3 1.1978e-15 0)
(2.60091 -0.892068 0)
(2.69131 -0.836322 0)
(2.79979 -0.818951 0)
(2.88959 -0.81058 0)
(2.96903 -0.643621 0)
(3.071 -0.466303 0)
(3.16092 -0.3458 0)
(3.17875 -0.201395 0)
(3.20279 -0.0653906 0)
(3.23885 -0.00218567 0)
(3.23054 0.012539 0)
(3.18462 0.0157692 0)
(3.15881 0.0506444 0)
(3.18107 0.0527502 0)
(3.15444 0.0481964 0)
(3.14021 0.0467382 0)
(3.12953 0.03714 0)
(3.12516 0.0319662 0)
(3.11844 0.0302645 0)
(3.11415 0.0311535 0)
(3.12275 0.0333571 0)
(3.12754 0.0365584 0)
(3.11573 0.0438203 0)
(3.09706 0.0446167 0)
(3.06355 0.0395881 0)
(3.04577 0.0258351 0)
(3.04039 0.0135262 0)
(3.04375 0.00495811 0)
(3.05795 0.00135682 0)
(3.07128 0.00044648 0)
(3.07268 -0.00175792 0)
(3.07263 -0.00460937 0)
(3.07489 -0.00659479 0)
(3.07868 -0.00684739 0)
(3.0784 -0.00560167 0)
(3.07557 -0.00460237 0)
(3.07281 -0.00380313 0)
(3.0703 -0.0028772 0)
(3.06604 -0.00188793 0)
(3.05411 -0.000637132 0)
(3.02899 1.38706e-05 0)
(3.00512 2.85326e-05 0)
(3.00012 8.01918e-07 0)
(3 3.91028e-09 0)
(3 2.7935e-09 0)
(3 2.69047e-09 0)
(3 2.05915e-09 0)
(3 9.01946e-10 0)
(3 1.35316e-10 0)
(3 2.85721e-12 0)
(3 2.87577e-15 0)
(3 -5.25091e-16 0)
(3 -8.27313e-16 0)
(3 -1.25519e-15 0)
(3 -5.31012e-16 0)
(3 -2.4291e-16 0)
(3 -2.80064e-16 0)
(3 -5.11588e-16 0)
(3 -4.36889e-16 0)
(3 -5.13184e-16 0)
(3 -4.18461e-16 0)
(3 -4.42674e-16 0)
(3 7.15716e-17 0)
(3 5.83074e-16 0)
(3 1.83969e-16 0)
(3 -3.9855e-16 0)
(3 -2.29266e-17 0)
(3 1.364e-15 0)
(3 6.66818e-16 0)
(3 -3.50175e-16 0)
(3 -1.21561e-15 0)
(3 -3.37941e-16 0)
(3 2.70401e-15 0)
(3 3.40406e-15 0)
(3 3.44215e-15 0)
(3 2.57855e-15 0)
(3 2.01081e-15 0)
(3 2.15254e-15 0)
(3 2.48537e-15 0)
(3 2.06406e-15 0)
(3 1.62383e-15 0)
(3 2.90293e-16 0)
(3 -2.99485e-16 0)
(3 -1.08225e-15 0)
(3 -4.46157e-16 0)
(3 1.49151e-16 0)
(3 1.07282e-15 0)
(3 2.11354e-15 0)
(3 1.37103e-15 0)
(3 6.93685e-16 0)
(3 2.05854e-16 0)
(3 9.96963e-17 0)
(3 2.23688e-16 0)
(3 1.24129e-16 0)
(3 5.81353e-16 0)
(3 8.82245e-16 0)
)
;

boundaryField
{
    inlet
    {
        type            fixedValue;
        value           uniform (3 0 0);
    }
    outlet
    {
        type            inletOutlet;
        inletValue      uniform (3 0 0);
        value           nonuniform List<vector> 
32
(
(3 3.09593e-15 0)
(3 5.94468e-15 0)
(3 5.70668e-15 0)
(3 5.75268e-15 0)
(3 3.57311e-15 0)
(3 1.35323e-15 0)
(3 -1.5231e-15 0)
(3 -1.16626e-15 0)
(3 -1.00215e-15 0)
(3 -3.33537e-15 0)
(3 -5.01302e-15 0)
(3 -5.74323e-15 0)
(3 -2.73043e-15 0)
(3 1.97099e-15 0)
(3 6.91377e-15 0)
(3 8.12514e-15 0)
(3 7.60875e-15 0)
(3 3.98193e-15 0)
(3 2.10682e-15 0)
(3 -1.24491e-15 0)
(3 -4.73728e-15 0)
(3 -6.8146e-15 0)
(3 -5.34605e-15 0)
(3 -3.04618e-15 0)
(3 -3.71412e-15 0)
(3 -2.80566e-15 0)
(3 -1.37957e-16 0)
(3 7.50214e-16 0)
(3 3.51793e-16 0)
(3 7.72819e-16 0)
(3 1.1978e-15 0)
(3 8.82245e-16 0)
)
;
    }
    bottom
    {
        type            symmetryPlane;
    }
    top
    {
        type            symmetryPlane;
    }
    obstacle
    {
        type            slip;
    }
    defaultFaces
    {
        type            empty;
    }
}


// ************************************************************************* //
