/*--------------------------------*- C++ -*----------------------------------*\
  =========                 |
  \\      /  F ield         | OpenFOAM: The Open Source CFD Toolbox
   \\    /   O peration     | Website:  https://openfoam.org
    \\  /    A nd           | Version:  7
     \\/     M anipulation  |
\*---------------------------------------------------------------------------*/
FoamFile
{
    version     2.0;
    format      ascii;
    class       vectorField;
    location    "constant/polyMesh";
    object      points;
}
// * * * * * * * * * * * * * * * * * * * * * * * * * * * * * * * * * * * * * //


2610
(
(0 0 -0.05)
(0.025 0 -0.05)
(0.05 0 -0.05)
(0.075 0 -0.05)
(0.1 0 -0.05)
(0.125 0 -0.05)
(0.15 0 -0.05)
(0.175 0 -0.05)
(0.2 0 -0.05)
(0.225 0 -0.05)
(0.25 0 -0.05)
(0.275 0 -0.05)
(0.3 0 -0.05)
(0.325 0 -0.05)
(0.35 0 -0.05)
(0.375 0 -0.05)
(0.4 0 -0.05)
(0.425 0 -0.05)
(0.45 0 -0.05)
(0.475 0 -0.05)
(0.5 0 -0.05)
(0.525 0 -0.05)
(0.55 0 -0.05)
(0.575 0 -0.05)
(0.6 0 -0.05)
(0 0.125 -0.05)
(0.025 0.125 -0.05)
(0.05 0.125 -0.05)
(0.075 0.125 -0.05)
(0.1 0.125 -0.05)
(0.125 0.125 -0.05)
(0.15 0.125 -0.05)
(0.175 0.125 -0.05)
(0.2 0.125 -0.05)
(0.225 0.125 -0.05)
(0.25 0.125 -0.05)
(0.275 0.125 -0.05)
(0.3 0.125 -0.05)
(0.325 0.125 -0.05)
(0.35 0.125 -0.05)
(0.375 0.125 -0.05)
(0.4 0.125 -0.05)
(0.425 0.125 -0.05)
(0.45 0.125 -0.05)
(0.475 0.125 -0.05)
(0.5 0.125 -0.05)
(0.525 0.125 -0.05)
(0.55 0.125 -0.05)
(0.575 0.125 -0.05)
(0.6 0.125 -0.05)
(0 0.25 -0.05)
(0.025 0.25 -0.05)
(0.05 0.25 -0.05)
(0.075 0.25 -0.05)
(0.1 0.25 -0.05)
(0.125 0.25 -0.05)
(0.15 0.25 -0.05)
(0.175 0.25 -0.05)
(0.2 0.25 -0.05)
(0.225 0.25 -0.05)
(0.25 0.25 -0.05)
(0.275 0.25 -0.05)
(0.3 0.25 -0.05)
(0.325 0.25 -0.05)
(0.35 0.25 -0.05)
(0.375 0.25 -0.05)
(0.4 0.25 -0.05)
(0.425 0.25 -0.05)
(0.45 0.25 -0.05)
(0.475 0.25 -0.05)
(0.5 0.25 -0.05)
(0.525 0.25 -0.05)
(0.55 0.25 -0.05)
(0.575 0.25 -0.05)
(0.6 0.25 -0.05)
(0 0.375 -0.05)
(0.025 0.375 -0.05)
(0.05 0.375 -0.05)
(0.075 0.375 -0.05)
(0.1 0.375 -0.05)
(0.125 0.375 -0.05)
(0.15 0.375 -0.05)
(0.175 0.375 -0.05)
(0.2 0.375 -0.05)
(0.225 0.375 -0.05)
(0.25 0.375 -0.05)
(0.275 0.375 -0.05)
(0.3 0.375 -0.05)
(0.325 0.375 -0.05)
(0.35 0.375 -0.05)
(0.375 0.375 -0.05)
(0.4 0.375 -0.05)
(0.425 0.375 -0.05)
(0.45 0.375 -0.05)
(0.475 0.375 -0.05)
(0.5 0.375 -0.05)
(0.525 0.375 -0.05)
(0.55 0.375 -0.05)
(0.575 0.375 -0.05)
(0.6 0.375 -0.05)
(0 0.5 -0.05)
(0.025 0.5 -0.05)
(0.05 0.5 -0.05)
(0.075 0.5 -0.05)
(0.1 0.5 -0.05)
(0.125 0.5 -0.05)
(0.15 0.5 -0.05)
(0.175 0.5 -0.05)
(0.2 0.5 -0.05)
(0.225 0.5 -0.05)
(0.25 0.5 -0.05)
(0.275 0.5 -0.05)
(0.3 0.5 -0.05)
(0.325 0.5 -0.05)
(0.35 0.5 -0.05)
(0.375 0.5 -0.05)
(0.4 0.5 -0.05)
(0.425 0.5 -0.05)
(0.45 0.5 -0.05)
(0.475 0.5 -0.05)
(0.5 0.5 -0.05)
(0.525 0.5 -0.05)
(0.55 0.5 -0.05)
(0.575 0.5 -0.05)
(0.6 0.5 -0.05)
(0 0.625 -0.05)
(0.025 0.625 -0.05)
(0.05 0.625 -0.05)
(0.075 0.625 -0.05)
(0.1 0.625 -0.05)
(0.125 0.625 -0.05)
(0.15 0.625 -0.05)
(0.175 0.625 -0.05)
(0.2 0.625 -0.05)
(0.225 0.625 -0.05)
(0.25 0.625 -0.05)
(0.275 0.625 -0.05)
(0.3 0.625 -0.05)
(0.325 0.625 -0.05)
(0.35 0.625 -0.05)
(0.375 0.625 -0.05)
(0.4 0.625 -0.05)
(0.425 0.625 -0.05)
(0.45 0.625 -0.05)
(0.475 0.625 -0.05)
(0.5 0.625 -0.05)
(0.525 0.625 -0.05)
(0.55 0.625 -0.05)
(0.575 0.625 -0.05)
(0.6 0.625 -0.05)
(0 0.75 -0.05)
(0.025 0.75 -0.05)
(0.05 0.75 -0.05)
(0.075 0.75 -0.05)
(0.1 0.75 -0.05)
(0.125 0.75 -0.05)
(0.15 0.75 -0.05)
(0.175 0.75 -0.05)
(0.2 0.75 -0.05)
(0.225 0.75 -0.05)
(0.25 0.75 -0.05)
(0.275 0.75 -0.05)
(0.3 0.75 -0.05)
(0.325 0.75 -0.05)
(0.35 0.75 -0.05)
(0.375 0.75 -0.05)
(0.4 0.75 -0.05)
(0.425 0.75 -0.05)
(0.45 0.75 -0.05)
(0.475 0.75 -0.05)
(0.5 0.75 -0.05)
(0.525 0.75 -0.05)
(0.55 0.75 -0.05)
(0.575 0.75 -0.05)
(0.6 0.75 -0.05)
(0 0.875 -0.05)
(0.025 0.875 -0.05)
(0.05 0.875 -0.05)
(0.075 0.875 -0.05)
(0.1 0.875 -0.05)
(0.125 0.875 -0.05)
(0.15 0.875 -0.05)
(0.175 0.875 -0.05)
(0.2 0.875 -0.05)
(0.225 0.875 -0.05)
(0.25 0.875 -0.05)
(0.275 0.875 -0.05)
(0.3 0.875 -0.05)
(0.325 0.875 -0.05)
(0.35 0.875 -0.05)
(0.375 0.875 -0.05)
(0.4 0.875 -0.05)
(0.425 0.875 -0.05)
(0.45 0.875 -0.05)
(0.475 0.875 -0.05)
(0.5 0.875 -0.05)
(0.525 0.875 -0.05)
(0.55 0.875 -0.05)
(0.575 0.875 -0.05)
(0.6 0.875 -0.05)
(0 1 -0.05)
(0.025 1 -0.05)
(0.05 1 -0.05)
(0.075 1 -0.05)
(0.1 1 -0.05)
(0.125 1 -0.05)
(0.15 1 -0.05)
(0.175 1 -0.05)
(0.2 1 -0.05)
(0.225 1 -0.05)
(0.25 1 -0.05)
(0.275 1 -0.05)
(0.3 1 -0.05)
(0.325 1 -0.05)
(0.35 1 -0.05)
(0.375 1 -0.05)
(0.4 1 -0.05)
(0.425 1 -0.05)
(0.45 1 -0.05)
(0.475 1 -0.05)
(0.5 1 -0.05)
(0.525 1 -0.05)
(0.55 1 -0.05)
(0.575 1 -0.05)
(0.6 1 -0.05)
(0 0 0.05)
(0.025 0 0.05)
(0.05 0 0.05)
(0.075 0 0.05)
(0.1 0 0.05)
(0.125 0 0.05)
(0.15 0 0.05)
(0.175 0 0.05)
(0.2 0 0.05)
(0.225 0 0.05)
(0.25 0 0.05)
(0.275 0 0.05)
(0.3 0 0.05)
(0.325 0 0.05)
(0.35 0 0.05)
(0.375 0 0.05)
(0.4 0 0.05)
(0.425 0 0.05)
(0.45 0 0.05)
(0.475 0 0.05)
(0.5 0 0.05)
(0.525 0 0.05)
(0.55 0 0.05)
(0.575 0 0.05)
(0.6 0 0.05)
(0 0.125 0.05)
(0.025 0.125 0.05)
(0.05 0.125 0.05)
(0.075 0.125 0.05)
(0.1 0.125 0.05)
(0.125 0.125 0.05)
(0.15 0.125 0.05)
(0.175 0.125 0.05)
(0.2 0.125 0.05)
(0.225 0.125 0.05)
(0.25 0.125 0.05)
(0.275 0.125 0.05)
(0.3 0.125 0.05)
(0.325 0.125 0.05)
(0.35 0.125 0.05)
(0.375 0.125 0.05)
(0.4 0.125 0.05)
(0.425 0.125 0.05)
(0.45 0.125 0.05)
(0.475 0.125 0.05)
(0.5 0.125 0.05)
(0.525 0.125 0.05)
(0.55 0.125 0.05)
(0.575 0.125 0.05)
(0.6 0.125 0.05)
(0 0.25 0.05)
(0.025 0.25 0.05)
(0.05 0.25 0.05)
(0.075 0.25 0.05)
(0.1 0.25 0.05)
(0.125 0.25 0.05)
(0.15 0.25 0.05)
(0.175 0.25 0.05)
(0.2 0.25 0.05)
(0.225 0.25 0.05)
(0.25 0.25 0.05)
(0.275 0.25 0.05)
(0.3 0.25 0.05)
(0.325 0.25 0.05)
(0.35 0.25 0.05)
(0.375 0.25 0.05)
(0.4 0.25 0.05)
(0.425 0.25 0.05)
(0.45 0.25 0.05)
(0.475 0.25 0.05)
(0.5 0.25 0.05)
(0.525 0.25 0.05)
(0.55 0.25 0.05)
(0.575 0.25 0.05)
(0.6 0.25 0.05)
(0 0.375 0.05)
(0.025 0.375 0.05)
(0.05 0.375 0.05)
(0.075 0.375 0.05)
(0.1 0.375 0.05)
(0.125 0.375 0.05)
(0.15 0.375 0.05)
(0.175 0.375 0.05)
(0.2 0.375 0.05)
(0.225 0.375 0.05)
(0.25 0.375 0.05)
(0.275 0.375 0.05)
(0.3 0.375 0.05)
(0.325 0.375 0.05)
(0.35 0.375 0.05)
(0.375 0.375 0.05)
(0.4 0.375 0.05)
(0.425 0.375 0.05)
(0.45 0.375 0.05)
(0.475 0.375 0.05)
(0.5 0.375 0.05)
(0.525 0.375 0.05)
(0.55 0.375 0.05)
(0.575 0.375 0.05)
(0.6 0.375 0.05)
(0 0.5 0.05)
(0.025 0.5 0.05)
(0.05 0.5 0.05)
(0.075 0.5 0.05)
(0.1 0.5 0.05)
(0.125 0.5 0.05)
(0.15 0.5 0.05)
(0.175 0.5 0.05)
(0.2 0.5 0.05)
(0.225 0.5 0.05)
(0.25 0.5 0.05)
(0.275 0.5 0.05)
(0.3 0.5 0.05)
(0.325 0.5 0.05)
(0.35 0.5 0.05)
(0.375 0.5 0.05)
(0.4 0.5 0.05)
(0.425 0.5 0.05)
(0.45 0.5 0.05)
(0.475 0.5 0.05)
(0.5 0.5 0.05)
(0.525 0.5 0.05)
(0.55 0.5 0.05)
(0.575 0.5 0.05)
(0.6 0.5 0.05)
(0 0.625 0.05)
(0.025 0.625 0.05)
(0.05 0.625 0.05)
(0.075 0.625 0.05)
(0.1 0.625 0.05)
(0.125 0.625 0.05)
(0.15 0.625 0.05)
(0.175 0.625 0.05)
(0.2 0.625 0.05)
(0.225 0.625 0.05)
(0.25 0.625 0.05)
(0.275 0.625 0.05)
(0.3 0.625 0.05)
(0.325 0.625 0.05)
(0.35 0.625 0.05)
(0.375 0.625 0.05)
(0.4 0.625 0.05)
(0.425 0.625 0.05)
(0.45 0.625 0.05)
(0.475 0.625 0.05)
(0.5 0.625 0.05)
(0.525 0.625 0.05)
(0.55 0.625 0.05)
(0.575 0.625 0.05)
(0.6 0.625 0.05)
(0 0.75 0.05)
(0.025 0.75 0.05)
(0.05 0.75 0.05)
(0.075 0.75 0.05)
(0.1 0.75 0.05)
(0.125 0.75 0.05)
(0.15 0.75 0.05)
(0.175 0.75 0.05)
(0.2 0.75 0.05)
(0.225 0.75 0.05)
(0.25 0.75 0.05)
(0.275 0.75 0.05)
(0.3 0.75 0.05)
(0.325 0.75 0.05)
(0.35 0.75 0.05)
(0.375 0.75 0.05)
(0.4 0.75 0.05)
(0.425 0.75 0.05)
(0.45 0.75 0.05)
(0.475 0.75 0.05)
(0.5 0.75 0.05)
(0.525 0.75 0.05)
(0.55 0.75 0.05)
(0.575 0.75 0.05)
(0.6 0.75 0.05)
(0 0.875 0.05)
(0.025 0.875 0.05)
(0.05 0.875 0.05)
(0.075 0.875 0.05)
(0.1 0.875 0.05)
(0.125 0.875 0.05)
(0.15 0.875 0.05)
(0.175 0.875 0.05)
(0.2 0.875 0.05)
(0.225 0.875 0.05)
(0.25 0.875 0.05)
(0.275 0.875 0.05)
(0.3 0.875 0.05)
(0.325 0.875 0.05)
(0.35 0.875 0.05)
(0.375 0.875 0.05)
(0.4 0.875 0.05)
(0.425 0.875 0.05)
(0.45 0.875 0.05)
(0.475 0.875 0.05)
(0.5 0.875 0.05)
(0.525 0.875 0.05)
(0.55 0.875 0.05)
(0.575 0.875 0.05)
(0.6 0.875 0.05)
(0 1 0.05)
(0.025 1 0.05)
(0.05 1 0.05)
(0.075 1 0.05)
(0.1 1 0.05)
(0.125 1 0.05)
(0.15 1 0.05)
(0.175 1 0.05)
(0.2 1 0.05)
(0.225 1 0.05)
(0.25 1 0.05)
(0.275 1 0.05)
(0.3 1 0.05)
(0.325 1 0.05)
(0.35 1 0.05)
(0.375 1 0.05)
(0.4 1 0.05)
(0.425 1 0.05)
(0.45 1 0.05)
(0.475 1 0.05)
(0.5 1 0.05)
(0.525 1 0.05)
(0.55 1 0.05)
(0.575 1 0.05)
(0.6 1 0.05)
(0.6144337583 0.008333333333 -0.05)
(0.6288675167 0.01666666667 -0.05)
(0.643301275 0.025 -0.05)
(0.6577350333 0.03333333333 -0.05)
(0.6721687917 0.04166666667 -0.05)
(0.68660255 0.05 -0.05)
(0.7010363083 0.05833333333 -0.05)
(0.7154700667 0.06666666667 -0.05)
(0.729903825 0.075 -0.05)
(0.7443375833 0.08333333333 -0.05)
(0.7587713417 0.09166666667 -0.05)
(0.7732051 0.1 -0.05)
(0.7876388583 0.1083333333 -0.05)
(0.8020726167 0.1166666667 -0.05)
(0.816506375 0.125 -0.05)
(0.8309401333 0.1333333333 -0.05)
(0.8453738917 0.1416666667 -0.05)
(0.85980765 0.15 -0.05)
(0.8742414083 0.1583333333 -0.05)
(0.8886751667 0.1666666667 -0.05)
(0.903108925 0.175 -0.05)
(0.9175426833 0.1833333333 -0.05)
(0.9319764417 0.1916666667 -0.05)
(0.9464102 0.2 -0.05)
(0.6144337583 0.13125 -0.05)
(0.6288675167 0.1375 -0.05)
(0.643301275 0.14375 -0.05)
(0.6577350333 0.15 -0.05)
(0.6721687917 0.15625 -0.05)
(0.68660255 0.1625 -0.05)
(0.7010363083 0.16875 -0.05)
(0.7154700667 0.175 -0.05)
(0.729903825 0.18125 -0.05)
(0.7443375833 0.1875 -0.05)
(0.7587713417 0.19375 -0.05)
(0.7732051 0.2 -0.05)
(0.7876388583 0.20625 -0.05)
(0.8020726167 0.2125 -0.05)
(0.816506375 0.21875 -0.05)
(0.8309401333 0.225 -0.05)
(0.8453738917 0.23125 -0.05)
(0.85980765 0.2375 -0.05)
(0.8742414083 0.24375 -0.05)
(0.8886751667 0.25 -0.05)
(0.903108925 0.25625 -0.05)
(0.9175426833 0.2625 -0.05)
(0.9319764417 0.26875 -0.05)
(0.9464102 0.275 -0.05)
(0.6144337583 0.2541666667 -0.05)
(0.6288675167 0.2583333333 -0.05)
(0.643301275 0.2625 -0.05)
(0.6577350333 0.2666666667 -0.05)
(0.6721687917 0.2708333333 -0.05)
(0.68660255 0.275 -0.05)
(0.7010363083 0.2791666667 -0.05)
(0.7154700667 0.2833333333 -0.05)
(0.729903825 0.2875 -0.05)
(0.7443375833 0.2916666667 -0.05)
(0.7587713417 0.2958333333 -0.05)
(0.7732051 0.3 -0.05)
(0.7876388583 0.3041666667 -0.05)
(0.8020726167 0.3083333333 -0.05)
(0.816506375 0.3125 -0.05)
(0.8309401333 0.3166666667 -0.05)
(0.8453738917 0.3208333333 -0.05)
(0.85980765 0.325 -0.05)
(0.8742414083 0.3291666667 -0.05)
(0.8886751667 0.3333333333 -0.05)
(0.903108925 0.3375 -0.05)
(0.9175426833 0.3416666667 -0.05)
(0.9319764417 0.3458333333 -0.05)
(0.9464102 0.35 -0.05)
(0.6144337583 0.3770833333 -0.05)
(0.6288675167 0.3791666667 -0.05)
(0.643301275 0.38125 -0.05)
(0.6577350333 0.3833333333 -0.05)
(0.6721687917 0.3854166667 -0.05)
(0.68660255 0.3875 -0.05)
(0.7010363083 0.3895833333 -0.05)
(0.7154700667 0.3916666667 -0.05)
(0.729903825 0.39375 -0.05)
(0.7443375833 0.3958333333 -0.05)
(0.7587713417 0.3979166667 -0.05)
(0.7732051 0.4 -0.05)
(0.7876388583 0.4020833333 -0.05)
(0.8020726167 0.4041666667 -0.05)
(0.816506375 0.40625 -0.05)
(0.8309401333 0.4083333333 -0.05)
(0.8453738917 0.4104166667 -0.05)
(0.85980765 0.4125 -0.05)
(0.8742414083 0.4145833333 -0.05)
(0.8886751667 0.4166666667 -0.05)
(0.903108925 0.41875 -0.05)
(0.9175426833 0.4208333333 -0.05)
(0.9319764417 0.4229166667 -0.05)
(0.9464102 0.425 -0.05)
(0.6144337583 0.5 -0.05)
(0.6288675167 0.5 -0.05)
(0.643301275 0.5 -0.05)
(0.6577350333 0.5 -0.05)
(0.6721687917 0.5 -0.05)
(0.68660255 0.5 -0.05)
(0.7010363083 0.5 -0.05)
(0.7154700667 0.5 -0.05)
(0.729903825 0.5 -0.05)
(0.7443375833 0.5 -0.05)
(0.7587713417 0.5 -0.05)
(0.7732051 0.5 -0.05)
(0.7876388583 0.5 -0.05)
(0.8020726167 0.5 -0.05)
(0.816506375 0.5 -0.05)
(0.8309401333 0.5 -0.05)
(0.8453738917 0.5 -0.05)
(0.85980765 0.5 -0.05)
(0.8742414083 0.5 -0.05)
(0.8886751667 0.5 -0.05)
(0.903108925 0.5 -0.05)
(0.9175426833 0.5 -0.05)
(0.9319764417 0.5 -0.05)
(0.9464102 0.5 -0.05)
(0.6144337583 0.6229166667 -0.05)
(0.6288675167 0.6208333333 -0.05)
(0.643301275 0.61875 -0.05)
(0.6577350333 0.6166666667 -0.05)
(0.6721687917 0.6145833333 -0.05)
(0.68660255 0.6125 -0.05)
(0.7010363083 0.6104166667 -0.05)
(0.7154700667 0.6083333333 -0.05)
(0.729903825 0.60625 -0.05)
(0.7443375833 0.6041666667 -0.05)
(0.7587713417 0.6020833333 -0.05)
(0.7732051 0.6 -0.05)
(0.7876388583 0.5979166667 -0.05)
(0.8020726167 0.5958333333 -0.05)
(0.816506375 0.59375 -0.05)
(0.8309401333 0.5916666667 -0.05)
(0.8453738917 0.5895833333 -0.05)
(0.85980765 0.5875 -0.05)
(0.8742414083 0.5854166667 -0.05)
(0.8886751667 0.5833333333 -0.05)
(0.903108925 0.58125 -0.05)
(0.9175426833 0.5791666667 -0.05)
(0.9319764417 0.5770833333 -0.05)
(0.9464102 0.575 -0.05)
(0.6144337583 0.7458333333 -0.05)
(0.6288675167 0.7416666667 -0.05)
(0.643301275 0.7375 -0.05)
(0.6577350333 0.7333333333 -0.05)
(0.6721687917 0.7291666667 -0.05)
(0.68660255 0.725 -0.05)
(0.7010363083 0.7208333333 -0.05)
(0.7154700667 0.7166666667 -0.05)
(0.729903825 0.7125 -0.05)
(0.7443375833 0.7083333333 -0.05)
(0.7587713417 0.7041666667 -0.05)
(0.7732051 0.7 -0.05)
(0.7876388583 0.6958333333 -0.05)
(0.8020726167 0.6916666667 -0.05)
(0.816506375 0.6875 -0.05)
(0.8309401333 0.6833333333 -0.05)
(0.8453738917 0.6791666667 -0.05)
(0.85980765 0.675 -0.05)
(0.8742414083 0.6708333333 -0.05)
(0.8886751667 0.6666666667 -0.05)
(0.903108925 0.6625 -0.05)
(0.9175426833 0.6583333333 -0.05)
(0.9319764417 0.6541666667 -0.05)
(0.9464102 0.65 -0.05)
(0.6144337583 0.86875 -0.05)
(0.6288675167 0.8625 -0.05)
(0.643301275 0.85625 -0.05)
(0.6577350333 0.85 -0.05)
(0.6721687917 0.84375 -0.05)
(0.68660255 0.8375 -0.05)
(0.7010363083 0.83125 -0.05)
(0.7154700667 0.825 -0.05)
(0.729903825 0.81875 -0.05)
(0.7443375833 0.8125 -0.05)
(0.7587713417 0.80625 -0.05)
(0.7732051 0.8 -0.05)
(0.7876388583 0.79375 -0.05)
(0.8020726167 0.7875 -0.05)
(0.816506375 0.78125 -0.05)
(0.8309401333 0.775 -0.05)
(0.8453738917 0.76875 -0.05)
(0.85980765 0.7625 -0.05)
(0.8742414083 0.75625 -0.05)
(0.8886751667 0.75 -0.05)
(0.903108925 0.74375 -0.05)
(0.9175426833 0.7375 -0.05)
(0.9319764417 0.73125 -0.05)
(0.9464102 0.725 -0.05)
(0.6144337583 0.9916666667 -0.05)
(0.6288675167 0.9833333333 -0.05)
(0.643301275 0.975 -0.05)
(0.6577350333 0.9666666667 -0.05)
(0.6721687917 0.9583333333 -0.05)
(0.68660255 0.95 -0.05)
(0.7010363083 0.9416666667 -0.05)
(0.7154700667 0.9333333333 -0.05)
(0.729903825 0.925 -0.05)
(0.7443375833 0.9166666667 -0.05)
(0.7587713417 0.9083333333 -0.05)
(0.7732051 0.9 -0.05)
(0.7876388583 0.8916666667 -0.05)
(0.8020726167 0.8833333333 -0.05)
(0.816506375 0.875 -0.05)
(0.8309401333 0.8666666667 -0.05)
(0.8453738917 0.8583333333 -0.05)
(0.85980765 0.85 -0.05)
(0.8742414083 0.8416666667 -0.05)
(0.8886751667 0.8333333333 -0.05)
(0.903108925 0.825 -0.05)
(0.9175426833 0.8166666667 -0.05)
(0.9319764417 0.8083333333 -0.05)
(0.9464102 0.8 -0.05)
(0.6144337583 0.008333333333 0.05)
(0.6288675167 0.01666666667 0.05)
(0.643301275 0.025 0.05)
(0.6577350333 0.03333333333 0.05)
(0.6721687917 0.04166666667 0.05)
(0.68660255 0.05 0.05)
(0.7010363083 0.05833333333 0.05)
(0.7154700667 0.06666666667 0.05)
(0.729903825 0.075 0.05)
(0.7443375833 0.08333333333 0.05)
(0.7587713417 0.09166666667 0.05)
(0.7732051 0.1 0.05)
(0.7876388583 0.1083333333 0.05)
(0.8020726167 0.1166666667 0.05)
(0.816506375 0.125 0.05)
(0.8309401333 0.1333333333 0.05)
(0.8453738917 0.1416666667 0.05)
(0.85980765 0.15 0.05)
(0.8742414083 0.1583333333 0.05)
(0.8886751667 0.1666666667 0.05)
(0.903108925 0.175 0.05)
(0.9175426833 0.1833333333 0.05)
(0.9319764417 0.1916666667 0.05)
(0.9464102 0.2 0.05)
(0.6144337583 0.13125 0.05)
(0.6288675167 0.1375 0.05)
(0.643301275 0.14375 0.05)
(0.6577350333 0.15 0.05)
(0.6721687917 0.15625 0.05)
(0.68660255 0.1625 0.05)
(0.7010363083 0.16875 0.05)
(0.7154700667 0.175 0.05)
(0.729903825 0.18125 0.05)
(0.7443375833 0.1875 0.05)
(0.7587713417 0.19375 0.05)
(0.7732051 0.2 0.05)
(0.7876388583 0.20625 0.05)
(0.8020726167 0.2125 0.05)
(0.816506375 0.21875 0.05)
(0.8309401333 0.225 0.05)
(0.8453738917 0.23125 0.05)
(0.85980765 0.2375 0.05)
(0.8742414083 0.24375 0.05)
(0.8886751667 0.25 0.05)
(0.903108925 0.25625 0.05)
(0.9175426833 0.2625 0.05)
(0.9319764417 0.26875 0.05)
(0.9464102 0.275 0.05)
(0.6144337583 0.2541666667 0.05)
(0.6288675167 0.2583333333 0.05)
(0.643301275 0.2625 0.05)
(0.6577350333 0.2666666667 0.05)
(0.6721687917 0.2708333333 0.05)
(0.68660255 0.275 0.05)
(0.7010363083 0.2791666667 0.05)
(0.7154700667 0.2833333333 0.05)
(0.729903825 0.2875 0.05)
(0.7443375833 0.2916666667 0.05)
(0.7587713417 0.2958333333 0.05)
(0.7732051 0.3 0.05)
(0.7876388583 0.3041666667 0.05)
(0.8020726167 0.3083333333 0.05)
(0.816506375 0.3125 0.05)
(0.8309401333 0.3166666667 0.05)
(0.8453738917 0.3208333333 0.05)
(0.85980765 0.325 0.05)
(0.8742414083 0.3291666667 0.05)
(0.8886751667 0.3333333333 0.05)
(0.903108925 0.3375 0.05)
(0.9175426833 0.3416666667 0.05)
(0.9319764417 0.3458333333 0.05)
(0.9464102 0.35 0.05)
(0.6144337583 0.3770833333 0.05)
(0.6288675167 0.3791666667 0.05)
(0.643301275 0.38125 0.05)
(0.6577350333 0.3833333333 0.05)
(0.6721687917 0.3854166667 0.05)
(0.68660255 0.3875 0.05)
(0.7010363083 0.3895833333 0.05)
(0.7154700667 0.3916666667 0.05)
(0.729903825 0.39375 0.05)
(0.7443375833 0.3958333333 0.05)
(0.7587713417 0.3979166667 0.05)
(0.7732051 0.4 0.05)
(0.7876388583 0.4020833333 0.05)
(0.8020726167 0.4041666667 0.05)
(0.816506375 0.40625 0.05)
(0.8309401333 0.4083333333 0.05)
(0.8453738917 0.4104166667 0.05)
(0.85980765 0.4125 0.05)
(0.8742414083 0.4145833333 0.05)
(0.8886751667 0.4166666667 0.05)
(0.903108925 0.41875 0.05)
(0.9175426833 0.4208333333 0.05)
(0.9319764417 0.4229166667 0.05)
(0.9464102 0.425 0.05)
(0.6144337583 0.5 0.05)
(0.6288675167 0.5 0.05)
(0.643301275 0.5 0.05)
(0.6577350333 0.5 0.05)
(0.6721687917 0.5 0.05)
(0.68660255 0.5 0.05)
(0.7010363083 0.5 0.05)
(0.7154700667 0.5 0.05)
(0.729903825 0.5 0.05)
(0.7443375833 0.5 0.05)
(0.7587713417 0.5 0.05)
(0.7732051 0.5 0.05)
(0.7876388583 0.5 0.05)
(0.8020726167 0.5 0.05)
(0.816506375 0.5 0.05)
(0.8309401333 0.5 0.05)
(0.8453738917 0.5 0.05)
(0.85980765 0.5 0.05)
(0.8742414083 0.5 0.05)
(0.8886751667 0.5 0.05)
(0.903108925 0.5 0.05)
(0.9175426833 0.5 0.05)
(0.9319764417 0.5 0.05)
(0.9464102 0.5 0.05)
(0.6144337583 0.6229166667 0.05)
(0.6288675167 0.6208333333 0.05)
(0.643301275 0.61875 0.05)
(0.6577350333 0.6166666667 0.05)
(0.6721687917 0.6145833333 0.05)
(0.68660255 0.6125 0.05)
(0.7010363083 0.6104166667 0.05)
(0.7154700667 0.6083333333 0.05)
(0.729903825 0.60625 0.05)
(0.7443375833 0.6041666667 0.05)
(0.7587713417 0.6020833333 0.05)
(0.7732051 0.6 0.05)
(0.7876388583 0.5979166667 0.05)
(0.8020726167 0.5958333333 0.05)
(0.816506375 0.59375 0.05)
(0.8309401333 0.5916666667 0.05)
(0.8453738917 0.5895833333 0.05)
(0.85980765 0.5875 0.05)
(0.8742414083 0.5854166667 0.05)
(0.8886751667 0.5833333333 0.05)
(0.903108925 0.58125 0.05)
(0.9175426833 0.5791666667 0.05)
(0.9319764417 0.5770833333 0.05)
(0.9464102 0.575 0.05)
(0.6144337583 0.7458333333 0.05)
(0.6288675167 0.7416666667 0.05)
(0.643301275 0.7375 0.05)
(0.6577350333 0.7333333333 0.05)
(0.6721687917 0.7291666667 0.05)
(0.68660255 0.725 0.05)
(0.7010363083 0.7208333333 0.05)
(0.7154700667 0.7166666667 0.05)
(0.729903825 0.7125 0.05)
(0.7443375833 0.7083333333 0.05)
(0.7587713417 0.7041666667 0.05)
(0.7732051 0.7 0.05)
(0.7876388583 0.6958333333 0.05)
(0.8020726167 0.6916666667 0.05)
(0.816506375 0.6875 0.05)
(0.8309401333 0.6833333333 0.05)
(0.8453738917 0.6791666667 0.05)
(0.85980765 0.675 0.05)
(0.8742414083 0.6708333333 0.05)
(0.8886751667 0.6666666667 0.05)
(0.903108925 0.6625 0.05)
(0.9175426833 0.6583333333 0.05)
(0.9319764417 0.6541666667 0.05)
(0.9464102 0.65 0.05)
(0.6144337583 0.86875 0.05)
(0.6288675167 0.8625 0.05)
(0.643301275 0.85625 0.05)
(0.6577350333 0.85 0.05)
(0.6721687917 0.84375 0.05)
(0.68660255 0.8375 0.05)
(0.7010363083 0.83125 0.05)
(0.7154700667 0.825 0.05)
(0.729903825 0.81875 0.05)
(0.7443375833 0.8125 0.05)
(0.7587713417 0.80625 0.05)
(0.7732051 0.8 0.05)
(0.7876388583 0.79375 0.05)
(0.8020726167 0.7875 0.05)
(0.816506375 0.78125 0.05)
(0.8309401333 0.775 0.05)
(0.8453738917 0.76875 0.05)
(0.85980765 0.7625 0.05)
(0.8742414083 0.75625 0.05)
(0.8886751667 0.75 0.05)
(0.903108925 0.74375 0.05)
(0.9175426833 0.7375 0.05)
(0.9319764417 0.73125 0.05)
(0.9464102 0.725 0.05)
(0.6144337583 0.9916666667 0.05)
(0.6288675167 0.9833333333 0.05)
(0.643301275 0.975 0.05)
(0.6577350333 0.9666666667 0.05)
(0.6721687917 0.9583333333 0.05)
(0.68660255 0.95 0.05)
(0.7010363083 0.9416666667 0.05)
(0.7154700667 0.9333333333 0.05)
(0.729903825 0.925 0.05)
(0.7443375833 0.9166666667 0.05)
(0.7587713417 0.9083333333 0.05)
(0.7732051 0.9 0.05)
(0.7876388583 0.8916666667 0.05)
(0.8020726167 0.8833333333 0.05)
(0.816506375 0.875 0.05)
(0.8309401333 0.8666666667 0.05)
(0.8453738917 0.8583333333 0.05)
(0.85980765 0.85 0.05)
(0.8742414083 0.8416666667 0.05)
(0.8886751667 0.8333333333 0.05)
(0.903108925 0.825 0.05)
(0.9175426833 0.8166666667 0.05)
(0.9319764417 0.8083333333 0.05)
(0.9464102 0.8 0.05)
(0.9678017604 0.2 -0.05)
(0.9891933208 0.2 -0.05)
(1.010584881 0.2 -0.05)
(1.031976442 0.2 -0.05)
(1.053368002 0.2 -0.05)
(1.074759562 0.2 -0.05)
(1.096151123 0.2 -0.05)
(1.117542683 0.2 -0.05)
(1.138934244 0.2 -0.05)
(1.160325804 0.2 -0.05)
(1.181717365 0.2 -0.05)
(1.203108925 0.2 -0.05)
(1.224500485 0.2 -0.05)
(1.245892046 0.2 -0.05)
(1.267283606 0.2 -0.05)
(1.288675167 0.2 -0.05)
(1.310066727 0.2 -0.05)
(1.331458288 0.2 -0.05)
(1.352849848 0.2 -0.05)
(1.374241408 0.2 -0.05)
(1.395632969 0.2 -0.05)
(1.417024529 0.2 -0.05)
(1.43841609 0.2 -0.05)
(1.45980765 0.2 -0.05)
(1.48119921 0.2 -0.05)
(1.502590771 0.2 -0.05)
(1.523982331 0.2 -0.05)
(1.545373892 0.2 -0.05)
(1.566765452 0.2 -0.05)
(1.588157012 0.2 -0.05)
(1.609548573 0.2 -0.05)
(1.630940133 0.2 -0.05)
(1.652331694 0.2 -0.05)
(1.673723254 0.2 -0.05)
(1.695114815 0.2 -0.05)
(1.716506375 0.2 -0.05)
(1.737897935 0.2 -0.05)
(1.759289496 0.2 -0.05)
(1.780681056 0.2 -0.05)
(1.802072617 0.2 -0.05)
(1.823464177 0.2 -0.05)
(1.844855737 0.2 -0.05)
(1.866247298 0.2 -0.05)
(1.887638858 0.2 -0.05)
(1.909030419 0.2 -0.05)
(1.930421979 0.2 -0.05)
(1.95181354 0.2 -0.05)
(1.9732051 0.2 -0.05)
(1.99459666 0.2 -0.05)
(2.015988221 0.2 -0.05)
(2.037379781 0.2 -0.05)
(2.058771342 0.2 -0.05)
(2.080162902 0.2 -0.05)
(2.101554463 0.2 -0.05)
(2.122946023 0.2 -0.05)
(2.144337583 0.2 -0.05)
(2.165729144 0.2 -0.05)
(2.187120704 0.2 -0.05)
(2.208512265 0.2 -0.05)
(2.229903825 0.2 -0.05)
(2.251295385 0.2 -0.05)
(2.272686946 0.2 -0.05)
(2.294078506 0.2 -0.05)
(2.315470067 0.2 -0.05)
(2.336861627 0.2 -0.05)
(2.358253187 0.2 -0.05)
(2.379644748 0.2 -0.05)
(2.401036308 0.2 -0.05)
(2.422427869 0.2 -0.05)
(2.443819429 0.2 -0.05)
(2.46521099 0.2 -0.05)
(2.48660255 0.2 -0.05)
(2.50799411 0.2 -0.05)
(2.529385671 0.2 -0.05)
(2.550777231 0.2 -0.05)
(2.572168792 0.2 -0.05)
(2.593560352 0.2 -0.05)
(2.614951913 0.2 -0.05)
(2.636343473 0.2 -0.05)
(2.657735033 0.2 -0.05)
(2.679126594 0.2 -0.05)
(2.700518154 0.2 -0.05)
(2.721909715 0.2 -0.05)
(2.743301275 0.2 -0.05)
(2.764692835 0.2 -0.05)
(2.786084396 0.2 -0.05)
(2.807475956 0.2 -0.05)
(2.828867517 0.2 -0.05)
(2.850259077 0.2 -0.05)
(2.871650638 0.2 -0.05)
(2.893042198 0.2 -0.05)
(2.914433758 0.2 -0.05)
(2.935825319 0.2 -0.05)
(2.957216879 0.2 -0.05)
(2.97860844 0.2 -0.05)
(3 0.2 -0.05)
(0.9678017604 0.275 -0.05)
(0.9891933208 0.275 -0.05)
(1.010584881 0.275 -0.05)
(1.031976442 0.275 -0.05)
(1.053368002 0.275 -0.05)
(1.074759562 0.275 -0.05)
(1.096151123 0.275 -0.05)
(1.117542683 0.275 -0.05)
(1.138934244 0.275 -0.05)
(1.160325804 0.275 -0.05)
(1.181717365 0.275 -0.05)
(1.203108925 0.275 -0.05)
(1.224500485 0.275 -0.05)
(1.245892046 0.275 -0.05)
(1.267283606 0.275 -0.05)
(1.288675167 0.275 -0.05)
(1.310066727 0.275 -0.05)
(1.331458288 0.275 -0.05)
(1.352849848 0.275 -0.05)
(1.374241408 0.275 -0.05)
(1.395632969 0.275 -0.05)
(1.417024529 0.275 -0.05)
(1.43841609 0.275 -0.05)
(1.45980765 0.275 -0.05)
(1.48119921 0.275 -0.05)
(1.502590771 0.275 -0.05)
(1.523982331 0.275 -0.05)
(1.545373892 0.275 -0.05)
(1.566765452 0.275 -0.05)
(1.588157012 0.275 -0.05)
(1.609548573 0.275 -0.05)
(1.630940133 0.275 -0.05)
(1.652331694 0.275 -0.05)
(1.673723254 0.275 -0.05)
(1.695114815 0.275 -0.05)
(1.716506375 0.275 -0.05)
(1.737897935 0.275 -0.05)
(1.759289496 0.275 -0.05)
(1.780681056 0.275 -0.05)
(1.802072617 0.275 -0.05)
(1.823464177 0.275 -0.05)
(1.844855737 0.275 -0.05)
(1.866247298 0.275 -0.05)
(1.887638858 0.275 -0.05)
(1.909030419 0.275 -0.05)
(1.930421979 0.275 -0.05)
(1.95181354 0.275 -0.05)
(1.9732051 0.275 -0.05)
(1.99459666 0.275 -0.05)
(2.015988221 0.275 -0.05)
(2.037379781 0.275 -0.05)
(2.058771342 0.275 -0.05)
(2.080162902 0.275 -0.05)
(2.101554462 0.275 -0.05)
(2.122946023 0.275 -0.05)
(2.144337583 0.275 -0.05)
(2.165729144 0.275 -0.05)
(2.187120704 0.275 -0.05)
(2.208512265 0.275 -0.05)
(2.229903825 0.275 -0.05)
(2.251295385 0.275 -0.05)
(2.272686946 0.275 -0.05)
(2.294078506 0.275 -0.05)
(2.315470067 0.275 -0.05)
(2.336861627 0.275 -0.05)
(2.358253187 0.275 -0.05)
(2.379644748 0.275 -0.05)
(2.401036308 0.275 -0.05)
(2.422427869 0.275 -0.05)
(2.443819429 0.275 -0.05)
(2.46521099 0.275 -0.05)
(2.48660255 0.275 -0.05)
(2.50799411 0.275 -0.05)
(2.529385671 0.275 -0.05)
(2.550777231 0.275 -0.05)
(2.572168792 0.275 -0.05)
(2.593560352 0.275 -0.05)
(2.614951913 0.275 -0.05)
(2.636343473 0.275 -0.05)
(2.657735033 0.275 -0.05)
(2.679126594 0.275 -0.05)
(2.700518154 0.275 -0.05)
(2.721909715 0.275 -0.05)
(2.743301275 0.275 -0.05)
(2.764692835 0.275 -0.05)
(2.786084396 0.275 -0.05)
(2.807475956 0.275 -0.05)
(2.828867517 0.275 -0.05)
(2.850259077 0.275 -0.05)
(2.871650637 0.275 -0.05)
(2.893042198 0.275 -0.05)
(2.914433758 0.275 -0.05)
(2.935825319 0.275 -0.05)
(2.957216879 0.275 -0.05)
(2.97860844 0.275 -0.05)
(3 0.275 -0.05)
(0.9678017604 0.35 -0.05)
(0.9891933208 0.35 -0.05)
(1.010584881 0.35 -0.05)
(1.031976442 0.35 -0.05)
(1.053368002 0.35 -0.05)
(1.074759562 0.35 -0.05)
(1.096151123 0.35 -0.05)
(1.117542683 0.35 -0.05)
(1.138934244 0.35 -0.05)
(1.160325804 0.35 -0.05)
(1.181717365 0.35 -0.05)
(1.203108925 0.35 -0.05)
(1.224500485 0.35 -0.05)
(1.245892046 0.35 -0.05)
(1.267283606 0.35 -0.05)
(1.288675167 0.35 -0.05)
(1.310066727 0.35 -0.05)
(1.331458288 0.35 -0.05)
(1.352849848 0.35 -0.05)
(1.374241408 0.35 -0.05)
(1.395632969 0.35 -0.05)
(1.417024529 0.35 -0.05)
(1.43841609 0.35 -0.05)
(1.45980765 0.35 -0.05)
(1.48119921 0.35 -0.05)
(1.502590771 0.35 -0.05)
(1.523982331 0.35 -0.05)
(1.545373892 0.35 -0.05)
(1.566765452 0.35 -0.05)
(1.588157013 0.35 -0.05)
(1.609548573 0.35 -0.05)
(1.630940133 0.35 -0.05)
(1.652331694 0.35 -0.05)
(1.673723254 0.35 -0.05)
(1.695114815 0.35 -0.05)
(1.716506375 0.35 -0.05)
(1.737897935 0.35 -0.05)
(1.759289496 0.35 -0.05)
(1.780681056 0.35 -0.05)
(1.802072617 0.35 -0.05)
(1.823464177 0.35 -0.05)
(1.844855738 0.35 -0.05)
(1.866247298 0.35 -0.05)
(1.887638858 0.35 -0.05)
(1.909030419 0.35 -0.05)
(1.930421979 0.35 -0.05)
(1.95181354 0.35 -0.05)
(1.9732051 0.35 -0.05)
(1.99459666 0.35 -0.05)
(2.015988221 0.35 -0.05)
(2.037379781 0.35 -0.05)
(2.058771342 0.35 -0.05)
(2.080162902 0.35 -0.05)
(2.101554463 0.35 -0.05)
(2.122946023 0.35 -0.05)
(2.144337583 0.35 -0.05)
(2.165729144 0.35 -0.05)
(2.187120704 0.35 -0.05)
(2.208512265 0.35 -0.05)
(2.229903825 0.35 -0.05)
(2.251295385 0.35 -0.05)
(2.272686946 0.35 -0.05)
(2.294078506 0.35 -0.05)
(2.315470067 0.35 -0.05)
(2.336861627 0.35 -0.05)
(2.358253187 0.35 -0.05)
(2.379644748 0.35 -0.05)
(2.401036308 0.35 -0.05)
(2.422427869 0.35 -0.05)
(2.443819429 0.35 -0.05)
(2.46521099 0.35 -0.05)
(2.48660255 0.35 -0.05)
(2.50799411 0.35 -0.05)
(2.529385671 0.35 -0.05)
(2.550777231 0.35 -0.05)
(2.572168792 0.35 -0.05)
(2.593560352 0.35 -0.05)
(2.614951913 0.35 -0.05)
(2.636343473 0.35 -0.05)
(2.657735033 0.35 -0.05)
(2.679126594 0.35 -0.05)
(2.700518154 0.35 -0.05)
(2.721909715 0.35 -0.05)
(2.743301275 0.35 -0.05)
(2.764692835 0.35 -0.05)
(2.786084396 0.35 -0.05)
(2.807475956 0.35 -0.05)
(2.828867517 0.35 -0.05)
(2.850259077 0.35 -0.05)
(2.871650638 0.35 -0.05)
(2.893042198 0.35 -0.05)
(2.914433758 0.35 -0.05)
(2.935825319 0.35 -0.05)
(2.957216879 0.35 -0.05)
(2.97860844 0.35 -0.05)
(3 0.35 -0.05)
(0.9678017604 0.425 -0.05)
(0.9891933208 0.425 -0.05)
(1.010584881 0.425 -0.05)
(1.031976442 0.425 -0.05)
(1.053368002 0.425 -0.05)
(1.074759562 0.425 -0.05)
(1.096151123 0.425 -0.05)
(1.117542683 0.425 -0.05)
(1.138934244 0.425 -0.05)
(1.160325804 0.425 -0.05)
(1.181717365 0.425 -0.05)
(1.203108925 0.425 -0.05)
(1.224500485 0.425 -0.05)
(1.245892046 0.425 -0.05)
(1.267283606 0.425 -0.05)
(1.288675167 0.425 -0.05)
(1.310066727 0.425 -0.05)
(1.331458288 0.425 -0.05)
(1.352849848 0.425 -0.05)
(1.374241408 0.425 -0.05)
(1.395632969 0.425 -0.05)
(1.417024529 0.425 -0.05)
(1.43841609 0.425 -0.05)
(1.45980765 0.425 -0.05)
(1.48119921 0.425 -0.05)
(1.502590771 0.425 -0.05)
(1.523982331 0.425 -0.05)
(1.545373892 0.425 -0.05)
(1.566765452 0.425 -0.05)
(1.588157012 0.425 -0.05)
(1.609548573 0.425 -0.05)
(1.630940133 0.425 -0.05)
(1.652331694 0.425 -0.05)
(1.673723254 0.425 -0.05)
(1.695114815 0.425 -0.05)
(1.716506375 0.425 -0.05)
(1.737897935 0.425 -0.05)
(1.759289496 0.425 -0.05)
(1.780681056 0.425 -0.05)
(1.802072617 0.425 -0.05)
(1.823464177 0.425 -0.05)
(1.844855737 0.425 -0.05)
(1.866247298 0.425 -0.05)
(1.887638858 0.425 -0.05)
(1.909030419 0.425 -0.05)
(1.930421979 0.425 -0.05)
(1.95181354 0.425 -0.05)
(1.9732051 0.425 -0.05)
(1.99459666 0.425 -0.05)
(2.015988221 0.425 -0.05)
(2.037379781 0.425 -0.05)
(2.058771342 0.425 -0.05)
(2.080162902 0.425 -0.05)
(2.101554463 0.425 -0.05)
(2.122946023 0.425 -0.05)
(2.144337583 0.425 -0.05)
(2.165729144 0.425 -0.05)
(2.187120704 0.425 -0.05)
(2.208512265 0.425 -0.05)
(2.229903825 0.425 -0.05)
(2.251295385 0.425 -0.05)
(2.272686946 0.425 -0.05)
(2.294078506 0.425 -0.05)
(2.315470067 0.425 -0.05)
(2.336861627 0.425 -0.05)
(2.358253187 0.425 -0.05)
(2.379644748 0.425 -0.05)
(2.401036308 0.425 -0.05)
(2.422427869 0.425 -0.05)
(2.443819429 0.425 -0.05)
(2.46521099 0.425 -0.05)
(2.48660255 0.425 -0.05)
(2.50799411 0.425 -0.05)
(2.529385671 0.425 -0.05)
(2.550777231 0.425 -0.05)
(2.572168792 0.425 -0.05)
(2.593560352 0.425 -0.05)
(2.614951913 0.425 -0.05)
(2.636343473 0.425 -0.05)
(2.657735033 0.425 -0.05)
(2.679126594 0.425 -0.05)
(2.700518154 0.425 -0.05)
(2.721909715 0.425 -0.05)
(2.743301275 0.425 -0.05)
(2.764692835 0.425 -0.05)
(2.786084396 0.425 -0.05)
(2.807475956 0.425 -0.05)
(2.828867517 0.425 -0.05)
(2.850259077 0.425 -0.05)
(2.871650638 0.425 -0.05)
(2.893042198 0.425 -0.05)
(2.914433758 0.425 -0.05)
(2.935825319 0.425 -0.05)
(2.957216879 0.425 -0.05)
(2.97860844 0.425 -0.05)
(3 0.425 -0.05)
(0.9678017604 0.5 -0.05)
(0.9891933208 0.5 -0.05)
(1.010584881 0.5 -0.05)
(1.031976442 0.5 -0.05)
(1.053368002 0.5 -0.05)
(1.074759562 0.5 -0.05)
(1.096151123 0.5 -0.05)
(1.117542683 0.5 -0.05)
(1.138934244 0.5 -0.05)
(1.160325804 0.5 -0.05)
(1.181717365 0.5 -0.05)
(1.203108925 0.5 -0.05)
(1.224500485 0.5 -0.05)
(1.245892046 0.5 -0.05)
(1.267283606 0.5 -0.05)
(1.288675167 0.5 -0.05)
(1.310066727 0.5 -0.05)
(1.331458288 0.5 -0.05)
(1.352849848 0.5 -0.05)
(1.374241408 0.5 -0.05)
(1.395632969 0.5 -0.05)
(1.417024529 0.5 -0.05)
(1.43841609 0.5 -0.05)
(1.45980765 0.5 -0.05)
(1.48119921 0.5 -0.05)
(1.502590771 0.5 -0.05)
(1.523982331 0.5 -0.05)
(1.545373892 0.5 -0.05)
(1.566765452 0.5 -0.05)
(1.588157012 0.5 -0.05)
(1.609548573 0.5 -0.05)
(1.630940133 0.5 -0.05)
(1.652331694 0.5 -0.05)
(1.673723254 0.5 -0.05)
(1.695114815 0.5 -0.05)
(1.716506375 0.5 -0.05)
(1.737897935 0.5 -0.05)
(1.759289496 0.5 -0.05)
(1.780681056 0.5 -0.05)
(1.802072617 0.5 -0.05)
(1.823464177 0.5 -0.05)
(1.844855737 0.5 -0.05)
(1.866247298 0.5 -0.05)
(1.887638858 0.5 -0.05)
(1.909030419 0.5 -0.05)
(1.930421979 0.5 -0.05)
(1.95181354 0.5 -0.05)
(1.9732051 0.5 -0.05)
(1.99459666 0.5 -0.05)
(2.015988221 0.5 -0.05)
(2.037379781 0.5 -0.05)
(2.058771342 0.5 -0.05)
(2.080162902 0.5 -0.05)
(2.101554462 0.5 -0.05)
(2.122946023 0.5 -0.05)
(2.144337583 0.5 -0.05)
(2.165729144 0.5 -0.05)
(2.187120704 0.5 -0.05)
(2.208512265 0.5 -0.05)
(2.229903825 0.5 -0.05)
(2.251295385 0.5 -0.05)
(2.272686946 0.5 -0.05)
(2.294078506 0.5 -0.05)
(2.315470067 0.5 -0.05)
(2.336861627 0.5 -0.05)
(2.358253188 0.5 -0.05)
(2.379644748 0.5 -0.05)
(2.401036308 0.5 -0.05)
(2.422427869 0.5 -0.05)
(2.443819429 0.5 -0.05)
(2.46521099 0.5 -0.05)
(2.48660255 0.5 -0.05)
(2.50799411 0.5 -0.05)
(2.529385671 0.5 -0.05)
(2.550777231 0.5 -0.05)
(2.572168792 0.5 -0.05)
(2.593560352 0.5 -0.05)
(2.614951913 0.5 -0.05)
(2.636343473 0.5 -0.05)
(2.657735033 0.5 -0.05)
(2.679126594 0.5 -0.05)
(2.700518154 0.5 -0.05)
(2.721909715 0.5 -0.05)
(2.743301275 0.5 -0.05)
(2.764692835 0.5 -0.05)
(2.786084396 0.5 -0.05)
(2.807475956 0.5 -0.05)
(2.828867517 0.5 -0.05)
(2.850259077 0.5 -0.05)
(2.871650638 0.5 -0.05)
(2.893042198 0.5 -0.05)
(2.914433758 0.5 -0.05)
(2.935825319 0.5 -0.05)
(2.957216879 0.5 -0.05)
(2.97860844 0.5 -0.05)
(3 0.5 -0.05)
(0.9678017604 0.575 -0.05)
(0.9891933208 0.575 -0.05)
(1.010584881 0.575 -0.05)
(1.031976442 0.575 -0.05)
(1.053368002 0.575 -0.05)
(1.074759562 0.575 -0.05)
(1.096151123 0.575 -0.05)
(1.117542683 0.575 -0.05)
(1.138934244 0.575 -0.05)
(1.160325804 0.575 -0.05)
(1.181717365 0.575 -0.05)
(1.203108925 0.575 -0.05)
(1.224500485 0.575 -0.05)
(1.245892046 0.575 -0.05)
(1.267283606 0.575 -0.05)
(1.288675167 0.575 -0.05)
(1.310066727 0.575 -0.05)
(1.331458288 0.575 -0.05)
(1.352849848 0.575 -0.05)
(1.374241408 0.575 -0.05)
(1.395632969 0.575 -0.05)
(1.417024529 0.575 -0.05)
(1.43841609 0.575 -0.05)
(1.45980765 0.575 -0.05)
(1.48119921 0.575 -0.05)
(1.502590771 0.575 -0.05)
(1.523982331 0.575 -0.05)
(1.545373892 0.575 -0.05)
(1.566765452 0.575 -0.05)
(1.588157012 0.575 -0.05)
(1.609548573 0.575 -0.05)
(1.630940133 0.575 -0.05)
(1.652331694 0.575 -0.05)
(1.673723254 0.575 -0.05)
(1.695114815 0.575 -0.05)
(1.716506375 0.575 -0.05)
(1.737897935 0.575 -0.05)
(1.759289496 0.575 -0.05)
(1.780681056 0.575 -0.05)
(1.802072617 0.575 -0.05)
(1.823464177 0.575 -0.05)
(1.844855737 0.575 -0.05)
(1.866247298 0.575 -0.05)
(1.887638858 0.575 -0.05)
(1.909030419 0.575 -0.05)
(1.930421979 0.575 -0.05)
(1.95181354 0.575 -0.05)
(1.9732051 0.575 -0.05)
(1.99459666 0.575 -0.05)
(2.015988221 0.575 -0.05)
(2.037379781 0.575 -0.05)
(2.058771342 0.575 -0.05)
(2.080162902 0.575 -0.05)
(2.101554463 0.575 -0.05)
(2.122946023 0.575 -0.05)
(2.144337583 0.575 -0.05)
(2.165729144 0.575 -0.05)
(2.187120704 0.575 -0.05)
(2.208512265 0.575 -0.05)
(2.229903825 0.575 -0.05)
(2.251295385 0.575 -0.05)
(2.272686946 0.575 -0.05)
(2.294078506 0.575 -0.05)
(2.315470067 0.575 -0.05)
(2.336861627 0.575 -0.05)
(2.358253187 0.575 -0.05)
(2.379644748 0.575 -0.05)
(2.401036308 0.575 -0.05)
(2.422427869 0.575 -0.05)
(2.443819429 0.575 -0.05)
(2.46521099 0.575 -0.05)
(2.48660255 0.575 -0.05)
(2.50799411 0.575 -0.05)
(2.529385671 0.575 -0.05)
(2.550777231 0.575 -0.05)
(2.572168792 0.575 -0.05)
(2.593560352 0.575 -0.05)
(2.614951913 0.575 -0.05)
(2.636343473 0.575 -0.05)
(2.657735033 0.575 -0.05)
(2.679126594 0.575 -0.05)
(2.700518154 0.575 -0.05)
(2.721909715 0.575 -0.05)
(2.743301275 0.575 -0.05)
(2.764692835 0.575 -0.05)
(2.786084396 0.575 -0.05)
(2.807475956 0.575 -0.05)
(2.828867517 0.575 -0.05)
(2.850259077 0.575 -0.05)
(2.871650638 0.575 -0.05)
(2.893042198 0.575 -0.05)
(2.914433758 0.575 -0.05)
(2.935825319 0.575 -0.05)
(2.957216879 0.575 -0.05)
(2.97860844 0.575 -0.05)
(3 0.575 -0.05)
(0.9678017604 0.65 -0.05)
(0.9891933208 0.65 -0.05)
(1.010584881 0.65 -0.05)
(1.031976442 0.65 -0.05)
(1.053368002 0.65 -0.05)
(1.074759562 0.65 -0.05)
(1.096151123 0.65 -0.05)
(1.117542683 0.65 -0.05)
(1.138934244 0.65 -0.05)
(1.160325804 0.65 -0.05)
(1.181717365 0.65 -0.05)
(1.203108925 0.65 -0.05)
(1.224500485 0.65 -0.05)
(1.245892046 0.65 -0.05)
(1.267283606 0.65 -0.05)
(1.288675167 0.65 -0.05)
(1.310066727 0.65 -0.05)
(1.331458288 0.65 -0.05)
(1.352849848 0.65 -0.05)
(1.374241408 0.65 -0.05)
(1.395632969 0.65 -0.05)
(1.417024529 0.65 -0.05)
(1.43841609 0.65 -0.05)
(1.45980765 0.65 -0.05)
(1.48119921 0.65 -0.05)
(1.502590771 0.65 -0.05)
(1.523982331 0.65 -0.05)
(1.545373892 0.65 -0.05)
(1.566765452 0.65 -0.05)
(1.588157012 0.65 -0.05)
(1.609548573 0.65 -0.05)
(1.630940133 0.65 -0.05)
(1.652331694 0.65 -0.05)
(1.673723254 0.65 -0.05)
(1.695114815 0.65 -0.05)
(1.716506375 0.65 -0.05)
(1.737897935 0.65 -0.05)
(1.759289496 0.65 -0.05)
(1.780681056 0.65 -0.05)
(1.802072617 0.65 -0.05)
(1.823464177 0.65 -0.05)
(1.844855738 0.65 -0.05)
(1.866247298 0.65 -0.05)
(1.887638858 0.65 -0.05)
(1.909030419 0.65 -0.05)
(1.930421979 0.65 -0.05)
(1.95181354 0.65 -0.05)
(1.9732051 0.65 -0.05)
(1.99459666 0.65 -0.05)
(2.015988221 0.65 -0.05)
(2.037379781 0.65 -0.05)
(2.058771342 0.65 -0.05)
(2.080162902 0.65 -0.05)
(2.101554463 0.65 -0.05)
(2.122946023 0.65 -0.05)
(2.144337583 0.65 -0.05)
(2.165729144 0.65 -0.05)
(2.187120704 0.65 -0.05)
(2.208512265 0.65 -0.05)
(2.229903825 0.65 -0.05)
(2.251295385 0.65 -0.05)
(2.272686946 0.65 -0.05)
(2.294078506 0.65 -0.05)
(2.315470067 0.65 -0.05)
(2.336861627 0.65 -0.05)
(2.358253187 0.65 -0.05)
(2.379644748 0.65 -0.05)
(2.401036308 0.65 -0.05)
(2.422427869 0.65 -0.05)
(2.443819429 0.65 -0.05)
(2.46521099 0.65 -0.05)
(2.48660255 0.65 -0.05)
(2.50799411 0.65 -0.05)
(2.529385671 0.65 -0.05)
(2.550777231 0.65 -0.05)
(2.572168792 0.65 -0.05)
(2.593560352 0.65 -0.05)
(2.614951913 0.65 -0.05)
(2.636343473 0.65 -0.05)
(2.657735033 0.65 -0.05)
(2.679126594 0.65 -0.05)
(2.700518154 0.65 -0.05)
(2.721909715 0.65 -0.05)
(2.743301275 0.65 -0.05)
(2.764692835 0.65 -0.05)
(2.786084396 0.65 -0.05)
(2.807475956 0.65 -0.05)
(2.828867517 0.65 -0.05)
(2.850259077 0.65 -0.05)
(2.871650637 0.65 -0.05)
(2.893042198 0.65 -0.05)
(2.914433758 0.65 -0.05)
(2.935825319 0.65 -0.05)
(2.957216879 0.65 -0.05)
(2.97860844 0.65 -0.05)
(3 0.65 -0.05)
(0.9678017604 0.725 -0.05)
(0.9891933208 0.725 -0.05)
(1.010584881 0.725 -0.05)
(1.031976442 0.725 -0.05)
(1.053368002 0.725 -0.05)
(1.074759562 0.725 -0.05)
(1.096151123 0.725 -0.05)
(1.117542683 0.725 -0.05)
(1.138934244 0.725 -0.05)
(1.160325804 0.725 -0.05)
(1.181717365 0.725 -0.05)
(1.203108925 0.725 -0.05)
(1.224500485 0.725 -0.05)
(1.245892046 0.725 -0.05)
(1.267283606 0.725 -0.05)
(1.288675167 0.725 -0.05)
(1.310066727 0.725 -0.05)
(1.331458288 0.725 -0.05)
(1.352849848 0.725 -0.05)
(1.374241408 0.725 -0.05)
(1.395632969 0.725 -0.05)
(1.417024529 0.725 -0.05)
(1.43841609 0.725 -0.05)
(1.45980765 0.725 -0.05)
(1.48119921 0.725 -0.05)
(1.502590771 0.725 -0.05)
(1.523982331 0.725 -0.05)
(1.545373892 0.725 -0.05)
(1.566765452 0.725 -0.05)
(1.588157013 0.725 -0.05)
(1.609548573 0.725 -0.05)
(1.630940133 0.725 -0.05)
(1.652331694 0.725 -0.05)
(1.673723254 0.725 -0.05)
(1.695114815 0.725 -0.05)
(1.716506375 0.725 -0.05)
(1.737897935 0.725 -0.05)
(1.759289496 0.725 -0.05)
(1.780681056 0.725 -0.05)
(1.802072617 0.725 -0.05)
(1.823464177 0.725 -0.05)
(1.844855738 0.725 -0.05)
(1.866247298 0.725 -0.05)
(1.887638858 0.725 -0.05)
(1.909030419 0.725 -0.05)
(1.930421979 0.725 -0.05)
(1.95181354 0.725 -0.05)
(1.9732051 0.725 -0.05)
(1.99459666 0.725 -0.05)
(2.015988221 0.725 -0.05)
(2.037379781 0.725 -0.05)
(2.058771342 0.725 -0.05)
(2.080162902 0.725 -0.05)
(2.101554462 0.725 -0.05)
(2.122946023 0.725 -0.05)
(2.144337583 0.725 -0.05)
(2.165729144 0.725 -0.05)
(2.187120704 0.725 -0.05)
(2.208512265 0.725 -0.05)
(2.229903825 0.725 -0.05)
(2.251295385 0.725 -0.05)
(2.272686946 0.725 -0.05)
(2.294078506 0.725 -0.05)
(2.315470067 0.725 -0.05)
(2.336861627 0.725 -0.05)
(2.358253187 0.725 -0.05)
(2.379644748 0.725 -0.05)
(2.401036308 0.725 -0.05)
(2.422427869 0.725 -0.05)
(2.443819429 0.725 -0.05)
(2.46521099 0.725 -0.05)
(2.48660255 0.725 -0.05)
(2.50799411 0.725 -0.05)
(2.529385671 0.725 -0.05)
(2.550777231 0.725 -0.05)
(2.572168792 0.725 -0.05)
(2.593560352 0.725 -0.05)
(2.614951913 0.725 -0.05)
(2.636343473 0.725 -0.05)
(2.657735033 0.725 -0.05)
(2.679126594 0.725 -0.05)
(2.700518154 0.725 -0.05)
(2.721909715 0.725 -0.05)
(2.743301275 0.725 -0.05)
(2.764692835 0.725 -0.05)
(2.786084396 0.725 -0.05)
(2.807475956 0.725 -0.05)
(2.828867517 0.725 -0.05)
(2.850259077 0.725 -0.05)
(2.871650638 0.725 -0.05)
(2.893042198 0.725 -0.05)
(2.914433758 0.725 -0.05)
(2.935825319 0.725 -0.05)
(2.957216879 0.725 -0.05)
(2.97860844 0.725 -0.05)
(3 0.725 -0.05)
(0.9678017604 0.8 -0.05)
(0.9891933208 0.8 -0.05)
(1.010584881 0.8 -0.05)
(1.031976442 0.8 -0.05)
(1.053368002 0.8 -0.05)
(1.074759562 0.8 -0.05)
(1.096151123 0.8 -0.05)
(1.117542683 0.8 -0.05)
(1.138934244 0.8 -0.05)
(1.160325804 0.8 -0.05)
(1.181717365 0.8 -0.05)
(1.203108925 0.8 -0.05)
(1.224500485 0.8 -0.05)
(1.245892046 0.8 -0.05)
(1.267283606 0.8 -0.05)
(1.288675167 0.8 -0.05)
(1.310066727 0.8 -0.05)
(1.331458288 0.8 -0.05)
(1.352849848 0.8 -0.05)
(1.374241408 0.8 -0.05)
(1.395632969 0.8 -0.05)
(1.417024529 0.8 -0.05)
(1.43841609 0.8 -0.05)
(1.45980765 0.8 -0.05)
(1.48119921 0.8 -0.05)
(1.502590771 0.8 -0.05)
(1.523982331 0.8 -0.05)
(1.545373892 0.8 -0.05)
(1.566765452 0.8 -0.05)
(1.588157012 0.8 -0.05)
(1.609548573 0.8 -0.05)
(1.630940133 0.8 -0.05)
(1.652331694 0.8 -0.05)
(1.673723254 0.8 -0.05)
(1.695114815 0.8 -0.05)
(1.716506375 0.8 -0.05)
(1.737897935 0.8 -0.05)
(1.759289496 0.8 -0.05)
(1.780681056 0.8 -0.05)
(1.802072617 0.8 -0.05)
(1.823464177 0.8 -0.05)
(1.844855737 0.8 -0.05)
(1.866247298 0.8 -0.05)
(1.887638858 0.8 -0.05)
(1.909030419 0.8 -0.05)
(1.930421979 0.8 -0.05)
(1.95181354 0.8 -0.05)
(1.9732051 0.8 -0.05)
(1.99459666 0.8 -0.05)
(2.015988221 0.8 -0.05)
(2.037379781 0.8 -0.05)
(2.058771342 0.8 -0.05)
(2.080162902 0.8 -0.05)
(2.101554463 0.8 -0.05)
(2.122946023 0.8 -0.05)
(2.144337583 0.8 -0.05)
(2.165729144 0.8 -0.05)
(2.187120704 0.8 -0.05)
(2.208512265 0.8 -0.05)
(2.229903825 0.8 -0.05)
(2.251295385 0.8 -0.05)
(2.272686946 0.8 -0.05)
(2.294078506 0.8 -0.05)
(2.315470067 0.8 -0.05)
(2.336861627 0.8 -0.05)
(2.358253187 0.8 -0.05)
(2.379644748 0.8 -0.05)
(2.401036308 0.8 -0.05)
(2.422427869 0.8 -0.05)
(2.443819429 0.8 -0.05)
(2.46521099 0.8 -0.05)
(2.48660255 0.8 -0.05)
(2.50799411 0.8 -0.05)
(2.529385671 0.8 -0.05)
(2.550777231 0.8 -0.05)
(2.572168792 0.8 -0.05)
(2.593560352 0.8 -0.05)
(2.614951913 0.8 -0.05)
(2.636343473 0.8 -0.05)
(2.657735033 0.8 -0.05)
(2.679126594 0.8 -0.05)
(2.700518154 0.8 -0.05)
(2.721909715 0.8 -0.05)
(2.743301275 0.8 -0.05)
(2.764692835 0.8 -0.05)
(2.786084396 0.8 -0.05)
(2.807475956 0.8 -0.05)
(2.828867517 0.8 -0.05)
(2.850259077 0.8 -0.05)
(2.871650638 0.8 -0.05)
(2.893042198 0.8 -0.05)
(2.914433758 0.8 -0.05)
(2.935825319 0.8 -0.05)
(2.957216879 0.8 -0.05)
(2.97860844 0.8 -0.05)
(3 0.8 -0.05)
(0.9678017604 0.2 0.05)
(0.9891933208 0.2 0.05)
(1.010584881 0.2 0.05)
(1.031976442 0.2 0.05)
(1.053368002 0.2 0.05)
(1.074759562 0.2 0.05)
(1.096151123 0.2 0.05)
(1.117542683 0.2 0.05)
(1.138934244 0.2 0.05)
(1.160325804 0.2 0.05)
(1.181717365 0.2 0.05)
(1.203108925 0.2 0.05)
(1.224500485 0.2 0.05)
(1.245892046 0.2 0.05)
(1.267283606 0.2 0.05)
(1.288675167 0.2 0.05)
(1.310066727 0.2 0.05)
(1.331458288 0.2 0.05)
(1.352849848 0.2 0.05)
(1.374241408 0.2 0.05)
(1.395632969 0.2 0.05)
(1.417024529 0.2 0.05)
(1.43841609 0.2 0.05)
(1.45980765 0.2 0.05)
(1.48119921 0.2 0.05)
(1.502590771 0.2 0.05)
(1.523982331 0.2 0.05)
(1.545373892 0.2 0.05)
(1.566765452 0.2 0.05)
(1.588157012 0.2 0.05)
(1.609548573 0.2 0.05)
(1.630940133 0.2 0.05)
(1.652331694 0.2 0.05)
(1.673723254 0.2 0.05)
(1.695114815 0.2 0.05)
(1.716506375 0.2 0.05)
(1.737897935 0.2 0.05)
(1.759289496 0.2 0.05)
(1.780681056 0.2 0.05)
(1.802072617 0.2 0.05)
(1.823464177 0.2 0.05)
(1.844855737 0.2 0.05)
(1.866247298 0.2 0.05)
(1.887638858 0.2 0.05)
(1.909030419 0.2 0.05)
(1.930421979 0.2 0.05)
(1.95181354 0.2 0.05)
(1.9732051 0.2 0.05)
(1.99459666 0.2 0.05)
(2.015988221 0.2 0.05)
(2.037379781 0.2 0.05)
(2.058771342 0.2 0.05)
(2.080162902 0.2 0.05)
(2.101554463 0.2 0.05)
(2.122946023 0.2 0.05)
(2.144337583 0.2 0.05)
(2.165729144 0.2 0.05)
(2.187120704 0.2 0.05)
(2.208512265 0.2 0.05)
(2.229903825 0.2 0.05)
(2.251295385 0.2 0.05)
(2.272686946 0.2 0.05)
(2.294078506 0.2 0.05)
(2.315470067 0.2 0.05)
(2.336861627 0.2 0.05)
(2.358253187 0.2 0.05)
(2.379644748 0.2 0.05)
(2.401036308 0.2 0.05)
(2.422427869 0.2 0.05)
(2.443819429 0.2 0.05)
(2.46521099 0.2 0.05)
(2.48660255 0.2 0.05)
(2.50799411 0.2 0.05)
(2.529385671 0.2 0.05)
(2.550777231 0.2 0.05)
(2.572168792 0.2 0.05)
(2.593560352 0.2 0.05)
(2.614951913 0.2 0.05)
(2.636343473 0.2 0.05)
(2.657735033 0.2 0.05)
(2.679126594 0.2 0.05)
(2.700518154 0.2 0.05)
(2.721909715 0.2 0.05)
(2.743301275 0.2 0.05)
(2.764692835 0.2 0.05)
(2.786084396 0.2 0.05)
(2.807475956 0.2 0.05)
(2.828867517 0.2 0.05)
(2.850259077 0.2 0.05)
(2.871650638 0.2 0.05)
(2.893042198 0.2 0.05)
(2.914433758 0.2 0.05)
(2.935825319 0.2 0.05)
(2.957216879 0.2 0.05)
(2.97860844 0.2 0.05)
(3 0.2 0.05)
(0.9678017604 0.275 0.05)
(0.9891933208 0.275 0.05)
(1.010584881 0.275 0.05)
(1.031976442 0.275 0.05)
(1.053368002 0.275 0.05)
(1.074759562 0.275 0.05)
(1.096151123 0.275 0.05)
(1.117542683 0.275 0.05)
(1.138934244 0.275 0.05)
(1.160325804 0.275 0.05)
(1.181717365 0.275 0.05)
(1.203108925 0.275 0.05)
(1.224500485 0.275 0.05)
(1.245892046 0.275 0.05)
(1.267283606 0.275 0.05)
(1.288675167 0.275 0.05)
(1.310066727 0.275 0.05)
(1.331458288 0.275 0.05)
(1.352849848 0.275 0.05)
(1.374241408 0.275 0.05)
(1.395632969 0.275 0.05)
(1.417024529 0.275 0.05)
(1.43841609 0.275 0.05)
(1.45980765 0.275 0.05)
(1.48119921 0.275 0.05)
(1.502590771 0.275 0.05)
(1.523982331 0.275 0.05)
(1.545373892 0.275 0.05)
(1.566765452 0.275 0.05)
(1.588157012 0.275 0.05)
(1.609548573 0.275 0.05)
(1.630940133 0.275 0.05)
(1.652331694 0.275 0.05)
(1.673723254 0.275 0.05)
(1.695114815 0.275 0.05)
(1.716506375 0.275 0.05)
(1.737897935 0.275 0.05)
(1.759289496 0.275 0.05)
(1.780681056 0.275 0.05)
(1.802072617 0.275 0.05)
(1.823464177 0.275 0.05)
(1.844855737 0.275 0.05)
(1.866247298 0.275 0.05)
(1.887638858 0.275 0.05)
(1.909030419 0.275 0.05)
(1.930421979 0.275 0.05)
(1.95181354 0.275 0.05)
(1.9732051 0.275 0.05)
(1.99459666 0.275 0.05)
(2.015988221 0.275 0.05)
(2.037379781 0.275 0.05)
(2.058771342 0.275 0.05)
(2.080162902 0.275 0.05)
(2.101554462 0.275 0.05)
(2.122946023 0.275 0.05)
(2.144337583 0.275 0.05)
(2.165729144 0.275 0.05)
(2.187120704 0.275 0.05)
(2.208512265 0.275 0.05)
(2.229903825 0.275 0.05)
(2.251295385 0.275 0.05)
(2.272686946 0.275 0.05)
(2.294078506 0.275 0.05)
(2.315470067 0.275 0.05)
(2.336861627 0.275 0.05)
(2.358253187 0.275 0.05)
(2.379644748 0.275 0.05)
(2.401036308 0.275 0.05)
(2.422427869 0.275 0.05)
(2.443819429 0.275 0.05)
(2.46521099 0.275 0.05)
(2.48660255 0.275 0.05)
(2.50799411 0.275 0.05)
(2.529385671 0.275 0.05)
(2.550777231 0.275 0.05)
(2.572168792 0.275 0.05)
(2.593560352 0.275 0.05)
(2.614951913 0.275 0.05)
(2.636343473 0.275 0.05)
(2.657735033 0.275 0.05)
(2.679126594 0.275 0.05)
(2.700518154 0.275 0.05)
(2.721909715 0.275 0.05)
(2.743301275 0.275 0.05)
(2.764692835 0.275 0.05)
(2.786084396 0.275 0.05)
(2.807475956 0.275 0.05)
(2.828867517 0.275 0.05)
(2.850259077 0.275 0.05)
(2.871650637 0.275 0.05)
(2.893042198 0.275 0.05)
(2.914433758 0.275 0.05)
(2.935825319 0.275 0.05)
(2.957216879 0.275 0.05)
(2.97860844 0.275 0.05)
(3 0.275 0.05)
(0.9678017604 0.35 0.05)
(0.9891933208 0.35 0.05)
(1.010584881 0.35 0.05)
(1.031976442 0.35 0.05)
(1.053368002 0.35 0.05)
(1.074759562 0.35 0.05)
(1.096151123 0.35 0.05)
(1.117542683 0.35 0.05)
(1.138934244 0.35 0.05)
(1.160325804 0.35 0.05)
(1.181717365 0.35 0.05)
(1.203108925 0.35 0.05)
(1.224500485 0.35 0.05)
(1.245892046 0.35 0.05)
(1.267283606 0.35 0.05)
(1.288675167 0.35 0.05)
(1.310066727 0.35 0.05)
(1.331458288 0.35 0.05)
(1.352849848 0.35 0.05)
(1.374241408 0.35 0.05)
(1.395632969 0.35 0.05)
(1.417024529 0.35 0.05)
(1.43841609 0.35 0.05)
(1.45980765 0.35 0.05)
(1.48119921 0.35 0.05)
(1.502590771 0.35 0.05)
(1.523982331 0.35 0.05)
(1.545373892 0.35 0.05)
(1.566765452 0.35 0.05)
(1.588157013 0.35 0.05)
(1.609548573 0.35 0.05)
(1.630940133 0.35 0.05)
(1.652331694 0.35 0.05)
(1.673723254 0.35 0.05)
(1.695114815 0.35 0.05)
(1.716506375 0.35 0.05)
(1.737897935 0.35 0.05)
(1.759289496 0.35 0.05)
(1.780681056 0.35 0.05)
(1.802072617 0.35 0.05)
(1.823464177 0.35 0.05)
(1.844855738 0.35 0.05)
(1.866247298 0.35 0.05)
(1.887638858 0.35 0.05)
(1.909030419 0.35 0.05)
(1.930421979 0.35 0.05)
(1.95181354 0.35 0.05)
(1.9732051 0.35 0.05)
(1.99459666 0.35 0.05)
(2.015988221 0.35 0.05)
(2.037379781 0.35 0.05)
(2.058771342 0.35 0.05)
(2.080162902 0.35 0.05)
(2.101554463 0.35 0.05)
(2.122946023 0.35 0.05)
(2.144337583 0.35 0.05)
(2.165729144 0.35 0.05)
(2.187120704 0.35 0.05)
(2.208512265 0.35 0.05)
(2.229903825 0.35 0.05)
(2.251295385 0.35 0.05)
(2.272686946 0.35 0.05)
(2.294078506 0.35 0.05)
(2.315470067 0.35 0.05)
(2.336861627 0.35 0.05)
(2.358253187 0.35 0.05)
(2.379644748 0.35 0.05)
(2.401036308 0.35 0.05)
(2.422427869 0.35 0.05)
(2.443819429 0.35 0.05)
(2.46521099 0.35 0.05)
(2.48660255 0.35 0.05)
(2.50799411 0.35 0.05)
(2.529385671 0.35 0.05)
(2.550777231 0.35 0.05)
(2.572168792 0.35 0.05)
(2.593560352 0.35 0.05)
(2.614951913 0.35 0.05)
(2.636343473 0.35 0.05)
(2.657735033 0.35 0.05)
(2.679126594 0.35 0.05)
(2.700518154 0.35 0.05)
(2.721909715 0.35 0.05)
(2.743301275 0.35 0.05)
(2.764692835 0.35 0.05)
(2.786084396 0.35 0.05)
(2.807475956 0.35 0.05)
(2.828867517 0.35 0.05)
(2.850259077 0.35 0.05)
(2.871650638 0.35 0.05)
(2.893042198 0.35 0.05)
(2.914433758 0.35 0.05)
(2.935825319 0.35 0.05)
(2.957216879 0.35 0.05)
(2.97860844 0.35 0.05)
(3 0.35 0.05)
(0.9678017604 0.425 0.05)
(0.9891933208 0.425 0.05)
(1.010584881 0.425 0.05)
(1.031976442 0.425 0.05)
(1.053368002 0.425 0.05)
(1.074759562 0.425 0.05)
(1.096151123 0.425 0.05)
(1.117542683 0.425 0.05)
(1.138934244 0.425 0.05)
(1.160325804 0.425 0.05)
(1.181717365 0.425 0.05)
(1.203108925 0.425 0.05)
(1.224500485 0.425 0.05)
(1.245892046 0.425 0.05)
(1.267283606 0.425 0.05)
(1.288675167 0.425 0.05)
(1.310066727 0.425 0.05)
(1.331458288 0.425 0.05)
(1.352849848 0.425 0.05)
(1.374241408 0.425 0.05)
(1.395632969 0.425 0.05)
(1.417024529 0.425 0.05)
(1.43841609 0.425 0.05)
(1.45980765 0.425 0.05)
(1.48119921 0.425 0.05)
(1.502590771 0.425 0.05)
(1.523982331 0.425 0.05)
(1.545373892 0.425 0.05)
(1.566765452 0.425 0.05)
(1.588157012 0.425 0.05)
(1.609548573 0.425 0.05)
(1.630940133 0.425 0.05)
(1.652331694 0.425 0.05)
(1.673723254 0.425 0.05)
(1.695114815 0.425 0.05)
(1.716506375 0.425 0.05)
(1.737897935 0.425 0.05)
(1.759289496 0.425 0.05)
(1.780681056 0.425 0.05)
(1.802072617 0.425 0.05)
(1.823464177 0.425 0.05)
(1.844855737 0.425 0.05)
(1.866247298 0.425 0.05)
(1.887638858 0.425 0.05)
(1.909030419 0.425 0.05)
(1.930421979 0.425 0.05)
(1.95181354 0.425 0.05)
(1.9732051 0.425 0.05)
(1.99459666 0.425 0.05)
(2.015988221 0.425 0.05)
(2.037379781 0.425 0.05)
(2.058771342 0.425 0.05)
(2.080162902 0.425 0.05)
(2.101554463 0.425 0.05)
(2.122946023 0.425 0.05)
(2.144337583 0.425 0.05)
(2.165729144 0.425 0.05)
(2.187120704 0.425 0.05)
(2.208512265 0.425 0.05)
(2.229903825 0.425 0.05)
(2.251295385 0.425 0.05)
(2.272686946 0.425 0.05)
(2.294078506 0.425 0.05)
(2.315470067 0.425 0.05)
(2.336861627 0.425 0.05)
(2.358253187 0.425 0.05)
(2.379644748 0.425 0.05)
(2.401036308 0.425 0.05)
(2.422427869 0.425 0.05)
(2.443819429 0.425 0.05)
(2.46521099 0.425 0.05)
(2.48660255 0.425 0.05)
(2.50799411 0.425 0.05)
(2.529385671 0.425 0.05)
(2.550777231 0.425 0.05)
(2.572168792 0.425 0.05)
(2.593560352 0.425 0.05)
(2.614951913 0.425 0.05)
(2.636343473 0.425 0.05)
(2.657735033 0.425 0.05)
(2.679126594 0.425 0.05)
(2.700518154 0.425 0.05)
(2.721909715 0.425 0.05)
(2.743301275 0.425 0.05)
(2.764692835 0.425 0.05)
(2.786084396 0.425 0.05)
(2.807475956 0.425 0.05)
(2.828867517 0.425 0.05)
(2.850259077 0.425 0.05)
(2.871650638 0.425 0.05)
(2.893042198 0.425 0.05)
(2.914433758 0.425 0.05)
(2.935825319 0.425 0.05)
(2.957216879 0.425 0.05)
(2.97860844 0.425 0.05)
(3 0.425 0.05)
(0.9678017604 0.5 0.05)
(0.9891933208 0.5 0.05)
(1.010584881 0.5 0.05)
(1.031976442 0.5 0.05)
(1.053368002 0.5 0.05)
(1.074759562 0.5 0.05)
(1.096151123 0.5 0.05)
(1.117542683 0.5 0.05)
(1.138934244 0.5 0.05)
(1.160325804 0.5 0.05)
(1.181717365 0.5 0.05)
(1.203108925 0.5 0.05)
(1.224500485 0.5 0.05)
(1.245892046 0.5 0.05)
(1.267283606 0.5 0.05)
(1.288675167 0.5 0.05)
(1.310066727 0.5 0.05)
(1.331458288 0.5 0.05)
(1.352849848 0.5 0.05)
(1.374241408 0.5 0.05)
(1.395632969 0.5 0.05)
(1.417024529 0.5 0.05)
(1.43841609 0.5 0.05)
(1.45980765 0.5 0.05)
(1.48119921 0.5 0.05)
(1.502590771 0.5 0.05)
(1.523982331 0.5 0.05)
(1.545373892 0.5 0.05)
(1.566765452 0.5 0.05)
(1.588157012 0.5 0.05)
(1.609548573 0.5 0.05)
(1.630940133 0.5 0.05)
(1.652331694 0.5 0.05)
(1.673723254 0.5 0.05)
(1.695114815 0.5 0.05)
(1.716506375 0.5 0.05)
(1.737897935 0.5 0.05)
(1.759289496 0.5 0.05)
(1.780681056 0.5 0.05)
(1.802072617 0.5 0.05)
(1.823464177 0.5 0.05)
(1.844855737 0.5 0.05)
(1.866247298 0.5 0.05)
(1.887638858 0.5 0.05)
(1.909030419 0.5 0.05)
(1.930421979 0.5 0.05)
(1.95181354 0.5 0.05)
(1.9732051 0.5 0.05)
(1.99459666 0.5 0.05)
(2.015988221 0.5 0.05)
(2.037379781 0.5 0.05)
(2.058771342 0.5 0.05)
(2.080162902 0.5 0.05)
(2.101554462 0.5 0.05)
(2.122946023 0.5 0.05)
(2.144337583 0.5 0.05)
(2.165729144 0.5 0.05)
(2.187120704 0.5 0.05)
(2.208512265 0.5 0.05)
(2.229903825 0.5 0.05)
(2.251295385 0.5 0.05)
(2.272686946 0.5 0.05)
(2.294078506 0.5 0.05)
(2.315470067 0.5 0.05)
(2.336861627 0.5 0.05)
(2.358253188 0.5 0.05)
(2.379644748 0.5 0.05)
(2.401036308 0.5 0.05)
(2.422427869 0.5 0.05)
(2.443819429 0.5 0.05)
(2.46521099 0.5 0.05)
(2.48660255 0.5 0.05)
(2.50799411 0.5 0.05)
(2.529385671 0.5 0.05)
(2.550777231 0.5 0.05)
(2.572168792 0.5 0.05)
(2.593560352 0.5 0.05)
(2.614951913 0.5 0.05)
(2.636343473 0.5 0.05)
(2.657735033 0.5 0.05)
(2.679126594 0.5 0.05)
(2.700518154 0.5 0.05)
(2.721909715 0.5 0.05)
(2.743301275 0.5 0.05)
(2.764692835 0.5 0.05)
(2.786084396 0.5 0.05)
(2.807475956 0.5 0.05)
(2.828867517 0.5 0.05)
(2.850259077 0.5 0.05)
(2.871650638 0.5 0.05)
(2.893042198 0.5 0.05)
(2.914433758 0.5 0.05)
(2.935825319 0.5 0.05)
(2.957216879 0.5 0.05)
(2.97860844 0.5 0.05)
(3 0.5 0.05)
(0.9678017604 0.575 0.05)
(0.9891933208 0.575 0.05)
(1.010584881 0.575 0.05)
(1.031976442 0.575 0.05)
(1.053368002 0.575 0.05)
(1.074759562 0.575 0.05)
(1.096151123 0.575 0.05)
(1.117542683 0.575 0.05)
(1.138934244 0.575 0.05)
(1.160325804 0.575 0.05)
(1.181717365 0.575 0.05)
(1.203108925 0.575 0.05)
(1.224500485 0.575 0.05)
(1.245892046 0.575 0.05)
(1.267283606 0.575 0.05)
(1.288675167 0.575 0.05)
(1.310066727 0.575 0.05)
(1.331458288 0.575 0.05)
(1.352849848 0.575 0.05)
(1.374241408 0.575 0.05)
(1.395632969 0.575 0.05)
(1.417024529 0.575 0.05)
(1.43841609 0.575 0.05)
(1.45980765 0.575 0.05)
(1.48119921 0.575 0.05)
(1.502590771 0.575 0.05)
(1.523982331 0.575 0.05)
(1.545373892 0.575 0.05)
(1.566765452 0.575 0.05)
(1.588157012 0.575 0.05)
(1.609548573 0.575 0.05)
(1.630940133 0.575 0.05)
(1.652331694 0.575 0.05)
(1.673723254 0.575 0.05)
(1.695114815 0.575 0.05)
(1.716506375 0.575 0.05)
(1.737897935 0.575 0.05)
(1.759289496 0.575 0.05)
(1.780681056 0.575 0.05)
(1.802072617 0.575 0.05)
(1.823464177 0.575 0.05)
(1.844855737 0.575 0.05)
(1.866247298 0.575 0.05)
(1.887638858 0.575 0.05)
(1.909030419 0.575 0.05)
(1.930421979 0.575 0.05)
(1.95181354 0.575 0.05)
(1.9732051 0.575 0.05)
(1.99459666 0.575 0.05)
(2.015988221 0.575 0.05)
(2.037379781 0.575 0.05)
(2.058771342 0.575 0.05)
(2.080162902 0.575 0.05)
(2.101554463 0.575 0.05)
(2.122946023 0.575 0.05)
(2.144337583 0.575 0.05)
(2.165729144 0.575 0.05)
(2.187120704 0.575 0.05)
(2.208512265 0.575 0.05)
(2.229903825 0.575 0.05)
(2.251295385 0.575 0.05)
(2.272686946 0.575 0.05)
(2.294078506 0.575 0.05)
(2.315470067 0.575 0.05)
(2.336861627 0.575 0.05)
(2.358253187 0.575 0.05)
(2.379644748 0.575 0.05)
(2.401036308 0.575 0.05)
(2.422427869 0.575 0.05)
(2.443819429 0.575 0.05)
(2.46521099 0.575 0.05)
(2.48660255 0.575 0.05)
(2.50799411 0.575 0.05)
(2.529385671 0.575 0.05)
(2.550777231 0.575 0.05)
(2.572168792 0.575 0.05)
(2.593560352 0.575 0.05)
(2.614951913 0.575 0.05)
(2.636343473 0.575 0.05)
(2.657735033 0.575 0.05)
(2.679126594 0.575 0.05)
(2.700518154 0.575 0.05)
(2.721909715 0.575 0.05)
(2.743301275 0.575 0.05)
(2.764692835 0.575 0.05)
(2.786084396 0.575 0.05)
(2.807475956 0.575 0.05)
(2.828867517 0.575 0.05)
(2.850259077 0.575 0.05)
(2.871650638 0.575 0.05)
(2.893042198 0.575 0.05)
(2.914433758 0.575 0.05)
(2.935825319 0.575 0.05)
(2.957216879 0.575 0.05)
(2.97860844 0.575 0.05)
(3 0.575 0.05)
(0.9678017604 0.65 0.05)
(0.9891933208 0.65 0.05)
(1.010584881 0.65 0.05)
(1.031976442 0.65 0.05)
(1.053368002 0.65 0.05)
(1.074759562 0.65 0.05)
(1.096151123 0.65 0.05)
(1.117542683 0.65 0.05)
(1.138934244 0.65 0.05)
(1.160325804 0.65 0.05)
(1.181717365 0.65 0.05)
(1.203108925 0.65 0.05)
(1.224500485 0.65 0.05)
(1.245892046 0.65 0.05)
(1.267283606 0.65 0.05)
(1.288675167 0.65 0.05)
(1.310066727 0.65 0.05)
(1.331458288 0.65 0.05)
(1.352849848 0.65 0.05)
(1.374241408 0.65 0.05)
(1.395632969 0.65 0.05)
(1.417024529 0.65 0.05)
(1.43841609 0.65 0.05)
(1.45980765 0.65 0.05)
(1.48119921 0.65 0.05)
(1.502590771 0.65 0.05)
(1.523982331 0.65 0.05)
(1.545373892 0.65 0.05)
(1.566765452 0.65 0.05)
(1.588157012 0.65 0.05)
(1.609548573 0.65 0.05)
(1.630940133 0.65 0.05)
(1.652331694 0.65 0.05)
(1.673723254 0.65 0.05)
(1.695114815 0.65 0.05)
(1.716506375 0.65 0.05)
(1.737897935 0.65 0.05)
(1.759289496 0.65 0.05)
(1.780681056 0.65 0.05)
(1.802072617 0.65 0.05)
(1.823464177 0.65 0.05)
(1.844855738 0.65 0.05)
(1.866247298 0.65 0.05)
(1.887638858 0.65 0.05)
(1.909030419 0.65 0.05)
(1.930421979 0.65 0.05)
(1.95181354 0.65 0.05)
(1.9732051 0.65 0.05)
(1.99459666 0.65 0.05)
(2.015988221 0.65 0.05)
(2.037379781 0.65 0.05)
(2.058771342 0.65 0.05)
(2.080162902 0.65 0.05)
(2.101554463 0.65 0.05)
(2.122946023 0.65 0.05)
(2.144337583 0.65 0.05)
(2.165729144 0.65 0.05)
(2.187120704 0.65 0.05)
(2.208512265 0.65 0.05)
(2.229903825 0.65 0.05)
(2.251295385 0.65 0.05)
(2.272686946 0.65 0.05)
(2.294078506 0.65 0.05)
(2.315470067 0.65 0.05)
(2.336861627 0.65 0.05)
(2.358253187 0.65 0.05)
(2.379644748 0.65 0.05)
(2.401036308 0.65 0.05)
(2.422427869 0.65 0.05)
(2.443819429 0.65 0.05)
(2.46521099 0.65 0.05)
(2.48660255 0.65 0.05)
(2.50799411 0.65 0.05)
(2.529385671 0.65 0.05)
(2.550777231 0.65 0.05)
(2.572168792 0.65 0.05)
(2.593560352 0.65 0.05)
(2.614951913 0.65 0.05)
(2.636343473 0.65 0.05)
(2.657735033 0.65 0.05)
(2.679126594 0.65 0.05)
(2.700518154 0.65 0.05)
(2.721909715 0.65 0.05)
(2.743301275 0.65 0.05)
(2.764692835 0.65 0.05)
(2.786084396 0.65 0.05)
(2.807475956 0.65 0.05)
(2.828867517 0.65 0.05)
(2.850259077 0.65 0.05)
(2.871650637 0.65 0.05)
(2.893042198 0.65 0.05)
(2.914433758 0.65 0.05)
(2.935825319 0.65 0.05)
(2.957216879 0.65 0.05)
(2.97860844 0.65 0.05)
(3 0.65 0.05)
(0.9678017604 0.725 0.05)
(0.9891933208 0.725 0.05)
(1.010584881 0.725 0.05)
(1.031976442 0.725 0.05)
(1.053368002 0.725 0.05)
(1.074759562 0.725 0.05)
(1.096151123 0.725 0.05)
(1.117542683 0.725 0.05)
(1.138934244 0.725 0.05)
(1.160325804 0.725 0.05)
(1.181717365 0.725 0.05)
(1.203108925 0.725 0.05)
(1.224500485 0.725 0.05)
(1.245892046 0.725 0.05)
(1.267283606 0.725 0.05)
(1.288675167 0.725 0.05)
(1.310066727 0.725 0.05)
(1.331458288 0.725 0.05)
(1.352849848 0.725 0.05)
(1.374241408 0.725 0.05)
(1.395632969 0.725 0.05)
(1.417024529 0.725 0.05)
(1.43841609 0.725 0.05)
(1.45980765 0.725 0.05)
(1.48119921 0.725 0.05)
(1.502590771 0.725 0.05)
(1.523982331 0.725 0.05)
(1.545373892 0.725 0.05)
(1.566765452 0.725 0.05)
(1.588157013 0.725 0.05)
(1.609548573 0.725 0.05)
(1.630940133 0.725 0.05)
(1.652331694 0.725 0.05)
(1.673723254 0.725 0.05)
(1.695114815 0.725 0.05)
(1.716506375 0.725 0.05)
(1.737897935 0.725 0.05)
(1.759289496 0.725 0.05)
(1.780681056 0.725 0.05)
(1.802072617 0.725 0.05)
(1.823464177 0.725 0.05)
(1.844855738 0.725 0.05)
(1.866247298 0.725 0.05)
(1.887638858 0.725 0.05)
(1.909030419 0.725 0.05)
(1.930421979 0.725 0.05)
(1.95181354 0.725 0.05)
(1.9732051 0.725 0.05)
(1.99459666 0.725 0.05)
(2.015988221 0.725 0.05)
(2.037379781 0.725 0.05)
(2.058771342 0.725 0.05)
(2.080162902 0.725 0.05)
(2.101554462 0.725 0.05)
(2.122946023 0.725 0.05)
(2.144337583 0.725 0.05)
(2.165729144 0.725 0.05)
(2.187120704 0.725 0.05)
(2.208512265 0.725 0.05)
(2.229903825 0.725 0.05)
(2.251295385 0.725 0.05)
(2.272686946 0.725 0.05)
(2.294078506 0.725 0.05)
(2.315470067 0.725 0.05)
(2.336861627 0.725 0.05)
(2.358253187 0.725 0.05)
(2.379644748 0.725 0.05)
(2.401036308 0.725 0.05)
(2.422427869 0.725 0.05)
(2.443819429 0.725 0.05)
(2.46521099 0.725 0.05)
(2.48660255 0.725 0.05)
(2.50799411 0.725 0.05)
(2.529385671 0.725 0.05)
(2.550777231 0.725 0.05)
(2.572168792 0.725 0.05)
(2.593560352 0.725 0.05)
(2.614951913 0.725 0.05)
(2.636343473 0.725 0.05)
(2.657735033 0.725 0.05)
(2.679126594 0.725 0.05)
(2.700518154 0.725 0.05)
(2.721909715 0.725 0.05)
(2.743301275 0.725 0.05)
(2.764692835 0.725 0.05)
(2.786084396 0.725 0.05)
(2.807475956 0.725 0.05)
(2.828867517 0.725 0.05)
(2.850259077 0.725 0.05)
(2.871650638 0.725 0.05)
(2.893042198 0.725 0.05)
(2.914433758 0.725 0.05)
(2.935825319 0.725 0.05)
(2.957216879 0.725 0.05)
(2.97860844 0.725 0.05)
(3 0.725 0.05)
(0.9678017604 0.8 0.05)
(0.9891933208 0.8 0.05)
(1.010584881 0.8 0.05)
(1.031976442 0.8 0.05)
(1.053368002 0.8 0.05)
(1.074759562 0.8 0.05)
(1.096151123 0.8 0.05)
(1.117542683 0.8 0.05)
(1.138934244 0.8 0.05)
(1.160325804 0.8 0.05)
(1.181717365 0.8 0.05)
(1.203108925 0.8 0.05)
(1.224500485 0.8 0.05)
(1.245892046 0.8 0.05)
(1.267283606 0.8 0.05)
(1.288675167 0.8 0.05)
(1.310066727 0.8 0.05)
(1.331458288 0.8 0.05)
(1.352849848 0.8 0.05)
(1.374241408 0.8 0.05)
(1.395632969 0.8 0.05)
(1.417024529 0.8 0.05)
(1.43841609 0.8 0.05)
(1.45980765 0.8 0.05)
(1.48119921 0.8 0.05)
(1.502590771 0.8 0.05)
(1.523982331 0.8 0.05)
(1.545373892 0.8 0.05)
(1.566765452 0.8 0.05)
(1.588157012 0.8 0.05)
(1.609548573 0.8 0.05)
(1.630940133 0.8 0.05)
(1.652331694 0.8 0.05)
(1.673723254 0.8 0.05)
(1.695114815 0.8 0.05)
(1.716506375 0.8 0.05)
(1.737897935 0.8 0.05)
(1.759289496 0.8 0.05)
(1.780681056 0.8 0.05)
(1.802072617 0.8 0.05)
(1.823464177 0.8 0.05)
(1.844855737 0.8 0.05)
(1.866247298 0.8 0.05)
(1.887638858 0.8 0.05)
(1.909030419 0.8 0.05)
(1.930421979 0.8 0.05)
(1.95181354 0.8 0.05)
(1.9732051 0.8 0.05)
(1.99459666 0.8 0.05)
(2.015988221 0.8 0.05)
(2.037379781 0.8 0.05)
(2.058771342 0.8 0.05)
(2.080162902 0.8 0.05)
(2.101554463 0.8 0.05)
(2.122946023 0.8 0.05)
(2.144337583 0.8 0.05)
(2.165729144 0.8 0.05)
(2.187120704 0.8 0.05)
(2.208512265 0.8 0.05)
(2.229903825 0.8 0.05)
(2.251295385 0.8 0.05)
(2.272686946 0.8 0.05)
(2.294078506 0.8 0.05)
(2.315470067 0.8 0.05)
(2.336861627 0.8 0.05)
(2.358253187 0.8 0.05)
(2.379644748 0.8 0.05)
(2.401036308 0.8 0.05)
(2.422427869 0.8 0.05)
(2.443819429 0.8 0.05)
(2.46521099 0.8 0.05)
(2.48660255 0.8 0.05)
(2.50799411 0.8 0.05)
(2.529385671 0.8 0.05)
(2.550777231 0.8 0.05)
(2.572168792 0.8 0.05)
(2.593560352 0.8 0.05)
(2.614951913 0.8 0.05)
(2.636343473 0.8 0.05)
(2.657735033 0.8 0.05)
(2.679126594 0.8 0.05)
(2.700518154 0.8 0.05)
(2.721909715 0.8 0.05)
(2.743301275 0.8 0.05)
(2.764692835 0.8 0.05)
(2.786084396 0.8 0.05)
(2.807475956 0.8 0.05)
(2.828867517 0.8 0.05)
(2.850259077 0.8 0.05)
(2.871650638 0.8 0.05)
(2.893042198 0.8 0.05)
(2.914433758 0.8 0.05)
(2.935825319 0.8 0.05)
(2.957216879 0.8 0.05)
(2.97860844 0.8 0.05)
(3 0.8 0.05)
)


// ************************************************************************* //
