/*--------------------------------*- C++ -*----------------------------------*\
  =========                 |
  \\      /  F ield         | OpenFOAM: The Open Source CFD Toolbox
   \\    /   O peration     | Website:  https://openfoam.org
    \\  /    A nd           | Version:  7
     \\/     M anipulation  |
\*---------------------------------------------------------------------------*/
FoamFile
{
    version     2.0;
    format      ascii;
    class       volScalarField;
    location    "4";
    object      rho;
}
// * * * * * * * * * * * * * * * * * * * * * * * * * * * * * * * * * * * * * //

dimensions      [1 -3 0 0 0 0 0];

internalField   nonuniform List<scalar> 
4608
(
1.40001
1.40001
1.40001
1.40001
1.40001
1.40001
1.40001
1.40001
1.40001
1.40001
1.40001
1.40001
1.40001
1.40001
1.40001
1.40001
1.40001
1.40001
1.40001
1.40001
1.40001
1.40001
1.40001
1.40001
1.40001
1.40001
1.40001
1.40001
1.40001
1.40001
1.40001
1.40001
1.40001
1.40001
1.40001
1.40001
1.40001
1.40001
1.40001
1.40001
1.40001
1.40001
1.40001
1.40001
1.40001
1.40001
1.40001
1.40001
1.40001
1.40001
1.40001
1.40001
1.40001
1.40001
1.40001
1.40001
1.40001
1.40001
1.40001
1.40001
1.40001
1.40001
1.40001
1.40001
1.40001
1.40001
1.40001
1.40001
1.40001
1.40001
1.40001
1.40001
1.40001
1.40001
1.40001
1.40001
1.40001
1.40001
1.40001
1.40001
1.40001
1.40001
1.40001
1.40001
1.40001
1.40001
1.40001
1.40001
1.40001
1.40001
1.40001
1.40001
1.40001
1.40001
1.40001
1.40001
1.40001
1.40001
1.40001
1.40001
1.40001
1.40001
1.40001
1.40001
1.40001
1.40001
1.40001
1.40001
1.40001
1.40001
1.40001
1.40001
1.40001
1.40001
1.40001
1.40001
1.40001
1.40001
1.40001
1.40001
1.40001
1.40001
1.40001
1.40001
1.40001
1.40001
1.40001
1.40001
1.40001
1.40001
1.40001
1.40001
1.40001
1.40001
1.40001
1.40001
1.40001
1.40001
1.40001
1.40001
1.40001
1.40001
1.40001
1.40001
1.40001
1.40001
1.40001
1.40001
1.40001
1.40001
1.40001
1.40001
1.40001
1.40001
1.40001
1.40001
1.40001
1.40001
1.40001
1.40001
1.40001
1.40001
1.40001
1.40001
1.40001
1.40001
1.40001
1.40001
1.40001
1.40001
1.40001
1.40001
1.40001
1.40001
1.40001
1.40001
1.40001
1.40001
1.40001
1.40001
1.40001
1.40001
1.40001
1.40001
1.40001
1.40001
1.40001
1.40001
1.40001
1.40001
1.40001
1.40001
1.40001
1.40001
1.40001
1.40001
1.40001
1.40001
1.40001
1.40001
1.40001
1.40001
1.40001
1.40001
1.40001
1.40001
1.40001
1.40001
1.40001
1.40001
1.40001
1.40001
1.40001
1.40001
1.40001
1.40001
1.40001
1.40001
1.40001
1.40001
1.40001
1.40001
1.40001
1.40001
1.40001
1.40001
1.40001
1.40001
1.40001
1.40001
1.40001
1.40001
1.40001
1.40001
1.40001
1.40001
1.40001
1.40001
1.40001
1.40001
1.40001
1.40001
1.40001
1.40001
1.40001
1.40001
1.40001
1.40001
1.40001
1.40001
1.40001
1.40001
1.40001
1.40001
1.40001
1.40001
1.40001
1.40001
1.40001
1.40001
1.40001
1.40001
1.40001
1.40001
1.40001
1.40001
1.40001
1.40001
1.40001
1.40001
1.40001
1.40001
1.40001
1.40001
1.40001
1.40001
1.40001
1.40001
1.40001
1.40001
1.40001
1.40001
1.40001
1.40001
1.40001
1.40001
1.40001
1.40001
1.40001
1.40001
1.40001
1.40001
1.40001
1.40001
1.40001
1.40001
1.40001
1.40001
1.40001
1.40001
1.40001
1.40001
1.40001
1.40001
1.40001
1.40001
1.40001
1.40001
1.40001
1.40001
1.40001
1.40001
1.40001
1.40001
1.40001
1.40001
1.40001
1.40001
1.40001
1.40001
1.40001
1.40001
1.40001
1.40001
1.40001
1.40001
1.40001
1.40001
1.40001
1.40001
1.40001
1.40001
1.40001
1.40001
1.40001
1.40001
1.40001
1.40001
1.40001
1.40001
1.40001
1.40001
1.40001
1.40001
1.40001
1.40001
1.40001
1.40001
1.40001
1.40001
1.40001
1.40001
1.40001
1.40001
1.40001
1.40001
1.40001
1.40001
1.40001
1.40001
1.40001
1.40001
1.40001
1.40001
1.40001
1.40001
1.40001
1.40001
1.40001
1.40001
1.40001
1.40001
1.40001
1.40001
1.40001
1.40001
1.40001
1.40001
1.40001
1.40001
1.40001
1.40001
1.40001
1.40001
1.40001
1.40001
1.40001
1.40001
1.40001
1.40001
1.40001
1.40001
1.40001
1.40001
1.40001
1.40001
1.40001
1.40001
1.40001
1.40001
1.40001
1.40001
1.40001
1.40001
1.40001
1.40001
1.40001
1.40001
1.40001
1.40001
1.40001
1.40001
1.40001
1.40001
1.40001
1.40001
1.40001
1.40001
1.40001
1.40001
1.40001
1.40001
1.40001
1.40001
1.40001
1.40001
1.40001
1.40001
1.40001
1.40001
1.40001
1.40001
1.40001
1.40001
1.40001
1.40001
1.40001
1.40001
1.40001
1.40001
1.40001
1.40001
1.40001
1.40001
1.40001
1.40001
1.40001
1.40001
1.40001
1.40001
1.40001
1.40001
1.40001
1.40001
1.40001
1.40001
1.40001
1.40001
1.40001
1.40001
1.40001
1.40001
1.40001
1.40001
1.40001
1.40001
1.40001
1.40001
1.40001
1.40001
1.40001
1.40001
1.40001
1.40001
1.40001
1.40001
1.40001
1.40001
1.40001
1.40001
1.40001
1.40001
1.40001
1.40001
1.40001
1.40001
1.40001
1.40001
1.40001
1.40001
1.40001
1.40001
1.40001
1.40001
1.40001
1.40001
1.40001
1.40001
1.40001
1.40001
1.40001
1.40001
1.40001
1.40001
1.40001
1.40001
1.40001
1.40001
1.40001
1.40001
1.40001
1.40001
1.40001
1.40001
1.40001
1.40001
1.40001
1.40001
1.40001
1.40001
1.40001
1.40001
1.40001
1.40001
1.40001
1.40001
1.40001
1.40001
1.40001
1.40001
1.40001
1.40001
1.40001
1.40001
1.40001
1.40001
1.40001
1.40001
1.40001
1.40001
1.40001
1.40001
1.40001
1.40001
1.40001
1.40001
1.40001
1.40001
1.40001
1.40001
1.40001
1.40001
1.40001
1.40001
1.40001
1.40001
1.40001
1.40001
1.40001
1.40001
1.40001
1.40001
1.40001
1.40001
1.40001
1.40001
1.40001
1.40001
1.40001
1.40001
1.40001
1.40001
1.40001
1.40001
1.40001
1.40001
1.40001
1.40001
1.40001
1.40001
1.40001
1.40001
1.40001
1.40001
1.40001
1.40001
1.40001
1.40001
1.40001
1.40001
1.40001
1.40001
1.40001
1.40001
1.40001
1.40001
1.40001
1.40001
1.40001
1.40001
1.40001
1.40001
1.40001
1.40001
1.40001
1.40001
1.40001
1.40001
1.40001
1.40001
1.40001
1.40001
1.40001
1.40001
1.40001
1.40001
1.40001
1.40001
1.40001
1.40001
1.40001
1.40001
1.40001
1.40001
1.40001
1.40001
1.40001
1.40001
1.40001
1.40001
1.40001
1.40001
1.40001
1.40001
1.40001
1.40001
1.40001
1.40001
1.40001
1.40001
1.40001
1.40001
1.40001
1.40001
1.40001
1.40001
1.40001
1.40001
1.40001
1.40001
1.40001
1.40001
1.40001
1.40001
1.40001
1.40001
1.40001
1.40001
1.40001
1.40001
1.40001
1.40001
1.40001
1.40001
1.40001
1.40001
1.40001
1.40001
1.40001
1.40001
1.40001
1.40001
1.40001
1.40001
1.40001
1.40001
1.40001
1.40001
1.40001
1.40001
1.40001
1.40001
1.40001
1.40001
1.40001
1.40001
1.40001
1.40001
1.40001
1.40001
1.40001
1.40001
1.40001
1.40001
1.40001
1.40001
1.40001
1.40001
1.40001
1.40001
1.40001
1.40001
1.40001
1.40001
1.40001
1.40001
1.40001
1.40001
1.40001
1.40001
1.40001
1.40001
1.40001
1.40001
1.40001
1.40001
1.40001
1.40001
1.40001
1.40001
1.40001
1.40001
1.40001
1.40001
1.40001
1.40001
1.40001
1.40001
1.40001
1.40001
1.40001
1.40001
1.40001
1.40001
1.40001
1.40001
1.40001
1.40001
1.40001
1.40001
1.40001
1.40001
1.40001
1.40001
1.40001
1.40001
1.40001
1.40001
1.40001
1.40001
1.40001
1.40001
1.40001
1.40001
1.40001
1.40001
1.40001
1.40001
1.40001
1.40001
1.40001
1.40001
1.40001
1.40001
1.40001
1.40001
1.40001
1.40001
1.67646
2.09362
2.53057
2.98942
3.43382
3.81397
4.14048
4.41017
4.4239
4.30245
4.04101
3.71745
3.46846
3.37176
3.30061
3.30393
3.32975
3.36051
3.39389
3.40899
3.41118
3.41251
3.4174
3.43419
1.40244
1.41603
1.479
1.58824
1.80186
2.10756
2.51879
2.96492
3.36874
3.55022
3.65656
3.60538
3.54886
3.49597
3.41597
3.38843
3.3739
3.36301
3.37239
3.39074
3.39773
3.40233
3.40918
3.42218
1.40001
1.39995
1.40023
1.40023
1.40326
1.42187
1.49562
1.7123
2.17986
2.90016
3.42951
3.71586
3.75853
3.71846
3.61599
3.46625
3.34757
3.32522
3.33515
3.35653
3.36921
3.37651
3.38255
3.39172
1.40001
1.4
1.4
1.4
1.39999
1.40004
1.39991
1.40181
1.42714
1.6447
2.16583
2.98403
3.40376
3.56201
3.55069
3.51661
3.41636
3.34191
3.33843
3.32706
3.32826
3.33721
3.3523
3.36397
1.40001
1.40001
1.4
1.4
1.4
1.4
1.39999
1.4
1.39992
1.4014
1.43609
1.67853
2.31992
2.97749
3.46556
3.54983
3.51078
3.44152
3.37745
3.32302
3.30031
3.30665
3.32412
3.34213
1.40001
1.40001
1.40001
1.40001
1.40001
1.4
1.4
1.4
1.4
1.4
1.39994
1.40229
1.47372
1.78082
2.50988
3.11736
3.45297
3.45173
3.4257
3.37556
3.32106
3.30451
3.30359
3.30842
1.40001
1.40001
1.40001
1.40001
1.40001
1.40001
1.40001
1.40001
1.40001
1.4
1.4
1.39999
1.40009
1.40732
1.54112
2.01524
2.82882
3.19931
3.35275
3.38588
3.369
3.30784
3.28254
3.27906
1.40001
1.40001
1.40001
1.40001
1.40001
1.40001
1.40001
1.40001
1.40001
1.40001
1.40001
1.4
1.4
1.39998
1.40129
1.43056
1.69852
2.33973
3.06549
3.34825
3.34775
3.33022
3.30685
3.29609
1.40001
1.40001
1.40001
1.40001
1.40001
1.40001
1.40001
1.40001
1.40001
1.40001
1.40001
1.40001
1.4
1.4
1.4
1.4
1.4075
1.51558
1.98696
2.713
3.23349
3.36462
3.35924
3.34486
1.40001
1.40001
1.40001
1.40001
1.40001
1.40001
1.40001
1.40001
1.40001
1.40001
1.40001
1.40001
1.40001
1.4
1.4
1.4
1.39998
1.40114
1.43779
1.73805
2.47532
3.0423
3.22481
3.32437
1.40001
1.40001
1.40001
1.40001
1.40001
1.40001
1.40001
1.40001
1.40001
1.40001
1.40001
1.40001
1.40001
1.40001
1.40001
1.4
1.4
1.4
1.40018
1.41484
1.57484
2.19626
2.91557
3.29247
1.40001
1.40001
1.40001
1.40001
1.40001
1.40001
1.40001
1.40001
1.40001
1.40001
1.40001
1.40001
1.40001
1.40001
1.40001
1.40001
1.4
1.4
1.4
1.40003
1.40448
1.51396
2.00371
2.7147
1.40001
1.40001
1.40001
1.40001
1.40001
1.40001
1.40001
1.40001
1.40001
1.40001
1.40001
1.40001
1.40001
1.40001
1.40001
1.40001
1.40001
1.40001
1.4
1.4
1.40001
1.40267
1.45888
1.82099
1.40001
1.40001
1.40001
1.40001
1.40001
1.40001
1.40001
1.40001
1.40001
1.40001
1.40001
1.40001
1.40001
1.40001
1.40001
1.40001
1.40001
1.40001
1.40001
1.4
1.4
1.4
1.40096
1.4278
1.40001
1.40001
1.40001
1.40001
1.40001
1.40001
1.40001
1.40001
1.40001
1.40001
1.40001
1.40001
1.40001
1.40001
1.40001
1.40001
1.40001
1.40001
1.40001
1.40001
1.4
1.4
1.4
1.40008
1.40001
1.40001
1.40001
1.40001
1.40001
1.40001
1.40001
1.40001
1.40001
1.40001
1.40001
1.40001
1.40001
1.40001
1.40001
1.40001
1.40001
1.40001
1.40001
1.40001
1.40001
1.4
1.4
1.4
1.40001
1.40001
1.40001
1.40001
1.40001
1.40001
1.40001
1.40001
1.40001
1.40001
1.40001
1.40001
1.40001
1.40001
1.40001
1.40001
1.40001
1.40001
1.40001
1.40001
1.40001
1.4
1.4
1.4
1.40001
1.40001
1.40001
1.40001
1.40001
1.40001
1.40001
1.40001
1.40001
1.40001
1.40001
1.40001
1.40001
1.40001
1.40001
1.40001
1.40001
1.40001
1.40001
1.40001
1.4
1.4
1.40001
1.4
1.40001
1.40001
1.40001
1.40001
1.40001
1.40001
1.40001
1.40001
1.40001
1.40001
1.40001
1.40001
1.40001
1.40001
1.40001
1.40001
1.40001
1.40001
1.40001
1.4
1.4
1.4
1.40107
1.42712
1.40001
1.40001
1.40001
1.40001
1.40001
1.40001
1.40001
1.40001
1.40001
1.40001
1.40001
1.40001
1.40001
1.40001
1.40001
1.40001
1.40001
1.40001
1.4
1.4
1.4
1.40244
1.45804
1.84768
1.40001
1.40001
1.40001
1.40001
1.40001
1.40001
1.40001
1.40001
1.40001
1.40001
1.40001
1.40001
1.40001
1.40001
1.40001
1.40001
1.4
1.4
1.4
1.40003
1.40462
1.50867
1.97525
2.82908
1.40001
1.40001
1.40001
1.40001
1.40001
1.40001
1.40001
1.40001
1.40001
1.40001
1.40001
1.40001
1.40001
1.40001
1.40001
1.4
1.4
1.4
1.40018
1.41467
1.5787
2.17158
2.92627
3.31587
1.40001
1.40001
1.40001
1.40001
1.40001
1.40001
1.40001
1.40001
1.40001
1.40001
1.40001
1.40001
1.40001
1.4
1.4
1.4
1.39998
1.40115
1.43745
1.74028
2.47529
3.02405
3.24084
3.3336
1.40001
1.40001
1.40001
1.40001
1.40001
1.40001
1.40001
1.40001
1.40001
1.40001
1.40001
1.40001
1.4
1.4
1.4
1.4
1.40748
1.51557
1.98482
2.72169
3.22472
3.3643
3.36318
3.34822
1.40001
1.40001
1.40001
1.40001
1.40001
1.40001
1.40001
1.40001
1.40001
1.40001
1.40001
1.4
1.4
1.39998
1.40129
1.43056
1.69894
2.33812
3.06622
3.35129
3.34464
3.32757
3.30476
3.29856
1.40001
1.40001
1.40001
1.40001
1.40001
1.40001
1.40001
1.40001
1.40001
1.4
1.4
1.39999
1.40009
1.40732
1.54098
2.01571
2.8285
3.19793
3.35468
3.38689
3.3687
3.30561
3.28171
3.27986
1.40001
1.40001
1.40001
1.40001
1.40001
1.4
1.4
1.4
1.4
1.4
1.39994
1.40229
1.47374
1.78082
2.50976
3.1177
3.45263
3.45131
3.42564
3.37619
3.32055
3.3029
3.3036
3.30861
1.40001
1.40001
1.4
1.4
1.4
1.4
1.39999
1.4
1.39992
1.4014
1.4361
1.6785
2.32018
2.9772
3.46539
3.55004
3.51112
3.44128
3.37744
3.32367
3.29978
3.30597
3.32404
3.34238
1.40001
1.4
1.4
1.4
1.39999
1.40004
1.39991
1.40181
1.42714
1.64471
2.16578
2.98421
3.40378
3.56178
3.55062
3.51672
3.41654
3.34176
3.33852
3.32729
3.32809
3.3369
3.35238
3.36424
1.40001
1.39995
1.40023
1.40023
1.40327
1.42187
1.49563
1.7123
2.17984
2.9002
3.42948
3.71582
3.7585
3.71845
3.61601
3.46635
3.34763
3.3251
3.33517
3.35643
3.36902
3.37639
3.38275
3.39195
1.40244
1.41603
1.47898
1.58824
1.80187
2.10754
2.51881
2.96492
3.36872
3.55025
3.65657
3.60529
3.54883
3.496
3.416
3.38847
3.37391
3.363
3.37238
3.39069
3.39768
3.40235
3.40926
3.42224
1.67646
2.09361
2.53059
2.98946
3.43374
3.81398
4.14054
4.41014
4.42389
4.30245
4.04103
3.71741
3.4685
3.3718
3.30063
3.30396
3.32974
3.36048
3.39384
3.40894
3.41118
3.41257
3.41746
3.43417
2.67179
1.93284
1.47325
1.16758
0.935004
0.904118
0.949274
1.03244
1.06791
1.11715
1.19669
1.23285
1.23296
1.24418
1.28198
1.33179
1.34906
1.34942
1.34467
1.33855
1.32761
1.31929
1.3222
1.38901
1.7604
2.622
3.67568
4.80828
5.76019
5.95133
5.68025
5.20699
4.8478
4.66148
4.53737
4.40015
4.2601
4.15154
4.06415
3.9792
3.88434
3.77657
3.66406
3.55632
3.45347
3.352
3.25412
3.16479
3.08747
3.02789
2.97992
2.93151
2.88
2.825
2.76614
2.69955
2.61786
2.52613
2.44902
2.39855
2.36681
2.34321
2.31895
2.29312
2.26708
2.23487
2.18112
2.10418
2.00474
1.95857
1.95832
1.98261
2.1047
2.41727
2.91804
3.40201
3.7269
3.92754
3.98591
3.88647
3.78666
3.69556
3.64714
3.61239
3.58029
3.53528
3.48408
3.42977
3.36782
3.28592
3.21132
3.16803
3.1422
3.12023
3.10698
3.07131
3.16477
2.72856
2.3043
2.0382
1.75505
1.50073
1.43408
1.37661
1.30531
1.26355
1.24386
1.21508
1.20324
1.20779
1.23957
1.28879
1.31421
1.31658
1.31356
1.31433
1.31137
1.31392
1.37366
1.76939
2.46648
2.74832
3.05129
3.48694
4.17772
4.76768
5.16023
5.12743
4.94456
4.74791
4.57601
4.40824
4.28476
4.19515
4.10245
4.01089
3.91421
3.80507
3.69114
3.58042
3.47842
3.38518
3.29968
3.21672
3.13862
3.07089
3.01616
2.96576
2.91491
2.8599
2.79599
2.72218
2.63913
2.55779
2.49461
2.44503
2.40624
2.3772
2.34888
2.31762
2.28634
2.25067
2.19911
2.12551
2.03948
2.02973
2.06394
2.20327
2.44694
2.70892
2.87024
3.08674
3.35296
3.51708
3.56729
3.62643
3.67904
3.69572
3.68446
3.64691
3.6015
3.54383
3.48773
3.44307
3.38803
3.30458
3.2217
3.17638
3.1521
3.13618
3.12751
3.08869
3.32886
3.13243
2.78998
2.44967
2.19483
1.91714
1.67069
1.55164
1.43868
1.32064
1.28559
1.26413
1.23385
1.2301
1.24163
1.2687
1.29083
1.2921
1.29588
1.31158
1.3309
1.42944
1.87582
2.51247
2.90303
2.93232
2.92295
2.93578
3.07059
3.62355
4.45014
4.96055
4.99323
4.86881
4.60316
4.40128
4.27009
4.15068
4.02366
3.90703
3.82438
3.74008
3.64804
3.55251
3.45997
3.37146
3.27855
3.18655
3.10412
3.02759
2.95978
2.90313
2.85356
2.80542
2.7514
2.68676
2.61916
2.55781
2.49566
2.4297
2.37445
2.33291
2.29676
2.25865
2.2224
2.18553
2.1569
2.10922
2.1008
2.16643
2.35605
2.60435
2.79444
2.88073
2.88253
2.89055
2.94711
3.05007
3.20369
3.41439
3.57227
3.65391
3.69213
3.68132
3.62984
3.55558
3.48833
3.42277
3.35895
3.28084
3.21348
3.18586
3.16287
3.13514
3.10778
3.05749
3.3528
3.28426
3.10198
2.80086
2.54893
2.31536
1.99812
1.81614
1.72654
1.56789
1.45362
1.43048
1.40282
1.32721
1.27989
1.28478
1.27936
1.26415
1.27141
1.29138
1.43215
1.91389
2.64086
2.87953
2.90495
2.88766
2.82649
2.76395
2.70756
2.76438
3.11856
3.93074
4.56647
4.63817
4.58675
4.45882
4.30188
4.13861
3.98935
3.85228
3.76917
3.71337
3.65175
3.57556
3.48623
3.38909
3.2802
3.18226
3.10132
3.02636
2.95267
2.88238
2.82208
2.77318
2.73473
2.69367
2.64269
2.5866
2.51597
2.43916
2.37411
2.32159
2.27616
2.23835
2.20518
2.1773
2.15807
2.18446
2.32817
2.59589
2.83701
2.95594
2.96729
2.95028
2.89383
2.84306
2.79721
2.80028
2.85198
3.00926
3.2469
3.45101
3.55525
3.60162
3.59751
3.57161
3.51395
3.42263
3.33276
3.2644
3.22789
3.20872
3.18183
3.14369
3.10576
3.04781
3.3461
3.33279
3.25629
3.07663
2.82255
2.60861
2.37376
2.08207
1.9193
1.81567
1.67922
1.56321
1.51557
1.44407
1.33678
1.29591
1.28315
1.27059
1.29084
1.47854
2.03581
2.64095
2.92525
2.90696
2.85376
2.75942
2.6794
2.62792
2.6024
2.56005
2.57744
2.76982
3.37416
4.04478
4.43055
4.41089
4.29497
4.1102
3.9639
3.84181
3.75232
3.66952
3.58175
3.49391
3.4074
3.31979
3.25059
3.19441
3.12667
3.04586
2.96013
2.88474
2.81299
2.74259
2.68366
2.63693
2.59327
2.54625
2.49703
2.44025
2.37645
2.31838
2.27663
2.24997
2.21284
2.19453
2.25623
2.45852
2.75895
3.01093
3.08324
3.07302
3.01531
2.9333
2.86724
2.8183
2.77258
2.75314
2.74923
2.77296
2.89314
3.10769
3.3155
3.46421
3.53815
3.53129
3.48537
3.39866
3.31511
3.25942
3.22847
3.20385
3.17419
3.13985
3.10945
3.05041
3.32825
3.32822
3.31216
3.22966
3.06354
2.82822
2.62296
2.41882
2.19785
2.02428
1.88243
1.75424
1.68166
1.6285
1.50996
1.37791
1.36399
1.39955
1.64195
2.2234
2.79089
2.98457
2.95635
2.87432
2.7831
2.68311
2.60867
2.55818
2.52126
2.47441
2.42807
2.38041
2.4501
2.81555
3.52439
4.03493
4.13902
4.10577
3.9986
3.87742
3.74658
3.6308
3.53406
3.44993
3.37551
3.30029
3.22175
3.14657
3.07797
3.01363
2.94859
2.8707
2.78835
2.71799
2.65986
2.61322
2.57212
2.53311
2.48879
2.42896
2.37051
2.317
2.28761
2.25372
2.26812
2.38978
2.65214
2.91982
3.13062
3.17937
3.1724
3.12292
3.02761
2.92506
2.84635
2.80501
2.77904
2.75343
2.73994
2.73186
2.73213
2.79125
2.92356
3.10358
3.28686
3.37617
3.37547
3.35295
3.31873
3.28373
3.25285
3.22579
3.19641
3.16146
3.1283
3.04272
3.29221
3.306
3.29948
3.27872
3.19346
3.04177
2.83757
2.61785
2.4494
2.29874
2.14151
1.92188
1.80991
1.77736
1.70721
1.56314
1.57472
1.86431
2.52767
3.01793
3.13858
3.07256
2.94728
2.84387
2.75886
2.66696
2.59546
2.53957
2.48485
2.42956
2.3686
2.30872
2.23555
2.24035
2.42864
2.963
3.58842
3.9609
3.97371
3.92057
3.7665
3.61558
3.49704
3.40709
3.33759
3.27017
3.20164
3.13903
3.07556
3.00418
2.92137
2.83415
2.76063
2.7074
2.66222
2.61597
2.55936
2.49829
2.45165
2.41775
2.37524
2.33993
2.32904
2.38433
2.59036
2.88209
3.07727
3.19884
3.23396
3.21156
3.17115
3.11127
3.03221
2.93806
2.85926
2.81218
2.77964
2.75554
2.73681
2.71416
2.7027
2.68734
2.68647
2.73323
2.87628
3.07686
3.20978
3.28607
3.33755
3.31671
3.28436
3.24637
3.19574
3.13945
3.09458
3.01164
3.28245
3.28223
3.28143
3.27135
3.24064
3.15322
3.01804
2.85038
2.61112
2.46296
2.3609
2.21432
2.00697
1.88525
1.83431
1.91411
2.3159
3.0193
3.43166
3.40697
3.28433
3.14471
3.01242
2.90675
2.81031
2.71823
2.63106
2.55706
2.48211
2.41963
2.35302
2.28088
2.20542
2.16139
2.12539
2.18446
2.51843
3.16019
3.67557
3.78055
3.74906
3.63426
3.51282
3.40631
3.31343
3.2363
3.17372
3.11751
3.05742
2.98566
2.90159
2.81608
2.74753
2.69211
2.64129
2.58901
2.53465
2.48474
2.42642
2.39987
2.3863
2.4242
2.56749
2.83067
3.12331
3.23877
3.28883
3.31202
3.27915
3.22627
3.16574
3.104
3.03478
2.95309
2.87622
2.82392
2.79161
2.76418
2.74085
2.72068
2.70083
2.67666
2.64665
2.59126
2.59815
2.70031
2.90308
3.09329
3.24226
3.30783
3.30853
3.28276
3.23275
3.15786
3.06836
2.98306
3.325
3.30824
3.29474
3.28154
3.26765
3.22997
3.13921
3.0019
2.83761
2.64415
2.48251
2.36103
2.2159
2.11945
2.26706
2.81071
3.52928
3.79523
3.73132
3.56245
3.38886
3.24902
3.1284
3.014
2.8978
2.78535
2.68587
2.60414
2.52713
2.45549
2.37641
2.2852
2.20494
2.1456
2.09926
2.04994
2.05522
2.22563
2.71037
3.28522
3.61989
3.61156
3.55012
3.41692
3.29346
3.19689
3.13395
3.08652
3.03491
2.96837
2.89051
2.80863
2.73495
2.67066
2.61838
2.56881
2.51971
2.48182
2.43774
2.43577
2.52249
2.79882
3.10254
3.32715
3.36107
3.35957
3.3475
3.31068
3.26325
3.21315
3.15663
3.09644
3.03466
2.96924
2.90328
2.84808
2.80945
2.77793
2.74726
2.71908
2.69424
2.66651
2.63022
2.58276
2.53259
2.53686
2.61486
2.80401
3.03346
3.22197
3.28209
3.28252
3.25753
3.17053
3.04481
2.97324
3.34101
3.33045
3.31367
3.29507
3.28568
3.27485
3.22925
3.12854
2.99719
2.82585
2.66917
2.48202
2.49614
2.79264
3.51037
4.13994
4.23412
4.11374
3.90762
3.70914
3.53378
3.38422
3.2524
3.12839
3.00675
2.88281
2.76387
2.65285
2.55628
2.47144
2.39379
2.31362
2.24615
2.17628
2.11173
2.04575
1.99819
1.96298
2.01825
2.31403
2.87414
3.3248
3.43264
3.40582
3.31057
3.20216
3.11995
3.06038
3.00398
2.93853
2.87156
2.80058
2.72468
2.64848
2.59343
2.5513
2.52493
2.49879
2.53435
2.71871
3.0511
3.38943
3.5027
3.52748
3.49387
3.42594
3.35626
3.30475
3.25724
3.20559
3.15152
3.09915
3.04804
2.99553
2.94095
2.88505
2.83498
2.79468
2.75796
2.72489
2.69823
2.66949
2.63023
2.57878
2.5217
2.51405
2.51586
2.56645
2.71756
2.94963
3.1246
3.19469
3.19719
3.15004
3.03713
2.98219
3.32942
3.3202
3.30098
3.28645
3.27878
3.27341
3.26155
3.21391
3.10657
2.98373
2.84287
2.95558
3.52884
4.31218
4.68464
4.63791
4.45772
4.25626
4.06381
3.87839
3.69569
3.5184
3.35489
3.20923
3.08321
2.96695
2.85483
2.74218
2.63482
2.5299
2.42262
2.32118
2.25168
2.19855
2.14094
2.07286
2.00076
1.94885
1.89528
1.89869
2.04277
2.45932
2.94608
3.27396
3.28197
3.23721
3.12913
3.04249
2.97712
2.91303
2.85142
2.78421
2.70628
2.62746
2.5774
2.5529
2.56896
2.69386
2.98178
3.37643
3.62765
3.62517
3.5777
3.54857
3.50436
3.44538
3.3813
3.32573
3.26597
3.20468
3.14888
3.10284
3.06398
3.02406
2.97783
2.92383
2.86876
2.82097
2.77887
2.74102
2.70772
2.67281
2.62808
2.57819
2.5374
2.51256
2.49839
2.4974
2.52071
2.62896
2.79414
2.96187
3.07837
3.08915
3.04156
2.998
3.17903
3.36652
3.37865
3.35723
3.3094
3.28724
3.27885
3.26132
3.19071
3.20114
3.55713
4.39335
5.13403
5.34109
5.23917
4.9529
4.65997
4.42091
4.21308
4.01605
3.82726
3.64617
3.47587
3.31694
3.16948
3.03395
2.91075
2.79761
2.69358
2.59398
2.49124
2.39106
2.29801
2.21505
2.13583
2.07558
2.01854
1.95475
1.8902
1.84585
1.80999
1.85916
2.11237
2.60532
3.04398
3.09801
3.08107
3.03052
2.95995
2.90004
2.84092
2.77272
2.69695
2.63558
2.60456
2.65407
2.89677
3.30472
3.64095
3.84082
3.84472
3.77523
3.64883
3.53936
3.48777
3.44391
3.40186
3.35255
3.28733
3.21999
3.16532
3.12381
3.08233
3.0371
2.99161
2.94491
2.89749
2.85079
2.80453
2.75973
2.72083
2.68528
2.6419
2.59038
2.55117
2.52357
2.50581
2.48691
2.47756
2.48194
2.52599
2.61649
2.777
2.92922
2.99411
3.01164
2.54492
3.21198
3.33124
3.30234
3.27564
3.27341
3.282
3.3108
3.47399
4.22536
5.35895
5.78896
5.73021
5.60643
5.41167
5.16301
4.87811
4.60051
4.34854
4.12286
3.92263
3.74182
3.57368
3.41532
3.26175
3.11342
2.97501
2.84673
2.72545
2.60674
2.50692
2.44329
2.37634
2.29155
2.19843
2.10025
2.01389
1.95306
1.89815
1.8327
1.78734
1.75216
1.76204
1.88829
2.28435
2.69739
2.91117
2.97139
2.95445
2.89834
2.82285
2.77304
2.70971
2.71487
2.83696
3.17221
3.60612
3.86573
3.90365
3.88596
3.85277
3.79682
3.70894
3.59208
3.50494
3.45006
3.41411
3.37155
3.31576
3.25313
3.19684
3.14906
3.10451
3.05575
3.00083
2.9502
2.9084
2.86878
2.82544
2.77837
2.73401
2.69565
2.65274
2.60615
2.57345
2.54517
2.52095
2.49636
2.46761
2.44838
2.42434
2.43565
2.49277
2.63794
2.80299
2.94527
1.70203
2.46095
2.99964
3.27105
3.29032
3.32184
3.46162
3.84786
4.83668
6.02224
6.49937
6.41511
6.06641
5.7129
5.47461
5.26112
5.00499
4.72451
4.46346
4.23528
4.03018
3.8408
3.65898
3.48115
3.31569
3.15224
3.00068
2.87099
2.76361
2.66898
2.57744
2.46925
2.34777
2.24294
2.1752
2.11315
2.03855
1.97346
1.93283
1.88532
1.82637
1.75599
1.70313
1.68701
1.74157
1.98549
2.37219
2.67585
2.85038
2.84744
2.81333
2.82635
2.95406
3.2106
3.59013
3.9228
4.12089
4.11311
4.0261
3.90457
3.81585
3.76831
3.70794
3.61798
3.51691
3.44814
3.41024
3.3766
3.33816
3.29348
3.24023
3.17913
3.11658
3.05137
2.99417
2.95135
2.91484
2.87846
2.83888
2.79255
2.74074
2.69587
2.65878
2.62345
2.59337
2.56421
2.53334
2.50517
2.47569
2.44166
2.40586
2.37959
2.36755
2.39806
2.5033
2.74569
1.42131
1.64877
2.21725
2.96009
3.14718
3.64851
4.6285
5.46112
6.37961
6.62287
6.59008
6.46859
6.23466
5.90476
5.60075
5.3278
5.04792
4.76828
4.51861
4.31249
4.12652
3.93908
3.75428
3.56636
3.38069
3.20085
3.03711
2.90697
2.79536
2.69121
2.58661
2.47387
2.36051
2.251
2.16916
2.11905
2.06662
2.0036
1.94465
1.87153
1.78202
1.71166
1.66353
1.63871
1.62438
1.64044
1.75974
2.06543
2.46355
2.7067
2.88729
3.23079
3.67395
3.98368
4.18168
4.21146
4.17944
4.11984
4.03693
3.94445
3.84763
3.7683
3.70898
3.63248
3.54295
3.48524
3.44594
3.40975
3.37177
3.32982
3.27592
3.20397
3.11931
3.05035
3.01192
2.98204
2.95101
2.91618
2.87619
2.82666
2.76683
2.71471
2.67513
2.6378
2.60657
2.58067
2.55345
2.51945
2.48141
2.44914
2.41863
2.3823
2.33978
2.3062
2.32019
2.48758
1.40042
1.41767
1.56119
2.23393
3.28699
4.63925
5.89567
6.58046
7.00935
6.89955
6.62371
6.43797
6.2897
6.0402
5.69709
5.34877
5.06013
4.83335
4.62524
4.41553
4.20698
3.9853
3.75984
3.54044
3.33819
3.22216
3.13334
3.02385
2.90313
2.77728
2.64485
2.50934
2.39295
2.28365
2.17722
2.11719
2.09184
2.05862
1.99241
1.89479
1.7832
1.71273
1.67062
1.64117
1.60843
1.57281
1.57725
1.6564
1.9412
2.58395
3.23385
3.81187
4.24664
4.47383
4.47199
4.40304
4.21942
4.06771
3.98564
3.93865
3.88058
3.79169
3.70473
3.6175
3.52949
3.45657
3.41241
3.37669
3.33774
3.30156
3.26887
3.21677
3.13015
3.04433
2.9925
2.9581
2.926
2.89185
2.85236
2.80151
2.73933
2.685
2.65176
2.63613
2.62624
2.60969
2.58508
2.55002
2.50333
2.44786
2.39753
2.35608
2.31579
2.28012
2.2673
2.33181
1.40062
1.40855
1.5528
2.04214
3.37271
4.73675
5.69141
6.65523
7.01421
6.7783
6.59099
6.48016
6.36842
6.14698
5.78894
5.41336
5.08431
4.80959
4.57095
4.34612
4.15509
3.9988
3.81195
3.58874
3.38409
3.22012
3.07817
2.96128
2.84551
2.71933
2.62869
2.56232
2.46986
2.35217
2.23622
2.16357
2.10201
2.0312
1.94777
1.86914
1.81359
1.76217
1.71552
1.67242
1.61182
1.57752
1.5858
1.64231
1.91357
2.48401
3.25137
3.86177
4.18162
4.46748
4.48952
4.35739
4.13791
4.02548
3.97372
3.93514
3.89489
3.81998
3.72416
3.63259
3.54602
3.46863
3.40513
3.36404
3.33044
3.29845
3.26142
3.20741
3.12603
3.04952
3.0019
2.96452
2.92839
2.89124
2.84726
2.79216
2.73087
2.68278
2.65929
2.64106
2.61844
2.59095
2.5615
2.52628
2.48502
2.43759
2.39095
2.35138
2.31641
2.28086
2.26891
2.31409
1.43192
1.60828
2.19153
2.78843
3.23795
3.76792
4.46831
5.61988
6.2587
6.50083
6.55445
6.48406
6.28292
5.9735
5.67541
5.38554
5.0918
4.80627
4.54917
4.32673
4.11679
3.89772
3.68844
3.50075
3.32906
3.17252
3.05278
2.95568
2.85788
2.74907
2.62454
2.49089
2.3814
2.28707
2.19675
2.11874
2.06148
2.01219
1.95129
1.87423
1.7861
1.7204
1.67515
1.64855
1.62917
1.64483
1.78134
2.09102
2.50273
2.64854
2.8892
3.26457
3.57005
4.00278
4.1816
4.16931
4.14619
4.10748
4.03943
3.95106
3.8592
3.77991
3.7067
3.64229
3.57373
3.49618
3.42491
3.37061
3.32498
3.27968
3.23308
3.18792
3.14381
3.09295
3.04449
2.99752
2.95281
2.90254
2.8381
2.7779
2.74034
2.71204
2.68763
2.66001
2.62879
2.59717
2.56027
2.51781
2.47337
2.43431
2.40151
2.36179
2.33787
2.32144
2.33318
2.46672
1.76712
2.41207
3.00806
3.22511
3.29138
3.34668
3.46073
3.92208
4.93909
6.00653
6.50847
6.44771
6.10356
5.74316
5.50258
5.27359
5.01254
4.7331
4.46181
4.21754
3.99596
3.79199
3.6214
3.47886
3.34196
3.19973
3.04834
2.90096
2.77425
2.66861
2.56529
2.44841
2.33527
2.25396
2.19304
2.12997
2.06262
1.99142
1.9271
1.85831
1.78252
1.71825
1.68395
1.66961
1.72162
1.97939
2.38811
2.71186
2.83975
2.81071
2.78785
2.81028
2.89891
3.17764
3.60303
3.96062
4.11798
4.11975
4.04826
3.92894
3.81907
3.75661
3.69964
3.62349
3.53845
3.47242
3.41851
3.3621
3.30567
3.25758
3.21018
3.1586
3.10856
3.0663
3.02431
2.97579
2.92623
2.87761
2.81624
2.75613
2.71828
2.69248
2.66707
2.64074
2.61472
2.58411
2.54288
2.49665
2.44601
2.40107
2.37274
2.36945
2.37581
2.42
2.5166
2.72922
2.617
3.12831
3.31179
3.31227
3.28716
3.30006
3.32252
3.34439
3.52229
4.25246
5.33002
5.76787
5.7181
5.5865
5.37249
5.1208
4.85455
4.59281
4.3423
4.10683
3.89689
3.72542
3.58036
3.43803
3.29233
3.14689
2.99691
2.85174
2.71774
2.59851
2.50157
2.42289
2.33969
2.25362
2.1774
2.11186
2.04046
1.96397
1.91111
1.86411
1.80946
1.75595
1.76111
1.8864
2.23847
2.67831
2.92747
2.97646
2.95963
2.90782
2.80521
2.73953
2.69349
2.71322
2.88138
3.26041
3.68712
3.89534
3.90576
3.87376
3.81398
3.74856
3.67209
3.5855
3.51354
3.46944
3.42684
3.3688
3.3024
3.23878
3.18412
3.13665
3.09655
3.06122
3.02226
2.97171
2.9115
2.85044
2.79096
2.74644
2.71572
2.68917
2.66413
2.63921
2.61056
2.57265
2.5284
2.48315
2.43544
2.40121
2.39168
2.41803
2.52068
2.68326
2.86642
2.97502
3.14346
3.29953
3.35678
3.34775
3.31982
3.30321
3.29187
3.27413
3.1998
3.19519
3.50105
4.33868
5.10585
5.3129
5.19901
4.91612
4.64462
4.41059
4.20065
4.00297
3.81952
3.65089
3.49444
3.34691
3.20701
3.06892
2.93136
2.80077
2.679
2.5647
2.46438
2.37721
2.28934
2.20372
2.12574
2.07555
2.03309
1.98288
1.90923
1.86092
1.83548
1.87585
2.12099
2.58587
2.98805
3.13385
3.11746
3.05388
2.96761
2.88755
2.81041
2.73284
2.67668
2.65544
2.64434
2.71542
2.95906
3.31338
3.63752
3.80569
3.79139
3.73021
3.63397
3.56384
3.5198
3.48133
3.43205
3.36299
3.27981
3.20614
3.15168
3.11006
3.07549
3.04324
3.00771
2.96365
2.90675
2.83485
2.76526
2.72458
2.69727
2.67279
2.65287
2.63485
2.61353
2.57764
2.5315
2.47773
2.43409
2.42934
2.47571
2.6274
2.82039
3.00515
3.08481
3.07034
3.31479
3.28571
3.28109
3.28332
3.28245
3.28587
3.2668
3.2132
3.10148
2.98152
2.83163
2.9328
3.5121
4.31764
4.68345
4.65046
4.47726
4.26846
4.06652
3.87886
3.7025
3.53483
3.37902
3.23462
3.10251
2.97665
2.85184
2.73115
2.61979
2.50663
2.39781
2.3127
2.25013
2.19255
2.135
2.07821
2.0146
1.96203
1.9052
1.90392
2.04768
2.44993
2.95513
3.2335
3.27229
3.2402
3.14407
3.05388
2.96837
2.89103
2.82336
2.75835
2.70288
2.65492
2.61985
2.59357
2.59643
2.68572
2.94471
3.30736
3.53771
3.57696
3.60174
3.58687
3.5507
3.4995
3.42396
3.33662
3.24555
3.17714
3.12621
3.08547
3.05423
3.02488
2.99292
2.95422
2.90038
2.81695
2.73808
2.70738
2.68512
2.66251
2.64077
2.61945
2.59218
2.56071
2.52791
2.48181
2.47753
2.54954
2.72842
2.92554
3.0718
3.14587
3.14957
3.11237
3.33792
3.32538
3.30615
3.29685
3.29318
3.27766
3.22756
3.12469
2.99479
2.82391
2.66899
2.48359
2.50045
2.81092
3.53766
4.15802
4.2543
4.13586
3.92493
3.71984
3.5456
3.39892
3.26412
3.12983
2.99787
2.87003
2.74483
2.62878
2.5385
2.45683
2.37976
2.31278
2.25226
2.18102
2.11813
2.05181
2.0136
1.97414
2.02098
2.31774
2.83734
3.28652
3.41562
3.39569
3.32726
3.24455
3.16288
3.07749
2.9858
2.89972
2.82876
2.76907
2.718
2.66953
2.62985
2.58158
2.55263
2.50346
2.51573
2.6652
2.99902
3.31086
3.52592
3.57341
3.55001
3.48134
3.39119
3.30223
3.21709
3.15466
3.10848
3.06901
3.03757
3.00882
2.97849
2.9415
2.88977
2.81182
2.73127
2.69047
2.66302
2.63758
2.61442
2.59687
2.57737
2.5643
2.54209
2.55987
2.65432
2.83617
3.02939
3.11447
3.15753
3.16549
3.14759
3.08988
3.32233
3.3061
3.29573
3.28388
3.27229
3.23502
3.14127
3.0001
2.83726
2.64496
2.48587
2.36606
2.2176
2.12238
2.27927
2.82673
3.54725
3.80007
3.73504
3.56522
3.3925
3.25398
3.12898
3.0035
2.87878
2.76627
2.66705
2.58028
2.51041
2.44277
2.36516
2.29347
2.22728
2.16098
2.11104
2.06
2.06546
2.21021
2.67948
3.24517
3.53352
3.58093
3.54072
3.4435
3.3552
3.27247
3.19166
3.09657
2.99546
2.90728
2.83953
2.78437
2.73595
2.68874
2.64631
2.60067
2.55214
2.49646
2.42142
2.40502
2.49562
2.75698
3.13366
3.37738
3.42879
3.42052
3.38327
3.30901
3.21022
3.13911
3.09177
3.05345
3.02171
2.99372
2.96422
2.92991
2.88328
2.80799
2.71915
2.66672
2.63712
2.61422
2.59499
2.58632
2.58238
2.60819
2.68482
2.81847
2.99436
3.1445
3.17663
3.16853
3.14808
3.12948
3.10901
3.06327
3.28501
3.284
3.28481
3.27445
3.24318
3.1544
3.01717
2.84706
2.60873
2.46544
2.36259
2.21446
2.00427
1.88447
1.83505
1.91576
2.31833
3.01392
3.42942
3.4069
3.28054
3.138
3.00579
2.88801
2.78816
2.70794
2.62839
2.55026
2.47425
2.41692
2.35238
2.29666
2.23442
2.18835
2.14329
2.20005
2.54057
3.12347
3.63844
3.71944
3.68372
3.61071
3.52185
3.4469
3.37651
3.29622
3.20492
3.10498
3.00718
2.92412
2.85636
2.8
2.75732
2.7184
2.67703
2.6283
2.56233
2.48364
2.40988
2.36574
2.3484
2.38475
2.56566
2.89218
3.17329
3.33695
3.34791
3.31343
3.20874
3.12837
3.07934
3.04039
3.00834
2.98275
2.95355
2.91965
2.87535
2.8076
2.71751
2.65017
2.61994
2.59832
2.59463
2.59951
2.66107
2.83159
3.04068
3.18369
3.26998
3.27374
3.22025
3.15376
3.12491
3.10824
3.09349
3.0496
3.29275
3.30567
3.29872
3.27806
3.19299
3.04174
2.83696
2.61838
2.44975
2.29904
2.14085
1.921
1.81077
1.77676
1.70425
1.5594
1.57074
1.8534
2.51297
3.01893
3.13277
3.06053
2.93927
2.83094
2.74599
2.67681
2.61181
2.54893
2.48261
2.43048
2.37439
2.32942
2.26485
2.27211
2.44871
3.00043
3.60543
3.92545
3.93397
3.86419
3.73658
3.61743
3.52875
3.46169
3.39947
3.31977
3.21406
3.10741
3.02116
2.95188
2.88711
2.82865
2.78321
2.74289
2.69812
2.6486
2.57919
2.48925
2.41024
2.36286
2.32746
2.30703
2.31336
2.40865
2.63675
2.92144
3.16729
3.20856
3.17828
3.14625
3.10284
3.05302
3.00621
2.97154
2.93753
2.90031
2.85571
2.79459
2.71528
2.64529
2.61699
2.60964
2.62836
2.73008
2.96062
3.21398
3.36317
3.41128
3.40107
3.33749
3.21616
3.13504
3.10812
3.09307
3.08935
3.05093
3.32774
3.32787
3.31204
3.23024
3.0637
2.82867
2.62421
2.41862
2.19561
2.02483
1.88396
1.75466
1.68126
1.62635
1.5052
1.3769
1.36438
1.39841
1.63451
2.21296
2.79312
2.96883
2.9412
2.85819
2.77268
2.69919
2.63742
2.57775
2.52413
2.47172
2.43
2.3851
2.45749
2.84718
3.52672
4.08106
4.11659
4.06795
3.96446
3.85149
3.752
3.65737
3.57813
3.50275
3.42123
3.31847
3.20232
3.10908
3.04082
2.98431
2.92903
2.87254
2.81692
2.76822
2.72766
2.67765
2.61057
2.51816
2.42184
2.36442
2.33138
2.29811
2.27981
2.27955
2.31309
2.43984
2.71275
2.95308
3.08321
3.13563
3.12588
3.08026
3.01249
2.95736
2.91677
2.87848
2.83764
2.78957
2.72282
2.65103
2.64272
2.68569
2.83847
3.076
3.32305
3.45683
3.46471
3.45878
3.41478
3.31475
3.19253
3.13418
3.10592
3.08982
3.08077
3.05259
3.34625
3.33302
3.25639
3.07631
2.82307
2.6094
2.3724
2.07957
1.92046
1.81786
1.67974
1.56308
1.51498
1.44237
1.33516
1.29643
1.28376
1.27107
1.2902
1.47972
2.03058
2.67919
2.89582
2.88337
2.856
2.79316
2.7225
2.65797
2.61216
2.55626
2.56665
2.73697
3.34282
4.02567
4.40007
4.40446
4.29373
4.11017
3.9507
3.84085
3.76147
3.69092
3.61822
3.5258
3.41836
3.30983
3.21302
3.13892
3.07288
3.00983
2.95275
2.89619
2.83914
2.7792
2.71066
2.64434
2.58284
2.5283
2.46136
2.38938
2.34905
2.32681
2.30342
2.27247
2.24054
2.23465
2.2925
2.49374
2.74131
2.9862
3.05838
3.04015
2.99335
2.94751
2.90165
2.85618
2.81413
2.78844
2.74214
2.74225
2.81574
3.00695
3.23631
3.40952
3.52276
3.54431
3.52266
3.45855
3.38264
3.28729
3.20474
3.16713
3.14192
3.11408
3.09496
3.04809
3.35314
3.28464
3.10163
2.80093
2.55053
2.31422
1.99596
1.81729
1.7274
1.56726
1.45456
1.43138
1.40282
1.32575
1.27982
1.28526
1.27964
1.26458
1.2719
1.29342
1.4247
1.95013
2.62061
2.86561
2.91814
2.91005
2.85123
2.78761
2.72633
2.78252
3.12427
3.87485
4.52898
4.60019
4.56566
4.44343
4.31197
4.16696
4.0225
3.90018
3.80446
3.72337
3.63426
3.52901
3.41752
3.30987
3.22409
3.17107
3.12312
3.07141
3.01298
2.94984
2.8734
2.785
2.70641
2.64072
2.58063
2.52575
2.48066
2.435
2.38957
2.3395
2.28951
2.24363
2.20228
2.16437
2.14489
2.17621
2.3158
2.57283
2.84325
2.96281
2.95919
2.92884
2.87778
2.82959
2.82173
2.83317
2.89712
3.04173
3.2471
3.4519
3.53509
3.56261
3.56059
3.52313
3.46741
3.40605
3.34166
3.28588
3.24831
3.22438
3.20132
3.16399
3.1109
3.02638
3.32909
3.13235
2.78923
2.45124
2.19562
1.91524
1.67011
1.55214
1.43827
1.32046
1.28585
1.26402
1.23374
1.23032
1.24208
1.26919
1.29103
1.29201
1.29591
1.31264
1.33132
1.43173
1.9026
2.52107
2.8791
2.92707
2.92646
2.9412
3.09442
3.65948
4.4485
4.90798
4.95982
4.837
4.59743
4.41011
4.29399
4.18716
4.07088
3.9478
3.83063
3.72931
3.63361
3.53208
3.42802
3.33469
3.26811
3.21103
3.14316
3.06489
2.98681
2.91624
2.84803
2.77448
2.70545
2.64656
2.59485
2.55185
2.51259
2.46887
2.41794
2.3584
2.30066
2.24678
2.19467
2.151
2.12179
2.11694
2.13414
2.21392
2.4136
2.6625
2.8249
2.84929
2.8387
2.84342
2.90381
3.04027
3.26967
3.49771
3.65257
3.71659
3.70886
3.6509
3.5482
3.46392
3.40115
3.37169
3.3403
3.30366
3.28091
3.25918
3.21919
3.15526
3.08966
3.01422
3.1646
2.72774
2.30621
2.03874
1.75226
1.50115
1.4355
1.37636
1.30522
1.26404
1.24384
1.21434
1.20303
1.20822
1.24065
1.28954
1.31404
1.31616
1.31286
1.31378
1.31253
1.31642
1.38352
1.76851
2.42598
2.75827
3.06917
3.47336
4.19469
4.79741
5.13573
5.0959
4.9214
4.7377
4.58248
4.43946
4.31591
4.22023
4.12434
4.0121
3.8849
3.75607
3.64976
3.56372
3.48469
3.41609
3.35277
3.28153
3.19668
3.10318
3.0079
2.91827
2.84525
2.78798
2.73726
2.69472
2.65878
2.62454
2.58269
2.52846
2.46482
2.39529
2.32538
2.26316
2.21189
2.17152
2.14224
2.12566
2.10514
2.10695
2.15825
2.28523
2.49426
2.68633
2.81402
2.99162
3.21994
3.41113
3.59285
3.73131
3.79815
3.78951
3.72759
3.63756
3.52825
3.4284
3.38768
3.36881
3.36685
3.35978
3.33579
3.30522
3.25146
3.14685
3.06274
3.01919
2.67146
1.93399
1.47357
1.16442
0.93353
0.905593
0.952483
1.03259
1.06701
1.11744
1.19564
1.23101
1.23195
1.2449
1.28388
1.33293
1.34863
1.3488
1.34421
1.33745
1.32788
1.32215
1.32537
1.38871
1.72023
2.58827
3.67273
4.79385
5.77283
5.97138
5.67501
5.18968
4.8392
4.66561
4.54382
4.43043
4.30499
4.18484
4.07977
3.96901
3.8458
3.72249
3.61078
3.5187
3.44339
3.37828
3.31617
3.24783
3.16778
3.07739
2.98104
2.88263
2.79969
2.74084
2.69648
2.65893
2.62821
2.59864
2.55956
2.50381
2.4359
2.35951
2.28033
2.21734
2.17561
2.13861
2.11237
2.09776
2.07866
2.05932
2.03891
2.0722
2.16694
2.40009
2.78566
3.20963
3.54292
3.84417
3.98259
3.9779
3.93595
3.85193
3.73721
3.63051
3.50633
3.40957
3.37921
3.35865
3.35382
3.3466
3.32339
3.2956
3.24123
3.122
3.03744
2.99769
)
;

boundaryField
{
    inlet
    {
        type            calculated;
        value           uniform 1.40001;
    }
    outlet
    {
        type            calculated;
        value           nonuniform List<scalar> 
32
(
3.06967
3.08748
3.05682
3.04746
3.05112
3.0455
3.01421
2.98424
2.97248
2.98059
2.99665
3.00982
2.94278
2.74431
2.48726
2.33195
2.31397
2.46726
2.73056
2.97681
3.07173
3.11318
3.08928
3.06152
3.04779
3.04982
3.05055
3.04859
3.02828
3.01507
3.01772
2.99624
)
;
    }
    bottom
    {
        type            symmetryPlane;
    }
    top
    {
        type            symmetryPlane;
    }
    obstacle
    {
        type            calculated;
        value           nonuniform List<scalar> 
240
(
1.67646
2.09361
2.53059
2.98946
3.43374
3.81398
4.14054
4.41014
4.42389
4.30245
4.04103
3.71741
3.4685
3.3718
3.30063
3.30396
3.32974
3.36048
3.39384
3.40894
3.41118
3.41257
3.41746
3.43417
2.67146
1.93399
1.47357
1.16442
0.93353
0.905593
0.952483
1.03259
1.06701
1.11744
1.19564
1.23101
1.23195
1.2449
1.28388
1.33293
1.34863
1.3488
1.34421
1.33745
1.32788
1.32215
1.32537
1.38871
1.72023
2.58827
3.67273
4.79385
5.77283
5.97138
5.67501
5.18968
4.8392
4.66561
4.54382
4.43043
4.30499
4.18484
4.07977
3.96901
3.8458
3.72249
3.61078
3.5187
3.44339
3.37828
3.31617
3.24783
3.16778
3.07739
2.98104
2.88263
2.79969
2.74084
2.69648
2.65893
2.62821
2.59864
2.55956
2.50381
2.4359
2.35951
2.28033
2.21734
2.17561
2.13861
2.11237
2.09776
2.07866
2.05932
2.03891
2.0722
2.16694
2.40009
2.78566
3.20963
3.54292
3.84417
3.98259
3.9779
3.93595
3.85193
3.73721
3.63051
3.50633
3.40957
3.37921
3.35865
3.35382
3.3466
3.32339
3.2956
3.24123
3.122
3.03744
2.99769
1.67646
2.09362
2.53057
2.98942
3.43382
3.81397
4.14048
4.41017
4.4239
4.30245
4.04101
3.71745
3.46846
3.37176
3.30061
3.30393
3.32975
3.36051
3.39389
3.40899
3.41118
3.41251
3.4174
3.43419
2.67179
1.93284
1.47325
1.16758
0.935004
0.904118
0.949274
1.03244
1.06791
1.11715
1.19669
1.23285
1.23296
1.24418
1.28198
1.33179
1.34906
1.34942
1.34467
1.33855
1.32761
1.31929
1.3222
1.38901
1.7604
2.622
3.67568
4.80828
5.76019
5.95133
5.68025
5.20699
4.8478
4.66148
4.53737
4.40015
4.2601
4.15154
4.06415
3.9792
3.88434
3.77657
3.66406
3.55632
3.45347
3.352
3.25412
3.16479
3.08747
3.02789
2.97992
2.93151
2.88
2.825
2.76614
2.69955
2.61786
2.52613
2.44902
2.39855
2.36681
2.34321
2.31895
2.29312
2.26708
2.23487
2.18112
2.10418
2.00474
1.95857
1.95832
1.98261
2.1047
2.41727
2.91804
3.40201
3.7269
3.92754
3.98591
3.88647
3.78666
3.69556
3.64714
3.61239
3.58029
3.53528
3.48408
3.42977
3.36782
3.28592
3.21132
3.16803
3.1422
3.12023
3.10698
3.07131
)
;
    }
    defaultFaces
    {
        type            empty;
    }
}


// ************************************************************************* //
