/*--------------------------------*- C++ -*----------------------------------*\
  =========                 |
  \\      /  F ield         | OpenFOAM: The Open Source CFD Toolbox
   \\    /   O peration     | Website:  https://openfoam.org
    \\  /    A nd           | Version:  7
     \\/     M anipulation  |
\*---------------------------------------------------------------------------*/
FoamFile
{
    version     2.0;
    format      ascii;
    class       volVectorField;
    location    "3.5";
    object      U;
}
// * * * * * * * * * * * * * * * * * * * * * * * * * * * * * * * * * * * * * //

dimensions      [0 1 -1 0 0 0 0];

internalField   nonuniform List<vector> 
4608
(
(3 5.92262e-17 0)
(3 2.10569e-16 0)
(3 2.18254e-16 0)
(3 4.63729e-16 0)
(3 3.47069e-16 0)
(3 -4.76026e-16 0)
(3 -7.29423e-16 0)
(3 -9.94481e-16 0)
(3 -1.39591e-15 0)
(3 -1.45472e-15 0)
(3 -1.19907e-15 0)
(3 -7.27704e-16 0)
(3 3.54909e-17 0)
(3 3.7187e-16 0)
(3 8.3401e-16 0)
(3 6.2971e-16 0)
(3 6.36104e-16 0)
(3 3.46663e-16 0)
(3 -2.56744e-16 0)
(3 -6.6717e-16 0)
(3 -1.59108e-15 0)
(3 -1.75979e-15 0)
(3 -1.52751e-15 0)
(3 -1.29277e-16 0)
(3 1.64226e-16 0)
(3 5.12874e-16 0)
(3 7.0996e-16 0)
(3 4.70377e-16 0)
(3 3.29175e-16 0)
(3 -1.43122e-16 0)
(3 -7.5771e-16 0)
(3 -1.21997e-15 0)
(3 -1.43862e-15 0)
(3 -1.20902e-15 0)
(3 -1.29672e-15 0)
(3 -1.02931e-15 0)
(3 2.6444e-16 0)
(3 8.98705e-16 0)
(3 1.50178e-15 0)
(3 1.21712e-15 0)
(3 9.58314e-16 0)
(3 6.03679e-16 0)
(3 -2.04943e-16 0)
(3 -6.7915e-16 0)
(3 -1.17549e-15 0)
(3 -1.33292e-15 0)
(3 -1.26015e-15 0)
(3 -1.13694e-15 0)
(3 -2.29933e-17 0)
(3 3.05227e-17 0)
(3 -1.81827e-16 0)
(3 -5.83066e-16 0)
(3 -4.79878e-16 0)
(3 -5.34867e-17 0)
(3 -2.04312e-16 0)
(3 -3.07306e-16 0)
(3 -1.31098e-16 0)
(3 1.44975e-16 0)
(3 -1.88985e-16 0)
(3 -4.31419e-16 0)
(3 -8.68485e-17 0)
(3 7.20182e-17 0)
(3 -2.23989e-16 0)
(3 -3.38351e-16 0)
(3 -4.47065e-16 0)
(3 -5.83204e-16 0)
(3 -1.48828e-16 0)
(3 -5.51201e-17 0)
(3 -2.27051e-17 0)
(3 -1.3958e-16 0)
(3 -8.24784e-16 0)
(3 -7.65755e-16 0)
(3 -1.40121e-16 0)
(3 -3.45433e-16 0)
(3 -2.68803e-16 0)
(3 -4.00712e-16 0)
(3 -7.4269e-16 0)
(3 -5.86987e-17 0)
(3 2.05939e-16 0)
(3 3.80496e-16 0)
(3 7.67911e-16 0)
(3 5.17873e-16 0)
(3 -9.96363e-17 0)
(3 -9.18866e-17 0)
(3 -8.02346e-16 0)
(3 -1.28288e-15 0)
(3 -1.60037e-15 0)
(3 -9.45255e-16 0)
(3 -4.99348e-16 0)
(3 -8.57719e-16 0)
(3 -7.2802e-16 0)
(3 -3.0433e-16 0)
(3 -4.45088e-16 0)
(3 -6.32631e-16 0)
(3 -6.66734e-16 0)
(3 -4.60728e-16 0)
(3 -3.98676e-17 0)
(3 -4.51835e-17 0)
(3 -1.18656e-17 0)
(3 -2.74596e-16 0)
(3 -6.38581e-16 0)
(3 -5.90032e-16 0)
(3 -5.69256e-16 0)
(3 -4.77381e-16 0)
(3 -4.62735e-16 0)
(3 -4.98318e-16 0)
(3 -7.03208e-16 0)
(3 -8.81937e-16 0)
(3 -1.25101e-15 0)
(3 -1.14057e-15 0)
(3 2.70248e-16 0)
(3 8.35581e-16 0)
(3 1.15454e-15 0)
(3 4.01156e-16 0)
(3 -4.50239e-17 0)
(3 -4.00315e-16 0)
(3 -4.19282e-16 0)
(3 -3.74695e-16 0)
(3 1.16779e-17 0)
(3 -9.57255e-17 0)
(3 1.99825e-17 0)
(3 2.67099e-16 0)
(3 4.36563e-17 0)
(3 1.28545e-18 0)
(3 1.31398e-16 0)
(3 -1.05724e-16 0)
(3 -5.29825e-16 0)
(3 -7.23297e-16 0)
(3 -8.66698e-16 0)
(3 -1.04521e-15 0)
(3 -7.52755e-16 0)
(3 -7.74811e-16 0)
(3 -5.53051e-16 0)
(3 -2.58697e-16 0)
(3 7.38538e-16 0)
(3 6.75527e-16 0)
(3 5.80197e-16 0)
(3 6.70085e-16 0)
(3 4.50049e-16 0)
(3 2.95838e-18 0)
(3 -6.55341e-17 0)
(3 -4.17157e-16 0)
(3 -5.41807e-16 0)
(3 -6.30691e-16 0)
(3 -6.49891e-18 0)
(3 5.23145e-17 0)
(3 4.10199e-16 0)
(3 9.59185e-16 0)
(3 1.36759e-15 0)
(3 1.08378e-15 0)
(3 5.04347e-16 0)
(3 4.13828e-17 0)
(3 -4.76863e-16 0)
(3 -6.01604e-16 0)
(3 -1.67698e-16 0)
(3 2.90529e-16 0)
(3 1.06117e-15 0)
(3 1.10192e-15 0)
(3 5.87209e-16 0)
(3 6.5808e-16 0)
(3 -8.68304e-17 0)
(3 3.38841e-16 0)
(3 2.07958e-16 0)
(3 2.00813e-16 0)
(3 -8.92252e-17 0)
(3 -1.41689e-16 0)
(3 1.34793e-16 0)
(3 3.92821e-16 0)
(3 -1.1637e-16 0)
(3 -3.17032e-16 0)
(3 1.03089e-17 0)
(3 7.55601e-16 0)
(3 1.26584e-15 0)
(3 3.42866e-16 0)
(3 2.06892e-16 0)
(3 2.11925e-16 0)
(3 1.00608e-16 0)
(3 1.32768e-16 0)
(3 4.31339e-16 0)
(3 3.48741e-16 0)
(3 9.25515e-16 0)
(3 1.0641e-15 0)
(3 7.33316e-16 0)
(3 8.17878e-16 0)
(3 7.53318e-16 0)
(3 6.07288e-16 0)
(3 8.91183e-16 0)
(3 1.57317e-15 0)
(3 1.67573e-15 0)
(3 1.87517e-15 0)
(3 1.67589e-15 0)
(3 1.20181e-15 0)
(3 -4.60344e-17 0)
(3 9.06392e-18 0)
(3 1.11682e-16 0)
(3 4.00918e-17 0)
(3 1.04985e-16 0)
(3 3.36811e-16 0)
(3 2.30297e-16 0)
(3 6.84158e-16 0)
(3 1.57015e-15 0)
(3 1.72363e-15 0)
(3 1.39498e-15 0)
(3 9.85076e-16 0)
(3 8.88652e-16 0)
(3 6.54234e-16 0)
(3 5.89619e-16 0)
(3 3.16437e-17 0)
(3 3.68084e-16 0)
(3 -3.1238e-18 0)
(3 4.92795e-16 0)
(3 1.12095e-15 0)
(3 1.2614e-15 0)
(3 1.1066e-15 0)
(3 9.71112e-16 0)
(3 -2.54478e-16 0)
(3 -5.7986e-17 0)
(3 -4.81419e-17 0)
(3 -5.1546e-16 0)
(3 -1.1332e-15 0)
(3 -1.26184e-15 0)
(3 -2.16801e-16 0)
(3 -8.54912e-17 0)
(3 9.29413e-16 0)
(3 1.41826e-15 0)
(3 1.79334e-15 0)
(3 1.78411e-15 0)
(3 2.10461e-15 0)
(3 1.49037e-15 0)
(3 1.44169e-16 0)
(3 -5.21271e-16 0)
(3 -1.10926e-15 0)
(3 -1.68386e-15 0)
(3 -1.35763e-15 0)
(3 -5.94868e-16 0)
(3 4.63242e-17 0)
(3 -3.96072e-16 0)
(3 -5.91105e-16 0)
(3 2.47239e-16 0)
(3 1.2502e-15 0)
(3 5.44137e-17 0)
(3 -5.17218e-18 0)
(3 -8.34768e-17 0)
(3 -3.31516e-16 0)
(3 -1.10474e-15 0)
(3 -1.20279e-15 0)
(3 -6.6235e-16 0)
(3 5.8808e-17 0)
(3 -1.03251e-16 0)
(3 -2.49525e-16 0)
(3 -1.64086e-17 0)
(3 6.35212e-16 0)
(3 1.06173e-15 0)
(3 8.02328e-16 0)
(3 -1.40555e-16 0)
(3 -9.56955e-16 0)
(3 -1.09133e-15 0)
(3 -1.08126e-15 0)
(3 -8.35171e-16 0)
(3 -1.16506e-15 0)
(3 -1.69141e-15 0)
(3 -1.1237e-15 0)
(3 4.5708e-16 0)
(3 1.62756e-15 0)
(3 6.34962e-17 0)
(3 4.09234e-16 0)
(3 4.62518e-16 0)
(3 2.71553e-16 0)
(3 1.36334e-16 0)
(3 5.91995e-17 0)
(3 2.14695e-16 0)
(3 2.37004e-17 0)
(3 -3.87932e-16 0)
(3 -8.31812e-16 0)
(3 -8.09729e-16 0)
(3 -4.76316e-16 0)
(3 -2.03354e-16 0)
(3 -1.96124e-16 0)
(3 -4.95891e-16 0)
(3 -8.22192e-16 0)
(3 -9.44337e-16 0)
(3 -1.17236e-15 0)
(3 -1.45799e-15 0)
(3 -2.09756e-15 0)
(3 -2.23803e-15 0)
(3 -1.84301e-15 0)
(3 -1.49242e-15 0)
(3 -1.12678e-15 0)
(3 1.17628e-17 0)
(3 -1.89068e-16 0)
(3 -2.74192e-16 0)
(3 -2.14385e-16 0)
(3 3.50873e-16 0)
(3 3.51959e-16 0)
(3 1.57442e-16 0)
(3 -1.33803e-16 0)
(3 -2.23806e-16 0)
(3 6.93423e-17 0)
(3 1.26156e-16 0)
(3 2.68938e-16 0)
(3 -6.19177e-16 0)
(3 -1.10606e-15 0)
(3 -8.24097e-16 0)
(3 -8.95934e-16 0)
(3 -4.57845e-16 0)
(3 -1.31728e-15 0)
(3 -1.7447e-15 0)
(3 -1.36078e-15 0)
(3 -7.87422e-16 0)
(3 -1.70945e-15 0)
(3 -2.33298e-15 0)
(3 -2.44439e-15 0)
(3 1.17085e-16 0)
(3 8.1606e-17 0)
(3 6.92062e-17 0)
(3 1.46394e-16 0)
(3 3.12567e-17 0)
(3 1.23178e-16 0)
(3 -1.19972e-17 0)
(3 -2.03675e-16 0)
(3 -2.45381e-16 0)
(3 2.02984e-16 0)
(3 5.7615e-16 0)
(3 3.09041e-16 0)
(3 -1.63553e-16 0)
(3 -4.65484e-16 0)
(3 -5.71745e-16 0)
(3 -8.29853e-17 0)
(3 -9.95444e-17 0)
(3 -1.6281e-15 0)
(3 -1.5157e-15 0)
(3 -1.01277e-15 0)
(3 1.58617e-16 0)
(3 1.16652e-16 0)
(3 -7.9166e-16 0)
(3 -1.37088e-15 0)
(3 -2.00629e-17 0)
(3 1.84195e-16 0)
(3 1.07339e-16 0)
(3 4.90354e-17 0)
(3 -3.03133e-17 0)
(3 3.29121e-16 0)
(3 3.88106e-16 0)
(3 3.45428e-16 0)
(3 4.22096e-16 0)
(3 2.01383e-16 0)
(3 -9.96491e-16 0)
(3 -2.52444e-15 0)
(3 -2.44425e-15 0)
(3 -1.3954e-15 0)
(3 -1.27395e-15 0)
(3 -7.46832e-16 0)
(3 -1.28599e-15 0)
(3 -1.74201e-15 0)
(3 -1.25589e-15 0)
(3 -1.55754e-15 0)
(3 -7.8754e-16 0)
(3 1.15527e-16 0)
(3 -4.68335e-16 0)
(3 -1.43753e-15 0)
(3 -9.57958e-18 0)
(3 -2.41828e-16 0)
(3 -2.80948e-16 0)
(3 -1.1946e-16 0)
(3 -3.15471e-17 0)
(3 -3.86003e-16 0)
(3 -3.78745e-16 0)
(3 -3.29137e-16 0)
(3 -4.75092e-16 0)
(3 -1.09268e-15 0)
(3 -2.55698e-15 0)
(3 -2.65449e-15 0)
(3 -2.1883e-15 0)
(3 -1.90174e-15 0)
(3 -1.24459e-15 0)
(3 -1.06208e-15 0)
(3 -1.452e-15 0)
(3 -1.53147e-15 0)
(3 -1.48009e-15 0)
(3 -1.25109e-15 0)
(3 -1.14024e-15 0)
(3 -6.87731e-16 0)
(3 -4.50076e-16 0)
(3 -6.28381e-16 0)
(3 -7.2017e-17 0)
(3 -3.54621e-16 0)
(3 -1.05053e-16 0)
(3 3.81583e-16 0)
(3 -2.50362e-17 0)
(3 -1.22385e-15 0)
(3 -1.93767e-15 0)
(3 -2.15082e-15 0)
(3 -2.44982e-15 0)
(3 -2.8503e-15 0)
(3 -2.57091e-15 0)
(3 -1.96508e-15 0)
(3 -1.09724e-15 0)
(3 -1.11158e-15 0)
(3 -8.17717e-16 0)
(3 -5.03205e-16 0)
(3 -3.50183e-16 0)
(3 -8.08537e-16 0)
(3 -1.20359e-15 0)
(3 -1.28875e-15 0)
(3 -9.86292e-16 0)
(3 -5.22627e-16 0)
(3 -2.65356e-16 0)
(3 -2.24092e-16 0)
(3 -2.50523e-16 0)
(3 -2.49625e-16 0)
(3 -1.80651e-16 0)
(3 -7.69527e-17 0)
(3 -4.81965e-16 0)
(3 -6.51715e-16 0)
(3 -1.0206e-15 0)
(3 -1.38356e-15 0)
(3 -1.58739e-15 0)
(3 -1.0966e-15 0)
(3 4.17311e-17 0)
(3 -1.27631e-16 0)
(3 -3.45774e-16 0)
(3 -5.89044e-16 0)
(3 -1.02819e-15 0)
(3 -1.02294e-15 0)
(3 -2.22083e-16 0)
(3 -2.32739e-16 0)
(3 -6.87582e-16 0)
(3 -5.18708e-16 0)
(3 -3.98817e-16 0)
(3 -1.13041e-15 0)
(3 -1.58919e-15 0)
(3 -1.41622e-15 0)
(3 2.34674e-16 0)
(3 1.41809e-16 0)
(3 3.29072e-17 0)
(3 -3.8414e-16 0)
(3 -4.6952e-16 0)
(3 3.05822e-16 0)
(3 9.46549e-16 0)
(3 5.63935e-16 0)
(3 -8.40334e-16 0)
(3 -1.07292e-15 0)
(3 -6.1354e-16 0)
(3 -6.51725e-16 0)
(3 -8.12384e-16 0)
(3 -6.66629e-16 0)
(3 -2.45299e-16 0)
(3 -5.84408e-16 0)
(3 -5.92343e-16 0)
(3 -7.24331e-16 0)
(3 -1.27385e-15 0)
(3 -1.01852e-15 0)
(3 -7.8923e-16 0)
(3 -1.02003e-15 0)
(3 -9.60293e-16 0)
(3 -8.60501e-16 0)
(3 1.90568e-16 0)
(3 1.2006e-16 0)
(3 1.76784e-16 0)
(3 -6.62999e-17 0)
(3 1.70175e-16 0)
(3 9.32428e-16 0)
(3 1.46708e-15 0)
(3 1.9001e-15 0)
(3 1.46001e-15 0)
(3 3.73763e-17 0)
(3 -4.08945e-16 0)
(3 -2.76762e-16 0)
(3 -1.41852e-16 0)
(3 -1.64001e-16 0)
(3 3.5954e-16 0)
(3 1.25179e-16 0)
(3 3.09626e-16 0)
(3 4.41925e-16 0)
(3 -2.49339e-16 0)
(3 -9.47366e-16 0)
(3 -1.07893e-15 0)
(3 -6.70781e-16 0)
(3 -5.65186e-16 0)
(3 -7.0699e-16 0)
(3 -7.60601e-17 0)
(3 -6.48485e-17 0)
(3 -2.67554e-17 0)
(3 6.66726e-17 0)
(3 7.72397e-16 0)
(3 1.27848e-15 0)
(3 1.80192e-15 0)
(3 1.96072e-15 0)
(3 2.48208e-15 0)
(3 2.7568e-15 0)
(3 2.47463e-15 0)
(3 1.4931e-15 0)
(3 1.46355e-15 0)
(3 1.24564e-15 0)
(3 5.51136e-16 0)
(3 1.70935e-16 0)
(3 7.06717e-16 0)
(3 1.56285e-15 0)
(3 1.62161e-15 0)
(3 6.50268e-16 0)
(3 -7.04839e-16 0)
(3 -1.70825e-15 0)
(3 -1.54822e-15 0)
(3 -1.0097e-15 0)
(3 9.3471e-17 0)
(3 -1.55921e-16 0)
(3 -9.43257e-17 0)
(3 -1.42769e-16 0)
(3 -1.93562e-18 0)
(3 6.52708e-16 0)
(3 6.6786e-16 0)
(3 9.53961e-16 0)
(3 1.7938e-15 0)
(3 2.22988e-15 0)
(3 2.32299e-15 0)
(3 1.78607e-15 0)
(3 1.28132e-15 0)
(3 1.4366e-15 0)
(3 1.34507e-15 0)
(3 1.5004e-15 0)
(3 7.33023e-16 0)
(3 1.1281e-15 0)
(3 1.19508e-15 0)
(3 8.40709e-16 0)
(3 8.45078e-16 0)
(3 6.96896e-16 0)
(3 8.44791e-16 0)
(3 6.05012e-16 0)
(3 6.25184e-18 0)
(3 -5.19206e-17 0)
(3 2.49024e-16 0)
(3 1.18667e-16 0)
(3 -6.62442e-17 0)
(3 -1.49988e-16 0)
(3 -1.99083e-17 0)
(3 3.66776e-16 0)
(3 5.86108e-16 0)
(3 6.51915e-16 0)
(3 4.74234e-16 0)
(3 5.497e-16 0)
(3 4.80529e-16 0)
(3 6.70738e-16 0)
(3 7.64214e-16 0)
(3 1.2165e-15 0)
(3 1.05952e-15 0)
(3 1.27527e-15 0)
(3 1.33026e-15 0)
(3 1.42603e-15 0)
(3 1.91969e-15 0)
(3 2.19541e-15 0)
(3 1.98495e-15 0)
(3 7.13761e-16 0)
(3 -6.29907e-17 0)
(3 1.49839e-16 0)
(3 -5.32156e-17 0)
(3 7.84879e-17 0)
(3 2.23602e-16 0)
(3 8.65957e-17 0)
(3 6.50858e-17 0)
(3 -1.61209e-16 0)
(3 -2.90699e-16 0)
(3 -4.23243e-16 0)
(3 -4.40481e-16 0)
(3 -4.08869e-18 0)
(3 2.00265e-16 0)
(3 1.02196e-15 0)
(3 9.19471e-16 0)
(3 7.52773e-16 0)
(3 1.28407e-15 0)
(3 6.80797e-16 0)
(3 8.9834e-16 0)
(3 8.93723e-16 0)
(3 7.34266e-16 0)
(3 7.77573e-16 0)
(3 3.88735e-16 0)
(3 1.15632e-16 0)
(3 4.6854e-17 0)
(3 2.39003e-16 0)
(3 -2.64503e-16 0)
(3 -3.50466e-16 0)
(3 -1.55844e-16 0)
(3 3.81352e-16 0)
(3 1.29665e-16 0)
(3 -8.83086e-16 0)
(3 -1.29727e-15 0)
(3 -9.29586e-16 0)
(3 -2.88278e-16 0)
(3 -1.89861e-16 0)
(3 -2.13032e-16 0)
(3 8.95953e-16 0)
(3 1.6517e-15 0)
(3 1.29461e-15 0)
(3 1.04015e-15 0)
(3 5.42962e-16 0)
(3 9.86352e-16 0)
(3 9.15265e-16 0)
(3 -1.53489e-16 0)
(3 -8.54814e-16 0)
(3 -5.56394e-16 0)
(3 8.41743e-16 0)
(3 3.37658e-17 0)
(3 5.51911e-17 0)
(3 1.46691e-16 0)
(3 6.22547e-17 0)
(3 -1.98375e-16 0)
(3 -2.56653e-16 0)
(3 -2.1609e-16 0)
(3 -1.48056e-15 0)
(3 -1.61467e-15 0)
(3 -1.20971e-15 0)
(3 -4.22826e-16 0)
(3 4.3398e-17 0)
(3 -6.63954e-17 0)
(3 6.97896e-17 0)
(3 7.97609e-16 0)
(3 1.23139e-15 0)
(3 1.12847e-15 0)
(3 1.7367e-15 0)
(3 1.98976e-15 0)
(3 1.98106e-15 0)
(3 1.1965e-15 0)
(3 -4.73677e-16 0)
(3 -6.29287e-16 0)
(3 -1.4457e-16 0)
(3 -3.03994e-18 0)
(3 6.53891e-18 0)
(3 4.10153e-16 0)
(3 4.47766e-16 0)
(3 1.92664e-16 0)
(3 -1.12137e-16 0)
(3 -3.44551e-16 0)
(3 -3.16037e-16 0)
(3 1.02318e-17 0)
(3 2.73639e-16 0)
(3 2.11684e-16 0)
(3 6.02569e-16 0)
(3 5.69894e-16 0)
(3 1.2393e-16 0)
(3 -2.5307e-16 0)
(3 -2.30315e-16 0)
(3 3.14189e-16 0)
(3 1.00751e-15 0)
(3 1.16774e-15 0)
(3 1.57048e-15 0)
(3 1.4915e-15 0)
(3 6.68267e-16 0)
(3 4.22193e-16 0)
(3 8.77869e-17 0)
(3 -2.00891e-17 0)
(3 3.13122e-16 0)
(3 3.38609e-16 0)
(3 4.25324e-16 0)
(3 -1.33098e-17 0)
(3 -2.94457e-16 0)
(3 1.20626e-18 0)
(3 1.04502e-15 0)
(3 1.10507e-15 0)
(3 7.32511e-16 0)
(3 3.57353e-16 0)
(3 -4.11913e-16 0)
(3 -5.49638e-16 0)
(3 -8.24035e-16 0)
(3 -1.31007e-15 0)
(3 -1.81541e-15 0)
(3 -1.754e-15 0)
(3 -1.37868e-15 0)
(3 -7.44394e-16 0)
(3 1.31745e-16 0)
(3 4.78329e-16 0)
(3 9.02684e-16 0)
(3 1.57924e-15 0)
(3 3.10618e-16 0)
(3 -5.26371e-17 0)
(3 1.5277e-16 0)
(3 -1.90306e-17 0)
(3 -6.06318e-17 0)
(3 -4.59207e-16 0)
(3 -5.65695e-16 0)
(3 -4.70903e-16 0)
(3 -4.08831e-16 0)
(3 -3.40912e-16 0)
(3 -8.08089e-16 0)
(3 -8.94877e-16 0)
(3 -1.52249e-15 0)
(3 -1.44019e-15 0)
(3 -1.8371e-15 0)
(3 -2.95291e-15 0)
(3 -2.95228e-15 0)
(3 -2.13668e-15 0)
(3 -1.78708e-15 0)
(3 -1.62549e-15 0)
(3 -1.23643e-15 0)
(3 1.87643e-16 0)
(3 7.14462e-16 0)
(3 1.12907e-15 0)
(3 -5.9112e-16 0)
(3 1.41019e-17 0)
(3 -4.65005e-16 0)
(3 -6.90682e-16 0)
(3 -8.83775e-16 0)
(3 -4.50053e-16 0)
(3 -1.51252e-16 0)
(3 1.64581e-16 0)
(3 5.81836e-17 0)
(3 -1.70925e-16 0)
(3 -1.98764e-16 0)
(3 -8.40017e-16 0)
(3 -8.3306e-16 0)
(3 -5.94278e-16 0)
(3 -9.4611e-16 0)
(3 -1.31418e-15 0)
(3 -1.64128e-15 0)
(3 -1.26171e-15 0)
(3 -7.60885e-16 0)
(3 -1.14824e-15 0)
(3 -1.37436e-15 0)
(3 -3.10573e-16 0)
(3 -3.17167e-16 0)
(3 -1.54305e-16 0)
(3 -1.86518e-16 0)
(3 -5.88829e-17 0)
(3 -2.10093e-16 0)
(3 -3.45142e-16 0)
(3 -3.96327e-16 0)
(3 -7.89042e-16 0)
(3 -5.41038e-16 0)
(3 -1.44281e-16 0)
(3 2.73443e-16 0)
(3 6.25493e-16 0)
(3 6.44956e-16 0)
(3 5.77075e-16 0)
(3 9.08233e-16 0)
(3 6.76984e-16 0)
(3 4.59884e-16 0)
(3 4.7722e-16 0)
(3 4.10377e-16 0)
(3 2.21812e-16 0)
(3 1.15901e-16 0)
(3 4.32269e-16 0)
(3 1.26728e-15 0)
(3 1.51809e-15 0)
(3 1.57053e-15 0)
(3 1.63289e-15 0)
(3 1.97184e-15 0)
(3 -4.9348e-17 0)
(3 1.33001e-16 0)
(3 4.34587e-16 0)
(3 5.48743e-16 0)
(3 -4.91834e-16 0)
(3 -8.28373e-16 0)
(3 -7.18481e-16 0)
(3 -4.02714e-16 0)
(3 8.28633e-17 0)
(3 2.40378e-16 0)
(3 8.14163e-16 0)
(3 1.25365e-15 0)
(3 7.51035e-16 0)
(3 6.16911e-16 0)
(3 6.22983e-16 0)
(3 5.15336e-16 0)
(3 4.99929e-16 0)
(3 1.48357e-16 0)
(3 3.15044e-16 0)
(3 9.24175e-16 0)
(3 9.16099e-16 0)
(3 7.04484e-16 0)
(3 5.61777e-16 0)
(3 1.86777e-16 0)
(2.93412 0.00816191 0)
(2.84543 0.072679 0)
(2.75176 0.160068 0)
(2.68222 0.219472 0)
(2.56344 0.367083 0)
(2.51328 0.436797 0)
(2.41784 0.544217 0)
(2.35218 0.628318 0)
(2.31384 0.723921 0)
(2.25508 0.798433 0)
(2.24587 0.853259 0)
(2.2819 0.884261 0)
(2.32955 0.896128 0)
(2.33681 0.887618 0)
(2.34519 0.884481 0)
(2.3472 0.867186 0)
(2.34888 0.856811 0)
(2.34508 0.851466 0)
(2.33923 0.847563 0)
(2.34005 0.847858 0)
(2.34386 0.849449 0)
(2.34309 0.849115 0)
(2.34165 0.849058 0)
(2.33767 0.849827 0)
(2.99894 0.0010008 0)
(2.98933 0.0121967 0)
(2.95938 0.0523056 0)
(2.90609 0.128654 0)
(2.79683 0.279512 0)
(2.69214 0.455895 0)
(2.52031 0.692209 0)
(2.39143 0.898739 0)
(2.22954 1.06282 0)
(2.16618 1.1074 0)
(2.14109 1.0404 0)
(2.19412 0.99341 0)
(2.24609 0.944553 0)
(2.29346 0.903717 0)
(2.33469 0.85796 0)
(2.3498 0.823243 0)
(2.35881 0.829491 0)
(2.35708 0.837658 0)
(2.3534 0.840507 0)
(2.3505 0.841333 0)
(2.35044 0.842783 0)
(2.34945 0.844896 0)
(2.34537 0.845073 0)
(2.34065 0.847137 0)
(3 -1.78434e-06 0)
(3 -2.85306e-05 0)
(2.99994 0.000114701 0)
(2.99996 4.52783e-05 0)
(2.99853 0.00203442 0)
(2.99193 0.0117514 0)
(2.96462 0.054352 0)
(2.89881 0.173976 0)
(2.78297 0.401084 0)
(2.56685 0.728936 0)
(2.46468 0.845087 0)
(2.33814 0.92823 0)
(2.29363 0.91368 0)
(2.29494 0.900042 0)
(2.30906 0.889042 0)
(2.34315 0.869291 0)
(2.36069 0.861496 0)
(2.36125 0.851691 0)
(2.36118 0.840871 0)
(2.35864 0.841608 0)
(2.35543 0.84252 0)
(2.35364 0.843655 0)
(2.35042 0.845262 0)
(2.34606 0.846743 0)
(3 -9.20245e-08 0)
(3 -3.70191e-07 0)
(3 -2.54111e-07 0)
(3 -5.73994e-07 0)
(3.00001 -8.58395e-06 0)
(2.99999 1.99104e-05 0)
(3.00006 -0.000134562 0)
(2.99922 0.00139669 0)
(2.99096 0.0161735 0)
(2.88767 0.176847 0)
(2.78147 0.411523 0)
(2.43688 0.789187 0)
(2.32691 0.902005 0)
(2.27733 0.943514 0)
(2.28492 0.94951 0)
(2.30247 0.929408 0)
(2.33514 0.891582 0)
(2.3527 0.857998 0)
(2.35795 0.846511 0)
(2.35932 0.839526 0)
(2.35774 0.841664 0)
(2.35612 0.848607 0)
(2.35619 0.852363 0)
(2.35211 0.85393 0)
(3 1.57105e-10 0)
(3 1.44585e-10 0)
(3 -1.83008e-08 0)
(3 -6.12417e-08 0)
(3 -7.0669e-07 0)
(3 -7.77195e-07 0)
(3 -3.98398e-06 0)
(3 -2.52634e-06 0)
(3.00003 -7.74031e-05 0)
(2.9992 0.00100997 0)
(2.98739 0.0192748 0)
(2.86344 0.173194 0)
(2.62714 0.487317 0)
(2.48392 0.703959 0)
(2.30318 0.902449 0)
(2.27635 0.909487 0)
(2.3044 0.887618 0)
(2.31892 0.87452 0)
(2.34389 0.867162 0)
(2.35056 0.856072 0)
(2.35712 0.844826 0)
(2.35641 0.846289 0)
(2.35516 0.85027 0)
(2.35074 0.859313 0)
(3 1.31647e-11 0)
(3 5.9848e-12 0)
(3 5.65045e-11 0)
(3 -4.10958e-10 0)
(3 7.60054e-10 0)
(3 -6.09344e-08 0)
(3 -8.93814e-08 0)
(3 -2.21473e-07 0)
(3 -6.56632e-06 0)
(3 -6.30906e-06 0)
(3.00002 -5.69243e-05 0)
(2.99842 0.00198062 0)
(2.9714 0.0380957 0)
(2.84688 0.209725 0)
(2.50118 0.615672 0)
(2.4001 0.74501 0)
(2.31386 0.864544 0)
(2.2931 0.890458 0)
(2.30527 0.884906 0)
(2.32532 0.865814 0)
(2.34148 0.841048 0)
(2.34553 0.839351 0)
(2.3474 0.840074 0)
(2.34789 0.84133 0)
(3 -2.62472e-14 0)
(3 3.48334e-13 0)
(3 5.34449e-12 0)
(3 1.48407e-11 0)
(3 2.54833e-11 0)
(3 -1.90047e-10 0)
(3 -2.73003e-10 0)
(3 -1.49582e-09 0)
(3 -1.86361e-08 0)
(3 -4.33345e-07 0)
(3 -7.89848e-06 0)
(3 -4.23363e-06 0)
(2.99999 -3.70025e-06 0)
(2.99627 0.00510047 0)
(2.92619 0.0912178 0)
(2.79615 0.292874 0)
(2.41209 0.729762 0)
(2.33944 0.820272 0)
(2.31371 0.852214 0)
(2.31033 0.85158 0)
(2.31648 0.844359 0)
(2.33135 0.838753 0)
(2.3396 0.838664 0)
(2.34138 0.836789 0)
(3 -4.2599e-16 0)
(3 -3.19422e-16 0)
(3 8.94191e-14 0)
(3 1.38161e-12 0)
(3 6.33696e-12 0)
(3 7.23001e-12 0)
(3 8.53299e-12 0)
(3 3.62053e-12 0)
(3 1.65523e-10 0)
(3 -1.08125e-09 0)
(3 -3.32998e-08 0)
(3 -5.92943e-07 0)
(3 -1.15019e-06 0)
(3.00001 -2.51943e-05 0)
(2.99952 0.000832231 0)
(2.99028 0.015566 0)
(2.84802 0.193013 0)
(2.70031 0.429596 0)
(2.39434 0.767019 0)
(2.28159 0.904262 0)
(2.28056 0.864479 0)
(2.311 0.848794 0)
(2.31869 0.846739 0)
(2.32581 0.842664 0)
(3 9.23265e-16 0)
(3 4.41512e-16 0)
(3 -1.59463e-16 0)
(3 8.85427e-15 0)
(3 1.0492e-13 0)
(3 8.96026e-13 0)
(3 1.82092e-12 0)
(3 1.70547e-12 0)
(3 1.46886e-11 0)
(3 1.54343e-11 0)
(3 3.44903e-10 0)
(3 -4.03658e-09 0)
(3 -8.31699e-08 0)
(3 -3.91146e-06 0)
(3.00001 -2.90442e-06 0)
(3.00001 -2.86295e-05 0)
(2.99645 0.00581695 0)
(2.96917 0.0541427 0)
(2.72452 0.362862 0)
(2.53546 0.626366 0)
(2.41084 0.773297 0)
(2.32649 0.841859 0)
(2.30742 0.853257 0)
(2.31119 0.846304 0)
(3 1.58217e-15 0)
(3 8.38473e-16 0)
(3 2.23976e-16 0)
(3 -2.68646e-17 0)
(3 6.1883e-16 0)
(3 1.21082e-14 0)
(3 4.54541e-14 0)
(3 1.37787e-13 0)
(3 3.54966e-13 0)
(3 2.15804e-12 0)
(3 4.24743e-11 0)
(3 2.77837e-11 0)
(3 2.81045e-11 0)
(3 -4.46701e-08 0)
(3 -5.17049e-07 0)
(3 -2.45929e-06 0)
(3.00001 -1.1999e-05 0)
(2.99966 0.000555837 0)
(2.97947 0.0303026 0)
(2.89836 0.167702 0)
(2.58703 0.584187 0)
(2.40238 0.79636 0)
(2.34432 0.81825 0)
(2.33274 0.825613 0)
(3 1.19653e-15 0)
(3 -2.08299e-16 0)
(3 -1.09363e-15 0)
(3 -1.12727e-15 0)
(3 -1.33996e-15 0)
(3 -5.65442e-16 0)
(3 -1.42614e-15 0)
(3 -3.25226e-16 0)
(3 4.52456e-15 0)
(3 1.27494e-14 0)
(3 7.93837e-13 0)
(3 3.72295e-12 0)
(3 1.00595e-11 0)
(3 1.30829e-10 0)
(3 -1.98423e-08 0)
(3 -1.00043e-07 0)
(3 -1.61259e-06 0)
(3 -4.61725e-06 0)
(2.99989 0.000207277 0)
(2.99627 0.00765049 0)
(2.91851 0.118612 0)
(2.70584 0.423102 0)
(2.51599 0.672366 0)
(2.34763 0.871704 0)
(3 -1.50411e-15 0)
(3 -1.3718e-15 0)
(3 -6.208e-16 0)
(3 -1.29621e-16 0)
(3 -1.2364e-15 0)
(3 -2.51551e-15 0)
(3 -2.06331e-15 0)
(3 -6.9421e-16 0)
(3 4.89039e-16 0)
(3 9.42352e-16 0)
(3 2.20869e-15 0)
(3 -4.0683e-15 0)
(3 1.43349e-12 0)
(3 5.76761e-12 0)
(3 9.40184e-11 0)
(3 -1.82293e-09 0)
(3 -1.6609e-08 0)
(3 -1.1727e-06 0)
(3 -1.6265e-06 0)
(2.99999 6.5108e-06 0)
(2.99769 0.00385543 0)
(2.96311 0.0627717 0)
(2.80348 0.316973 0)
(2.53036 0.68588 0)
(3 -2.17424e-15 0)
(3 -1.31e-15 0)
(3 -1.26655e-16 0)
(3 -1.6225e-16 0)
(3 2.2297e-16 0)
(3 -1.187e-16 0)
(3 -5.38448e-18 0)
(3 2.37877e-17 0)
(3 8.73342e-16 0)
(3 1.35701e-15 0)
(3 1.51556e-15 0)
(3 4.58445e-15 0)
(3 2.5307e-15 0)
(3 3.4784e-13 0)
(3 1.22406e-11 0)
(3 2.85262e-11 0)
(3 -5.19909e-11 0)
(3 -2.04506e-08 0)
(3 -6.15669e-07 0)
(3 -4.89728e-07 0)
(3 -2.55264e-06 0)
(2.99936 0.00124627 0)
(2.97888 0.0391689 0)
(2.8715 0.222708 0)
(3 -1.70179e-15 0)
(3 -9.54324e-16 0)
(3 -1.44135e-15 0)
(3 -1.83131e-15 0)
(3 -7.1892e-16 0)
(3 1.55704e-15 0)
(3 1.66466e-15 0)
(3 9.48498e-16 0)
(3 1.45631e-15 0)
(3 2.76393e-15 0)
(3 2.98095e-15 0)
(3 6.7763e-16 0)
(3 -2.54803e-16 0)
(3 1.93652e-15 0)
(3 9.31601e-13 0)
(3 8.32867e-12 0)
(3 7.23486e-12 0)
(3 2.44752e-11 0)
(3 -2.75004e-08 0)
(3 -9.19767e-08 0)
(3 -2.26628e-07 0)
(3 -2.61149e-06 0)
(2.99961 0.000803704 0)
(2.99349 0.0148643 0)
(3 -1.59151e-15 0)
(3 -1.60929e-15 0)
(3 -1.98013e-15 0)
(3 -1.55957e-15 0)
(3 -4.347e-16 0)
(3 -2.84987e-17 0)
(3 9.31221e-17 0)
(3 5.94493e-17 0)
(3 3.0819e-16 0)
(3 7.63021e-16 0)
(3 6.08124e-16 0)
(3 7.01002e-16 0)
(3 5.36761e-16 0)
(3 -3.95715e-16 0)
(3 3.6029e-15 0)
(3 3.58733e-13 0)
(3 1.9866e-12 0)
(3 2.03234e-12 0)
(3 -8.4026e-11 0)
(3 -6.2669e-09 0)
(3 -4.36365e-08 0)
(3 -4.29291e-07 0)
(3 5.52657e-06 0)
(3.00002 -7.75504e-05 0)
(3 -7.29143e-16 0)
(3 -1.7059e-15 0)
(3 -1.82792e-15 0)
(3 -2.06027e-15 0)
(3 -1.26321e-15 0)
(3 -1.41473e-15 0)
(3 -6.61714e-16 0)
(3 1.00888e-15 0)
(3 1.59396e-15 0)
(3 7.75372e-16 0)
(3 4.87103e-16 0)
(3 6.23511e-16 0)
(3 1.17994e-15 0)
(3 2.36829e-16 0)
(3 8.20864e-17 0)
(3 8.77688e-16 0)
(3 6.1992e-14 0)
(3 5.87845e-13 0)
(3 1.37966e-13 0)
(3 -2.57421e-11 0)
(3 -6.35992e-09 0)
(3 -8.72755e-09 0)
(3 -1.99631e-07 0)
(3 -1.68427e-06 0)
(3 -4.7978e-16 0)
(3 -1.24592e-15 0)
(3 -2.1159e-15 0)
(3 -2.18184e-15 0)
(3 -2.82323e-15 0)
(3 -1.79255e-15 0)
(3 9.20198e-17 0)
(3 2.13958e-15 0)
(3 1.16293e-15 0)
(3 -6.24745e-16 0)
(3 -7.18286e-16 0)
(3 -7.76352e-16 0)
(3 -1.28015e-15 0)
(3 -1.08679e-15 0)
(3 -5.80909e-16 0)
(3 -3.15033e-15 0)
(3 -7.54656e-14 0)
(3 -6.35559e-13 0)
(3 -1.78202e-12 0)
(3 6.50101e-11 0)
(3 7.80165e-10 0)
(3 1.39999e-07 0)
(3 1.45623e-07 0)
(3 7.68048e-07 0)
(3 -4.51713e-16 0)
(3 -4.29101e-17 0)
(3 -1.19948e-16 0)
(3 6.86523e-16 0)
(3 7.37754e-16 0)
(3 3.87429e-16 0)
(3 4.62833e-16 0)
(3 1.37e-15 0)
(3 8.9201e-16 0)
(3 -2.19537e-15 0)
(3 -2.83685e-15 0)
(3 -2.58183e-15 0)
(3 -2.88261e-15 0)
(3 -2.00424e-15 0)
(3 -5.17598e-15 0)
(3 -4.50428e-13 0)
(3 -2.40464e-12 0)
(3 -2.57811e-12 0)
(3 6.19732e-11 0)
(3 1.00214e-08 0)
(3 4.04752e-08 0)
(3 3.95117e-07 0)
(3 5.50081e-06 0)
(2.99996 -0.000100891 0)
(3 -4.17113e-16 0)
(3 7.08133e-16 0)
(3 1.79436e-15 0)
(3 1.69401e-15 0)
(3 1.56718e-15 0)
(3 1.42996e-15 0)
(3 1.00095e-15 0)
(3 5.12663e-17 0)
(3 -1.31344e-15 0)
(3 -2.20983e-15 0)
(3 -2.61805e-15 0)
(3 -2.07355e-15 0)
(3 -2.27753e-15 0)
(3 -4.81133e-15 0)
(3 -7.80548e-13 0)
(3 -8.80357e-12 0)
(3 -8.90309e-12 0)
(3 1.29539e-10 0)
(3 2.36382e-08 0)
(3 1.8583e-07 0)
(3 2.5109e-07 0)
(3 9.59027e-07 0)
(2.9997 -0.000549492 0)
(2.98886 -0.020577 0)
(3 -8.12004e-16 0)
(3 -5.56995e-17 0)
(3 6.30675e-16 0)
(3 3.1968e-16 0)
(3 -1.49228e-16 0)
(3 -4.8112e-16 0)
(3 -1.68043e-16 0)
(3 -2.25292e-16 0)
(3 -1.47985e-15 0)
(3 -1.95013e-15 0)
(3 -1.97347e-15 0)
(3 -3.35688e-15 0)
(3 1.63232e-15 0)
(3 -4.21448e-13 0)
(3 -8.47418e-12 0)
(3 -2.93525e-11 0)
(3 4.10539e-11 0)
(3 2.66102e-08 0)
(3 5.37377e-07 0)
(3 7.04978e-07 0)
(3 -9.40658e-08 0)
(2.99934 -0.00136752 0)
(2.98216 -0.0313015 0)
(2.823 -0.266542 0)
(3 -6.57357e-16 0)
(3 -1.11012e-15 0)
(3 -1.35878e-15 0)
(3 -6.91817e-16 0)
(3 -4.88258e-16 0)
(3 -1.46636e-15 0)
(3 -1.62662e-15 0)
(3 -9.79162e-16 0)
(3 -8.68526e-16 0)
(3 -1.26268e-15 0)
(3 -3.07759e-15 0)
(3 9.83128e-15 0)
(3 -1.26615e-12 0)
(3 -6.60425e-12 0)
(3 -8.65601e-11 0)
(3 1.65957e-09 0)
(3 1.84885e-08 0)
(3 1.00587e-06 0)
(3 1.6905e-06 0)
(2.99999 -4.38879e-06 0)
(2.9977 -0.00402749 0)
(2.96311 -0.0601927 0)
(2.79609 -0.326181 0)
(2.5134 -0.683922 0)
(3 5.24541e-16 0)
(3 1.21167e-16 0)
(3 -2.56508e-16 0)
(3 -3.39762e-16 0)
(3 -3.62612e-16 0)
(3 -5.56652e-16 0)
(3 -9.02571e-16 0)
(3 -2.39532e-15 0)
(3 -2.65161e-15 0)
(3 -1.47775e-14 0)
(3 -7.75615e-13 0)
(3 -3.61678e-12 0)
(3 -1.02317e-11 0)
(3 -1.22877e-10 0)
(3 1.95539e-08 0)
(3 9.97608e-08 0)
(3 1.63069e-06 0)
(3 4.41449e-06 0)
(2.9999 -0.000184148 0)
(2.9959 -0.00807625 0)
(2.92269 -0.113524 0)
(2.694 -0.433272 0)
(2.51541 -0.676029 0)
(2.33399 -0.865001 0)
(3 -3.15842e-16 0)
(3 5.07132e-17 0)
(3 6.89784e-16 0)
(3 -5.91158e-17 0)
(3 6.0383e-16 0)
(3 -7.27086e-15 0)
(3 -4.29819e-14 0)
(3 -1.33234e-13 0)
(3 -3.93739e-13 0)
(3 -2.1671e-12 0)
(3 -4.27311e-11 0)
(3 -2.56371e-11 0)
(3 -2.39569e-11 0)
(3 4.36736e-08 0)
(3 5.38285e-07 0)
(3 2.43167e-06 0)
(3.00001 1.21129e-05 0)
(2.99966 -0.000570156 0)
(2.97994 -0.0293095 0)
(2.89181 -0.173139 0)
(2.6009 -0.566389 0)
(2.38948 -0.817238 0)
(2.34257 -0.812329 0)
(2.33124 -0.820403 0)
(3 -8.52923e-16 0)
(3 4.87474e-16 0)
(3 2.35997e-15 0)
(3 -6.65791e-15 0)
(3 -1.04764e-13 0)
(3 -8.94549e-13 0)
(3 -1.82144e-12 0)
(3 -1.70711e-12 0)
(3 -1.51737e-11 0)
(3 -1.54244e-11 0)
(3 -3.4434e-10 0)
(3 4.06436e-09 0)
(3 8.2312e-08 0)
(3 3.90273e-06 0)
(3.00001 2.93195e-06 0)
(3.00001 2.79479e-05 0)
(2.99645 -0.00580755 0)
(2.96903 -0.0543211 0)
(2.72489 -0.362407 0)
(2.53604 -0.623932 0)
(2.40979 -0.772172 0)
(2.32749 -0.845459 0)
(2.30559 -0.853561 0)
(2.30938 -0.843267 0)
(3 1.60125e-15 0)
(3 3.04924e-15 0)
(3 -8.52455e-14 0)
(3 -1.37526e-12 0)
(3 -6.32715e-12 0)
(3 -7.22816e-12 0)
(3 -8.53008e-12 0)
(3 -3.63035e-12 0)
(3 -1.68489e-10 0)
(3 1.11449e-09 0)
(3 3.27951e-08 0)
(3 5.93853e-07 0)
(3 1.14314e-06 0)
(3.00001 2.51303e-05 0)
(2.99952 -0.000831117 0)
(2.99027 -0.0155867 0)
(2.84804 -0.192955 0)
(2.70015 -0.429712 0)
(2.39265 -0.768424 0)
(2.28067 -0.902523 0)
(2.28306 -0.864261 0)
(2.31094 -0.85008 0)
(2.31772 -0.847793 0)
(2.32568 -0.841833 0)
(3 2.75322e-14 0)
(3 -3.49341e-13 0)
(3 -5.35029e-12 0)
(3 -1.4834e-11 0)
(3 -2.54746e-11 0)
(3 1.92709e-10 0)
(3 2.69569e-10 0)
(3 1.49608e-09 0)
(3 1.86359e-08 0)
(3 4.33347e-07 0)
(3 7.8973e-06 0)
(3 4.35455e-06 0)
(2.99999 2.99652e-06 0)
(2.99628 -0.00509008 0)
(2.92616 -0.0912715 0)
(2.79614 -0.292833 0)
(2.41272 -0.729104 0)
(2.33807 -0.821492 0)
(2.31356 -0.852128 0)
(2.31069 -0.850977 0)
(2.31721 -0.843891 0)
(2.33143 -0.839743 0)
(2.33908 -0.838923 0)
(2.34151 -0.836399 0)
(3 -1.31452e-11 0)
(3 -6.01701e-12 0)
(3 -5.68309e-11 0)
(3 4.11032e-10 0)
(3 -7.63031e-10 0)
(3 6.08951e-08 0)
(3 8.93901e-08 0)
(3 2.21474e-07 0)
(3 6.56583e-06 0)
(3 6.30897e-06 0)
(3.00002 5.69258e-05 0)
(2.99842 -0.00198017 0)
(2.97139 -0.0381107 0)
(2.84697 -0.209663 0)
(2.50107 -0.615896 0)
(2.40024 -0.744797 0)
(2.314 -0.86444 0)
(2.29304 -0.890678 0)
(2.30523 -0.885107 0)
(2.3256 -0.865522 0)
(2.34161 -0.84079 0)
(2.34548 -0.83975 0)
(2.34728 -0.84003 0)
(2.34782 -0.841305 0)
(3 -1.53243e-10 0)
(3 -1.56451e-10 0)
(3 1.82771e-08 0)
(3 6.101e-08 0)
(3 7.0577e-07 0)
(3 7.76943e-07 0)
(3 3.98844e-06 0)
(3 2.52726e-06 0)
(3.00003 7.7373e-05 0)
(2.9992 -0.00101029 0)
(2.98739 -0.0192749 0)
(2.86344 -0.173193 0)
(2.62714 -0.487308 0)
(2.48391 -0.703985 0)
(2.3032 -0.902481 0)
(2.27633 -0.909402 0)
(2.30442 -0.887577 0)
(2.31897 -0.874537 0)
(2.34369 -0.867452 0)
(2.35086 -0.855732 0)
(2.3572 -0.844749 0)
(2.35642 -0.846378 0)
(2.35514 -0.85037 0)
(2.35069 -0.859359 0)
(3 9.14806e-08 0)
(3 3.72271e-07 0)
(3 2.55498e-07 0)
(3 5.74391e-07 0)
(3.00001 8.5799e-06 0)
(2.99999 -1.99113e-05 0)
(3.00006 0.000134703 0)
(2.99922 -0.0013972 0)
(2.99097 -0.01617 0)
(2.88765 -0.176859 0)
(2.78143 -0.411555 0)
(2.43697 -0.789102 0)
(2.3269 -0.902026 0)
(2.27731 -0.943552 0)
(2.28488 -0.949533 0)
(2.30245 -0.92938 0)
(2.33518 -0.891504 0)
(2.35267 -0.858092 0)
(2.3578 -0.846707 0)
(2.35941 -0.839384 0)
(2.35785 -0.841557 0)
(2.35622 -0.848646 0)
(2.35622 -0.852461 0)
(2.35207 -0.853942 0)
(3 1.77548e-06 0)
(3 2.85914e-05 0)
(2.99994 -0.00011477 0)
(2.99996 -4.54493e-05 0)
(2.99853 -0.00203467 0)
(2.99193 -0.0117507 0)
(2.96462 -0.0543463 0)
(2.8988 -0.173998 0)
(2.78303 -0.401031 0)
(2.56682 -0.728964 0)
(2.46465 -0.845124 0)
(2.33815 -0.928223 0)
(2.29365 -0.913671 0)
(2.29495 -0.900037 0)
(2.30903 -0.889092 0)
(2.34312 -0.869261 0)
(2.36082 -0.861366 0)
(2.36124 -0.851755 0)
(2.36109 -0.840944 0)
(2.35859 -0.841571 0)
(2.35546 -0.842467 0)
(2.35371 -0.843692 0)
(2.35045 -0.845326 0)
(2.34603 -0.846721 0)
(2.99894 -0.00100127 0)
(2.98934 -0.0121931 0)
(2.95938 -0.0523062 0)
(2.90609 -0.128655 0)
(2.79683 -0.279525 0)
(2.69215 -0.455891 0)
(2.52032 -0.692199 0)
(2.39139 -0.898754 0)
(2.22958 -1.06279 0)
(2.1662 -1.1074 0)
(2.14109 -1.04042 0)
(2.19406 -0.993417 0)
(2.24614 -0.944544 0)
(2.29347 -0.903707 0)
(2.33463 -0.858029 0)
(2.34971 -0.823222 0)
(2.35888 -0.829411 0)
(2.35718 -0.837639 0)
(2.35337 -0.840528 0)
(2.35046 -0.841342 0)
(2.35043 -0.842777 0)
(2.34947 -0.844907 0)
(2.3454 -0.845073 0)
(2.34066 -0.847115 0)
(2.93412 -0.00819101 0)
(2.84544 -0.0726196 0)
(2.75175 -0.160085 0)
(2.68221 -0.219496 0)
(2.56344 -0.367085 0)
(2.51329 -0.436782 0)
(2.41784 -0.544218 0)
(2.35219 -0.628322 0)
(2.31384 -0.723926 0)
(2.25508 -0.798424 0)
(2.24586 -0.853265 0)
(2.28188 -0.88426 0)
(2.32955 -0.896116 0)
(2.33683 -0.887627 0)
(2.34518 -0.88447 0)
(2.34717 -0.867227 0)
(2.34889 -0.856749 0)
(2.34512 -0.851451 0)
(2.33924 -0.84759 0)
(2.33997 -0.847866 0)
(2.34383 -0.849447 0)
(2.34312 -0.849126 0)
(2.34168 -0.849063 0)
(2.33769 -0.849825 0)
(2.42732 0.826487 0)
(2.5126 0.820665 0)
(2.66341 0.687767 0)
(2.77487 0.650879 0)
(2.85697 0.560245 0)
(2.90853 0.338173 0)
(2.94023 0.266796 0)
(2.97164 0.121361 0)
(3.01079 0.00863717 0)
(3.02474 -0.0317543 0)
(3.00314 -0.0652301 0)
(2.98603 -0.070906 0)
(2.97819 -0.0553901 0)
(2.9724 -0.046056 0)
(2.9616 -0.0405553 0)
(2.95764 -0.0395528 0)
(2.96902 -0.0346852 0)
(2.96994 -0.0321391 0)
(2.96418 -0.0238833 0)
(2.95066 -0.0148543 0)
(2.93529 -0.00694785 0)
(2.94004 0.00293864 0)
(2.94226 0.00353439 0)
(2.91727 -0.0242936 0)
(2.77371 -0.148814 0)
(2.46632 -0.373495 0)
(2.22758 -0.405239 0)
(2.03142 -0.426544 0)
(1.88506 -0.261749 0)
(1.81761 -0.117494 0)
(1.84423 -0.00630556 0)
(1.91941 0.0346099 0)
(1.9788 0.033308 0)
(2.0095 0.0214274 0)
(2.03629 0.0237559 0)
(2.06293 0.0252276 0)
(2.0917 0.0245308 0)
(2.12063 0.0228775 0)
(2.14481 0.0211507 0)
(2.16384 0.0202382 0)
(2.17871 0.0224512 0)
(2.19097 0.0270652 0)
(2.20825 0.028684 0)
(2.23626 0.0280768 0)
(2.26635 0.0278035 0)
(2.2952 0.0289268 0)
(2.32078 0.0288696 0)
(2.3439 0.0268023 0)
(2.36452 0.0239581 0)
(2.37999 0.0244157 0)
(2.38674 0.0269016 0)
(2.38511 0.0285006 0)
(2.3867 0.029262 0)
(2.40267 0.029315 0)
(2.425 0.0308047 0)
(2.44634 0.0330453 0)
(2.46551 0.0331591 0)
(2.48424 0.0304263 0)
(2.50386 0.0273355 0)
(2.52367 0.0250684 0)
(2.53883 0.0242897 0)
(2.54552 0.0240941 0)
(2.54211 0.0261 0)
(2.53187 0.0283958 0)
(2.53648 0.0302198 0)
(2.55206 0.0349158 0)
(2.57152 0.0354892 0)
(2.59123 0.0329346 0)
(2.6138 0.0312952 0)
(2.63455 0.0289704 0)
(2.65246 0.0249943 0)
(2.62769 -0.00269706 0)
(2.58023 -0.0456559 0)
(2.48149 -0.101292 0)
(2.35159 -0.149721 0)
(2.25488 -0.129052 0)
(2.19956 -0.140277 0)
(2.18178 -0.141704 0)
(2.16895 -0.0698787 0)
(2.17173 -0.0161509 0)
(2.17327 0.0146539 0)
(2.18673 0.019968 0)
(2.21149 0.0145411 0)
(2.23174 0.0135376 0)
(2.23848 0.0163981 0)
(2.2348 0.0193697 0)
(2.23022 0.017878 0)
(2.2395 0.0156495 0)
(2.25575 0.0142752 0)
(2.2723 0.014663 0)
(2.28881 0.0153173 0)
(2.30577 0.0153251 0)
(2.32335 0.0139789 0)
(2.34127 0.0128518 0)
(2.34957 0.0132321 0)
(2.3441 0.0151014 0)
(2.44805 0.787024 0)
(2.57994 0.667449 0)
(2.70992 0.483769 0)
(2.80679 0.269755 0)
(2.86014 0.135738 0)
(2.89674 0.0331602 0)
(2.93346 -0.0962377 0)
(2.93803 -0.172967 0)
(2.97583 -0.159983 0)
(2.9869 -0.116012 0)
(2.97659 -0.137854 0)
(2.96235 -0.140368 0)
(2.96447 -0.100907 0)
(2.96093 -0.0529546 0)
(2.94899 -0.0356548 0)
(2.93037 -0.0312349 0)
(2.93712 -0.0216086 0)
(2.93966 -0.0147582 0)
(2.93532 -0.00271821 0)
(2.92958 0.008922 0)
(2.92532 0.0165488 0)
(2.92309 0.0167733 0)
(2.90985 -0.0184227 0)
(2.70851 -0.300807 0)
(2.55759 -0.526061 0)
(2.38034 -0.76237 0)
(2.30046 -0.717846 0)
(2.20838 -0.524934 0)
(2.07645 -0.214975 0)
(1.92613 0.0382202 0)
(1.87584 0.142769 0)
(1.89815 0.131419 0)
(1.95463 0.0935378 0)
(2.00643 0.0473886 0)
(2.04283 0.0292696 0)
(2.08033 0.034786 0)
(2.11423 0.0368333 0)
(2.14318 0.0373895 0)
(2.16798 0.0385114 0)
(2.18884 0.0384175 0)
(2.2053 0.0426944 0)
(2.21839 0.0541214 0)
(2.23282 0.0623414 0)
(2.25368 0.062816 0)
(2.28009 0.0610466 0)
(2.30826 0.0609737 0)
(2.33517 0.0592576 0)
(2.36029 0.0552817 0)
(2.38283 0.051532 0)
(2.39984 0.0510867 0)
(2.40839 0.0490908 0)
(2.41116 0.0450118 0)
(2.41384 0.0465094 0)
(2.42528 0.0533379 0)
(2.44374 0.0602661 0)
(2.464 0.0667017 0)
(2.48216 0.0704859 0)
(2.49952 0.0683654 0)
(2.51719 0.0621356 0)
(2.5353 0.0546181 0)
(2.55175 0.0483459 0)
(2.56261 0.044141 0)
(2.56221 0.039339 0)
(2.55401 0.0364802 0)
(2.56038 0.0453532 0)
(2.57499 0.0613872 0)
(2.59036 0.0686997 0)
(2.60648 0.065979 0)
(2.63006 0.0567226 0)
(2.63582 0.0415181 0)
(2.62927 -0.00206071 0)
(2.57854 -0.117481 0)
(2.52752 -0.224595 0)
(2.45001 -0.317558 0)
(2.39622 -0.350782 0)
(2.33916 -0.312929 0)
(2.26608 -0.213111 0)
(2.23753 -0.100767 0)
(2.21477 0.0008506 0)
(2.19865 0.0745275 0)
(2.18295 0.0801546 0)
(2.18828 0.0680758 0)
(2.20588 0.0417029 0)
(2.22686 0.0346371 0)
(2.24266 0.0383653 0)
(2.25022 0.0314745 0)
(2.24935 0.0210152 0)
(2.25542 0.0183376 0)
(2.27113 0.0229272 0)
(2.28796 0.0288669 0)
(2.30274 0.0332805 0)
(2.31647 0.0329561 0)
(2.33325 0.0279782 0)
(2.35062 0.0239865 0)
(2.36014 0.0198756 0)
(2.35769 0.0193665 0)
(2.36561 0.833261 0)
(2.43403 0.772647 0)
(2.50334 0.702406 0)
(2.59888 0.574384 0)
(2.70411 0.396354 0)
(2.75134 0.354423 0)
(2.77707 0.281998 0)
(2.80459 0.133633 0)
(2.81866 0.118191 0)
(2.83386 0.100659 0)
(2.87579 0.0212465 0)
(2.88236 -0.0463138 0)
(2.88769 -0.0622213 0)
(2.90927 -0.0499243 0)
(2.90947 -0.0432466 0)
(2.90454 -0.06122 0)
(2.91423 -0.0770882 0)
(2.922 -0.0737441 0)
(2.91927 -0.055283 0)
(2.91802 -0.0424304 0)
(2.91228 -0.0220113 0)
(2.86824 -0.086019 0)
(2.73435 -0.302984 0)
(2.41797 -0.675988 0)
(2.3422 -0.747047 0)
(2.34491 -0.772239 0)
(2.36093 -0.765683 0)
(2.37145 -0.734577 0)
(2.36783 -0.65352 0)
(2.28725 -0.403523 0)
(2.17907 -0.120574 0)
(2.02668 0.0640266 0)
(1.99393 0.0758768 0)
(2.00917 0.0784682 0)
(2.05677 0.0844131 0)
(2.09239 0.083929 0)
(2.12276 0.0735037 0)
(2.148 0.0723306 0)
(2.17081 0.0730915 0)
(2.19177 0.0753026 0)
(2.21131 0.0856393 0)
(2.22617 0.0998412 0)
(2.23834 0.104613 0)
(2.25482 0.101234 0)
(2.27742 0.103388 0)
(2.30305 0.109137 0)
(2.32852 0.108779 0)
(2.35221 0.0993541 0)
(2.3722 0.0871605 0)
(2.38947 0.0834181 0)
(2.4019 0.0883495 0)
(2.4099 0.0947863 0)
(2.41931 0.0967961 0)
(2.4292 0.0938237 0)
(2.44342 0.0959845 0)
(2.462 0.105761 0)
(2.47947 0.113749 0)
(2.49511 0.113802 0)
(2.50865 0.106758 0)
(2.52227 0.096472 0)
(2.53756 0.0859315 0)
(2.54981 0.079761 0)
(2.55183 0.0779388 0)
(2.55276 0.0840074 0)
(2.56515 0.0919428 0)
(2.57591 0.103562 0)
(2.59071 0.0995601 0)
(2.6031 0.0965917 0)
(2.60433 0.0835805 0)
(2.58668 0.0269238 0)
(2.52345 -0.102695 0)
(2.47514 -0.233766 0)
(2.42484 -0.337668 0)
(2.37354 -0.38727 0)
(2.37348 -0.386099 0)
(2.37411 -0.366533 0)
(2.37003 -0.316014 0)
(2.35403 -0.248874 0)
(2.32464 -0.150813 0)
(2.29754 -0.0490628 0)
(2.28239 0.0302252 0)
(2.24244 0.0488528 0)
(2.23512 0.0398108 0)
(2.23569 0.0456717 0)
(2.24888 0.0570446 0)
(2.25423 0.0582527 0)
(2.25716 0.0513642 0)
(2.26551 0.0414057 0)
(2.28328 0.0444012 0)
(2.2991 0.0549358 0)
(2.30952 0.0598167 0)
(2.32109 0.0548771 0)
(2.335 0.0504921 0)
(2.34846 0.0442778 0)
(2.35413 0.0374904 0)
(2.35831 0.0419751 0)
(2.35575 0.848152 0)
(2.37761 0.827 0)
(2.42909 0.77667 0)
(2.50618 0.696559 0)
(2.59829 0.572878 0)
(2.65914 0.499099 0)
(2.73067 0.41347 0)
(2.80502 0.234152 0)
(2.80948 0.166401 0)
(2.81288 0.166516 0)
(2.87893 0.065944 0)
(2.88861 -0.056091 0)
(2.88305 -0.0764732 0)
(2.89974 -0.0643155 0)
(2.91643 -0.0607695 0)
(2.91368 -0.0699427 0)
(2.90881 -0.0838894 0)
(2.92076 -0.0855391 0)
(2.92214 -0.0792359 0)
(2.9203 -0.0663489 0)
(2.85856 -0.14664 0)
(2.71011 -0.414429 0)
(2.43056 -0.718085 0)
(2.33174 -0.842821 0)
(2.31603 -0.824332 0)
(2.34914 -0.792463 0)
(2.36892 -0.770444 0)
(2.40335 -0.744649 0)
(2.42774 -0.722242 0)
(2.42316 -0.670303 0)
(2.3705 -0.486405 0)
(2.19781 -0.155314 0)
(2.07799 0.0409347 0)
(2.03977 0.148175 0)
(2.04973 0.148398 0)
(2.08496 0.142171 0)
(2.12473 0.12419 0)
(2.15755 0.123239 0)
(2.18526 0.120844 0)
(2.20944 0.111198 0)
(2.23503 0.113836 0)
(2.25479 0.122827 0)
(2.26526 0.129263 0)
(2.2748 0.134546 0)
(2.29098 0.143754 0)
(2.3077 0.152322 0)
(2.327 0.151759 0)
(2.352 0.144014 0)
(2.37562 0.133959 0)
(2.39528 0.127535 0)
(2.41252 0.127638 0)
(2.42968 0.130049 0)
(2.44502 0.129932 0)
(2.45435 0.128163 0)
(2.45667 0.131251 0)
(2.46742 0.14176 0)
(2.48403 0.15098 0)
(2.50159 0.153576 0)
(2.51898 0.153178 0)
(2.53366 0.152257 0)
(2.5436 0.14085 0)
(2.5518 0.127262 0)
(2.56238 0.120258 0)
(2.5772 0.119178 0)
(2.59223 0.124885 0)
(2.59498 0.136338 0)
(2.59641 0.117291 0)
(2.58619 0.0932127 0)
(2.5426 0.0242814 0)
(2.48582 -0.090686 0)
(2.40146 -0.240145 0)
(2.3931 -0.3166 0)
(2.37127 -0.352156 0)
(2.37324 -0.354714 0)
(2.38232 -0.356048 0)
(2.39402 -0.341389 0)
(2.40638 -0.31899 0)
(2.40806 -0.296822 0)
(2.39427 -0.245887 0)
(2.36689 -0.163359 0)
(2.3274 -0.0475847 0)
(2.30064 0.0144481 0)
(2.25491 0.0583208 0)
(2.24001 0.0817408 0)
(2.24059 0.0854781 0)
(2.25205 0.0828712 0)
(2.2675 0.0723112 0)
(2.28088 0.0590879 0)
(2.29871 0.0610094 0)
(2.31629 0.0708555 0)
(2.32694 0.0780109 0)
(2.33372 0.0761169 0)
(2.33708 0.0695454 0)
(2.33877 0.0611267 0)
(2.34885 0.0596896 0)
(2.36743 0.0608383 0)
(2.35291 0.853973 0)
(2.35789 0.847321 0)
(2.38359 0.821799 0)
(2.43026 0.77561 0)
(2.49285 0.709728 0)
(2.59411 0.594395 0)
(2.65596 0.526336 0)
(2.68546 0.480177 0)
(2.76611 0.33357 0)
(2.81169 0.231662 0)
(2.83009 0.242827 0)
(2.85426 0.189736 0)
(2.88286 0.0667885 0)
(2.89856 0.0389379 0)
(2.90469 0.0707593 0)
(2.90546 0.0223061 0)
(2.89788 -0.0352252 0)
(2.91865 -0.046263 0)
(2.92266 -0.0520303 0)
(2.85761 -0.166516 0)
(2.64017 -0.521403 0)
(2.48706 -0.743648 0)
(2.32506 -0.855185 0)
(2.3221 -0.865753 0)
(2.34613 -0.850595 0)
(2.37081 -0.808543 0)
(2.39065 -0.767264 0)
(2.41794 -0.740578 0)
(2.44025 -0.723671 0)
(2.46053 -0.726901 0)
(2.45385 -0.683056 0)
(2.41731 -0.557589 0)
(2.29427 -0.290295 0)
(2.14449 -0.00409963 0)
(2.09328 0.116904 0)
(2.09877 0.160172 0)
(2.1172 0.170055 0)
(2.14128 0.182193 0)
(2.16722 0.16994 0)
(2.19439 0.148114 0)
(2.22262 0.14919 0)
(2.24914 0.158271 0)
(2.27197 0.161426 0)
(2.28835 0.163495 0)
(2.29939 0.175651 0)
(2.31075 0.19085 0)
(2.32554 0.191156 0)
(2.34382 0.178321 0)
(2.36247 0.165917 0)
(2.38263 0.161923 0)
(2.40479 0.165563 0)
(2.42326 0.170106 0)
(2.43631 0.168471 0)
(2.44481 0.168202 0)
(2.45651 0.17058 0)
(2.4722 0.177627 0)
(2.48854 0.186106 0)
(2.50477 0.187485 0)
(2.5191 0.186147 0)
(2.52485 0.179989 0)
(2.5207 0.17103 0)
(2.5405 0.172618 0)
(2.5614 0.17234 0)
(2.58505 0.166295 0)
(2.60494 0.159528 0)
(2.59813 0.136864 0)
(2.57193 0.076281 0)
(2.52128 -0.0120773 0)
(2.42507 -0.141798 0)
(2.3833 -0.217307 0)
(2.34103 -0.300229 0)
(2.34677 -0.332421 0)
(2.3546 -0.332324 0)
(2.37129 -0.323683 0)
(2.38898 -0.31369 0)
(2.40674 -0.303271 0)
(2.41829 -0.289476 0)
(2.42502 -0.295898 0)
(2.42706 -0.290119 0)
(2.41353 -0.254536 0)
(2.39198 -0.20522 0)
(2.35444 -0.123798 0)
(2.30468 -0.0436541 0)
(2.26803 0.0228031 0)
(2.25148 0.0733487 0)
(2.26073 0.0965703 0)
(2.26839 0.104793 0)
(2.28256 0.103684 0)
(2.29495 0.0991931 0)
(2.30818 0.0995086 0)
(2.32176 0.098027 0)
(2.32783 0.0936501 0)
(2.3254 0.0850537 0)
(2.32848 0.0770698 0)
(2.34134 0.0773372 0)
(2.36306 0.078916 0)
(2.3465 0.84914 0)
(2.35371 0.847148 0)
(2.35955 0.841623 0)
(2.3881 0.816256 0)
(2.43448 0.771629 0)
(2.47782 0.727513 0)
(2.58124 0.622056 0)
(2.6547 0.519176 0)
(2.67334 0.496201 0)
(2.71751 0.425622 0)
(2.79223 0.325433 0)
(2.84649 0.265806 0)
(2.87808 0.178406 0)
(2.88473 0.115295 0)
(2.90265 0.10316 0)
(2.93314 0.0713757 0)
(2.92177 -0.0395126 0)
(2.90898 -0.0897985 0)
(2.85315 -0.199807 0)
(2.59432 -0.552773 0)
(2.42406 -0.786539 0)
(2.3007 -0.854539 0)
(2.31723 -0.85086 0)
(2.35033 -0.838241 0)
(2.37462 -0.817057 0)
(2.39457 -0.780894 0)
(2.40436 -0.766286 0)
(2.42679 -0.749667 0)
(2.44565 -0.738948 0)
(2.46559 -0.729339 0)
(2.48356 -0.713308 0)
(2.49743 -0.673519 0)
(2.48507 -0.593667 0)
(2.39665 -0.400925 0)
(2.234 -0.0868007 0)
(2.157 0.104795 0)
(2.12537 0.216958 0)
(2.11808 0.239303 0)
(2.1459 0.233969 0)
(2.18169 0.209706 0)
(2.20792 0.194467 0)
(2.2373 0.197783 0)
(2.26637 0.197763 0)
(2.2893 0.193557 0)
(2.30407 0.200293 0)
(2.3095 0.216379 0)
(2.31985 0.223824 0)
(2.34384 0.2192 0)
(2.36946 0.212034 0)
(2.39274 0.210409 0)
(2.41225 0.214544 0)
(2.42405 0.216953 0)
(2.43287 0.211881 0)
(2.44936 0.205249 0)
(2.4685 0.204541 0)
(2.48799 0.210578 0)
(2.50562 0.219319 0)
(2.51974 0.221859 0)
(2.52017 0.216536 0)
(2.51397 0.214882 0)
(2.52221 0.22274 0)
(2.53553 0.214992 0)
(2.55307 0.211069 0)
(2.56366 0.197744 0)
(2.57037 0.169485 0)
(2.53511 0.0791475 0)
(2.47044 -0.06014 0)
(2.40485 -0.164212 0)
(2.34503 -0.22893 0)
(2.32046 -0.260009 0)
(2.32659 -0.282306 0)
(2.3374 -0.289122 0)
(2.35652 -0.286985 0)
(2.37609 -0.279904 0)
(2.39373 -0.274493 0)
(2.41084 -0.270068 0)
(2.42673 -0.266214 0)
(2.43537 -0.269188 0)
(2.42808 -0.27539 0)
(2.41865 -0.267358 0)
(2.41572 -0.254206 0)
(2.40674 -0.228656 0)
(2.37902 -0.166958 0)
(2.32828 -0.0726722 0)
(2.28629 0.0300772 0)
(2.27817 0.108016 0)
(2.27366 0.142946 0)
(2.27587 0.141327 0)
(2.28238 0.135385 0)
(2.2941 0.125326 0)
(2.30746 0.117053 0)
(2.31528 0.109828 0)
(2.31521 0.101037 0)
(2.32457 0.096661 0)
(2.33828 0.0973629 0)
(2.36014 0.100456 0)
(2.34237 0.837902 0)
(2.34618 0.842172 0)
(2.35233 0.840204 0)
(2.3621 0.834298 0)
(2.38841 0.813717 0)
(2.4437 0.758959 0)
(2.4875 0.715976 0)
(2.53464 0.665037 0)
(2.62987 0.559669 0)
(2.68388 0.46195 0)
(2.71206 0.439446 0)
(2.72463 0.431177 0)
(2.79215 0.339558 0)
(2.85748 0.2218 0)
(2.87634 0.171872 0)
(2.90469 0.139253 0)
(2.87317 0.0298268 0)
(2.77504 -0.160683 0)
(2.50488 -0.530668 0)
(2.37685 -0.736058 0)
(2.27451 -0.816553 0)
(2.29337 -0.812441 0)
(2.33415 -0.790396 0)
(2.36732 -0.776119 0)
(2.38965 -0.761959 0)
(2.40773 -0.734834 0)
(2.41607 -0.726036 0)
(2.4315 -0.716721 0)
(2.44812 -0.714463 0)
(2.47474 -0.699821 0)
(2.49527 -0.683258 0)
(2.52394 -0.644349 0)
(2.54456 -0.63342 0)
(2.54169 -0.589894 0)
(2.49921 -0.471189 0)
(2.35952 -0.203417 0)
(2.25208 0.0439259 0)
(2.15287 0.207787 0)
(2.15241 0.256393 0)
(2.16878 0.258019 0)
(2.18895 0.254119 0)
(2.21571 0.244231 0)
(2.25235 0.238078 0)
(2.28345 0.232764 0)
(2.30547 0.232539 0)
(2.31626 0.241677 0)
(2.31954 0.253284 0)
(2.33541 0.256866 0)
(2.35739 0.256149 0)
(2.3772 0.256805 0)
(2.39352 0.258628 0)
(2.40829 0.25647 0)
(2.42394 0.248987 0)
(2.44138 0.241548 0)
(2.46153 0.242188 0)
(2.48062 0.248444 0)
(2.49851 0.256338 0)
(2.51378 0.255984 0)
(2.52116 0.258255 0)
(2.51417 0.264307 0)
(2.51452 0.252724 0)
(2.53403 0.246071 0)
(2.53885 0.227695 0)
(2.5219 0.173036 0)
(2.47731 0.059629 0)
(2.40563 -0.100683 0)
(2.36341 -0.20509 0)
(2.31863 -0.243841 0)
(2.29949 -0.256278 0)
(2.29858 -0.26155 0)
(2.31237 -0.263579 0)
(2.32588 -0.260802 0)
(2.34381 -0.253869 0)
(2.36204 -0.245109 0)
(2.37884 -0.241214 0)
(2.39613 -0.239632 0)
(2.41287 -0.238089 0)
(2.42401 -0.2401 0)
(2.4196 -0.244847 0)
(2.40632 -0.247271 0)
(2.41692 -0.245377 0)
(2.42375 -0.241058 0)
(2.42673 -0.221527 0)
(2.41468 -0.176804 0)
(2.37051 -0.0803035 0)
(2.3314 0.031685 0)
(2.32488 0.108978 0)
(2.28806 0.140534 0)
(2.27966 0.142699 0)
(2.27785 0.131476 0)
(2.28674 0.124113 0)
(2.30157 0.122473 0)
(2.30961 0.119551 0)
(2.31811 0.117584 0)
(2.33066 0.118553 0)
(2.35467 0.122535 0)
(2.32929 0.840625 0)
(2.33333 0.841495 0)
(2.34053 0.84034 0)
(2.34581 0.836933 0)
(2.35927 0.829857 0)
(2.38745 0.808575 0)
(2.44332 0.75548 0)
(2.49377 0.701449 0)
(2.5181 0.677208 0)
(2.59347 0.592242 0)
(2.66297 0.491537 0)
(2.6938 0.427485 0)
(2.71619 0.429018 0)
(2.74797 0.386472 0)
(2.78219 0.293965 0)
(2.76629 0.145589 0)
(2.6502 -0.148682 0)
(2.43305 -0.495631 0)
(2.29612 -0.66748 0)
(2.2689 -0.723839 0)
(2.28851 -0.722255 0)
(2.31844 -0.70945 0)
(2.3514 -0.702795 0)
(2.38136 -0.705451 0)
(2.4046 -0.69887 0)
(2.42224 -0.680368 0)
(2.43705 -0.671063 0)
(2.45519 -0.664788 0)
(2.4738 -0.66096 0)
(2.48613 -0.657931 0)
(2.50704 -0.643098 0)
(2.54196 -0.610513 0)
(2.56708 -0.587529 0)
(2.57995 -0.582602 0)
(2.59916 -0.561383 0)
(2.57854 -0.50154 0)
(2.47833 -0.301209 0)
(2.3131 -0.00229619 0)
(2.23664 0.18332 0)
(2.17485 0.30125 0)
(2.17453 0.311661 0)
(2.19953 0.305076 0)
(2.23379 0.289851 0)
(2.26454 0.271816 0)
(2.28977 0.268858 0)
(2.31131 0.278689 0)
(2.32278 0.288285 0)
(2.33212 0.293757 0)
(2.34651 0.29592 0)
(2.3623 0.297169 0)
(2.37876 0.296483 0)
(2.39702 0.292044 0)
(2.41641 0.285294 0)
(2.43519 0.281726 0)
(2.45222 0.284085 0)
(2.46845 0.287811 0)
(2.488 0.292284 0)
(2.50544 0.293746 0)
(2.50911 0.298657 0)
(2.49779 0.294304 0)
(2.50887 0.26957 0)
(2.50306 0.239809 0)
(2.47234 0.165978 0)
(2.38863 0.000842009 0)
(2.36221 -0.107761 0)
(2.32598 -0.187335 0)
(2.30458 -0.20813 0)
(2.29531 -0.211569 0)
(2.29663 -0.225481 0)
(2.3009 -0.231439 0)
(2.3099 -0.229485 0)
(2.32364 -0.223974 0)
(2.34394 -0.220054 0)
(2.36368 -0.215263 0)
(2.38141 -0.213054 0)
(2.39865 -0.213256 0)
(2.41388 -0.212951 0)
(2.42276 -0.212968 0)
(2.41528 -0.218356 0)
(2.40287 -0.225219 0)
(2.41247 -0.222082 0)
(2.42972 -0.221671 0)
(2.43817 -0.217403 0)
(2.44615 -0.202739 0)
(2.44657 -0.171397 0)
(2.41107 -0.0832584 0)
(2.38071 0.0221819 0)
(2.3377 0.116349 0)
(2.28554 0.160761 0)
(2.26143 0.163435 0)
(2.26319 0.147159 0)
(2.28124 0.142949 0)
(2.29804 0.143684 0)
(2.31578 0.142021 0)
(2.33103 0.139403 0)
(2.3581 0.142773 0)
(2.31731 0.841503 0)
(2.32134 0.841195 0)
(2.32866 0.841294 0)
(2.33697 0.838946 0)
(2.342 0.836725 0)
(2.35806 0.825986 0)
(2.38093 0.805434 0)
(2.43535 0.75938 0)
(2.48552 0.701037 0)
(2.53135 0.660495 0)
(2.56163 0.612506 0)
(2.64151 0.519291 0)
(2.67015 0.487203 0)
(2.70104 0.365766 0)
(2.65565 0.23929 0)
(2.4594 -0.114276 0)
(2.32905 -0.402151 0)
(2.2189 -0.600288 0)
(2.21482 -0.630674 0)
(2.2513 -0.628417 0)
(2.28969 -0.616247 0)
(2.31844 -0.609402 0)
(2.34408 -0.613366 0)
(2.36861 -0.619387 0)
(2.39153 -0.614519 0)
(2.41248 -0.603983 0)
(2.43673 -0.602049 0)
(2.46499 -0.603224 0)
(2.49259 -0.598152 0)
(2.51048 -0.597994 0)
(2.52882 -0.583224 0)
(2.54127 -0.564087 0)
(2.56291 -0.542496 0)
(2.58755 -0.538915 0)
(2.61085 -0.528604 0)
(2.63473 -0.529944 0)
(2.61735 -0.474681 0)
(2.56897 -0.349356 0)
(2.44786 -0.106198 0)
(2.31152 0.137785 0)
(2.23749 0.276289 0)
(2.22691 0.32947 0)
(2.2392 0.327322 0)
(2.26286 0.324715 0)
(2.28597 0.316452 0)
(2.31047 0.324194 0)
(2.32967 0.329764 0)
(2.33795 0.33129 0)
(2.34005 0.330023 0)
(2.34972 0.330674 0)
(2.36921 0.329705 0)
(2.39305 0.326778 0)
(2.41597 0.323198 0)
(2.4356 0.325708 0)
(2.45205 0.333114 0)
(2.47082 0.338506 0)
(2.48884 0.33719 0)
(2.49758 0.33536 0)
(2.49372 0.332779 0)
(2.48704 0.286743 0)
(2.4591 0.233839 0)
(2.39505 0.121015 0)
(2.31808 -0.030783 0)
(2.29213 -0.142058 0)
(2.26966 -0.209261 0)
(2.26509 -0.213115 0)
(2.2712 -0.205867 0)
(2.2824 -0.201406 0)
(2.28874 -0.201751 0)
(2.2962 -0.198704 0)
(2.30707 -0.195264 0)
(2.32255 -0.192555 0)
(2.34039 -0.190179 0)
(2.35758 -0.187635 0)
(2.37448 -0.186047 0)
(2.39107 -0.186736 0)
(2.40515 -0.188943 0)
(2.41301 -0.192797 0)
(2.40998 -0.196683 0)
(2.40195 -0.1998 0)
(2.40743 -0.195263 0)
(2.42479 -0.193594 0)
(2.43997 -0.191891 0)
(2.44949 -0.18727 0)
(2.46528 -0.18109 0)
(2.47317 -0.161407 0)
(2.45176 -0.0998554 0)
(2.41194 -0.00820457 0)
(2.36053 0.0649495 0)
(2.28978 0.111925 0)
(2.25886 0.143234 0)
(2.26285 0.152798 0)
(2.29981 0.169269 0)
(2.32087 0.169312 0)
(2.33429 0.165741 0)
(2.35782 0.16523 0)
(2.3236 0.830815 0)
(2.32365 0.835481 0)
(2.32726 0.835119 0)
(2.3323 0.832899 0)
(2.33586 0.833416 0)
(2.34109 0.835051 0)
(2.35881 0.821691 0)
(2.37743 0.80345 0)
(2.43026 0.752498 0)
(2.47296 0.715517 0)
(2.53544 0.63994 0)
(2.58335 0.630852 0)
(2.56416 0.511106 0)
(2.5158 0.286009 0)
(2.31941 -0.0944747 0)
(2.2175 -0.319094 0)
(2.16735 -0.461411 0)
(2.17454 -0.49011 0)
(2.20655 -0.508107 0)
(2.24376 -0.513065 0)
(2.2795 -0.513997 0)
(2.3126 -0.522609 0)
(2.34386 -0.537684 0)
(2.37214 -0.550665 0)
(2.39869 -0.549574 0)
(2.42231 -0.538596 0)
(2.44268 -0.52828 0)
(2.46061 -0.518317 0)
(2.48 -0.511372 0)
(2.50508 -0.518162 0)
(2.53959 -0.51313 0)
(2.56854 -0.499264 0)
(2.59022 -0.485831 0)
(2.60917 -0.480799 0)
(2.62503 -0.475005 0)
(2.64662 -0.46979 0)
(2.65184 -0.46109 0)
(2.65927 -0.42806 0)
(2.64231 -0.360063 0)
(2.56855 -0.209178 0)
(2.39662 0.0874987 0)
(2.30445 0.281673 0)
(2.25968 0.370145 0)
(2.26073 0.380302 0)
(2.27866 0.377512 0)
(2.30145 0.376486 0)
(2.32084 0.371038 0)
(2.32933 0.369763 0)
(2.33167 0.369304 0)
(2.34286 0.36964 0)
(2.36601 0.366543 0)
(2.39067 0.364003 0)
(2.41373 0.362174 0)
(2.43494 0.369546 0)
(2.44985 0.378831 0)
(2.46328 0.380234 0)
(2.46856 0.371713 0)
(2.47126 0.362078 0)
(2.45379 0.301448 0)
(2.41975 0.211829 0)
(2.32489 0.0630664 0)
(2.2479 -0.0850108 0)
(2.2472 -0.115662 0)
(2.24754 -0.155857 0)
(2.25004 -0.165525 0)
(2.26194 -0.171575 0)
(2.27641 -0.170711 0)
(2.28374 -0.172666 0)
(2.28405 -0.172914 0)
(2.28928 -0.167299 0)
(2.30347 -0.163453 0)
(2.32057 -0.160722 0)
(2.33789 -0.159351 0)
(2.35502 -0.159458 0)
(2.37237 -0.160298 0)
(2.38904 -0.162527 0)
(2.40169 -0.166914 0)
(2.40733 -0.173549 0)
(2.40509 -0.175633 0)
(2.40114 -0.171858 0)
(2.40606 -0.1668 0)
(2.42176 -0.162862 0)
(2.4414 -0.162356 0)
(2.45658 -0.161238 0)
(2.4718 -0.162816 0)
(2.4867 -0.162164 0)
(2.4963 -0.157775 0)
(2.47102 -0.113444 0)
(2.43719 -0.0469803 0)
(2.37186 0.0207591 0)
(2.2971 0.101884 0)
(2.27417 0.16707 0)
(2.29642 0.193602 0)
(2.32902 0.200101 0)
(2.33816 0.197707 0)
(2.35726 0.190839 0)
(2.30557 0.880257 0)
(2.29501 0.858557 0)
(2.30629 0.835519 0)
(2.32689 0.82675 0)
(2.33366 0.829453 0)
(2.33922 0.834945 0)
(2.34588 0.833836 0)
(2.36116 0.814435 0)
(2.38821 0.788941 0)
(2.42768 0.752699 0)
(2.47102 0.702518 0)
(2.45528 0.565842 0)
(2.32644 0.25499 0)
(2.19007 -0.0837789 0)
(2.09978 -0.305191 0)
(2.08472 -0.383978 0)
(2.11175 -0.393308 0)
(2.1491 -0.400296 0)
(2.18799 -0.4124 0)
(2.22745 -0.421939 0)
(2.26668 -0.42737 0)
(2.30355 -0.434657 0)
(2.33611 -0.445756 0)
(2.36417 -0.4563 0)
(2.39122 -0.456883 0)
(2.41874 -0.45338 0)
(2.44629 -0.452017 0)
(2.47319 -0.445476 0)
(2.49559 -0.438626 0)
(2.5132 -0.440144 0)
(2.52865 -0.435191 0)
(2.55117 -0.420232 0)
(2.58043 -0.41298 0)
(2.61727 -0.411975 0)
(2.65096 -0.417226 0)
(2.67858 -0.417507 0)
(2.69443 -0.403868 0)
(2.69413 -0.382689 0)
(2.69862 -0.386195 0)
(2.68703 -0.343452 0)
(2.64936 -0.238794 0)
(2.52688 0.00403505 0)
(2.39942 0.23922 0)
(2.33519 0.368622 0)
(2.29517 0.41762 0)
(2.3029 0.416018 0)
(2.32048 0.412334 0)
(2.33329 0.4125 0)
(2.34374 0.419643 0)
(2.36402 0.417594 0)
(2.38702 0.409823 0)
(2.40885 0.405855 0)
(2.43054 0.404096 0)
(2.44376 0.415683 0)
(2.44926 0.41467 0)
(2.4582 0.415207 0)
(2.44678 0.38302 0)
(2.4199 0.30633 0)
(2.35783 0.168471 0)
(2.25384 -0.00839583 0)
(2.20513 -0.107446 0)
(2.19327 -0.178282 0)
(2.20681 -0.171658 0)
(2.22379 -0.156693 0)
(2.24103 -0.149304 0)
(2.25803 -0.139843 0)
(2.27612 -0.137169 0)
(2.28708 -0.13841 0)
(2.28911 -0.14381 0)
(2.29525 -0.144306 0)
(2.30984 -0.140293 0)
(2.32645 -0.135818 0)
(2.34289 -0.132432 0)
(2.35825 -0.132167 0)
(2.37292 -0.134895 0)
(2.38635 -0.139255 0)
(2.39584 -0.143834 0)
(2.40059 -0.148043 0)
(2.4045 -0.152491 0)
(2.41058 -0.152183 0)
(2.42002 -0.145262 0)
(2.43114 -0.136332 0)
(2.44397 -0.132763 0)
(2.46394 -0.134134 0)
(2.48158 -0.137876 0)
(2.49671 -0.14471 0)
(2.50713 -0.147086 0)
(2.50818 -0.143259 0)
(2.48535 -0.0992408 0)
(2.45899 -0.0612985 0)
(2.40364 0.00353095 0)
(2.3417 0.110733 0)
(2.32867 0.178356 0)
(2.34332 0.218769 0)
(2.3518 0.218385 0)
(2.36007 0.211031 0)
(2.3809 0.808089 0)
(2.32959 0.805699 0)
(2.33579 0.824966 0)
(2.34024 0.831673 0)
(2.34216 0.840423 0)
(2.33681 0.844396 0)
(2.33067 0.842658 0)
(2.33769 0.829373 0)
(2.35964 0.821276 0)
(2.36023 0.753887 0)
(2.30793 0.565329 0)
(2.16078 0.221943 0)
(2.04852 -0.0496917 0)
(2.02655 -0.190317 0)
(2.03214 -0.23375 0)
(2.06499 -0.269802 0)
(2.10338 -0.289764 0)
(2.14098 -0.311033 0)
(2.17826 -0.328983 0)
(2.21807 -0.337314 0)
(2.26014 -0.340127 0)
(2.30077 -0.347758 0)
(2.33745 -0.361528 0)
(2.36982 -0.375062 0)
(2.39999 -0.37919 0)
(2.42861 -0.377809 0)
(2.45613 -0.376066 0)
(2.48403 -0.368681 0)
(2.51162 -0.366668 0)
(2.53842 -0.373364 0)
(2.56214 -0.373355 0)
(2.58361 -0.360303 0)
(2.60054 -0.348424 0)
(2.6188 -0.341734 0)
(2.63888 -0.348576 0)
(2.66346 -0.34107 0)
(2.69183 -0.326066 0)
(2.714 -0.325409 0)
(2.73505 -0.328047 0)
(2.74095 -0.326282 0)
(2.74086 -0.295316 0)
(2.71721 -0.228745 0)
(2.64668 -0.0761274 0)
(2.48201 0.213617 0)
(2.42206 0.349704 0)
(2.34596 0.434914 0)
(2.33405 0.449237 0)
(2.33202 0.461313 0)
(2.33721 0.474231 0)
(2.35612 0.465434 0)
(2.37833 0.458512 0)
(2.39886 0.451262 0)
(2.41675 0.445576 0)
(2.42888 0.452216 0)
(2.44103 0.440287 0)
(2.42529 0.389559 0)
(2.36924 0.274478 0)
(2.29825 0.127712 0)
(2.22119 -0.0324799 0)
(2.18195 -0.062402 0)
(2.18928 -0.0911004 0)
(2.19809 -0.112775 0)
(2.21481 -0.131257 0)
(2.2376 -0.128572 0)
(2.25196 -0.122079 0)
(2.26288 -0.115277 0)
(2.27616 -0.110269 0)
(2.28835 -0.108523 0)
(2.2941 -0.109614 0)
(2.30175 -0.113582 0)
(2.31626 -0.114875 0)
(2.33458 -0.112865 0)
(2.35204 -0.109318 0)
(2.36679 -0.107294 0)
(2.37935 -0.10956 0)
(2.39018 -0.114343 0)
(2.39785 -0.118663 0)
(2.40421 -0.122007 0)
(2.41243 -0.125228 0)
(2.42354 -0.125975 0)
(2.43667 -0.123414 0)
(2.45002 -0.118574 0)
(2.46207 -0.11096 0)
(2.47436 -0.10833 0)
(2.48724 -0.110685 0)
(2.50006 -0.1174 0)
(2.50865 -0.126516 0)
(2.51293 -0.129873 0)
(2.50869 -0.121055 0)
(2.50159 -0.0889895 0)
(2.48947 -0.0600002 0)
(2.45317 0.0054733 0)
(2.40317 0.104169 0)
(2.39848 0.17948 0)
(2.37689 0.235788 0)
(2.37324 0.234575 0)
(2.52337 0.656699 0)
(2.4057 0.768453 0)
(2.35915 0.828633 0)
(2.34806 0.850425 0)
(2.33941 0.846835 0)
(2.33255 0.841926 0)
(2.32505 0.838081 0)
(2.32202 0.817357 0)
(2.29813 0.744888 0)
(2.16231 0.487233 0)
(1.97514 0.133181 0)
(1.91366 -0.0874155 0)
(1.92086 -0.176753 0)
(1.94029 -0.192156 0)
(1.98201 -0.19038 0)
(2.03163 -0.194745 0)
(2.08327 -0.21073 0)
(2.13198 -0.231851 0)
(2.17748 -0.250854 0)
(2.22237 -0.261977 0)
(2.26654 -0.264874 0)
(2.30665 -0.269447 0)
(2.34252 -0.278689 0)
(2.37491 -0.287844 0)
(2.40589 -0.290613 0)
(2.4371 -0.291272 0)
(2.46689 -0.292925 0)
(2.49368 -0.288738 0)
(2.51653 -0.286921 0)
(2.53702 -0.286162 0)
(2.55877 -0.279322 0)
(2.58776 -0.272463 0)
(2.61963 -0.278071 0)
(2.64554 -0.284696 0)
(2.66422 -0.28068 0)
(2.68192 -0.265573 0)
(2.69621 -0.253239 0)
(2.70737 -0.258362 0)
(2.7183 -0.265628 0)
(2.73933 -0.264897 0)
(2.75332 -0.256545 0)
(2.76045 -0.2393 0)
(2.7507 -0.187886 0)
(2.71935 -0.0982957 0)
(2.61727 0.125414 0)
(2.49159 0.332918 0)
(2.411 0.43706 0)
(2.38192 0.48883 0)
(2.36351 0.502546 0)
(2.37283 0.507427 0)
(2.38731 0.513737 0)
(2.40464 0.500876 0)
(2.41737 0.484106 0)
(2.4164 0.455902 0)
(2.3812 0.36595 0)
(2.3097 0.209346 0)
(2.23555 0.0472167 0)
(2.16703 -0.0812782 0)
(2.15354 -0.134869 0)
(2.1566 -0.118353 0)
(2.17911 -0.098017 0)
(2.19967 -0.0904617 0)
(2.22605 -0.0933906 0)
(2.25239 -0.09788 0)
(2.2716 -0.0979659 0)
(2.28469 -0.0982266 0)
(2.29608 -0.096625 0)
(2.30495 -0.0903639 0)
(2.31117 -0.0846675 0)
(2.32046 -0.0868081 0)
(2.3336 -0.0915363 0)
(2.34982 -0.0908312 0)
(2.36655 -0.0861991 0)
(2.38042 -0.0837615 0)
(2.39065 -0.085764 0)
(2.39736 -0.0903532 0)
(2.4044 -0.0943635 0)
(2.41524 -0.0962506 0)
(2.42784 -0.096956 0)
(2.44023 -0.0979785 0)
(2.45256 -0.0981532 0)
(2.4652 -0.0956504 0)
(2.47747 -0.0887442 0)
(2.48678 -0.0833722 0)
(2.49497 -0.0858159 0)
(2.5048 -0.0920987 0)
(2.51488 -0.0970353 0)
(2.52299 -0.103051 0)
(2.52348 -0.104605 0)
(2.52265 -0.0970914 0)
(2.52604 -0.0786229 0)
(2.52171 -0.0527976 0)
(2.50351 -0.00739244 0)
(2.45582 0.0995113 0)
(2.45662 0.165992 0)
(2.40388 0.222853 0)
(2.85614 0.221518 0)
(2.66037 0.505784 0)
(2.50042 0.715239 0)
(2.36662 0.848694 0)
(2.33946 0.863574 0)
(2.32522 0.845825 0)
(2.31004 0.808769 0)
(2.2278 0.669799 0)
(2.06977 0.379847 0)
(1.90416 0.104748 0)
(1.87025 0.00381001 0)
(1.87657 -0.0270848 0)
(1.91059 -0.0740169 0)
(1.95211 -0.121024 0)
(1.98848 -0.146578 0)
(2.0316 -0.15058 0)
(2.08096 -0.14901 0)
(2.13006 -0.153959 0)
(2.17642 -0.168054 0)
(2.22118 -0.183198 0)
(2.26574 -0.188899 0)
(2.30769 -0.190679 0)
(2.34567 -0.196982 0)
(2.384 -0.204864 0)
(2.42349 -0.207386 0)
(2.45947 -0.207587 0)
(2.48787 -0.206909 0)
(2.50966 -0.203897 0)
(2.53037 -0.208992 0)
(2.55229 -0.217633 0)
(2.57804 -0.213519 0)
(2.59989 -0.19533 0)
(2.61059 -0.189554 0)
(2.63489 -0.196057 0)
(2.66871 -0.196537 0)
(2.70038 -0.193395 0)
(2.72642 -0.191068 0)
(2.74386 -0.19163 0)
(2.7438 -0.196722 0)
(2.74468 -0.194826 0)
(2.75396 -0.181771 0)
(2.75916 -0.174846 0)
(2.76296 -0.169335 0)
(2.79094 -0.150056 0)
(2.78215 -0.0916055 0)
(2.71173 0.0745996 0)
(2.59281 0.288045 0)
(2.49353 0.452864 0)
(2.40069 0.544829 0)
(2.38233 0.562482 0)
(2.39866 0.559106 0)
(2.39944 0.530322 0)
(2.37101 0.452745 0)
(2.32003 0.323171 0)
(2.24681 0.135647 0)
(2.22012 0.0418899 0)
(2.17849 -0.0224275 0)
(2.16906 -0.0450383 0)
(2.17128 -0.0693869 0)
(2.18082 -0.0703163 0)
(2.19885 -0.0688376 0)
(2.21438 -0.0692583 0)
(2.23416 -0.0665731 0)
(2.25383 -0.0627721 0)
(2.27631 -0.0633351 0)
(2.29875 -0.0736698 0)
(2.31389 -0.0776145 0)
(2.32217 -0.0677131 0)
(2.32699 -0.0572174 0)
(2.3355 -0.0563704 0)
(2.34833 -0.0610367 0)
(2.36101 -0.0633141 0)
(2.37538 -0.059702 0)
(2.38782 -0.0576933 0)
(2.39692 -0.0628972 0)
(2.40383 -0.067951 0)
(2.41413 -0.0682003 0)
(2.42538 -0.0643256 0)
(2.43566 -0.0617836 0)
(2.44696 -0.0649878 0)
(2.46125 -0.0687477 0)
(2.47566 -0.0702748 0)
(2.4885 -0.0673808 0)
(2.49899 -0.0620241 0)
(2.5067 -0.0618956 0)
(2.51163 -0.0647583 0)
(2.51605 -0.0665396 0)
(2.52022 -0.0675004 0)
(2.52397 -0.0743075 0)
(2.52944 -0.0781698 0)
(2.5329 -0.07242 0)
(2.54623 -0.0588564 0)
(2.54949 -0.0389484 0)
(2.54078 -0.00270788 0)
(2.52067 0.0650329 0)
(2.46111 0.170059 0)
(2.99039 0.0185901 0)
(2.93152 0.127721 0)
(2.80163 0.377364 0)
(2.4574 0.79675 0)
(2.34081 0.855801 0)
(2.23613 0.653042 0)
(2.2242 0.520822 0)
(2.02137 0.242347 0)
(1.799 0.00241359 0)
(1.78703 -0.091726 0)
(1.82577 -0.0686169 0)
(1.85851 -0.0285013 0)
(1.90023 -0.0280894 0)
(1.95849 -0.0596092 0)
(2.00921 -0.0996343 0)
(2.05793 -0.111504 0)
(2.11015 -0.105735 0)
(2.15649 -0.0980188 0)
(2.1977 -0.101864 0)
(2.24122 -0.114652 0)
(2.28519 -0.126931 0)
(2.32449 -0.128842 0)
(2.36325 -0.120441 0)
(2.39724 -0.117887 0)
(2.42856 -0.118762 0)
(2.46018 -0.123692 0)
(2.49572 -0.123544 0)
(2.52103 -0.119233 0)
(2.53943 -0.119577 0)
(2.56432 -0.122437 0)
(2.5937 -0.128481 0)
(2.62104 -0.128397 0)
(2.64217 -0.116388 0)
(2.65483 -0.112804 0)
(2.66657 -0.125909 0)
(2.68218 -0.131789 0)
(2.69896 -0.123734 0)
(2.71849 -0.111972 0)
(2.74678 -0.115346 0)
(2.7712 -0.122219 0)
(2.79005 -0.119722 0)
(2.79313 -0.101521 0)
(2.79441 -0.0998625 0)
(2.80487 -0.100703 0)
(2.82102 -0.0905407 0)
(2.81594 -0.0489876 0)
(2.78894 0.0328754 0)
(2.64511 0.288511 0)
(2.54298 0.468201 0)
(2.47235 0.530516 0)
(2.43093 0.512421 0)
(2.36939 0.436502 0)
(2.22248 0.252582 0)
(2.13357 0.0454282 0)
(2.1453 -0.0695502 0)
(2.16001 -0.0753142 0)
(2.16582 -0.0619569 0)
(2.17239 -0.0588234 0)
(2.19119 -0.0520048 0)
(2.20584 -0.0407482 0)
(2.22217 -0.0421432 0)
(2.23624 -0.0489531 0)
(2.25367 -0.0465685 0)
(2.27302 -0.0370619 0)
(2.28976 -0.035755 0)
(2.31251 -0.0455981 0)
(2.32841 -0.0535954 0)
(2.3382 -0.0474217 0)
(2.34591 -0.0388188 0)
(2.35447 -0.0360418 0)
(2.36572 -0.0372803 0)
(2.37717 -0.0390436 0)
(2.38373 -0.034436 0)
(2.38939 -0.0321398 0)
(2.39788 -0.0390223 0)
(2.41101 -0.0441892 0)
(2.4239 -0.0426655 0)
(2.43811 -0.0403066 0)
(2.45242 -0.0373956 0)
(2.46248 -0.0372992 0)
(2.46855 -0.0406338 0)
(2.47817 -0.0434312 0)
(2.49243 -0.04152 0)
(2.50604 -0.0388908 0)
(2.51667 -0.0380677 0)
(2.52297 -0.0403825 0)
(2.52628 -0.0421256 0)
(2.52991 -0.0425851 0)
(2.53561 -0.0426362 0)
(2.54235 -0.044706 0)
(2.54804 -0.0496392 0)
(2.56007 -0.0451729 0)
(2.57112 -0.0366266 0)
(2.57373 -0.0176035 0)
(2.56841 0.00839757 0)
(2.52852 0.0788716 0)
(2.99983 0.000390177 0)
(2.99716 0.00591754 0)
(2.98087 0.0217661 0)
(2.69509 0.452626 0)
(2.35284 0.476416 0)
(2.18497 0.115972 0)
(2.10763 0.15943 0)
(1.95438 0.16134 0)
(1.82446 0.0812247 0)
(1.8167 -0.0320923 0)
(1.85346 -0.0397634 0)
(1.8839 -0.0114193 0)
(1.90305 0.00676053 0)
(1.9468 -0.00503579 0)
(2.01114 -0.0276705 0)
(2.07606 -0.0418487 0)
(2.12327 -0.0392557 0)
(2.15691 -0.0304434 0)
(2.19236 -0.0308174 0)
(2.22603 -0.038977 0)
(2.26263 -0.0424284 0)
(2.31735 -0.0394798 0)
(2.37107 -0.0373998 0)
(2.42085 -0.0372641 0)
(2.45554 -0.0367252 0)
(2.47883 -0.0407518 0)
(2.48748 -0.0400364 0)
(2.50467 -0.0331896 0)
(2.52904 -0.0334204 0)
(2.54836 -0.0358813 0)
(2.56661 -0.0374837 0)
(2.60757 -0.0351936 0)
(2.64866 -0.0336389 0)
(2.68766 -0.0353185 0)
(2.70116 -0.0471218 0)
(2.69309 -0.0495851 0)
(2.70137 -0.0389587 0)
(2.72582 -0.0315689 0)
(2.74786 -0.0316667 0)
(2.7589 -0.042227 0)
(2.77383 -0.0337141 0)
(2.7984 -0.0238145 0)
(2.82179 -0.0342252 0)
(2.84254 -0.0345257 0)
(2.85113 -0.028826 0)
(2.84128 -0.0203374 0)
(2.83756 -0.014324 0)
(2.80543 0.0259585 0)
(2.69361 0.187689 0)
(2.50952 0.205471 0)
(2.39885 0.167211 0)
(2.3151 0.233583 0)
(2.19804 0.17261 0)
(2.14833 0.0429614 0)
(2.14887 -0.0243856 0)
(2.15995 -0.0255744 0)
(2.18943 -0.0121054 0)
(2.20724 -0.0189553 0)
(2.20886 -0.0221023 0)
(2.21325 -0.0109046 0)
(2.22744 -0.0149608 0)
(2.24516 -0.027744 0)
(2.2672 -0.0209092 0)
(2.28028 -0.00767603 0)
(2.29081 -0.00759802 0)
(2.30508 -0.0141533 0)
(2.32046 -0.0172674 0)
(2.3392 -0.0138954 0)
(2.35626 -0.00719991 0)
(2.36449 -0.007725 0)
(2.36553 -0.0137594 0)
(2.37364 -0.0128297 0)
(2.38682 -0.0101235 0)
(2.39915 -0.0101416 0)
(2.41123 -0.010997 0)
(2.41755 -0.0129931 0)
(2.42032 -0.016124 0)
(2.42957 -0.0159875 0)
(2.44229 -0.0128271 0)
(2.45588 -0.00880118 0)
(2.46838 -0.0101378 0)
(2.47924 -0.0123578 0)
(2.49088 -0.0114213 0)
(2.50251 -0.0117991 0)
(2.51262 -0.0145909 0)
(2.51728 -0.019371 0)
(2.51702 -0.0207747 0)
(2.5174 -0.0176781 0)
(2.52211 -0.0133669 0)
(2.53136 -0.0108844 0)
(2.54354 -0.013767 0)
(2.5579 -0.0124708 0)
(2.57103 -0.0114118 0)
(2.5805 -0.0111221 0)
(2.58053 0.000355359 0)
(2.56016 0.0172721 0)
(2.99992 -8.76036e-05 0)
(2.99468 -0.00849923 0)
(2.93839 -0.116717 0)
(2.78785 -0.126255 0)
(2.45659 -0.363347 0)
(2.24568 -0.488396 0)
(1.92217 -0.218802 0)
(1.94117 -0.0160589 0)
(1.85681 -0.00176073 0)
(1.84888 -0.01462 0)
(1.86986 -0.000407532 0)
(1.87949 0.0236978 0)
(1.89765 0.0341772 0)
(1.94076 0.0343041 0)
(1.99853 0.0268704 0)
(2.05672 0.0228734 0)
(2.11382 0.0305828 0)
(2.16903 0.0327147 0)
(2.21591 0.0282968 0)
(2.25806 0.0251423 0)
(2.29638 0.0361204 0)
(2.32519 0.0457441 0)
(2.35752 0.0400782 0)
(2.39262 0.0358045 0)
(2.42052 0.0394554 0)
(2.44359 0.0420387 0)
(2.48223 0.0406901 0)
(2.51957 0.039713 0)
(2.55388 0.0368857 0)
(2.58051 0.0363694 0)
(2.60523 0.0464615 0)
(2.62899 0.0533092 0)
(2.64578 0.0433012 0)
(2.655 0.0345787 0)
(2.65079 0.0294163 0)
(2.68111 0.0329296 0)
(2.71503 0.0390211 0)
(2.74815 0.0435989 0)
(2.77667 0.0393495 0)
(2.79433 0.0290247 0)
(2.79306 0.0395722 0)
(2.78671 0.0408135 0)
(2.80107 0.0305442 0)
(2.81565 0.0283796 0)
(2.81583 0.0433163 0)
(2.83905 0.0247558 0)
(2.84079 0.00981171 0)
(2.81533 -0.0232804 0)
(2.71687 -0.106372 0)
(2.54741 -0.343301 0)
(2.36901 -0.329867 0)
(2.22277 -0.110794 0)
(2.2378 -0.0525 0)
(2.17664 -0.0528575 0)
(2.15489 -0.0426676 0)
(2.15214 0.00773625 0)
(2.16677 0.0390821 0)
(2.19588 0.0268801 0)
(2.21066 0.00694333 0)
(2.22148 0.00434939 0)
(2.23865 0.00820402 0)
(2.25484 0.00836427 0)
(2.26484 0.0133178 0)
(2.27387 0.0224104 0)
(2.28582 0.0185399 0)
(2.29691 0.0103405 0)
(2.31089 0.0075617 0)
(2.32907 0.0102112 0)
(2.34638 0.0158217 0)
(2.36089 0.0171098 0)
(2.37026 0.0127885 0)
(2.37493 0.0127673 0)
(2.38074 0.0145162 0)
(2.38932 0.0159962 0)
(2.39921 0.0160015 0)
(2.41008 0.0140006 0)
(2.41777 0.0110619 0)
(2.42811 0.0108131 0)
(2.4462 0.0111415 0)
(2.46227 0.0129637 0)
(2.47787 0.014254 0)
(2.49089 0.0140819 0)
(2.50218 0.0147666 0)
(2.51207 0.0144049 0)
(2.51943 0.0109977 0)
(2.52114 0.00551093 0)
(2.5175 0.00438775 0)
(2.51683 0.0106391 0)
(2.52502 0.01285 0)
(2.53929 0.0153892 0)
(2.55344 0.0158269 0)
(2.56612 0.0155427 0)
(2.57923 0.0156873 0)
(2.58447 0.0147293 0)
(2.58169 0.00644184 0)
(2.56569 -0.00862455 0)
(2.99478 -0.0131751 0)
(2.91469 -0.142973 0)
(2.67262 -0.509447 0)
(2.55927 -0.651284 0)
(2.43639 -0.798878 0)
(2.33523 -0.785765 0)
(2.03298 -0.475167 0)
(1.94977 -0.188595 0)
(1.89099 -0.00262769 0)
(1.83657 0.0472059 0)
(1.83539 0.0392294 0)
(1.84953 0.035294 0)
(1.88388 0.0429755 0)
(1.94175 0.0685209 0)
(1.99896 0.0845799 0)
(2.05309 0.0925007 0)
(2.10539 0.0993329 0)
(2.15477 0.0990375 0)
(2.19952 0.097052 0)
(2.24083 0.107051 0)
(2.28516 0.126763 0)
(2.33291 0.136411 0)
(2.37356 0.134363 0)
(2.40571 0.127435 0)
(2.43673 0.126471 0)
(2.46704 0.130276 0)
(2.48979 0.126603 0)
(2.51219 0.119831 0)
(2.53362 0.11295 0)
(2.55465 0.110837 0)
(2.57954 0.116377 0)
(2.60802 0.122261 0)
(2.64356 0.123138 0)
(2.67046 0.124029 0)
(2.68086 0.122526 0)
(2.68703 0.115189 0)
(2.70268 0.112322 0)
(2.72633 0.11908 0)
(2.74739 0.115788 0)
(2.76004 0.104516 0)
(2.76976 0.117656 0)
(2.78432 0.116123 0)
(2.80518 0.108421 0)
(2.81389 0.110504 0)
(2.81944 0.0986906 0)
(2.81135 0.0531963 0)
(2.77039 -0.0468222 0)
(2.66618 -0.250354 0)
(2.59081 -0.410074 0)
(2.49395 -0.59191 0)
(2.39339 -0.549992 0)
(2.26294 -0.37002 0)
(2.25655 -0.215108 0)
(2.22955 -0.0690638 0)
(2.14102 0.0327867 0)
(2.12393 0.0855485 0)
(2.13685 0.0759434 0)
(2.17195 0.0487703 0)
(2.19678 0.0351758 0)
(2.21831 0.037038 0)
(2.23719 0.0505878 0)
(2.24794 0.0550251 0)
(2.25727 0.0498714 0)
(2.27061 0.0463029 0)
(2.28859 0.0447271 0)
(2.30271 0.0426172 0)
(2.31334 0.0409118 0)
(2.32735 0.0430005 0)
(2.34472 0.041927 0)
(2.36331 0.0394891 0)
(2.37896 0.0377112 0)
(2.38864 0.0381936 0)
(2.39131 0.0443053 0)
(2.39434 0.0493573 0)
(2.40246 0.0456132 0)
(2.41224 0.037217 0)
(2.4229 0.03141 0)
(2.43697 0.0339602 0)
(2.45043 0.0386645 0)
(2.46041 0.0398755 0)
(2.47066 0.0392772 0)
(2.48133 0.0386481 0)
(2.49287 0.0428038 0)
(2.50299 0.0490582 0)
(2.50991 0.0468185 0)
(2.51524 0.0335149 0)
(2.52011 0.0262543 0)
(2.52778 0.0317135 0)
(2.53491 0.0379647 0)
(2.54187 0.0421079 0)
(2.5491 0.0431526 0)
(2.55504 0.0428804 0)
(2.56414 0.0404324 0)
(2.57124 0.0272249 0)
(2.56483 -0.00319831 0)
(2.52551 -0.0837833 0)
(2.90912 -0.172513 0)
(2.62574 -0.556515 0)
(2.43105 -0.811405 0)
(2.36338 -0.818605 0)
(2.36078 -0.818196 0)
(2.35111 -0.829552 0)
(2.31566 -0.800757 0)
(2.23417 -0.670483 0)
(2.07981 -0.37595 0)
(1.92286 -0.124305 0)
(1.86787 -0.0171655 0)
(1.86752 0.0275871 0)
(1.9012 0.0927092 0)
(1.94101 0.114172 0)
(1.9801 0.118736 0)
(2.02489 0.136525 0)
(2.07661 0.152024 0)
(2.13473 0.163823 0)
(2.19019 0.175724 0)
(2.23897 0.189588 0)
(2.28061 0.203948 0)
(2.31613 0.211954 0)
(2.34657 0.211832 0)
(2.3759 0.20585 0)
(2.40794 0.202748 0)
(2.44053 0.199014 0)
(2.47098 0.192973 0)
(2.49799 0.191337 0)
(2.52892 0.194916 0)
(2.56272 0.201823 0)
(2.59345 0.20708 0)
(2.62154 0.20881 0)
(2.63993 0.200776 0)
(2.64034 0.195824 0)
(2.64776 0.19775 0)
(2.67657 0.194074 0)
(2.7072 0.20415 0)
(2.71995 0.209935 0)
(2.72252 0.195972 0)
(2.75356 0.178499 0)
(2.78003 0.176528 0)
(2.80846 0.17234 0)
(2.8177 0.169169 0)
(2.80289 0.141714 0)
(2.77336 0.0828155 0)
(2.69996 -0.0538629 0)
(2.54189 -0.324628 0)
(2.47369 -0.459946 0)
(2.41347 -0.537203 0)
(2.40381 -0.566292 0)
(2.40466 -0.560782 0)
(2.39757 -0.526404 0)
(2.38036 -0.450127 0)
(2.3288 -0.30693 0)
(2.24539 -0.143814 0)
(2.18327 -0.0242858 0)
(2.15676 0.00924448 0)
(2.17512 0.0382082 0)
(2.18549 0.0587442 0)
(2.20285 0.0819694 0)
(2.21282 0.0879325 0)
(2.22213 0.0748178 0)
(2.23404 0.0639437 0)
(2.2522 0.0637895 0)
(2.27129 0.0698494 0)
(2.28602 0.0707148 0)
(2.29782 0.0646901 0)
(2.31114 0.0613085 0)
(2.32897 0.0599664 0)
(2.34824 0.0592384 0)
(2.36406 0.0603841 0)
(2.37433 0.0667826 0)
(2.38178 0.0755139 0)
(2.38683 0.0793701 0)
(2.39242 0.0728023 0)
(2.39969 0.060865 0)
(2.40854 0.0540543 0)
(2.42241 0.0558902 0)
(2.43803 0.0606788 0)
(2.45438 0.0663197 0)
(2.46836 0.0703162 0)
(2.48028 0.0724102 0)
(2.48868 0.0731871 0)
(2.49131 0.0668961 0)
(2.48935 0.0593463 0)
(2.49888 0.0573151 0)
(2.51518 0.0585974 0)
(2.53008 0.0616444 0)
(2.54494 0.0659967 0)
(2.55646 0.0663847 0)
(2.54984 0.0671613 0)
(2.5464 0.0599647 0)
(2.54476 0.0482712 0)
(2.53347 0.0147712 0)
(2.50478 -0.0473642 0)
(2.44013 -0.169032 0)
(2.60787 -0.55531 0)
(2.42444 -0.772186 0)
(2.33833 -0.885035 0)
(2.311 -0.871377 0)
(2.30757 -0.841346 0)
(2.32738 -0.826975 0)
(2.33577 -0.823449 0)
(2.33737 -0.816888 0)
(2.3135 -0.757111 0)
(2.16737 -0.506408 0)
(1.97943 -0.150515 0)
(1.90561 0.0823125 0)
(1.9072 0.174849 0)
(1.94184 0.179023 0)
(1.98621 0.180682 0)
(2.03073 0.199418 0)
(2.08205 0.227432 0)
(2.13618 0.249095 0)
(2.18823 0.260919 0)
(2.23355 0.266616 0)
(2.26965 0.273209 0)
(2.29971 0.279598 0)
(2.33061 0.281987 0)
(2.3663 0.281007 0)
(2.40385 0.283066 0)
(2.44003 0.283187 0)
(2.47322 0.28136 0)
(2.50292 0.280491 0)
(2.52727 0.280719 0)
(2.54361 0.277291 0)
(2.56099 0.273552 0)
(2.58364 0.273936 0)
(2.60914 0.276375 0)
(2.64057 0.280909 0)
(2.66328 0.275507 0)
(2.6783 0.26306 0)
(2.68102 0.266359 0)
(2.69529 0.274986 0)
(2.72926 0.269089 0)
(2.75509 0.259253 0)
(2.76828 0.239822 0)
(2.77857 0.238645 0)
(2.75944 0.199182 0)
(2.71023 0.0904317 0)
(2.60789 -0.124432 0)
(2.46176 -0.353166 0)
(2.40375 -0.460862 0)
(2.36075 -0.509154 0)
(2.36804 -0.507262 0)
(2.38737 -0.50231 0)
(2.40304 -0.506097 0)
(2.41685 -0.4962 0)
(2.43026 -0.498134 0)
(2.40958 -0.455067 0)
(2.36998 -0.350059 0)
(2.29791 -0.206865 0)
(2.20055 -0.0391233 0)
(2.16771 0.0515982 0)
(2.16927 0.120174 0)
(2.17563 0.121954 0)
(2.19192 0.114746 0)
(2.2105 0.0994373 0)
(2.22536 0.0908445 0)
(2.24515 0.096818 0)
(2.25753 0.103505 0)
(2.26965 0.0953195 0)
(2.28346 0.0872828 0)
(2.29903 0.0850171 0)
(2.31638 0.0859192 0)
(2.33452 0.0887582 0)
(2.35241 0.0929648 0)
(2.36745 0.0976899 0)
(2.37567 0.100231 0)
(2.37539 0.0970516 0)
(2.37399 0.0894751 0)
(2.38238 0.0844161 0)
(2.39992 0.0841855 0)
(2.41812 0.0851571 0)
(2.43666 0.0874165 0)
(2.45472 0.0922442 0)
(2.46998 0.0973359 0)
(2.47862 0.102258 0)
(2.47787 0.10183 0)
(2.47501 0.0952649 0)
(2.48024 0.0910598 0)
(2.49223 0.0885363 0)
(2.50614 0.086745 0)
(2.51982 0.0860703 0)
(2.53296 0.0903019 0)
(2.53759 0.0911652 0)
(2.53757 0.08537 0)
(2.52423 0.0533015 0)
(2.50656 0.0183749 0)
(2.45915 -0.0563593 0)
(2.40815 -0.134934 0)
(2.36711 -0.212225 0)
(2.40712 -0.762612 0)
(2.35217 -0.8159 0)
(2.33723 -0.839987 0)
(2.32798 -0.852492 0)
(2.32617 -0.846374 0)
(2.33062 -0.835508 0)
(2.33309 -0.830231 0)
(2.34327 -0.820508 0)
(2.36556 -0.816255 0)
(2.36509 -0.75535 0)
(2.3071 -0.565489 0)
(2.14494 -0.206935 0)
(2.05218 0.0407444 0)
(2.02466 0.16993 0)
(2.03103 0.239176 0)
(2.05578 0.286927 0)
(2.09553 0.31084 0)
(2.14179 0.321031 0)
(2.18821 0.327451 0)
(2.23077 0.335905 0)
(2.26692 0.347354 0)
(2.29855 0.356336 0)
(2.32952 0.358039 0)
(2.36154 0.356077 0)
(2.39304 0.358805 0)
(2.42207 0.361398 0)
(2.44692 0.361459 0)
(2.47191 0.36231 0)
(2.50439 0.366859 0)
(2.5446 0.369621 0)
(2.57882 0.369466 0)
(2.60282 0.366842 0)
(2.62086 0.361769 0)
(2.62658 0.352102 0)
(2.63411 0.337348 0)
(2.64958 0.324712 0)
(2.67929 0.331897 0)
(2.70644 0.339524 0)
(2.7285 0.332513 0)
(2.72364 0.322393 0)
(2.73477 0.287696 0)
(2.72005 0.228903 0)
(2.64692 0.0810577 0)
(2.4829 -0.197926 0)
(2.41558 -0.349937 0)
(2.34057 -0.449178 0)
(2.31802 -0.473403 0)
(2.32762 -0.473184 0)
(2.35092 -0.465168 0)
(2.37153 -0.450723 0)
(2.39075 -0.450002 0)
(2.41041 -0.455412 0)
(2.42831 -0.460616 0)
(2.42976 -0.459194 0)
(2.42527 -0.425195 0)
(2.4113 -0.375344 0)
(2.35966 -0.285008 0)
(2.27018 -0.132744 0)
(2.22203 0.000102664 0)
(2.20363 0.0736494 0)
(2.20426 0.108764 0)
(2.20366 0.117703 0)
(2.21447 0.128305 0)
(2.22837 0.129407 0)
(2.23547 0.12736 0)
(2.25015 0.114845 0)
(2.26506 0.106228 0)
(2.28277 0.106561 0)
(2.30187 0.11122 0)
(2.31956 0.115349 0)
(2.33572 0.117592 0)
(2.35096 0.119846 0)
(2.36053 0.120572 0)
(2.35882 0.115737 0)
(2.35552 0.108054 0)
(2.36604 0.105414 0)
(2.38313 0.106803 0)
(2.40145 0.108849 0)
(2.41995 0.111988 0)
(2.43827 0.116853 0)
(2.45564 0.121273 0)
(2.46931 0.125132 0)
(2.46884 0.124907 0)
(2.46023 0.11746 0)
(2.46231 0.109586 0)
(2.47477 0.109704 0)
(2.49315 0.110286 0)
(2.50829 0.113104 0)
(2.52102 0.110482 0)
(2.51981 0.0986164 0)
(2.50495 0.059708 0)
(2.47505 -0.00699341 0)
(2.42325 -0.0871955 0)
(2.38082 -0.144856 0)
(2.33813 -0.178729 0)
(2.3341 -0.20609 0)
(2.31748 -0.869439 0)
(2.31172 -0.852771 0)
(2.31935 -0.838978 0)
(2.3263 -0.836206 0)
(2.32877 -0.835978 0)
(2.33262 -0.831433 0)
(2.34103 -0.82401 0)
(2.35921 -0.807636 0)
(2.39065 -0.786718 0)
(2.4291 -0.756014 0)
(2.47111 -0.701211 0)
(2.45452 -0.5638 0)
(2.3283 -0.248688 0)
(2.17682 0.0918765 0)
(2.0944 0.316057 0)
(2.0791 0.397183 0)
(2.11397 0.407043 0)
(2.15963 0.401821 0)
(2.19952 0.400848 0)
(2.23478 0.409988 0)
(2.26659 0.423968 0)
(2.2963 0.433613 0)
(2.32494 0.433147 0)
(2.35269 0.430276 0)
(2.38135 0.437557 0)
(2.41235 0.451098 0)
(2.44524 0.458541 0)
(2.47868 0.458707 0)
(2.51056 0.455774 0)
(2.5383 0.448644 0)
(2.55721 0.435797 0)
(2.57125 0.424687 0)
(2.5858 0.421366 0)
(2.60494 0.425217 0)
(2.62909 0.414231 0)
(2.64953 0.396584 0)
(2.66125 0.393299 0)
(2.6738 0.390381 0)
(2.69927 0.390152 0)
(2.69199 0.341836 0)
(2.65598 0.235296 0)
(2.54054 0.00196711 0)
(2.40381 -0.234789 0)
(2.33032 -0.34332 0)
(2.3062 -0.400918 0)
(2.30322 -0.407795 0)
(2.31441 -0.418493 0)
(2.33156 -0.42066 0)
(2.35137 -0.411102 0)
(2.37101 -0.402668 0)
(2.39076 -0.405235 0)
(2.4114 -0.415141 0)
(2.42942 -0.420401 0)
(2.43801 -0.423781 0)
(2.42938 -0.412587 0)
(2.43726 -0.393506 0)
(2.43869 -0.376397 0)
(2.4119 -0.314723 0)
(2.35633 -0.191989 0)
(2.25676 0.00301528 0)
(2.23201 0.121581 0)
(2.20245 0.173638 0)
(2.20345 0.169897 0)
(2.21297 0.159103 0)
(2.22718 0.152556 0)
(2.24544 0.142745 0)
(2.26381 0.138449 0)
(2.28144 0.137036 0)
(2.29931 0.137523 0)
(2.31632 0.138993 0)
(2.3308 0.14054 0)
(2.34317 0.141632 0)
(2.35034 0.14114 0)
(2.3456 0.136732 0)
(2.34539 0.13397 0)
(2.36338 0.135931 0)
(2.38166 0.1383 0)
(2.39954 0.141187 0)
(2.41706 0.143834 0)
(2.43419 0.145037 0)
(2.45084 0.143802 0)
(2.46182 0.140147 0)
(2.45879 0.139149 0)
(2.44701 0.140961 0)
(2.45681 0.140706 0)
(2.47292 0.140866 0)
(2.48206 0.137771 0)
(2.49497 0.131071 0)
(2.49606 0.108618 0)
(2.47208 0.0552502 0)
(2.42762 -0.0408454 0)
(2.39298 -0.113617 0)
(2.35371 -0.168949 0)
(2.32933 -0.188859 0)
(2.31475 -0.18954 0)
(2.32184 -0.19501 0)
(2.3275 -0.827688 0)
(2.3292 -0.83576 0)
(2.33257 -0.836833 0)
(2.33404 -0.837196 0)
(2.33467 -0.837969 0)
(2.33779 -0.835564 0)
(2.35525 -0.819128 0)
(2.3769 -0.800203 0)
(2.43098 -0.75152 0)
(2.47424 -0.716755 0)
(2.53734 -0.640146 0)
(2.58426 -0.629909 0)
(2.56577 -0.510802 0)
(2.51292 -0.283553 0)
(2.30966 0.112028 0)
(2.22269 0.337786 0)
(2.16998 0.468907 0)
(2.18524 0.482461 0)
(2.21553 0.493267 0)
(2.24527 0.501797 0)
(2.27492 0.51534 0)
(2.30571 0.525701 0)
(2.33822 0.526872 0)
(2.36985 0.527184 0)
(2.39869 0.535437 0)
(2.42338 0.548278 0)
(2.44459 0.548366 0)
(2.46611 0.535721 0)
(2.49185 0.523588 0)
(2.52063 0.51946 0)
(2.54903 0.51244 0)
(2.5699 0.510107 0)
(2.58262 0.500191 0)
(2.58515 0.495318 0)
(2.59746 0.471026 0)
(2.61851 0.447201 0)
(2.63635 0.451497 0)
(2.66736 0.429588 0)
(2.65382 0.361745 0)
(2.58271 0.196773 0)
(2.40825 -0.105155 0)
(2.33054 -0.256264 0)
(2.27 -0.351199 0)
(2.2595 -0.367235 0)
(2.27005 -0.370842 0)
(2.28582 -0.37777 0)
(2.29963 -0.381144 0)
(2.31898 -0.37679 0)
(2.34207 -0.367462 0)
(2.36416 -0.361254 0)
(2.38487 -0.362052 0)
(2.4017 -0.369706 0)
(2.41336 -0.373909 0)
(2.41984 -0.37976 0)
(2.42491 -0.377271 0)
(2.43913 -0.365755 0)
(2.45074 -0.361515 0)
(2.46981 -0.355098 0)
(2.46604 -0.320088 0)
(2.41478 -0.214473 0)
(2.34727 -0.0544188 0)
(2.28382 0.0728343 0)
(2.25305 0.117585 0)
(2.23865 0.149754 0)
(2.23381 0.170713 0)
(2.24289 0.178305 0)
(2.26423 0.173124 0)
(2.28449 0.167448 0)
(2.301 0.163799 0)
(2.31433 0.161203 0)
(2.32711 0.160676 0)
(2.33982 0.162817 0)
(2.34706 0.165823 0)
(2.34437 0.165607 0)
(2.34466 0.163272 0)
(2.35747 0.164421 0)
(2.37411 0.167399 0)
(2.39159 0.169739 0)
(2.40968 0.170097 0)
(2.42787 0.168271 0)
(2.44489 0.163357 0)
(2.45632 0.158544 0)
(2.45529 0.160904 0)
(2.4409 0.165717 0)
(2.45087 0.165671 0)
(2.4574 0.163221 0)
(2.46414 0.152252 0)
(2.45674 0.116274 0)
(2.43428 0.056797 0)
(2.3751 -0.0613788 0)
(2.35299 -0.143805 0)
(2.32045 -0.198602 0)
(2.31351 -0.201456 0)
(2.31637 -0.195437 0)
(2.31906 -0.191281 0)
(2.32665 -0.179033 0)
(2.32008 -0.839785 0)
(2.32446 -0.840755 0)
(2.33309 -0.842582 0)
(2.33666 -0.841983 0)
(2.3417 -0.839054 0)
(2.35704 -0.827087 0)
(2.3797 -0.805423 0)
(2.43476 -0.75758 0)
(2.48599 -0.698665 0)
(2.53054 -0.661692 0)
(2.56244 -0.612493 0)
(2.64259 -0.518484 0)
(2.67177 -0.487144 0)
(2.70241 -0.365788 0)
(2.65399 -0.235478 0)
(2.46949 0.116701 0)
(2.33978 0.393251 0)
(2.22739 0.585483 0)
(2.21722 0.622304 0)
(2.24524 0.624153 0)
(2.27674 0.618882 0)
(2.30652 0.612083 0)
(2.33818 0.607248 0)
(2.36685 0.60504 0)
(2.392 0.609723 0)
(2.41417 0.62326 0)
(2.43761 0.629878 0)
(2.46929 0.620282 0)
(2.50084 0.60858 0)
(2.52556 0.598157 0)
(2.54528 0.57967 0)
(2.54692 0.569472 0)
(2.55085 0.550719 0)
(2.55698 0.543891 0)
(2.58884 0.520766 0)
(2.61816 0.500411 0)
(2.62314 0.458927 0)
(2.58575 0.350613 0)
(2.4574 0.0963491 0)
(2.32365 -0.155522 0)
(2.24879 -0.278766 0)
(2.22997 -0.319223 0)
(2.23548 -0.316207 0)
(2.25633 -0.321359 0)
(2.27951 -0.321702 0)
(2.2943 -0.326281 0)
(2.30885 -0.33451 0)
(2.32806 -0.337115 0)
(2.35031 -0.333097 0)
(2.37272 -0.326912 0)
(2.3926 -0.322802 0)
(2.40773 -0.324417 0)
(2.41939 -0.326255 0)
(2.42878 -0.333581 0)
(2.43896 -0.337222 0)
(2.45513 -0.340057 0)
(2.47237 -0.335773 0)
(2.48834 -0.332591 0)
(2.50048 -0.333692 0)
(2.49637 -0.306753 0)
(2.47705 -0.232459 0)
(2.41478 -0.105278 0)
(2.33007 0.039123 0)
(2.28001 0.134439 0)
(2.25212 0.216739 0)
(2.24632 0.220214 0)
(2.25986 0.207144 0)
(2.28036 0.198685 0)
(2.30071 0.192696 0)
(2.31597 0.189687 0)
(2.32938 0.185886 0)
(2.34258 0.186674 0)
(2.35031 0.192942 0)
(2.34923 0.195802 0)
(2.34953 0.193922 0)
(2.3598 0.193475 0)
(2.37559 0.19516 0)
(2.3932 0.196521 0)
(2.41123 0.195221 0)
(2.42918 0.192296 0)
(2.44547 0.186486 0)
(2.45489 0.181973 0)
(2.45607 0.188674 0)
(2.44581 0.189678 0)
(2.44626 0.181025 0)
(2.44206 0.167065 0)
(2.4229 0.125222 0)
(2.38445 0.0536134 0)
(2.32574 -0.0622802 0)
(2.31544 -0.137817 0)
(2.31032 -0.177248 0)
(2.30857 -0.177968 0)
(2.31216 -0.173953 0)
(2.32365 -0.171336 0)
(2.33445 -0.176339 0)
(2.33809 -0.16318 0)
(2.32947 -0.83974 0)
(2.33462 -0.840963 0)
(2.34194 -0.840685 0)
(2.34585 -0.838545 0)
(2.35929 -0.830948 0)
(2.38687 -0.808615 0)
(2.44244 -0.75469 0)
(2.49264 -0.70159 0)
(2.51798 -0.676485 0)
(2.59488 -0.590994 0)
(2.66267 -0.490982 0)
(2.69343 -0.428656 0)
(2.71538 -0.431418 0)
(2.7491 -0.385094 0)
(2.78475 -0.294916 0)
(2.76956 -0.146305 0)
(2.65665 0.138168 0)
(2.44183 0.47233 0)
(2.28921 0.657273 0)
(2.25625 0.724272 0)
(2.27559 0.727931 0)
(2.31459 0.714726 0)
(2.3527 0.701512 0)
(2.38151 0.692874 0)
(2.40577 0.694183 0)
(2.42683 0.706335 0)
(2.44361 0.710145 0)
(2.46743 0.682974 0)
(2.48371 0.657085 0)
(2.50085 0.634955 0)
(2.51497 0.624863 0)
(2.52408 0.61523 0)
(2.53333 0.600955 0)
(2.55005 0.582546 0)
(2.58001 0.551876 0)
(2.57457 0.478566 0)
(2.50956 0.32066 0)
(2.31308 0.00258194 0)
(2.23808 -0.183546 0)
(2.19298 -0.29368 0)
(2.19528 -0.295505 0)
(2.2152 -0.290221 0)
(2.23524 -0.286111 0)
(2.25063 -0.290004 0)
(2.26734 -0.285271 0)
(2.28247 -0.280629 0)
(2.30388 -0.28701 0)
(2.32755 -0.293729 0)
(2.35378 -0.294766 0)
(2.38073 -0.291138 0)
(2.40378 -0.285177 0)
(2.41784 -0.282091 0)
(2.42071 -0.284491 0)
(2.41897 -0.293356 0)
(2.43267 -0.294557 0)
(2.45575 -0.29267 0)
(2.48188 -0.297729 0)
(2.50323 -0.303221 0)
(2.51854 -0.30297 0)
(2.52561 -0.298335 0)
(2.52759 -0.279952 0)
(2.51345 -0.22839 0)
(2.47182 -0.145938 0)
(2.40561 -0.0282184 0)
(2.32319 0.132659 0)
(2.29558 0.191577 0)
(2.29066 0.207506 0)
(2.29452 0.214816 0)
(2.30588 0.222815 0)
(2.32307 0.224112 0)
(2.33972 0.215968 0)
(2.35104 0.213369 0)
(2.35819 0.220516 0)
(2.35981 0.223761 0)
(2.35858 0.221012 0)
(2.36483 0.2193 0)
(2.37929 0.220142 0)
(2.39647 0.222134 0)
(2.41391 0.221361 0)
(2.43159 0.217254 0)
(2.44666 0.211182 0)
(2.45875 0.209438 0)
(2.45962 0.210868 0)
(2.44881 0.197932 0)
(2.43292 0.166647 0)
(2.39983 0.116335 0)
(2.34083 0.0379269 0)
(2.28879 -0.0468136 0)
(2.26622 -0.133548 0)
(2.28073 -0.169651 0)
(2.2993 -0.166654 0)
(2.30736 -0.162594 0)
(2.3197 -0.154612 0)
(2.3353 -0.15711 0)
(2.34574 -0.161705 0)
(2.34969 -0.148309 0)
(2.34273 -0.837624 0)
(2.34671 -0.842132 0)
(2.35219 -0.840764 0)
(2.36215 -0.834882 0)
(2.38869 -0.813961 0)
(2.44388 -0.759105 0)
(2.48672 -0.716583 0)
(2.53579 -0.664066 0)
(2.63026 -0.557642 0)
(2.68309 -0.462516 0)
(2.71039 -0.442057 0)
(2.72357 -0.431891 0)
(2.79458 -0.337125 0)
(2.85698 -0.218633 0)
(2.87651 -0.172866 0)
(2.90618 -0.145063 0)
(2.87347 -0.0336554 0)
(2.78042 0.146374 0)
(2.48834 0.531938 0)
(2.35736 0.740988 0)
(2.2757 0.822417 0)
(2.30058 0.812633 0)
(2.33869 0.793208 0)
(2.37411 0.768922 0)
(2.39742 0.75725 0)
(2.41425 0.757124 0)
(2.42415 0.753168 0)
(2.4428 0.720698 0)
(2.44984 0.698068 0)
(2.47089 0.674334 0)
(2.49172 0.665493 0)
(2.51063 0.651379 0)
(2.52964 0.632384 0)
(2.53127 0.586452 0)
(2.49814 0.473069 0)
(2.35126 0.184501 0)
(2.23566 -0.04773 0)
(2.17172 -0.159441 0)
(2.17761 -0.223863 0)
(2.18028 -0.241553 0)
(2.20599 -0.254382 0)
(2.22744 -0.247353 0)
(2.24543 -0.248094 0)
(2.26078 -0.253236 0)
(2.27626 -0.249808 0)
(2.29202 -0.245204 0)
(2.31097 -0.245586 0)
(2.33501 -0.249772 0)
(2.36225 -0.251203 0)
(2.39039 -0.249518 0)
(2.41517 -0.246412 0)
(2.42974 -0.244184 0)
(2.42743 -0.248614 0)
(2.42536 -0.257049 0)
(2.44248 -0.256889 0)
(2.46404 -0.250932 0)
(2.48349 -0.248964 0)
(2.50158 -0.251792 0)
(2.52366 -0.260727 0)
(2.5414 -0.264104 0)
(2.54952 -0.25897 0)
(2.54824 -0.244933 0)
(2.53733 -0.21557 0)
(2.51543 -0.168731 0)
(2.46857 -0.0631462 0)
(2.37904 0.110095 0)
(2.35089 0.187266 0)
(2.31058 0.256456 0)
(2.30908 0.279314 0)
(2.31621 0.270803 0)
(2.33073 0.256335 0)
(2.34677 0.243529 0)
(2.36396 0.243305 0)
(2.37557 0.247383 0)
(2.37428 0.247269 0)
(2.37365 0.244907 0)
(2.38519 0.248611 0)
(2.4006 0.251055 0)
(2.41564 0.249559 0)
(2.43007 0.243897 0)
(2.44209 0.237625 0)
(2.45243 0.232617 0)
(2.4454 0.215556 0)
(2.41771 0.154577 0)
(2.37916 0.0792324 0)
(2.32457 0.00782015 0)
(2.26665 -0.0583162 0)
(2.24119 -0.112902 0)
(2.25485 -0.124177 0)
(2.28394 -0.137154 0)
(2.29937 -0.135637 0)
(2.31581 -0.129962 0)
(2.33082 -0.130377 0)
(2.34432 -0.142674 0)
(2.35225 -0.145027 0)
(2.36136 -0.136298 0)
(2.34688 -0.849362 0)
(2.35383 -0.847153 0)
(2.35962 -0.841544 0)
(2.38813 -0.81594 0)
(2.43375 -0.7722 0)
(2.47822 -0.727098 0)
(2.58252 -0.61984 0)
(2.65347 -0.520604 0)
(2.67073 -0.499041 0)
(2.71862 -0.423879 0)
(2.79354 -0.323403 0)
(2.84607 -0.266419 0)
(2.87688 -0.178287 0)
(2.88376 -0.114678 0)
(2.90268 -0.103619 0)
(2.9338 -0.0712456 0)
(2.92187 0.0386366 0)
(2.90953 0.0873976 0)
(2.84229 0.208198 0)
(2.59214 0.552841 0)
(2.42869 0.795933 0)
(2.3091 0.868264 0)
(2.31884 0.856316 0)
(2.34469 0.831885 0)
(2.37347 0.808233 0)
(2.39327 0.80344 0)
(2.40789 0.794193 0)
(2.42051 0.766008 0)
(2.44044 0.728108 0)
(2.4617 0.691063 0)
(2.47501 0.683577 0)
(2.49717 0.654919 0)
(2.48215 0.589963 0)
(2.40247 0.399257 0)
(2.2374 0.0711989 0)
(2.14779 -0.114129 0)
(2.12323 -0.197235 0)
(2.13677 -0.188872 0)
(2.16569 -0.200245 0)
(2.18851 -0.211099 0)
(2.20995 -0.213496 0)
(2.23139 -0.205919 0)
(2.25422 -0.209873 0)
(2.27685 -0.224682 0)
(2.295 -0.228584 0)
(2.31215 -0.219515 0)
(2.32646 -0.209222 0)
(2.34382 -0.20501 0)
(2.3686 -0.204186 0)
(2.39438 -0.204302 0)
(2.41901 -0.206577 0)
(2.43582 -0.210066 0)
(2.43194 -0.216951 0)
(2.42927 -0.22194 0)
(2.45043 -0.219224 0)
(2.47654 -0.213235 0)
(2.49868 -0.209045 0)
(2.51766 -0.208986 0)
(2.53347 -0.210178 0)
(2.5427 -0.215674 0)
(2.54245 -0.221474 0)
(2.54197 -0.215479 0)
(2.54738 -0.208286 0)
(2.56059 -0.201371 0)
(2.5544 -0.16616 0)
(2.51926 -0.0818298 0)
(2.46145 0.0395805 0)
(2.37767 0.177532 0)
(2.34353 0.260627 0)
(2.33679 0.283702 0)
(2.34073 0.278137 0)
(2.35034 0.273981 0)
(2.36621 0.272379 0)
(2.38704 0.275758 0)
(2.39512 0.275277 0)
(2.38704 0.270826 0)
(2.38619 0.274746 0)
(2.40151 0.274587 0)
(2.42212 0.275097 0)
(2.43268 0.269706 0)
(2.43948 0.254672 0)
(2.43193 0.217911 0)
(2.39115 0.127451 0)
(2.36066 0.0317336 0)
(2.29899 -0.0644078 0)
(2.25585 -0.104825 0)
(2.24163 -0.121319 0)
(2.2493 -0.120628 0)
(2.26866 -0.114669 0)
(2.28631 -0.107101 0)
(2.30466 -0.0982845 0)
(2.32421 -0.0972023 0)
(2.34503 -0.10445 0)
(2.35768 -0.119979 0)
(2.36223 -0.123432 0)
(2.37193 -0.117449 0)
(2.35289 -0.854101 0)
(2.35789 -0.847429 0)
(2.3836 -0.821832 0)
(2.42999 -0.775837 0)
(2.49342 -0.709347 0)
(2.59432 -0.59393 0)
(2.65528 -0.527525 0)
(2.68452 -0.480518 0)
(2.76686 -0.331968 0)
(2.81162 -0.232003 0)
(2.83002 -0.244599 0)
(2.85431 -0.190627 0)
(2.8826 -0.0655309 0)
(2.89833 -0.0374337 0)
(2.90522 -0.0700465 0)
(2.90576 -0.0221325 0)
(2.89813 0.0353722 0)
(2.91891 0.0456828 0)
(2.92085 0.0556553 0)
(2.86345 0.164932 0)
(2.66338 0.50806 0)
(2.42965 0.80512 0)
(2.33565 0.857066 0)
(2.33893 0.847002 0)
(2.35505 0.827046 0)
(2.37622 0.807725 0)
(2.39685 0.783828 0)
(2.40573 0.757517 0)
(2.4329 0.719674 0)
(2.44572 0.694323 0)
(2.44891 0.655136 0)
(2.42685 0.562504 0)
(2.263 0.252683 0)
(2.17048 0.0199137 0)
(2.11226 -0.107258 0)
(2.10626 -0.148876 0)
(2.12155 -0.155345 0)
(2.15063 -0.15386 0)
(2.17549 -0.159973 0)
(2.19557 -0.174598 0)
(2.21332 -0.171836 0)
(2.23161 -0.167248 0)
(2.25595 -0.174086 0)
(2.2802 -0.184487 0)
(2.30091 -0.1829 0)
(2.31752 -0.170521 0)
(2.33403 -0.163962 0)
(2.3566 -0.166973 0)
(2.38193 -0.168457 0)
(2.4064 -0.167769 0)
(2.42115 -0.168161 0)
(2.4231 -0.17803 0)
(2.42553 -0.186772 0)
(2.4323 -0.187237 0)
(2.44786 -0.178544 0)
(2.46951 -0.166024 0)
(2.49078 -0.158388 0)
(2.51183 -0.160122 0)
(2.53139 -0.164871 0)
(2.54216 -0.170475 0)
(2.53884 -0.179768 0)
(2.54717 -0.185915 0)
(2.56299 -0.18162 0)
(2.57365 -0.182549 0)
(2.5868 -0.175132 0)
(2.58138 -0.147559 0)
(2.56113 -0.082853 0)
(2.51382 0.00885174 0)
(2.41211 0.172178 0)
(2.37897 0.260692 0)
(2.35595 0.315785 0)
(2.35438 0.320744 0)
(2.36473 0.316376 0)
(2.37871 0.310399 0)
(2.38923 0.307731 0)
(2.38918 0.306279 0)
(2.38792 0.302161 0)
(2.4034 0.300887 0)
(2.4131 0.294016 0)
(2.41836 0.269994 0)
(2.40318 0.217344 0)
(2.35474 0.104792 0)
(2.33028 0.0138546 0)
(2.30973 -0.0724774 0)
(2.27126 -0.0981326 0)
(2.26093 -0.0960311 0)
(2.25825 -0.0914009 0)
(2.27079 -0.0896975 0)
(2.28718 -0.0853202 0)
(2.29906 -0.077768 0)
(2.30691 -0.0705086 0)
(2.32116 -0.0760148 0)
(2.33598 -0.0880066 0)
(2.34574 -0.0988684 0)
(2.35453 -0.0966299 0)
(2.37169 -0.0923955 0)
(2.35571 -0.848129 0)
(2.37757 -0.826974 0)
(2.42908 -0.776677 0)
(2.50642 -0.69619 0)
(2.59803 -0.57328 0)
(2.65904 -0.499881 0)
(2.73152 -0.411869 0)
(2.80449 -0.233347 0)
(2.80885 -0.168074 0)
(2.81339 -0.166989 0)
(2.88046 -0.0644141 0)
(2.88825 0.0566976 0)
(2.8827 0.0752191 0)
(2.8994 0.0633014 0)
(2.91683 0.0606403 0)
(2.91404 0.0702594 0)
(2.9087 0.0845865 0)
(2.92052 0.0860835 0)
(2.92199 0.0793526 0)
(2.92001 0.0674531 0)
(2.87083 0.132629 0)
(2.66753 0.439544 0)
(2.41423 0.738865 0)
(2.36412 0.785213 0)
(2.34993 0.800604 0)
(2.35415 0.799071 0)
(2.37335 0.782375 0)
(2.39166 0.757213 0)
(2.41184 0.717757 0)
(2.41119 0.654964 0)
(2.36722 0.488295 0)
(2.19751 0.173505 0)
(2.07647 -0.0407386 0)
(2.04892 -0.140261 0)
(2.06384 -0.132085 0)
(2.09852 -0.125737 0)
(2.13197 -0.121181 0)
(2.1597 -0.11853 0)
(2.18116 -0.124529 0)
(2.1909 -0.134568 0)
(2.20733 -0.135688 0)
(2.2331 -0.129532 0)
(2.25865 -0.12799 0)
(2.28415 -0.130776 0)
(2.30662 -0.129434 0)
(2.32767 -0.122224 0)
(2.34749 -0.117517 0)
(2.36459 -0.123633 0)
(2.37569 -0.13511 0)
(2.38558 -0.141341 0)
(2.39353 -0.144589 0)
(2.4058 -0.146259 0)
(2.42369 -0.148725 0)
(2.44265 -0.148819 0)
(2.46307 -0.140601 0)
(2.48126 -0.125499 0)
(2.49846 -0.118625 0)
(2.51708 -0.122857 0)
(2.52808 -0.129571 0)
(2.51918 -0.142489 0)
(2.52062 -0.145761 0)
(2.53822 -0.142112 0)
(2.56033 -0.138797 0)
(2.58115 -0.145467 0)
(2.59997 -0.145119 0)
(2.60865 -0.135735 0)
(2.60547 -0.112817 0)
(2.5895 -0.0713311 0)
(2.53553 0.0165467 0)
(2.47316 0.133298 0)
(2.413 0.245737 0)
(2.38884 0.301873 0)
(2.36972 0.33206 0)
(2.37429 0.330983 0)
(2.39027 0.330508 0)
(2.39656 0.334382 0)
(2.39918 0.324653 0)
(2.39849 0.313846 0)
(2.38803 0.275328 0)
(2.37269 0.207556 0)
(2.31121 0.0922333 0)
(2.27438 0.00174311 0)
(2.26305 -0.0793992 0)
(2.2557 -0.118099 0)
(2.256 -0.117284 0)
(2.26402 -0.100837 0)
(2.27523 -0.080049 0)
(2.28911 -0.0716881 0)
(2.30219 -0.0649112 0)
(2.30494 -0.0546888 0)
(2.30448 -0.0518282 0)
(2.31705 -0.0567321 0)
(2.33117 -0.0629661 0)
(2.34481 -0.072811 0)
(2.35464 -0.0744761 0)
(2.37596 -0.0727678 0)
(2.3657 -0.833139 0)
(2.4338 -0.772812 0)
(2.50257 -0.703031 0)
(2.60049 -0.572373 0)
(2.7044 -0.396779 0)
(2.75022 -0.357147 0)
(2.77673 -0.280618 0)
(2.80438 -0.133006 0)
(2.81884 -0.119158 0)
(2.83463 -0.100586 0)
(2.87542 -0.0200516 0)
(2.88159 0.0463038 0)
(2.88783 0.0610606 0)
(2.90939 0.049353 0)
(2.90951 0.0430078 0)
(2.90473 0.0619952 0)
(2.91446 0.0776045 0)
(2.92172 0.0740083 0)
(2.919 0.0552907 0)
(2.91804 0.0415566 0)
(2.91182 0.0227163 0)
(2.8642 0.0849728 0)
(2.74608 0.279988 0)
(2.42681 0.663974 0)
(2.36543 0.723094 0)
(2.34882 0.773217 0)
(2.35558 0.76785 0)
(2.35944 0.736828 0)
(2.35276 0.641482 0)
(2.27813 0.385406 0)
(2.16916 0.126355 0)
(2.03536 -0.0316809 0)
(2.01187 -0.0684946 0)
(2.02142 -0.0800636 0)
(2.0678 -0.0782608 0)
(2.10071 -0.079621 0)
(2.11832 -0.0863604 0)
(2.13366 -0.0820306 0)
(2.15633 -0.0884423 0)
(2.17972 -0.102807 0)
(2.19855 -0.0973846 0)
(2.21996 -0.0865015 0)
(2.24671 -0.084519 0)
(2.27311 -0.0869437 0)
(2.2956 -0.0874387 0)
(2.31436 -0.083664 0)
(2.32995 -0.0837474 0)
(2.34367 -0.0934477 0)
(2.35616 -0.106495 0)
(2.36751 -0.111599 0)
(2.38186 -0.109367 0)
(2.40165 -0.10602 0)
(2.42321 -0.100147 0)
(2.44437 -0.0947979 0)
(2.46417 -0.0881315 0)
(2.47905 -0.0802854 0)
(2.48709 -0.0796882 0)
(2.49435 -0.0906199 0)
(2.49851 -0.102919 0)
(2.49996 -0.108101 0)
(2.51362 -0.106616 0)
(2.53375 -0.101189 0)
(2.55521 -0.0972066 0)
(2.57668 -0.099591 0)
(2.59435 -0.0988158 0)
(2.60774 -0.0898709 0)
(2.61425 -0.080501 0)
(2.6114 -0.0857369 0)
(2.59635 -0.0484633 0)
(2.57337 0.00434245 0)
(2.52304 0.0930768 0)
(2.43516 0.247917 0)
(2.40696 0.29063 0)
(2.39292 0.332036 0)
(2.39194 0.347675 0)
(2.3903 0.341438 0)
(2.37704 0.311812 0)
(2.34983 0.246969 0)
(2.32201 0.162185 0)
(2.31036 0.104845 0)
(2.24147 0.0339393 0)
(2.20578 -0.036417 0)
(2.22356 -0.0715786 0)
(2.23443 -0.0853011 0)
(2.25098 -0.0802955 0)
(2.26896 -0.0610559 0)
(2.28403 -0.0482581 0)
(2.29755 -0.0487881 0)
(2.30121 -0.0443274 0)
(2.29109 -0.0404839 0)
(2.28783 -0.0406094 0)
(2.30295 -0.043787 0)
(2.31726 -0.0480272 0)
(2.33123 -0.0535627 0)
(2.34332 -0.0544016 0)
(2.36523 -0.0537926 0)
(2.44794 -0.787104 0)
(2.58012 -0.667502 0)
(2.71071 -0.482592 0)
(2.80617 -0.269996 0)
(2.85956 -0.137493 0)
(2.89661 -0.0326919 0)
(2.93354 0.0966272 0)
(2.93879 0.17299 0)
(2.97697 0.15921 0)
(2.98665 0.117012 0)
(2.97534 0.13962 0)
(2.96198 0.141003 0)
(2.96437 0.0999054 0)
(2.96135 0.0524826 0)
(2.9488 0.0356772 0)
(2.93076 0.0314008 0)
(2.93778 0.0219509 0)
(2.93943 0.0152441 0)
(2.93519 0.00274341 0)
(2.92944 -0.00906411 0)
(2.92477 -0.0172702 0)
(2.92289 -0.0168519 0)
(2.91155 0.0134803 0)
(2.73169 0.257378 0)
(2.54411 0.521511 0)
(2.36915 0.774255 0)
(2.29627 0.731711 0)
(2.20306 0.531739 0)
(2.07527 0.203029 0)
(1.91216 -0.0592454 0)
(1.87272 -0.135828 0)
(1.90763 -0.110262 0)
(1.96892 -0.0787424 0)
(2.01983 -0.0483775 0)
(2.05164 -0.0293246 0)
(2.08087 -0.0310554 0)
(2.1062 -0.0410817 0)
(2.12578 -0.0479841 0)
(2.14791 -0.0520739 0)
(2.172 -0.0531782 0)
(2.19828 -0.0515037 0)
(2.22738 -0.0516836 0)
(2.25611 -0.0535375 0)
(2.28103 -0.0544517 0)
(2.30152 -0.050954 0)
(2.31846 -0.0442373 0)
(2.3329 -0.0418834 0)
(2.34589 -0.0492534 0)
(2.35577 -0.0620337 0)
(2.36529 -0.071477 0)
(2.38457 -0.0688573 0)
(2.4085 -0.0614334 0)
(2.43344 -0.0568696 0)
(2.4581 -0.0561278 0)
(2.47827 -0.0543903 0)
(2.49052 -0.0462197 0)
(2.49283 -0.0355767 0)
(2.48975 -0.0391566 0)
(2.48855 -0.0578067 0)
(2.49794 -0.0672882 0)
(2.51712 -0.0633064 0)
(2.53777 -0.0580189 0)
(2.56044 -0.0545398 0)
(2.58423 -0.0570104 0)
(2.60278 -0.0570102 0)
(2.61831 -0.0520896 0)
(2.62803 -0.0485604 0)
(2.63132 -0.0546468 0)
(2.6244 -0.0431935 0)
(2.60593 -0.00315679 0)
(2.59113 0.0186232 0)
(2.55217 0.0789651 0)
(2.48002 0.208815 0)
(2.44557 0.260338 0)
(2.41414 0.323754 0)
(2.35427 0.284933 0)
(2.2989 0.200951 0)
(2.2627 0.0903504 0)
(2.21821 -0.0100942 0)
(2.17783 -0.0159159 0)
(2.15983 -0.0219 0)
(2.16579 -0.048978 0)
(2.19344 -0.0618839 0)
(2.21515 -0.0565864 0)
(2.23777 -0.0394875 0)
(2.25838 -0.0239936 0)
(2.28204 -0.0246237 0)
(2.29803 -0.0284471 0)
(2.30026 -0.0235132 0)
(2.28677 -0.0188744 0)
(2.28407 -0.0224378 0)
(2.30049 -0.0251291 0)
(2.31624 -0.0275679 0)
(2.33098 -0.0295414 0)
(2.343 -0.0289583 0)
(2.3632 -0.0286735 0)
(2.42715 -0.826881 0)
(2.51295 -0.819114 0)
(2.66426 -0.687254 0)
(2.77397 -0.654839 0)
(2.85695 -0.559092 0)
(2.90599 -0.339295 0)
(2.94162 -0.267594 0)
(2.97298 -0.11824 0)
(3.01185 -0.00825617 0)
(3.025 0.0318674 0)
(3.00252 0.0660573 0)
(2.98481 0.0696215 0)
(2.97809 0.0550321 0)
(2.97202 0.0464219 0)
(2.9614 0.0412296 0)
(2.95877 0.0393242 0)
(2.96956 0.0346025 0)
(2.97001 0.0326346 0)
(2.96369 0.0234028 0)
(2.94993 0.0145965 0)
(2.93473 0.00691724 0)
(2.94049 -0.00273677 0)
(2.94298 -0.00359 0)
(2.92023 0.0201766 0)
(2.75764 0.141296 0)
(2.44425 0.405451 0)
(2.24242 0.425566 0)
(2.04623 0.421436 0)
(1.88705 0.249924 0)
(1.80918 0.117697 0)
(1.83708 0.0135363 0)
(1.92226 -0.0234639 0)
(1.9956 -0.0288999 0)
(2.02265 -0.0308047 0)
(2.03566 -0.0243485 0)
(2.05319 -0.0205863 0)
(2.0792 -0.0225108 0)
(2.10552 -0.0263033 0)
(2.12951 -0.0268285 0)
(2.15504 -0.025127 0)
(2.18394 -0.0236309 0)
(2.2141 -0.0238005 0)
(2.24119 -0.0258159 0)
(2.26279 -0.027649 0)
(2.28025 -0.0260975 0)
(2.29584 -0.0230271 0)
(2.30985 -0.0231109 0)
(2.32091 -0.028406 0)
(2.32713 -0.0344601 0)
(2.34103 -0.0347246 0)
(2.36707 -0.031116 0)
(2.39331 -0.0286564 0)
(2.4205 -0.027997 0)
(2.44391 -0.0290077 0)
(2.45973 -0.0285443 0)
(2.46811 -0.0249192 0)
(2.46915 -0.0236166 0)
(2.46257 -0.0289144 0)
(2.46242 -0.0342892 0)
(2.47976 -0.0343979 0)
(2.50147 -0.0324035 0)
(2.52355 -0.0293787 0)
(2.54776 -0.0277078 0)
(2.57168 -0.0281538 0)
(2.58938 -0.0278965 0)
(2.60181 -0.0238133 0)
(2.61136 -0.0224417 0)
(2.61454 -0.0273095 0)
(2.60318 -0.031667 0)
(2.5992 -0.0285667 0)
(2.60083 -0.0249196 0)
(2.59463 -0.0153303 0)
(2.56098 0.0249844 0)
(2.47859 0.0759359 0)
(2.3554 0.137922 0)
(2.30409 0.18081 0)
(2.2768 0.15594 0)
(2.22312 0.0949831 0)
(2.16551 0.0716341 0)
(2.14338 0.0535532 0)
(2.1544 0.0228496 0)
(2.16883 -0.0150593 0)
(2.18155 -0.0280136 0)
(2.1978 -0.027518 0)
(2.22178 -0.0202435 0)
(2.25033 -0.0113242 0)
(2.27366 -0.0116907 0)
(2.28952 -0.0148267 0)
(2.2892 -0.0150392 0)
(2.27198 -0.0143464 0)
(2.2724 -0.015515 0)
(2.28696 -0.0162715 0)
(2.30109 -0.0164796 0)
(2.31537 -0.016259 0)
(2.32769 -0.014979 0)
(2.34951 -0.0142936 0)
)
;

boundaryField
{
    inlet
    {
        type            fixedValue;
        value           uniform (3 0 0);
    }
    outlet
    {
        type            inletOutlet;
        inletValue      uniform (3 0 0);
        value           nonuniform List<vector> 
32
(
(2.3441 0.0151014 0)
(2.35769 0.0193665 0)
(2.35831 0.0419751 0)
(2.36743 0.0608383 0)
(2.36306 0.078916 0)
(2.36014 0.100456 0)
(2.35467 0.122535 0)
(2.3581 0.142773 0)
(2.35782 0.16523 0)
(2.35726 0.190839 0)
(2.36007 0.211031 0)
(2.37324 0.234575 0)
(2.40388 0.222853 0)
(2.46111 0.170059 0)
(2.52852 0.0788716 0)
(2.56016 0.0172721 0)
(2.56569 -0.00862455 0)
(2.52551 -0.0837833 0)
(2.44013 -0.169032 0)
(2.36711 -0.212225 0)
(2.3341 -0.20609 0)
(2.32184 -0.19501 0)
(2.32665 -0.179033 0)
(2.33809 -0.16318 0)
(2.34969 -0.148309 0)
(2.36136 -0.136298 0)
(2.37193 -0.117449 0)
(2.37169 -0.0923955 0)
(2.37596 -0.0727678 0)
(2.36523 -0.0537926 0)
(2.3632 -0.0286735 0)
(2.34951 -0.0142936 0)
)
;
    }
    bottom
    {
        type            symmetryPlane;
    }
    top
    {
        type            symmetryPlane;
    }
    obstacle
    {
        type            slip;
    }
    defaultFaces
    {
        type            empty;
    }
}


// ************************************************************************* //
