/*--------------------------------*- C++ -*----------------------------------*\
  =========                 |
  \\      /  F ield         | OpenFOAM: The Open Source CFD Toolbox
   \\    /   O peration     | Website:  https://openfoam.org
    \\  /    A nd           | Version:  7
     \\/     M anipulation  |
\*---------------------------------------------------------------------------*/
FoamFile
{
    version     2.0;
    format      ascii;
    class       volVectorField;
    location    "3.9";
    object      U;
}
// * * * * * * * * * * * * * * * * * * * * * * * * * * * * * * * * * * * * * //

dimensions      [0 1 -1 0 0 0 0];

internalField   nonuniform List<vector> 
4608
(
(3 -1.78753e-18 0)
(3 -7.30782e-17 0)
(3 1.63588e-16 0)
(3 6.18393e-16 0)
(3 5.90309e-16 0)
(3 5.8148e-16 0)
(3 2.93597e-16 0)
(3 2.95155e-16 0)
(3 -1.66975e-17 0)
(3 -3.2552e-16 0)
(3 -6.92066e-16 0)
(3 -7.89205e-16 0)
(3 -7.3734e-16 0)
(3 -2.4615e-16 0)
(3 1.23747e-16 0)
(3 3.73756e-16 0)
(3 -2.86781e-16 0)
(3 -1.98591e-16 0)
(3 2.99804e-16 0)
(3 2.96642e-16 0)
(3 2.09034e-16 0)
(3 -1.54539e-16 0)
(3 -6.60507e-16 0)
(3 -6.71765e-16 0)
(3 2.94067e-17 0)
(3 -1.06124e-16 0)
(3 5.44827e-16 0)
(3 1.04848e-15 0)
(3 7.33264e-16 0)
(3 4.79681e-16 0)
(3 1.4064e-16 0)
(3 1.21297e-16 0)
(3 1.33982e-16 0)
(3 -7.3813e-16 0)
(3 -1.48304e-15 0)
(3 -1.35684e-15 0)
(3 -7.05896e-16 0)
(3 8.81171e-16 0)
(3 1.9395e-15 0)
(3 1.7801e-15 0)
(3 -7.61701e-17 0)
(3 -3.85843e-16 0)
(3 1.3065e-16 0)
(3 2.67524e-17 0)
(3 -6.4384e-16 0)
(3 -7.76935e-16 0)
(3 -1.82836e-16 0)
(3 -1.19528e-15 0)
(3 -2.47788e-16 0)
(3 -4.0854e-16 0)
(3 -1.60026e-16 0)
(3 -2.52705e-16 0)
(3 -4.99884e-16 0)
(3 -4.89601e-16 0)
(3 4.159e-17 0)
(3 4.13489e-16 0)
(3 8.06649e-16 0)
(3 4.24622e-17 0)
(3 -6.69813e-16 0)
(3 -1.18931e-15 0)
(3 -7.02742e-16 0)
(3 -2.59815e-16 0)
(3 1.49047e-15 0)
(3 1.95217e-15 0)
(3 1.12409e-15 0)
(3 4.89551e-18 0)
(3 -2.89042e-16 0)
(3 -7.28796e-16 0)
(3 -7.2036e-16 0)
(3 -9.51648e-17 0)
(3 4.45025e-16 0)
(3 1.40486e-16 0)
(3 -9.80815e-17 0)
(3 -5.29282e-16 0)
(3 -1.17916e-15 0)
(3 -1.38215e-15 0)
(3 -9.02158e-16 0)
(3 9.99058e-17 0)
(3 1.27994e-16 0)
(3 3.74933e-16 0)
(3 5.59096e-16 0)
(3 1.34125e-16 0)
(3 1.00354e-16 0)
(3 6.75518e-16 0)
(3 5.34281e-16 0)
(3 -2.11707e-17 0)
(3 1.49121e-16 0)
(3 1.27233e-15 0)
(3 1.1779e-15 0)
(3 6.07092e-16 0)
(3 1.98986e-16 0)
(3 -3.75254e-16 0)
(3 -2.91043e-16 0)
(3 -1.26897e-16 0)
(3 -5.59608e-16 0)
(3 -5.09753e-16 0)
(3 1.10067e-16 0)
(3 -1.99822e-16 0)
(3 -4.12308e-16 0)
(3 -1.10331e-16 0)
(3 4.42573e-16 0)
(3 2.56052e-16 0)
(3 -2.8399e-17 0)
(3 -3.85198e-16 0)
(3 -2.32898e-16 0)
(3 5.01187e-16 0)
(3 1.16845e-15 0)
(3 1.25597e-15 0)
(3 5.48607e-16 0)
(3 3.36595e-16 0)
(3 3.66304e-16 0)
(3 4.46231e-16 0)
(3 1.48741e-15 0)
(3 1.20815e-15 0)
(3 2.08476e-16 0)
(3 1.10297e-16 0)
(3 -5.89999e-16 0)
(3 -1.06793e-15 0)
(3 -1.94639e-16 0)
(3 -1.7597e-15 0)
(3 1.67609e-16 0)
(3 1.37409e-16 0)
(3 -5.2014e-17 0)
(3 -4.94292e-17 0)
(3 5.22054e-17 0)
(3 -4.31176e-17 0)
(3 6.6465e-17 0)
(3 3.63481e-18 0)
(3 7.64566e-16 0)
(3 1.50534e-15 0)
(3 1.56368e-15 0)
(3 5.30972e-16 0)
(3 6.94033e-16 0)
(3 8.53004e-16 0)
(3 7.52094e-16 0)
(3 1.21647e-15 0)
(3 1.25835e-15 0)
(3 -1.01116e-16 0)
(3 -9.88471e-16 0)
(3 -4.38224e-16 0)
(3 -1.36973e-15 0)
(3 -2.5698e-15 0)
(3 -2.30175e-15 0)
(3 -2.10353e-15 0)
(3 7.51699e-18 0)
(3 2.96341e-17 0)
(3 -2.82318e-17 0)
(3 -4.37703e-16 0)
(3 -1.10433e-15 0)
(3 -8.06368e-16 0)
(3 -5.21774e-17 0)
(3 4.48212e-16 0)
(3 6.68429e-16 0)
(3 6.26148e-16 0)
(3 2.37924e-16 0)
(3 2.97484e-16 0)
(3 7.5614e-16 0)
(3 2.53968e-16 0)
(3 1.24127e-17 0)
(3 6.33726e-16 0)
(3 -1.3105e-17 0)
(3 -1.18097e-15 0)
(3 -1.26391e-15 0)
(3 -1.52525e-15 0)
(3 -2.40253e-15 0)
(3 -3.16219e-15 0)
(3 -2.54129e-15 0)
(3 -8.82374e-16 0)
(3 -6.0387e-17 0)
(3 2.58252e-16 0)
(3 4.6224e-16 0)
(3 2.90703e-16 0)
(3 1.91121e-16 0)
(3 8.71292e-17 0)
(3 -8.48354e-17 0)
(3 6.30753e-17 0)
(3 -7.89063e-17 0)
(3 -1.41706e-16 0)
(3 -3.94925e-16 0)
(3 2.54894e-16 0)
(3 5.44952e-16 0)
(3 -5.52901e-16 0)
(3 -6.17906e-16 0)
(3 -1.1161e-15 0)
(3 -1.8436e-15 0)
(3 -9.30328e-16 0)
(3 -1.13952e-15 0)
(3 -2.00957e-15 0)
(3 -2.03702e-15 0)
(3 -1.93949e-15 0)
(3 -1.73647e-15 0)
(3 -1.26067e-15 0)
(3 8.57534e-17 0)
(3 8.27935e-17 0)
(3 2.75958e-16 0)
(3 3.80028e-16 0)
(3 4.9736e-16 0)
(3 2.86286e-16 0)
(3 9.68798e-17 0)
(3 -9.37852e-16 0)
(3 -1.32515e-15 0)
(3 -7.10437e-16 0)
(3 2.11205e-16 0)
(3 8.07223e-16 0)
(3 2.21993e-16 0)
(3 -2.80598e-16 0)
(3 -9.95858e-16 0)
(3 -1.99718e-15 0)
(3 -1.69455e-15 0)
(3 -9.66586e-16 0)
(3 -1.16282e-15 0)
(3 -1.32051e-15 0)
(3 -6.61423e-16 0)
(3 -1.50214e-16 0)
(3 -8.17137e-16 0)
(3 -2.75416e-15 0)
(3 -2.12476e-16 0)
(3 -2.30711e-16 0)
(3 -1.12497e-17 0)
(3 7.85927e-17 0)
(3 -1.11855e-16 0)
(3 -4.30879e-16 0)
(3 -7.41352e-16 0)
(3 -1.38383e-15 0)
(3 -1.20427e-15 0)
(3 -6.88609e-16 0)
(3 -3.22254e-16 0)
(3 -4.58657e-17 0)
(3 -4.98445e-16 0)
(3 -5.77859e-16 0)
(3 -6.5419e-16 0)
(3 -6.39083e-16 0)
(3 -6.3951e-16 0)
(3 -8.00692e-16 0)
(3 -8.86358e-16 0)
(3 -4.07278e-16 0)
(3 1.7168e-16 0)
(3 -1.67922e-16 0)
(3 -9.30813e-16 0)
(3 -2.1913e-15 0)
(3 5.3822e-17 0)
(3 3.0516e-16 0)
(3 8.98703e-17 0)
(3 1.6631e-16 0)
(3 -1.15426e-16 0)
(3 -1.68577e-16 0)
(3 -1.89206e-17 0)
(3 3.15567e-16 0)
(3 9.03198e-16 0)
(3 5.54596e-16 0)
(3 1.70115e-16 0)
(3 -8.7201e-16 0)
(3 -1.13826e-15 0)
(3 -1.13959e-15 0)
(3 -8.10012e-16 0)
(3 -3.13537e-16 0)
(3 1.55196e-16 0)
(3 9.46315e-17 0)
(3 -6.72643e-16 0)
(3 1.53352e-16 0)
(3 3.64184e-16 0)
(3 -2.26263e-16 0)
(3 -1.01386e-15 0)
(3 -1.37816e-15 0)
(3 1.68409e-16 0)
(3 6.67882e-17 0)
(3 -4.26174e-16 0)
(3 -5.98979e-16 0)
(3 -6.16876e-16 0)
(3 -5.42679e-16 0)
(3 -3.27794e-16 0)
(3 2.26069e-16 0)
(3 1.0823e-16 0)
(3 9.90237e-17 0)
(3 -1.91184e-16 0)
(3 -7.35259e-16 0)
(3 -4.9299e-16 0)
(3 -4.80155e-16 0)
(3 -6.26572e-16 0)
(3 -1.28892e-17 0)
(3 7.29435e-16 0)
(3 6.62961e-16 0)
(3 -7.99055e-16 0)
(3 -1.71294e-15 0)
(3 -1.96087e-15 0)
(3 -1.64369e-15 0)
(3 -1.4993e-15 0)
(3 -1.83916e-15 0)
(3 -9.79174e-18 0)
(3 -1.12449e-17 0)
(3 5.38831e-17 0)
(3 -4.13665e-16 0)
(3 -6.66982e-16 0)
(3 -6.39923e-16 0)
(3 -8.67912e-16 0)
(3 -1.43612e-15 0)
(3 -1.3083e-15 0)
(3 -7.6146e-16 0)
(3 -6.29978e-16 0)
(3 -3.74852e-16 0)
(3 -1.1179e-16 0)
(3 -1.43527e-17 0)
(3 5.81962e-17 0)
(3 -1.56877e-16 0)
(3 1.77724e-17 0)
(3 -9.65255e-16 0)
(3 -2.27517e-15 0)
(3 -2.90237e-15 0)
(3 -2.92079e-15 0)
(3 -2.06787e-15 0)
(3 -1.624e-15 0)
(3 -1.48651e-15 0)
(3 -5.23299e-17 0)
(3 3.92047e-16 0)
(3 4.3613e-16 0)
(3 1.24391e-16 0)
(3 2.54271e-16 0)
(3 4.62975e-16 0)
(3 4.70615e-16 0)
(3 -1.5167e-16 0)
(3 4.66e-16 0)
(3 4.59083e-16 0)
(3 7.35634e-16 0)
(3 3.89251e-16 0)
(3 -3.27629e-16 0)
(3 4.57622e-17 0)
(3 -7.87541e-17 0)
(3 -7.10884e-16 0)
(3 -1.42378e-15 0)
(3 -1.40109e-15 0)
(3 -1.05303e-15 0)
(3 -7.15856e-16 0)
(3 -8.25808e-17 0)
(3 -2.7702e-16 0)
(3 4.32063e-17 0)
(3 6.73141e-16 0)
(3 -3.94529e-17 0)
(3 1.83082e-16 0)
(3 7.65632e-17 0)
(3 4.64329e-16 0)
(3 6.06827e-16 0)
(3 8.57551e-16 0)
(3 1.09482e-15 0)
(3 1.67978e-15 0)
(3 1.44564e-15 0)
(3 1.57673e-15 0)
(3 1.82126e-15 0)
(3 6.43168e-16 0)
(3 2.59458e-16 0)
(3 -1.609e-16 0)
(3 -6.00552e-16 0)
(3 -9.89142e-16 0)
(3 -1.09317e-15 0)
(3 -7.85164e-16 0)
(3 2.36623e-16 0)
(3 5.92197e-16 0)
(3 1.63407e-15 0)
(3 2.0143e-15 0)
(3 1.3825e-15 0)
(3 9.39802e-16 0)
(3 1.38745e-16 0)
(3 -1.35118e-16 0)
(3 5.30145e-16 0)
(3 1.29327e-15 0)
(3 1.37127e-15 0)
(3 1.18047e-15 0)
(3 1.10919e-15 0)
(3 1.36764e-15 0)
(3 1.13685e-15 0)
(3 4.58653e-16 0)
(3 1.69846e-16 0)
(3 -6.02334e-16 0)
(3 -5.42419e-16 0)
(3 -9.08989e-16 0)
(3 -1.0728e-15 0)
(3 -1.92379e-15 0)
(3 -1.92269e-15 0)
(3 3.64823e-17 0)
(3 7.26947e-16 0)
(3 2.4027e-15 0)
(3 2.78454e-15 0)
(3 3.02291e-15 0)
(3 2.37321e-15 0)
(3 2.03379e-15 0)
(3 2.07957e-17 0)
(3 -2.4e-16 0)
(3 -2.12265e-16 0)
(3 -1.89433e-16 0)
(3 7.06145e-16 0)
(3 1.00075e-15 0)
(3 8.90671e-16 0)
(3 6.61976e-16 0)
(3 5.59591e-16 0)
(3 -5.45643e-16 0)
(3 -1.32509e-15 0)
(3 -1.85061e-15 0)
(3 -2.65898e-15 0)
(3 -1.91591e-15 0)
(3 -1.34502e-15 0)
(3 -1.86755e-15 0)
(3 -2.41533e-15 0)
(3 -2.07448e-15 0)
(3 -3.18034e-16 0)
(3 1.79911e-15 0)
(3 2.23243e-15 0)
(3 2.26802e-15 0)
(3 2.00124e-15 0)
(3 3.3953e-15 0)
(3 -4.81121e-17 0)
(3 -3.21126e-16 0)
(3 -7.2522e-16 0)
(3 -1.13594e-15 0)
(3 -9.26993e-16 0)
(3 -2.09807e-16 0)
(3 6.18655e-16 0)
(3 5.49488e-16 0)
(3 -5.25268e-16 0)
(3 -1.32452e-15 0)
(3 -2.17125e-15 0)
(3 -1.47951e-15 0)
(3 -1.77097e-15 0)
(3 -1.52027e-15 0)
(3 -1.42066e-15 0)
(3 -6.57814e-16 0)
(3 -2.92909e-16 0)
(3 -6.18359e-16 0)
(3 -4.20698e-16 0)
(3 -5.62017e-16 0)
(3 -5.15016e-16 0)
(3 9.218e-16 0)
(3 1.65079e-15 0)
(3 2.66269e-15 0)
(3 -1.01182e-17 0)
(3 9.78282e-18 0)
(3 2.39799e-16 0)
(3 5.18982e-18 0)
(3 -1.40712e-16 0)
(3 -3.40259e-16 0)
(3 -8.93893e-17 0)
(3 -8.57488e-16 0)
(3 -1.03221e-15 0)
(3 -1.26745e-15 0)
(3 -9.14834e-16 0)
(3 1.64876e-16 0)
(3 1.01714e-16 0)
(3 -3.00264e-16 0)
(3 -6.20931e-16 0)
(3 -2.66343e-16 0)
(3 1.29723e-15 0)
(3 1.4714e-15 0)
(3 3.18059e-16 0)
(3 1.88823e-16 0)
(3 2.97379e-16 0)
(3 8.14091e-16 0)
(3 1.45409e-15 0)
(3 1.26332e-15 0)
(3 4.63311e-17 0)
(3 3.8061e-16 0)
(3 8.45529e-16 0)
(3 6.57782e-16 0)
(3 6.88004e-17 0)
(3 -6.51404e-16 0)
(3 -1.31269e-15 0)
(3 -1.80678e-15 0)
(3 -1.53206e-15 0)
(3 -5.66999e-16 0)
(3 9.40552e-16 0)
(3 8.29257e-16 0)
(3 9.4195e-16 0)
(3 6.97924e-16 0)
(3 5.27943e-16 0)
(3 5.12571e-16 0)
(3 5.61269e-16 0)
(3 9.99326e-16 0)
(3 9.89869e-16 0)
(3 8.05171e-16 0)
(3 1.21207e-15 0)
(3 1.00545e-15 0)
(3 2.70299e-16 0)
(3 3.51486e-17 0)
(3 -1.68299e-16 0)
(3 -1.21928e-16 0)
(3 2.29906e-17 0)
(3 7.17844e-17 0)
(3 -4.84143e-16 0)
(3 -8.78836e-16 0)
(3 -6.23424e-16 0)
(3 -1.5154e-16 0)
(3 1.2259e-16 0)
(3 2.76337e-16 0)
(3 3.171e-16 0)
(3 4.75955e-16 0)
(3 1.26855e-15 0)
(3 1.82282e-15 0)
(3 2.27577e-15 0)
(3 2.58445e-15 0)
(3 1.58191e-15 0)
(3 1.45964e-15 0)
(3 9.5775e-16 0)
(3 -4.97921e-16 0)
(3 -5.68427e-16 0)
(3 -2.78284e-16 0)
(3 -7.67252e-16 0)
(3 -1.23159e-15 0)
(3 -3.86651e-16 0)
(3 -7.10745e-16 0)
(3 -7.37099e-16 0)
(3 -6.01398e-16 0)
(3 -6.8712e-16 0)
(3 -4.6258e-16 0)
(3 2.698e-16 0)
(3 6.1561e-16 0)
(3 6.22643e-16 0)
(3 5.45957e-16 0)
(3 7.01519e-16 0)
(3 1.06678e-15 0)
(3 1.42662e-15 0)
(3 2.14389e-15 0)
(3 2.17192e-15 0)
(3 1.5482e-15 0)
(3 1.03887e-15 0)
(3 5.03828e-16 0)
(3 3.18142e-16 0)
(3 -6.13783e-16 0)
(3 -2.06522e-15 0)
(3 -2.05625e-15 0)
(3 -2.21506e-15 0)
(3 -2.21298e-15 0)
(3 -1.17515e-16 0)
(3 -3.2621e-16 0)
(3 -9.18545e-16 0)
(3 -1.00973e-15 0)
(3 -7.19703e-16 0)
(3 -6.83085e-16 0)
(3 -6.48676e-16 0)
(3 -3.19345e-16 0)
(3 2.67797e-17 0)
(3 1.79434e-16 0)
(3 6.14004e-16 0)
(3 7.33483e-16 0)
(3 7.6624e-16 0)
(3 7.29318e-16 0)
(3 5.45737e-16 0)
(3 7.63643e-16 0)
(3 1.0905e-15 0)
(3 1.74181e-16 0)
(3 -1.15314e-16 0)
(3 2.75376e-17 0)
(3 -3.16388e-16 0)
(3 -7.0343e-16 0)
(3 -1.20078e-15 0)
(3 -1.23381e-15 0)
(3 5.02697e-17 0)
(3 -2.90035e-17 0)
(3 4.79626e-17 0)
(3 3.00502e-17 0)
(3 -7.05125e-17 0)
(3 -2.67413e-16 0)
(3 -9.13138e-16 0)
(3 -9.01124e-16 0)
(3 -1.4522e-16 0)
(3 6.24312e-17 0)
(3 9.57251e-17 0)
(3 5.22358e-16 0)
(3 9.24885e-16 0)
(3 2.1351e-16 0)
(3 1.61791e-16 0)
(3 1.21193e-15 0)
(3 1.42608e-15 0)
(3 7.62899e-16 0)
(3 3.55161e-16 0)
(3 1.01974e-15 0)
(3 9.83148e-16 0)
(3 2.57405e-16 0)
(3 -7.33196e-16 0)
(3 -1.81719e-15 0)
(3 3.44304e-16 0)
(3 6.10405e-16 0)
(3 7.13592e-16 0)
(3 1.07097e-15 0)
(3 1.01488e-15 0)
(3 1.23403e-15 0)
(3 1.10246e-15 0)
(3 5.76112e-16 0)
(3 3.36866e-16 0)
(3 3.49757e-16 0)
(3 2.92093e-16 0)
(3 1.74812e-16 0)
(3 1.84839e-16 0)
(3 1.56311e-16 0)
(3 1.81402e-17 0)
(3 -4.52266e-16 0)
(3 -4.1668e-16 0)
(3 4.02511e-16 0)
(3 7.99136e-16 0)
(3 6.94549e-16 0)
(3 1.57424e-16 0)
(3 -1.809e-15 0)
(3 -2.35001e-15 0)
(3 -2.22111e-15 0)
(3 2.27039e-16 0)
(3 6.40343e-16 0)
(3 7.96528e-16 0)
(3 1.14634e-15 0)
(3 1.36568e-15 0)
(3 1.33109e-15 0)
(3 1.81475e-15 0)
(3 1.55718e-15 0)
(3 1.48883e-15 0)
(3 1.21695e-15 0)
(3 1.52674e-15 0)
(3 9.66151e-16 0)
(3 9.37073e-17 0)
(3 1.58144e-16 0)
(3 -4.46929e-16 0)
(3 -8.43303e-16 0)
(3 -1.84719e-16 0)
(3 1.5757e-15 0)
(3 2.20212e-15 0)
(3 1.2354e-15 0)
(3 1.50489e-16 0)
(3 -3.71245e-16 0)
(3 -3.46105e-16 0)
(3 -7.95632e-16 0)
(3 2.7525e-17 0)
(3 8.19687e-17 0)
(3 5.05017e-16 0)
(3 -8.55817e-17 0)
(3 8.9116e-17 0)
(3 2.24519e-16 0)
(3 4.28537e-16 0)
(3 7.31141e-16 0)
(3 5.69724e-16 0)
(3 1.35204e-15 0)
(3 1.06609e-15 0)
(3 7.84173e-16 0)
(3 3.00986e-16 0)
(3 2.96009e-16 0)
(3 -2.40668e-17 0)
(3 7.67128e-17 0)
(3 1.35854e-15 0)
(3 2.08761e-15 0)
(3 2.10213e-15 0)
(3 1.29142e-15 0)
(3 4.81395e-16 0)
(3 4.6385e-16 0)
(3 1.38263e-16 0)
(3 1.12761e-15 0)
(3 2.56855e-17 0)
(3 3.64847e-17 0)
(3 -5.80894e-18 0)
(3 -2.69586e-16 0)
(3 -1.45142e-16 0)
(3 -1.38167e-16 0)
(3 -3.93883e-16 0)
(3 -3.45639e-16 0)
(3 -5.08984e-16 0)
(3 -6.45168e-16 0)
(3 -7.0017e-16 0)
(3 -4.08738e-16 0)
(3 1.34867e-16 0)
(3 2.4188e-16 0)
(3 1.45846e-16 0)
(3 2.14395e-16 0)
(3 5.02305e-16 0)
(3 6.04886e-16 0)
(3 -5.69357e-16 0)
(3 -5.21894e-16 0)
(3 4.27735e-16 0)
(3 1.12087e-15 0)
(3 1.66441e-15 0)
(3 1.74039e-15 0)
(3 -1.22458e-16 0)
(3 -3.89096e-16 0)
(3 -8.50912e-16 0)
(3 -6.00956e-16 0)
(3 -6.88583e-16 0)
(3 -1.13152e-15 0)
(3 -1.28398e-15 0)
(3 -1.43483e-15 0)
(3 -7.94809e-16 0)
(3 -1.02932e-15 0)
(3 -7.19551e-17 0)
(3 -1.33942e-16 0)
(3 6.97827e-17 0)
(3 2.02993e-16 0)
(3 -3.574e-16 0)
(3 -8.77401e-16 0)
(3 -1.27374e-15 0)
(3 -1.29025e-15 0)
(3 -1.01041e-15 0)
(3 -1.57023e-15 0)
(3 -3.97288e-17 0)
(3 1.77036e-15 0)
(3 2.73958e-15 0)
(3 1.17176e-15 0)
(3 -6.88433e-17 0)
(3 1.45292e-16 0)
(3 -9.88454e-17 0)
(3 -4.43543e-16 0)
(3 -8.2093e-16 0)
(3 -6.3805e-16 0)
(3 -1.13941e-15 0)
(3 -1.474e-15 0)
(3 -1.21514e-15 0)
(3 -7.01546e-16 0)
(3 -5.28805e-16 0)
(3 -1.17063e-15 0)
(3 -1.929e-15 0)
(3 -1.96615e-15 0)
(3 -9.93633e-16 0)
(3 -6.66263e-16 0)
(3 -6.69363e-16 0)
(3 -1.77662e-15 0)
(3 -1.5835e-15 0)
(3 -6.90241e-16 0)
(3 -3.24109e-16 0)
(3 7.42038e-16 0)
(3 1.65771e-15 0)
(3 1.33928e-15 0)
(3 1.75464e-16 0)
(3 4.05007e-16 0)
(3 1.97385e-16 0)
(3 4.93787e-16 0)
(3 7.37591e-16 0)
(3 7.77619e-16 0)
(3 5.99191e-16 0)
(3 -3.14068e-16 0)
(3 -1.10114e-15 0)
(3 -7.51802e-16 0)
(3 -5.8631e-16 0)
(3 -1.07147e-15 0)
(3 -1.79991e-15 0)
(3 -8.80196e-16 0)
(3 1.15834e-16 0)
(3 6.66761e-16 0)
(3 1.72991e-16 0)
(3 -1.17463e-15 0)
(3 -2.02362e-15 0)
(3 -1.44224e-15 0)
(3 -4.10254e-16 0)
(3 9.99258e-16 0)
(3 1.92931e-15 0)
(3 3.27253e-15 0)
(3 3.73404e-17 0)
(3 -2.7072e-17 0)
(3 -2.71819e-17 0)
(3 3.33165e-16 0)
(3 6.86686e-16 0)
(3 6.02187e-16 0)
(3 7.3483e-16 0)
(3 3.07561e-16 0)
(3 -4.92365e-16 0)
(3 -6.62651e-17 0)
(3 9.36905e-18 0)
(3 -4.51461e-17 0)
(3 -4.19383e-16 0)
(3 5.02413e-17 0)
(3 5.60762e-16 0)
(3 5.05174e-16 0)
(3 -3.2636e-16 0)
(3 -1.06652e-15 0)
(3 -1.42845e-15 0)
(3 -2.00395e-15 0)
(3 -4.39061e-16 0)
(3 2.34554e-17 0)
(3 2.65885e-16 0)
(3 1.96342e-16 0)
(2.93398 0.00864408 0)
(2.84621 0.0690841 0)
(2.75056 0.16411 0)
(2.68386 0.218011 0)
(2.56337 0.366833 0)
(2.51185 0.437886 0)
(2.4186 0.54369 0)
(2.35177 0.6281 0)
(2.31429 0.724138 0)
(2.2559 0.798211 0)
(2.24562 0.85363 0)
(2.28135 0.883829 0)
(2.32959 0.895981 0)
(2.33739 0.887436 0)
(2.34525 0.883216 0)
(2.34704 0.868423 0)
(2.34922 0.855911 0)
(2.34604 0.851127 0)
(2.33968 0.847804 0)
(2.33871 0.847655 0)
(2.34272 0.849321 0)
(2.34328 0.849257 0)
(2.34208 0.84901 0)
(2.33885 0.84966 0)
(2.99895 0.000994922 0)
(2.98948 0.0119888 0)
(2.95898 0.0525697 0)
(2.90627 0.128872 0)
(2.79689 0.279449 0)
(2.69144 0.456306 0)
(2.52175 0.691314 0)
(2.38835 0.900152 0)
(2.2321 1.0615 0)
(2.16752 1.10693 0)
(2.13859 1.04193 0)
(2.1957 0.994472 0)
(2.24748 0.943211 0)
(2.2919 0.902862 0)
(2.33368 0.859483 0)
(2.34873 0.823734 0)
(2.35892 0.828511 0)
(2.35913 0.836689 0)
(2.35329 0.840801 0)
(2.35019 0.841715 0)
(2.34912 0.843008 0)
(2.34944 0.844798 0)
(2.34576 0.84496 0)
(2.34158 0.84643 0)
(3 -1.30413e-06 0)
(3.00001 -3.27306e-05 0)
(2.99993 0.000120152 0)
(2.99996 5.65253e-05 0)
(2.99853 0.00202404 0)
(2.99188 0.0118851 0)
(2.9649 0.0538989 0)
(2.89785 0.175234 0)
(2.78609 0.398187 0)
(2.56566 0.729631 0)
(2.46193 0.84696 0)
(2.33884 0.928228 0)
(2.29434 0.913575 0)
(2.29487 0.899394 0)
(2.30816 0.889568 0)
(2.34119 0.870733 0)
(2.36066 0.860984 0)
(2.36187 0.851864 0)
(2.36137 0.841261 0)
(2.35881 0.841937 0)
(2.35507 0.8432 0)
(2.35284 0.844438 0)
(2.3508 0.845705 0)
(2.34609 0.846666 0)
(3 -6.9235e-08 0)
(3 -5.44771e-07 0)
(3 -3.00186e-07 0)
(3 -5.12824e-07 0)
(3.00001 -8.43549e-06 0)
(2.99999 2.00104e-05 0)
(3.00006 -0.000142116 0)
(2.9992 0.0014168 0)
(2.99117 0.0159784 0)
(2.88686 0.176854 0)
(2.77772 0.413536 0)
(2.44244 0.783419 0)
(2.32512 0.906181 0)
(2.27688 0.942702 0)
(2.28461 0.948303 0)
(2.30113 0.929951 0)
(2.33396 0.893793 0)
(2.35309 0.858032 0)
(2.35918 0.846568 0)
(2.36014 0.839665 0)
(2.35811 0.8412 0)
(2.35557 0.848051 0)
(2.35531 0.852848 0)
(2.35179 0.854874 0)
(3 -5.87427e-12 0)
(3 9.064e-10 0)
(3 -1.62015e-08 0)
(3 -5.56546e-08 0)
(3 -6.78214e-07 0)
(3 -7.78571e-07 0)
(3 -4.41087e-06 0)
(3 -2.83465e-06 0)
(3.00003 -7.52178e-05 0)
(2.99919 0.000998689 0)
(2.98707 0.0198146 0)
(2.86797 0.168046 0)
(2.61641 0.498286 0)
(2.49014 0.700344 0)
(2.30924 0.89389 0)
(2.27904 0.909537 0)
(2.30111 0.892266 0)
(2.31843 0.874124 0)
(2.34381 0.866376 0)
(2.35141 0.856623 0)
(2.35744 0.844064 0)
(2.35667 0.845009 0)
(2.35518 0.848994 0)
(2.35039 0.859076 0)
(3 1.28158e-11 0)
(3 7.8928e-12 0)
(3 5.30103e-11 0)
(3 -3.99575e-10 0)
(3 6.4781e-10 0)
(3 -5.83219e-08 0)
(3 -9.21562e-08 0)
(3 -2.33569e-07 0)
(3 -6.5591e-06 0)
(3 -6.29599e-06 0)
(3.00002 -5.45876e-05 0)
(2.99847 0.00191691 0)
(2.97047 0.038755 0)
(2.85101 0.208213 0)
(2.50046 0.618412 0)
(2.39309 0.74988 0)
(2.31684 0.859555 0)
(2.29523 0.888574 0)
(2.3059 0.884944 0)
(2.32527 0.866853 0)
(2.34224 0.840892 0)
(2.34652 0.837488 0)
(2.34782 0.839117 0)
(2.34795 0.840908 0)
(3 -1.80499e-14 0)
(3 3.87738e-13 0)
(3 4.09905e-12 0)
(3 1.27139e-11 0)
(3 2.35501e-11 0)
(3 -2.55065e-10 0)
(3 -1.52301e-10 0)
(3 -1.43672e-09 0)
(3 -1.81189e-08 0)
(3 -4.27667e-07 0)
(3 -7.82882e-06 0)
(3 -5.14048e-06 0)
(2.99999 4.45451e-06 0)
(2.99645 0.00488549 0)
(2.92487 0.0931059 0)
(2.79588 0.292054 0)
(2.41586 0.724286 0)
(2.33115 0.828318 0)
(2.31314 0.853331 0)
(2.30987 0.853108 0)
(2.31513 0.845486 0)
(2.32996 0.839509 0)
(2.33922 0.839306 0)
(2.34145 0.837483 0)
(3 -2.27806e-15 0)
(3 -2.26502e-15 0)
(3 7.63466e-14 0)
(3 1.24764e-12 0)
(3 5.89394e-12 0)
(3 7.19648e-12 0)
(3 8.66029e-12 0)
(3 4.09347e-12 0)
(3 1.76562e-10 0)
(3 -1.23639e-09 0)
(3 -3.17827e-08 0)
(3 -6.02052e-07 0)
(3 -1.09858e-06 0)
(3.00001 -2.41352e-05 0)
(2.99949 0.000875912 0)
(2.99054 0.0154757 0)
(2.8476 0.193654 0)
(2.69326 0.431607 0)
(2.40586 0.753483 0)
(2.28531 0.904689 0)
(2.27715 0.867354 0)
(2.31053 0.850366 0)
(2.31895 0.848299 0)
(2.32575 0.843445 0)
(3 -1.70994e-15 0)
(3 -2.09762e-15 0)
(3 -4.13403e-15 0)
(3 3.52937e-15 0)
(3 1.05565e-13 0)
(3 8.76747e-13 0)
(3 1.93915e-12 0)
(3 1.8282e-12 0)
(3 1.59842e-11 0)
(3 1.54755e-11 0)
(3 3.39643e-10 0)
(3 -3.7452e-09 0)
(3 -8.85328e-08 0)
(3 -3.84778e-06 0)
(3 -2.96438e-06 0)
(3.00001 -2.83249e-05 0)
(2.99639 0.00586709 0)
(2.9687 0.0542506 0)
(2.72876 0.357648 0)
(2.52364 0.636997 0)
(2.41038 0.768893 0)
(2.33413 0.837994 0)
(2.31125 0.851226 0)
(2.31064 0.844756 0)
(3 -1.67243e-15 0)
(3 -9.40012e-16 0)
(3 -1.48735e-15 0)
(3 -2.11082e-15 0)
(3 -2.40137e-15 0)
(3 6.29146e-15 0)
(3 4.80192e-14 0)
(3 1.47103e-13 0)
(3 4.53323e-13 0)
(3 2.20006e-12 0)
(3 4.49522e-11 0)
(3 3.29027e-11 0)
(3 -8.62524e-11 0)
(3 -5.00625e-08 0)
(3 -4.99746e-07 0)
(3 -2.39189e-06 0)
(3.00001 -1.34065e-05 0)
(2.99966 0.000572612 0)
(2.9802 0.028873 0)
(2.88998 0.171285 0)
(2.59748 0.569609 0)
(2.39779 0.804171 0)
(2.34389 0.824158 0)
(2.32544 0.826797 0)
(3 -1.45886e-15 0)
(3 -1.09554e-15 0)
(3 -9.97245e-16 0)
(3 -1.22319e-15 0)
(3 -1.48968e-15 0)
(3 -1.52684e-15 0)
(3 -1.81178e-15 0)
(3 1.39025e-16 0)
(3 -6.81746e-16 0)
(3 1.4441e-14 0)
(3 8.32427e-13 0)
(3 4.45009e-12 0)
(3 6.53369e-12 0)
(3 1.51726e-10 0)
(3 -1.87605e-08 0)
(3 -9.37426e-08 0)
(3 -1.77937e-06 0)
(3 -4.5577e-06 0)
(2.99989 0.000199661 0)
(2.99623 0.00731755 0)
(2.91477 0.125379 0)
(2.7325 0.399851 0)
(2.49784 0.689826 0)
(2.33308 0.893337 0)
(3 -2.09196e-15 0)
(3 -1.5037e-15 0)
(3 -1.04778e-15 0)
(3 -7.83885e-16 0)
(3 -3.26484e-16 0)
(3 -6.35222e-16 0)
(3 -1.81426e-15 0)
(3 -2.01428e-15 0)
(3 -5.33094e-16 0)
(3 6.6187e-16 0)
(3 4.4873e-15 0)
(3 -4.70318e-15 0)
(3 1.49506e-12 0)
(3 8.0905e-12 0)
(3 7.97777e-11 0)
(3 -1.33808e-09 0)
(3 -1.85675e-08 0)
(3 -1.15061e-06 0)
(3 -9.94595e-07 0)
(2.99999 -4.4532e-08 0)
(2.99752 0.00424074 0)
(2.96806 0.0592744 0)
(2.79162 0.326005 0)
(2.50734 0.714626 0)
(3 -8.14963e-16 0)
(3 -6.5459e-16 0)
(3 4.71152e-16 0)
(3 1.3794e-15 0)
(3 2.37977e-15 0)
(3 1.56354e-15 0)
(3 -7.80908e-16 0)
(3 -4.28317e-16 0)
(3 1.26243e-15 0)
(3 1.69028e-15 0)
(3 3.45613e-16 0)
(3 8.3367e-16 0)
(3 -8.62692e-16 0)
(3 3.92077e-13 0)
(3 7.9922e-12 0)
(3 2.59672e-11 0)
(3 -2.49489e-12 0)
(3 -2.31367e-08 0)
(3 -4.35345e-07 0)
(3 -5.70029e-07 0)
(3 -4.03687e-06 0)
(2.99936 0.00137006 0)
(2.98034 0.0341327 0)
(2.83406 0.257286 0)
(3 8.11402e-16 0)
(3 8.11763e-17 0)
(3 2.14439e-16 0)
(3 1.5639e-15 0)
(3 2.57676e-15 0)
(3 2.50984e-15 0)
(3 1.69334e-15 0)
(3 1.82719e-15 0)
(3 1.62144e-15 0)
(3 7.0164e-16 0)
(3 -1.05733e-16 0)
(3 5.74298e-16 0)
(3 -8.46199e-16 0)
(3 -1.05056e-15 0)
(3 7.43249e-13 0)
(3 8.30651e-12 0)
(3 8.26892e-12 0)
(3 -5.1187e-11 0)
(3 -1.77367e-08 0)
(3 -1.91288e-07 0)
(3 -2.46651e-07 0)
(3 -5.05154e-07 0)
(2.99968 0.000612548 0)
(2.98919 0.0203457 0)
(3 2.21423e-17 0)
(3 -3.52922e-16 0)
(3 -4.13181e-16 0)
(3 1.10918e-15 0)
(3 1.47713e-15 0)
(3 2.04919e-15 0)
(3 2.32069e-15 0)
(3 2.47756e-15 0)
(3 1.74694e-15 0)
(3 1.12828e-15 0)
(3 1.30025e-15 0)
(3 8.28858e-16 0)
(3 -7.03963e-16 0)
(3 -2.42022e-15 0)
(3 1.54088e-15 0)
(3 4.36607e-13 0)
(3 2.54496e-12 0)
(3 2.18336e-12 0)
(3 -9.7889e-11 0)
(3 -1.39106e-08 0)
(3 -5.79875e-08 0)
(3 -6.59442e-08 0)
(3 -4.17573e-06 0)
(2.99997 4.36341e-05 0)
(3 1.73373e-15 0)
(3 1.78866e-15 0)
(3 2.27503e-15 0)
(3 2.41834e-15 0)
(3 2.313e-15 0)
(3 2.33904e-15 0)
(3 2.50356e-15 0)
(3 2.15369e-15 0)
(3 1.78117e-15 0)
(3 2.54604e-15 0)
(3 2.56971e-15 0)
(3 7.96784e-16 0)
(3 -1.01141e-16 0)
(3 3.0141e-16 0)
(3 9.11718e-16 0)
(3 2.57268e-15 0)
(3 1.08768e-13 0)
(3 4.11582e-13 0)
(3 9.03906e-13 0)
(3 -1.78833e-10 0)
(3 -1.19789e-09 0)
(3 -6.40606e-08 0)
(3 -9.27025e-07 0)
(3 6.68057e-07 0)
(3 3.93886e-15 0)
(3 3.68575e-15 0)
(3 4.42586e-15 0)
(3 4.20976e-15 0)
(3 4.31738e-15 0)
(3 3.89618e-15 0)
(3 2.16835e-15 0)
(3 4.49634e-16 0)
(3 2.59351e-16 0)
(3 1.32425e-15 0)
(3 2.00835e-15 0)
(3 1.70525e-15 0)
(3 1.5587e-15 0)
(3 2.46723e-15 0)
(3 3.20676e-15 0)
(3 9.64701e-17 0)
(3 -2.87388e-14 0)
(3 -7.81419e-13 0)
(3 -3.20814e-13 0)
(3 1.42059e-11 0)
(3 7.35934e-09 0)
(3 2.31238e-08 0)
(3 9.23408e-08 0)
(3 4.98199e-06 0)
(3 3.44863e-15 0)
(3 3.73719e-15 0)
(3 3.63907e-15 0)
(3 3.91975e-15 0)
(3 3.35697e-15 0)
(3 1.54109e-15 0)
(3 2.85105e-16 0)
(3 -3.71266e-16 0)
(3 -9.65661e-16 0)
(3 -1.35724e-15 0)
(3 -1.30886e-15 0)
(3 -7.57039e-16 0)
(3 1.6857e-15 0)
(3 2.3564e-15 0)
(3 -6.40085e-16 0)
(3 -4.43661e-13 0)
(3 -1.95368e-12 0)
(3 -2.1604e-12 0)
(3 3.38666e-11 0)
(3 5.34154e-09 0)
(3 4.39819e-08 0)
(3 4.77228e-07 0)
(3 -6.90189e-06 0)
(3.00001 3.79822e-05 0)
(3 1.54571e-15 0)
(3 1.65894e-15 0)
(3 1.29866e-16 0)
(3 -1.37534e-15 0)
(3 -1.38495e-15 0)
(3 -6.89733e-16 0)
(3 -4.49924e-16 0)
(3 -7.68906e-16 0)
(3 -1.68456e-15 0)
(3 -2.31554e-15 0)
(3 -2.05076e-15 0)
(3 -7.06625e-16 0)
(3 6.57399e-16 0)
(3 -2.03339e-15 0)
(3 -8.74517e-13 0)
(3 -8.37409e-12 0)
(3 -7.02204e-12 0)
(3 -2.64003e-12 0)
(3 2.38481e-08 0)
(3 1.21941e-07 0)
(3 1.88226e-07 0)
(3 2.67982e-06 0)
(2.99958 -0.000836714 0)
(2.9924 -0.0154921 0)
(3 -2.57889e-17 0)
(3 1.43058e-17 0)
(3 -1.38423e-15 0)
(3 -1.80248e-15 0)
(3 -1.938e-15 0)
(3 -1.33718e-15 0)
(3 -8.43068e-16 0)
(3 -2.56559e-17 0)
(3 1.21309e-15 0)
(3 8.93133e-16 0)
(3 1.62296e-15 0)
(3 -2.00929e-16 0)
(3 -2.22512e-16 0)
(3 -3.74894e-13 0)
(3 -8.35189e-12 0)
(3 -2.95559e-11 0)
(3 4.80766e-11 0)
(3 2.39209e-08 0)
(3 5.67533e-07 0)
(3 5.71104e-07 0)
(3 -1.06901e-06 0)
(2.99942 -0.0011404 0)
(2.97864 -0.0377777 0)
(2.85345 -0.233262 0)
(3 -1.43788e-15 0)
(3 -1.0849e-15 0)
(3 -2.25584e-16 0)
(3 -4.92035e-18 0)
(3 -2.86757e-16 0)
(3 3.78939e-17 0)
(3 1.00207e-15 0)
(3 2.24878e-15 0)
(3 2.18036e-15 0)
(3 1.64166e-15 0)
(3 2.20056e-16 0)
(3 1.16492e-14 0)
(3 -1.52137e-12 0)
(3 -7.69866e-12 0)
(3 -8.99902e-11 0)
(3 1.44906e-09 0)
(3 1.72468e-08 0)
(3 1.11459e-06 0)
(3 1.81089e-06 0)
(2.99999 -7.14909e-06 0)
(2.99773 -0.00392152 0)
(2.96339 -0.0601498 0)
(2.79233 -0.328383 0)
(2.54408 -0.651766 0)
(3 -1.52863e-15 0)
(3 -1.16542e-15 0)
(3 -5.35834e-16 0)
(3 1.16252e-15 0)
(3 1.63842e-15 0)
(3 1.57684e-15 0)
(3 1.368e-15 0)
(3 -2.41955e-15 0)
(3 -3.07639e-15 0)
(3 -1.6423e-14 0)
(3 -8.28e-13 0)
(3 -4.43038e-12 0)
(3 -6.64131e-12 0)
(3 -1.57234e-10 0)
(3 1.68857e-08 0)
(3 9.72544e-08 0)
(3 1.66062e-06 0)
(3 4.5937e-06 0)
(2.99989 -0.000191447 0)
(2.9961 -0.00798847 0)
(2.92248 -0.114443 0)
(2.69144 -0.438768 0)
(2.52222 -0.666002 0)
(2.35046 -0.84634 0)
(3 -1.67506e-15 0)
(3 -2.1374e-15 0)
(3 -1.23416e-15 0)
(3 -5.9092e-17 0)
(3 7.4459e-16 0)
(3 -8.1609e-15 0)
(3 -4.8549e-14 0)
(3 -1.47405e-13 0)
(3 -4.62228e-13 0)
(3 -2.20006e-12 0)
(3 -4.50351e-11 0)
(3 -3.12978e-11 0)
(3 8.77195e-11 0)
(3 5.34921e-08 0)
(3 4.95048e-07 0)
(3 2.41846e-06 0)
(3.00001 1.24235e-05 0)
(2.99968 -0.000546304 0)
(2.97979 -0.0296618 0)
(2.89614 -0.167937 0)
(2.59527 -0.577226 0)
(2.38937 -0.813432 0)
(2.34465 -0.813016 0)
(2.33363 -0.823198 0)
(3 -2.46744e-15 0)
(3 -1.12008e-15 0)
(3 6.54723e-16 0)
(3 -7.99834e-15 0)
(3 -1.08197e-13 0)
(3 -8.74758e-13 0)
(3 -1.9411e-12 0)
(3 -1.82574e-12 0)
(3 -1.60304e-11 0)
(3 -1.54624e-11 0)
(3 -3.40341e-10 0)
(3 3.78921e-09 0)
(3 8.80607e-08 0)
(3 3.90202e-06 0)
(3 3.01012e-06 0)
(3.00001 2.81426e-05 0)
(2.99636 -0.00591524 0)
(2.96904 -0.0535509 0)
(2.72597 -0.361294 0)
(2.53097 -0.631671 0)
(2.41101 -0.773706 0)
(2.32778 -0.839484 0)
(2.30837 -0.849478 0)
(2.31318 -0.843079 0)
(3 -4.81079e-16 0)
(3 1.18257e-16 0)
(3 -7.8099e-14 0)
(3 -1.24476e-12 0)
(3 -5.90014e-12 0)
(3 -7.18638e-12 0)
(3 -8.66053e-12 0)
(3 -4.10725e-12 0)
(3 -1.76925e-10 0)
(3 1.2775e-09 0)
(3 3.08335e-08 0)
(3 6.10427e-07 0)
(3 1.0797e-06 0)
(3.00001 2.43341e-05 0)
(2.99949 -0.000880903 0)
(2.99058 -0.0154506 0)
(2.84762 -0.19363 0)
(2.69042 -0.432675 0)
(2.40923 -0.751024 0)
(2.28579 -0.902287 0)
(2.2772 -0.868466 0)
(2.30919 -0.851211 0)
(2.31782 -0.848414 0)
(2.32584 -0.842722 0)
(3 1.72058e-14 0)
(3 -3.90162e-13 0)
(3 -4.04463e-12 0)
(3 -1.26157e-11 0)
(3 -2.35152e-11 0)
(3 2.56454e-10 0)
(3 1.52304e-10 0)
(3 1.43369e-09 0)
(3 1.8092e-08 0)
(3 4.275e-07 0)
(3 7.82809e-06 0)
(3.00001 5.33379e-06 0)
(2.99999 -5.14235e-06 0)
(2.99646 -0.0048739 0)
(2.92479 -0.0932697 0)
(2.79647 -0.291749 0)
(2.41597 -0.724401 0)
(2.32996 -0.829367 0)
(2.31331 -0.852908 0)
(2.3099 -0.852808 0)
(2.31481 -0.845743 0)
(2.3295 -0.840275 0)
(2.33916 -0.838316 0)
(2.3416 -0.83682 0)
(3 -1.28345e-11 0)
(3 -7.91242e-12 0)
(3 -5.27782e-11 0)
(3 3.98115e-10 0)
(3 -6.45967e-10 0)
(3 5.82668e-08 0)
(3 9.22803e-08 0)
(3 2.34008e-07 0)
(3 6.55875e-06 0)
(3 6.29466e-06 0)
(3.00002 5.45921e-05 0)
(2.99847 -0.00191645 0)
(2.97046 -0.0387586 0)
(2.85107 -0.208179 0)
(2.50033 -0.618612 0)
(2.39326 -0.74977 0)
(2.31695 -0.859521 0)
(2.29523 -0.888698 0)
(2.30595 -0.884883 0)
(2.32544 -0.86669 0)
(2.34225 -0.840983 0)
(2.3461 -0.837883 0)
(2.34774 -0.838705 0)
(2.34822 -0.840557 0)
(3 5.12376e-12 0)
(3 -9.09293e-10 0)
(3 1.623e-08 0)
(3 5.57226e-08 0)
(3 6.78468e-07 0)
(3 7.7868e-07 0)
(3 4.41892e-06 0)
(3 2.84331e-06 0)
(3.00003 7.51962e-05 0)
(2.99919 -0.000998719 0)
(2.98706 -0.0198172 0)
(2.86799 -0.16802 0)
(2.61639 -0.498302 0)
(2.49011 -0.700371 0)
(2.30924 -0.893909 0)
(2.27908 -0.909462 0)
(2.30113 -0.892205 0)
(2.31847 -0.874192 0)
(2.34398 -0.866331 0)
(2.35162 -0.856611 0)
(2.35741 -0.844145 0)
(2.35657 -0.845121 0)
(2.35511 -0.848887 0)
(2.35044 -0.859116 0)
(3 6.89465e-08 0)
(3 5.47002e-07 0)
(3 3.01039e-07 0)
(3 5.12744e-07 0)
(3.00001 8.43624e-06 0)
(2.99999 -2.00135e-05 0)
(3.00007 0.000142204 0)
(2.9992 -0.00141697 0)
(2.99117 -0.015976 0)
(2.88685 -0.176847 0)
(2.77767 -0.413556 0)
(2.44246 -0.783392 0)
(2.32517 -0.906149 0)
(2.27687 -0.942711 0)
(2.28459 -0.948307 0)
(2.30109 -0.929952 0)
(2.33396 -0.893783 0)
(2.35307 -0.85808 0)
(2.35921 -0.846525 0)
(2.36016 -0.839674 0)
(2.35808 -0.84128 0)
(2.35558 -0.848137 0)
(2.35526 -0.852858 0)
(2.3518 -0.854842 0)
(3 1.29382e-06 0)
(3.00001 3.27947e-05 0)
(2.99993 -0.000120249 0)
(2.99996 -5.66541e-05 0)
(2.99853 -0.00202321 0)
(2.99188 -0.0118898 0)
(2.96491 -0.0538909 0)
(2.89784 -0.175255 0)
(2.78613 -0.398156 0)
(2.56566 -0.729616 0)
(2.46189 -0.846973 0)
(2.33885 -0.928238 0)
(2.29434 -0.913573 0)
(2.29486 -0.899379 0)
(2.30815 -0.88956 0)
(2.34118 -0.870744 0)
(2.36062 -0.861029 0)
(2.36187 -0.851866 0)
(2.36138 -0.84123 0)
(2.35881 -0.841939 0)
(2.35505 -0.843236 0)
(2.35279 -0.844457 0)
(2.35079 -0.845661 0)
(2.34611 -0.846634 0)
(2.99895 -0.000994314 0)
(2.98948 -0.011987 0)
(2.95898 -0.0525775 0)
(2.90628 -0.128876 0)
(2.7969 -0.279431 0)
(2.6914 -0.456322 0)
(2.52179 -0.691292 0)
(2.3883 -0.90018 0)
(2.23212 -1.0615 0)
(2.16754 -1.10692 0)
(2.13857 -1.04195 0)
(2.19571 -0.994502 0)
(2.24754 -0.943188 0)
(2.29185 -0.902836 0)
(2.33367 -0.859497 0)
(2.34874 -0.823758 0)
(2.35891 -0.828534 0)
(2.35915 -0.836689 0)
(2.35329 -0.840793 0)
(2.35019 -0.841711 0)
(2.34909 -0.84302 0)
(2.34942 -0.844782 0)
(2.34575 -0.844948 0)
(2.3416 -0.846403 0)
(2.93398 -0.0086283 0)
(2.84623 -0.0690451 0)
(2.75054 -0.164216 0)
(2.68391 -0.217944 0)
(2.56337 -0.36681 0)
(2.5118 -0.437935 0)
(2.41862 -0.543677 0)
(2.35175 -0.62809 0)
(2.3143 -0.724137 0)
(2.25592 -0.798216 0)
(2.24563 -0.853637 0)
(2.28135 -0.883821 0)
(2.32958 -0.896007 0)
(2.33739 -0.887393 0)
(2.34527 -0.883173 0)
(2.34705 -0.868452 0)
(2.34923 -0.855916 0)
(2.34604 -0.851124 0)
(2.33968 -0.847793 0)
(2.33872 -0.847645 0)
(2.34272 -0.849324 0)
(2.34327 -0.84925 0)
(2.34206 -0.848991 0)
(2.33885 -0.849644 0)
(2.42997 0.818301 0)
(2.52061 0.828844 0)
(2.63703 0.743047 0)
(2.77802 0.591205 0)
(2.86151 0.534929 0)
(2.93371 0.358234 0)
(2.94697 0.223652 0)
(2.96534 0.146524 0)
(2.9814 0.0326678 0)
(3.01676 -0.0267148 0)
(3.01361 -0.0559495 0)
(2.99105 -0.0683072 0)
(2.9802 -0.0637673 0)
(2.97724 -0.054904 0)
(2.97075 -0.039516 0)
(2.95607 -0.0362458 0)
(2.9488 -0.033516 0)
(2.9628 -0.028558 0)
(2.96615 -0.0242891 0)
(2.96287 -0.0187586 0)
(2.94988 -0.00999882 0)
(2.93936 0.00250151 0)
(2.93912 0.00339655 0)
(2.91557 -0.0191252 0)
(2.75878 -0.132597 0)
(2.4399 -0.395782 0)
(2.24162 -0.427151 0)
(2.05207 -0.422799 0)
(1.89088 -0.249203 0)
(1.8111 -0.120974 0)
(1.83606 -0.0128187 0)
(1.91888 0.024778 0)
(1.9918 0.029078 0)
(2.02162 0.0302769 0)
(2.03717 0.0244067 0)
(2.0562 0.0202783 0)
(2.08162 0.0207099 0)
(2.10692 0.0249386 0)
(2.12926 0.0275337 0)
(2.15217 0.0268182 0)
(2.17957 0.0249403 0)
(2.21065 0.0241355 0)
(2.24089 0.0252212 0)
(2.26583 0.0273675 0)
(2.28448 0.0273803 0)
(2.29868 0.0243679 0)
(2.30975 0.0225879 0)
(2.31923 0.0262661 0)
(2.32819 0.0325288 0)
(2.34103 0.0351579 0)
(2.36602 0.0325252 0)
(2.39176 0.029537 0)
(2.41865 0.0282026 0)
(2.44298 0.0288522 0)
(2.4599 0.0290001 0)
(2.46978 0.0261144 0)
(2.4757 0.0234064 0)
(2.47656 0.0258038 0)
(2.4719 0.0317333 0)
(2.47508 0.0351975 0)
(2.4942 0.0337909 0)
(2.51438 0.0313233 0)
(2.53635 0.0295158 0)
(2.55963 0.0289022 0)
(2.58036 0.0276473 0)
(2.59866 0.0251867 0)
(2.61599 0.0241233 0)
(2.6259 0.0258126 0)
(2.6186 0.0291603 0)
(2.60469 0.0278151 0)
(2.59936 0.0239063 0)
(2.59217 0.0142904 0)
(2.55818 -0.0251059 0)
(2.47628 -0.0776762 0)
(2.35303 -0.135829 0)
(2.30041 -0.178052 0)
(2.27672 -0.158086 0)
(2.23088 -0.0936023 0)
(2.17034 -0.0686995 0)
(2.14835 -0.0491786 0)
(2.15524 -0.0231498 0)
(2.16857 0.0142833 0)
(2.17872 0.027812 0)
(2.19407 0.0270139 0)
(2.21957 0.018937 0)
(2.24986 0.0111746 0)
(2.27325 0.0119161 0)
(2.29053 0.0147268 0)
(2.2896 0.0156367 0)
(2.26837 0.0146916 0)
(2.26886 0.0156618 0)
(2.28596 0.0169299 0)
(2.30059 0.0175439 0)
(2.31563 0.0177375 0)
(2.32957 0.0156261 0)
(2.35396 0.0145489 0)
(2.45007 0.786705 0)
(2.58414 0.655505 0)
(2.6902 0.504715 0)
(2.80651 0.288779 0)
(2.86888 0.101876 0)
(2.91307 0.0125897 0)
(2.93813 -0.0716739 0)
(2.9319 -0.172233 0)
(2.94073 -0.185921 0)
(2.98485 -0.128279 0)
(2.99189 -0.102359 0)
(2.97524 -0.108436 0)
(2.96539 -0.107841 0)
(2.95818 -0.0733379 0)
(2.95406 -0.0410772 0)
(2.93504 -0.0270437 0)
(2.92297 -0.0166711 0)
(2.93628 -0.0062233 0)
(2.94043 -0.000576158 0)
(2.93692 0.00772709 0)
(2.9323 0.0145356 0)
(2.92588 0.0127582 0)
(2.90853 -0.0191706 0)
(2.72564 -0.25976 0)
(2.54551 -0.50863 0)
(2.3671 -0.765146 0)
(2.29515 -0.726456 0)
(2.20348 -0.529172 0)
(2.07778 -0.205011 0)
(1.91092 0.0554607 0)
(1.87029 0.134933 0)
(1.90676 0.110179 0)
(1.9674 0.0794367 0)
(2.01827 0.0503957 0)
(2.05148 0.0307932 0)
(2.0819 0.0296779 0)
(2.10833 0.0364073 0)
(2.12836 0.0439556 0)
(2.14855 0.0512513 0)
(2.17118 0.0570027 0)
(2.19564 0.0552766 0)
(2.224 0.0527336 0)
(2.25397 0.0532827 0)
(2.28137 0.0549001 0)
(2.30381 0.0535021 0)
(2.32042 0.0464274 0)
(2.3324 0.039032 0)
(2.34346 0.0417612 0)
(2.35515 0.0548086 0)
(2.36751 0.0675964 0)
(2.38488 0.0704735 0)
(2.40808 0.0649131 0)
(2.43206 0.0591575 0)
(2.45601 0.0571649 0)
(2.47642 0.0558986 0)
(2.49055 0.0511635 0)
(2.49738 0.0421724 0)
(2.49959 0.0368413 0)
(2.49895 0.0449156 0)
(2.50035 0.0614569 0)
(2.51175 0.0671012 0)
(2.53058 0.0622471 0)
(2.55058 0.0583457 0)
(2.57359 0.0593753 0)
(2.59432 0.0590907 0)
(2.61418 0.0556355 0)
(2.63042 0.0522676 0)
(2.6386 0.0569824 0)
(2.63649 0.0423781 0)
(2.60719 5.53725e-05 0)
(2.58945 -0.0238056 0)
(2.54824 -0.0859928 0)
(2.47859 -0.21307 0)
(2.44365 -0.262544 0)
(2.41355 -0.323809 0)
(2.35335 -0.286741 0)
(2.29876 -0.198789 0)
(2.26503 -0.0872382 0)
(2.22289 0.0175057 0)
(2.18266 0.0231302 0)
(2.16205 0.0237336 0)
(2.16354 0.0493713 0)
(2.1874 0.0627051 0)
(2.2093 0.0564825 0)
(2.23517 0.0372468 0)
(2.25874 0.0214037 0)
(2.28134 0.020018 0)
(2.30081 0.0218145 0)
(2.30553 0.0181038 0)
(2.28711 0.015157 0)
(2.28121 0.0251658 0)
(2.29603 0.030938 0)
(2.31062 0.0321988 0)
(2.32589 0.0328028 0)
(2.33911 0.0304018 0)
(2.36391 0.0284307 0)
(2.36473 0.833536 0)
(2.43266 0.774348 0)
(2.52354 0.678083 0)
(2.57889 0.603769 0)
(2.68896 0.420685 0)
(2.75883 0.295949 0)
(2.78664 0.288167 0)
(2.81466 0.170311 0)
(2.82067 0.0836845 0)
(2.81997 0.0867505 0)
(2.87154 0.0372664 0)
(2.90045 -0.0219196 0)
(2.89175 -0.0753345 0)
(2.90551 -0.0730233 0)
(2.9122 -0.0565503 0)
(2.9079 -0.0541342 0)
(2.90354 -0.0602692 0)
(2.92027 -0.0643355 0)
(2.92338 -0.0526416 0)
(2.92195 -0.0441487 0)
(2.91719 -0.0285676 0)
(2.86672 -0.0913649 0)
(2.74195 -0.288937 0)
(2.4247 -0.668267 0)
(2.36354 -0.722609 0)
(2.34826 -0.772868 0)
(2.35456 -0.768254 0)
(2.35866 -0.738224 0)
(2.3529 -0.64272 0)
(2.2777 -0.385528 0)
(2.16781 -0.124879 0)
(2.03588 0.0335916 0)
(2.01242 0.0688144 0)
(2.02056 0.0806834 0)
(2.06538 0.0799425 0)
(2.09807 0.0755209 0)
(2.11858 0.0813685 0)
(2.1364 0.0814345 0)
(2.15781 0.0864646 0)
(2.18015 0.101655 0)
(2.1991 0.103074 0)
(2.22026 0.0918024 0)
(2.24472 0.0861153 0)
(2.27124 0.086388 0)
(2.29502 0.086801 0)
(2.31404 0.0836623 0)
(2.32852 0.0810801 0)
(2.34196 0.0881775 0)
(2.35636 0.101068 0)
(2.37004 0.109406 0)
(2.38491 0.108854 0)
(2.403 0.107136 0)
(2.42363 0.10467 0)
(2.44321 0.0997826 0)
(2.46184 0.0926485 0)
(2.47767 0.0839257 0)
(2.48847 0.0791735 0)
(2.49599 0.0844905 0)
(2.50326 0.095024 0)
(2.50762 0.103396 0)
(2.51199 0.10759 0)
(2.52885 0.108022 0)
(2.54978 0.104225 0)
(2.57187 0.104792 0)
(2.59196 0.103244 0)
(2.60791 0.0929973 0)
(2.61691 0.083893 0)
(2.6171 0.0864781 0)
(2.60056 0.0468806 0)
(2.57091 -0.00896059 0)
(2.51987 -0.0945705 0)
(2.43613 -0.24739 0)
(2.40539 -0.302209 0)
(2.38832 -0.342903 0)
(2.39008 -0.350348 0)
(2.38859 -0.342791 0)
(2.3774 -0.30717 0)
(2.35312 -0.241646 0)
(2.32514 -0.156876 0)
(2.31221 -0.10038 0)
(2.24596 -0.0335809 0)
(2.20311 0.0358092 0)
(2.212 0.0742516 0)
(2.23148 0.0823348 0)
(2.24606 0.0784931 0)
(2.26678 0.0609302 0)
(2.28409 0.0436544 0)
(2.29949 0.0406791 0)
(2.3072 0.0398204 0)
(2.30165 0.0402642 0)
(2.2919 0.0440513 0)
(2.29708 0.0486384 0)
(2.31221 0.0534182 0)
(2.32603 0.0546439 0)
(2.33798 0.0516254 0)
(2.36145 0.0474093 0)
(2.35551 0.848883 0)
(2.37723 0.827669 0)
(2.43213 0.773342 0)
(2.50101 0.703 0)
(2.59746 0.581972 0)
(2.67041 0.460394 0)
(2.71578 0.422336 0)
(2.80023 0.299815 0)
(2.83206 0.129118 0)
(2.82157 0.118765 0)
(2.83375 0.0970871 0)
(2.89598 -0.0127437 0)
(2.8918 -0.0972839 0)
(2.89981 -0.105192 0)
(2.92012 -0.0786872 0)
(2.91342 -0.0624908 0)
(2.90945 -0.0679098 0)
(2.91802 -0.0746221 0)
(2.9208 -0.0764269 0)
(2.91982 -0.0713761 0)
(2.8766 -0.130484 0)
(2.66608 -0.441272 0)
(2.4141 -0.740034 0)
(2.36138 -0.787214 0)
(2.34992 -0.80125 0)
(2.3565 -0.797869 0)
(2.37488 -0.780951 0)
(2.38988 -0.757355 0)
(2.41251 -0.716751 0)
(2.41257 -0.65225 0)
(2.36836 -0.484384 0)
(2.20135 -0.174458 0)
(2.08077 0.0405638 0)
(2.04648 0.144949 0)
(2.06049 0.135679 0)
(2.09549 0.124699 0)
(2.13081 0.115451 0)
(2.1622 0.11557 0)
(2.18846 0.123107 0)
(2.20082 0.137521 0)
(2.20836 0.136789 0)
(2.22888 0.129257 0)
(2.25511 0.129137 0)
(2.28184 0.133907 0)
(2.30448 0.135384 0)
(2.32476 0.127759 0)
(2.34477 0.11952 0)
(2.36426 0.120463 0)
(2.37845 0.130316 0)
(2.38873 0.138916 0)
(2.39803 0.142269 0)
(2.40975 0.143881 0)
(2.42506 0.147561 0)
(2.44142 0.151462 0)
(2.46028 0.146236 0)
(2.47861 0.133389 0)
(2.49422 0.121289 0)
(2.51277 0.120985 0)
(2.52994 0.124493 0)
(2.53476 0.133497 0)
(2.52793 0.143993 0)
(2.53393 0.146505 0)
(2.55574 0.141611 0)
(2.57967 0.145403 0)
(2.60291 0.145854 0)
(2.61194 0.136523 0)
(2.60591 0.119227 0)
(2.58662 0.0682936 0)
(2.54111 -0.0118434 0)
(2.46762 -0.137339 0)
(2.40563 -0.251271 0)
(2.38937 -0.297421 0)
(2.37213 -0.329581 0)
(2.37582 -0.330427 0)
(2.38892 -0.330094 0)
(2.39856 -0.329191 0)
(2.40276 -0.322138 0)
(2.40178 -0.309374 0)
(2.39147 -0.276671 0)
(2.37033 -0.207063 0)
(2.31678 -0.101489 0)
(2.26964 -0.00314056 0)
(2.25288 0.0815279 0)
(2.25121 0.120415 0)
(2.25285 0.119341 0)
(2.26294 0.106235 0)
(2.27691 0.0834187 0)
(2.28912 0.068206 0)
(2.30271 0.0610998 0)
(2.31294 0.0543142 0)
(2.31297 0.0536441 0)
(2.31197 0.064058 0)
(2.32269 0.0752161 0)
(2.3386 0.0820904 0)
(2.35053 0.0807935 0)
(2.3701 0.0735931 0)
(2.35254 0.854696 0)
(2.35766 0.847953 0)
(2.38175 0.824333 0)
(2.43692 0.769395 0)
(2.48802 0.714977 0)
(2.57877 0.61116 0)
(2.66555 0.499971 0)
(2.70962 0.463902 0)
(2.75109 0.377563 0)
(2.80843 0.237055 0)
(2.83461 0.205253 0)
(2.84596 0.183258 0)
(2.88442 0.0846289 0)
(2.89489 0.0341344 0)
(2.91264 0.0551932 0)
(2.91 0.0478429 0)
(2.90349 -0.0176824 0)
(2.91608 -0.0497515 0)
(2.91679 -0.0634903 0)
(2.86183 -0.165725 0)
(2.66709 -0.492764 0)
(2.42377 -0.801925 0)
(2.3349 -0.8561 0)
(2.33892 -0.846589 0)
(2.35402 -0.828878 0)
(2.3791 -0.807061 0)
(2.40159 -0.781553 0)
(2.40392 -0.761437 0)
(2.43078 -0.725647 0)
(2.44671 -0.694914 0)
(2.45127 -0.654321 0)
(2.42868 -0.559645 0)
(2.27422 -0.262415 0)
(2.16438 -0.0107629 0)
(2.10788 0.107865 0)
(2.10593 0.147386 0)
(2.12287 0.152102 0)
(2.15512 0.153535 0)
(2.17969 0.156541 0)
(2.19607 0.172573 0)
(2.21308 0.170883 0)
(2.23199 0.166008 0)
(2.25464 0.170982 0)
(2.27689 0.182701 0)
(2.29575 0.185602 0)
(2.31579 0.175492 0)
(2.33485 0.166879 0)
(2.35643 0.167642 0)
(2.37945 0.16927 0)
(2.40451 0.1685 0)
(2.42377 0.167057 0)
(2.42987 0.172584 0)
(2.43248 0.182983 0)
(2.43857 0.190899 0)
(2.44902 0.185827 0)
(2.4648 0.171416 0)
(2.48247 0.159657 0)
(2.50287 0.160641 0)
(2.5243 0.167507 0)
(2.54348 0.172599 0)
(2.55388 0.174027 0)
(2.55547 0.182406 0)
(2.56564 0.181785 0)
(2.57607 0.181343 0)
(2.59015 0.175268 0)
(2.58578 0.150737 0)
(2.56532 0.0856533 0)
(2.51682 -0.0100225 0)
(2.41905 -0.170217 0)
(2.38182 -0.257042 0)
(2.35232 -0.316511 0)
(2.35267 -0.316557 0)
(2.36246 -0.310154 0)
(2.37738 -0.303615 0)
(2.39163 -0.299974 0)
(2.39568 -0.301115 0)
(2.39065 -0.304412 0)
(2.40689 -0.30443 0)
(2.41546 -0.299112 0)
(2.418 -0.276864 0)
(2.40037 -0.220855 0)
(2.35595 -0.115532 0)
(2.32695 -0.016688 0)
(2.30688 0.0760317 0)
(2.26964 0.105615 0)
(2.25932 0.107325 0)
(2.25684 0.102132 0)
(2.26936 0.0930133 0)
(2.28881 0.0836806 0)
(2.30598 0.074828 0)
(2.3184 0.0656664 0)
(2.32906 0.0679508 0)
(2.33969 0.0851089 0)
(2.34309 0.101781 0)
(2.34711 0.104789 0)
(2.36464 0.0963331 0)
(2.34671 0.849248 0)
(2.35339 0.847252 0)
(2.35957 0.841477 0)
(2.38525 0.819667 0)
(2.442 0.76183 0)
(2.48593 0.718294 0)
(2.54535 0.655899 0)
(2.65749 0.531311 0)
(2.71307 0.443417 0)
(2.72899 0.416695 0)
(2.76 0.367144 0)
(2.8237 0.277966 0)
(2.88679 0.181309 0)
(2.90072 0.108071 0)
(2.90954 0.0799966 0)
(2.93615 0.0848821 0)
(2.93236 -0.0239829 0)
(2.91368 -0.0946798 0)
(2.83225 -0.224726 0)
(2.59133 -0.550937 0)
(2.42592 -0.784246 0)
(2.30698 -0.866062 0)
(2.31798 -0.855649 0)
(2.34513 -0.830419 0)
(2.37388 -0.807298 0)
(2.39571 -0.798624 0)
(2.41365 -0.789723 0)
(2.4213 -0.772406 0)
(2.43723 -0.738293 0)
(2.46264 -0.693265 0)
(2.47614 -0.679604 0)
(2.5004 -0.654092 0)
(2.48612 -0.588056 0)
(2.40941 -0.403546 0)
(2.23198 -0.0672095 0)
(2.14146 0.121273 0)
(2.12042 0.206248 0)
(2.13603 0.19284 0)
(2.16828 0.196703 0)
(2.19119 0.204764 0)
(2.21033 0.210304 0)
(2.23141 0.205831 0)
(2.25423 0.210636 0)
(2.27614 0.223936 0)
(2.29455 0.226881 0)
(2.31327 0.218337 0)
(2.32939 0.20928 0)
(2.34473 0.20642 0)
(2.36577 0.207806 0)
(2.39031 0.209053 0)
(2.41557 0.209024 0)
(2.43843 0.208804 0)
(2.4498 0.21364 0)
(2.44137 0.220982 0)
(2.44613 0.221114 0)
(2.47058 0.21539 0)
(2.49259 0.211876 0)
(2.5111 0.212955 0)
(2.52645 0.212001 0)
(2.53774 0.211438 0)
(2.54243 0.214875 0)
(2.54841 0.214331 0)
(2.55075 0.208123 0)
(2.56254 0.199481 0)
(2.55473 0.168397 0)
(2.5168 0.0789653 0)
(2.46277 -0.0500218 0)
(2.38073 -0.181348 0)
(2.35799 -0.243779 0)
(2.33734 -0.283495 0)
(2.34182 -0.283432 0)
(2.35164 -0.276912 0)
(2.36758 -0.266566 0)
(2.38635 -0.265656 0)
(2.39401 -0.266044 0)
(2.38688 -0.268777 0)
(2.38668 -0.27812 0)
(2.40212 -0.280393 0)
(2.42234 -0.281004 0)
(2.43023 -0.276575 0)
(2.43729 -0.260671 0)
(2.43466 -0.22717 0)
(2.39331 -0.134271 0)
(2.35985 -0.0280052 0)
(2.30932 0.0653045 0)
(2.25594 0.118688 0)
(2.23829 0.132109 0)
(2.24747 0.124432 0)
(2.26708 0.117182 0)
(2.29081 0.106792 0)
(2.3076 0.0979429 0)
(2.32763 0.0930016 0)
(2.34751 0.0973381 0)
(2.35494 0.112805 0)
(2.34914 0.128612 0)
(2.35975 0.122453 0)
(2.34235 0.83824 0)
(2.34596 0.84246 0)
(2.35241 0.840483 0)
(2.3629 0.834198 0)
(2.3866 0.81473 0)
(2.44126 0.762923 0)
(2.50036 0.697726 0)
(2.53276 0.666851 0)
(2.60715 0.588031 0)
(2.68888 0.474257 0)
(2.72384 0.401598 0)
(2.74967 0.390529 0)
(2.75757 0.362381 0)
(2.83322 0.27298 0)
(2.87994 0.176385 0)
(2.91352 0.148611 0)
(2.87238 0.0122379 0)
(2.78611 -0.173024 0)
(2.49767 -0.540634 0)
(2.35919 -0.741339 0)
(2.27301 -0.821962 0)
(2.29778 -0.81306 0)
(2.33689 -0.792776 0)
(2.37215 -0.768567 0)
(2.39659 -0.75615 0)
(2.41531 -0.752557 0)
(2.42759 -0.751308 0)
(2.44294 -0.72998 0)
(2.44894 -0.704384 0)
(2.46965 -0.673565 0)
(2.49062 -0.661449 0)
(2.5131 -0.652158 0)
(2.53526 -0.644184 0)
(2.5304 -0.58483 0)
(2.49691 -0.471272 0)
(2.35022 -0.182914 0)
(2.23193 0.0553244 0)
(2.1685 0.164102 0)
(2.17428 0.225173 0)
(2.18076 0.237812 0)
(2.20873 0.251505 0)
(2.23077 0.247535 0)
(2.24754 0.247419 0)
(2.26238 0.252791 0)
(2.27909 0.251384 0)
(2.29703 0.246503 0)
(2.31528 0.246186 0)
(2.33572 0.25154 0)
(2.35841 0.25572 0)
(2.38377 0.253967 0)
(2.40854 0.247437 0)
(2.42918 0.241113 0)
(2.43722 0.244391 0)
(2.43725 0.254025 0)
(2.44403 0.258697 0)
(2.46162 0.253859 0)
(2.47945 0.251501 0)
(2.49565 0.251253 0)
(2.51662 0.256607 0)
(2.53566 0.258429 0)
(2.54993 0.253599 0)
(2.55602 0.248405 0)
(2.5414 0.211101 0)
(2.51728 0.166466 0)
(2.4623 0.0669637 0)
(2.37066 -0.105933 0)
(2.34836 -0.190797 0)
(2.30621 -0.25863 0)
(2.30521 -0.275783 0)
(2.31321 -0.272418 0)
(2.33034 -0.26074 0)
(2.34918 -0.245306 0)
(2.3643 -0.237489 0)
(2.37522 -0.238845 0)
(2.37345 -0.241077 0)
(2.36943 -0.245165 0)
(2.38035 -0.250266 0)
(2.39563 -0.252744 0)
(2.4098 -0.25152 0)
(2.42639 -0.249602 0)
(2.4397 -0.24645 0)
(2.45568 -0.241738 0)
(2.45455 -0.224528 0)
(2.42522 -0.160794 0)
(2.38074 -0.0652365 0)
(2.33266 0.00147338 0)
(2.26626 0.0667387 0)
(2.23697 0.120782 0)
(2.24887 0.134051 0)
(2.28042 0.138129 0)
(2.30029 0.133218 0)
(2.31638 0.126306 0)
(2.33328 0.120165 0)
(2.35046 0.125145 0)
(2.35275 0.140625 0)
(2.35043 0.137263 0)
(2.32932 0.84105 0)
(2.33318 0.842043 0)
(2.34079 0.841198 0)
(2.34632 0.83762 0)
(2.35996 0.830096 0)
(2.38581 0.810003 0)
(2.43849 0.762952 0)
(2.49895 0.687739 0)
(2.53489 0.661692 0)
(2.56562 0.615309 0)
(2.65962 0.513472 0)
(2.70345 0.417649 0)
(2.73259 0.38382 0)
(2.7512 0.389884 0)
(2.78206 0.307366 0)
(2.75887 0.176845 0)
(2.64229 -0.131151 0)
(2.44063 -0.475269 0)
(2.29212 -0.657983 0)
(2.26189 -0.723371 0)
(2.28029 -0.72646 0)
(2.31333 -0.715631 0)
(2.35004 -0.701994 0)
(2.38043 -0.693072 0)
(2.40497 -0.692078 0)
(2.42652 -0.700062 0)
(2.44482 -0.706294 0)
(2.46599 -0.689634 0)
(2.4818 -0.6638 0)
(2.49907 -0.634636 0)
(2.51531 -0.618353 0)
(2.52552 -0.617873 0)
(2.53855 -0.608243 0)
(2.5487 -0.590697 0)
(2.57564 -0.552995 0)
(2.56912 -0.478107 0)
(2.50414 -0.316426 0)
(2.31143 -0.000579002 0)
(2.23536 0.180392 0)
(2.19691 0.290408 0)
(2.20048 0.29272 0)
(2.2197 0.289851 0)
(2.2355 0.287157 0)
(2.24886 0.289478 0)
(2.26886 0.285842 0)
(2.28807 0.281311 0)
(2.30557 0.28528 0)
(2.32496 0.293919 0)
(2.34851 0.296717 0)
(2.3756 0.293142 0)
(2.40015 0.285375 0)
(2.41732 0.279409 0)
(2.42644 0.281371 0)
(2.43055 0.290815 0)
(2.43656 0.296587 0)
(2.45166 0.292477 0)
(2.47485 0.294304 0)
(2.49698 0.298749 0)
(2.5149 0.299455 0)
(2.52359 0.293999 0)
(2.52875 0.282473 0)
(2.51607 0.235519 0)
(2.47402 0.143045 0)
(2.40706 0.0279295 0)
(2.32165 -0.110299 0)
(2.28372 -0.190665 0)
(2.28489 -0.214662 0)
(2.28867 -0.219051 0)
(2.30084 -0.225075 0)
(2.3174 -0.226752 0)
(2.33833 -0.223533 0)
(2.35921 -0.217724 0)
(2.37094 -0.21269 0)
(2.36954 -0.213417 0)
(2.35854 -0.21648 0)
(2.35862 -0.220324 0)
(2.37314 -0.221194 0)
(2.39016 -0.221471 0)
(2.40776 -0.220305 0)
(2.42799 -0.220266 0)
(2.44642 -0.219703 0)
(2.46429 -0.219124 0)
(2.471 -0.21706 0)
(2.46772 -0.214339 0)
(2.43416 -0.162832 0)
(2.40369 -0.105012 0)
(2.33533 -0.0202606 0)
(2.28437 0.0541992 0)
(2.25708 0.133599 0)
(2.27311 0.170426 0)
(2.29967 0.164563 0)
(2.31065 0.156003 0)
(2.32167 0.147454 0)
(2.33612 0.144168 0)
(2.34634 0.154596 0)
(2.34483 0.149932 0)
(2.31814 0.839997 0)
(2.32196 0.839376 0)
(2.32983 0.840524 0)
(2.33713 0.840073 0)
(2.34197 0.838446 0)
(2.35913 0.826716 0)
(2.38267 0.806314 0)
(2.42923 0.762561 0)
(2.48689 0.699644 0)
(2.54025 0.641412 0)
(2.56302 0.618913 0)
(2.63295 0.531709 0)
(2.66381 0.493635 0)
(2.69436 0.374277 0)
(2.65447 0.227059 0)
(2.46621 -0.127667 0)
(2.33116 -0.399813 0)
(2.22723 -0.584177 0)
(2.22035 -0.618877 0)
(2.24945 -0.620745 0)
(2.28112 -0.618445 0)
(2.30872 -0.615337 0)
(2.3385 -0.610602 0)
(2.36823 -0.607364 0)
(2.39456 -0.608857 0)
(2.41608 -0.618516 0)
(2.43618 -0.625523 0)
(2.46179 -0.619233 0)
(2.49308 -0.607674 0)
(2.52082 -0.594035 0)
(2.54578 -0.574805 0)
(2.55728 -0.570819 0)
(2.5633 -0.554889 0)
(2.56101 -0.547106 0)
(2.58247 -0.523726 0)
(2.6125 -0.505282 0)
(2.61463 -0.460498 0)
(2.58132 -0.354344 0)
(2.44354 -0.0826878 0)
(2.33059 0.153609 0)
(2.25595 0.27243 0)
(2.24015 0.316458 0)
(2.23792 0.315105 0)
(2.25487 0.321619 0)
(2.27712 0.32097 0)
(2.29606 0.32331 0)
(2.30937 0.330158 0)
(2.32372 0.334655 0)
(2.34398 0.332243 0)
(2.36725 0.3273 0)
(2.3894 0.322176 0)
(2.40791 0.32067 0)
(2.42383 0.323611 0)
(2.43763 0.332043 0)
(2.44603 0.339344 0)
(2.45454 0.339748 0)
(2.4677 0.333596 0)
(2.48199 0.329556 0)
(2.50119 0.327287 0)
(2.49945 0.305832 0)
(2.47789 0.23953 0)
(2.41894 0.106583 0)
(2.33159 -0.0480636 0)
(2.28106 -0.136453 0)
(2.24671 -0.197199 0)
(2.24257 -0.218897 0)
(2.2545 -0.212394 0)
(2.27429 -0.201445 0)
(2.29359 -0.190597 0)
(2.31098 -0.189341 0)
(2.32923 -0.19211 0)
(2.34876 -0.192024 0)
(2.36239 -0.189185 0)
(2.36329 -0.189705 0)
(2.35519 -0.193 0)
(2.35588 -0.195584 0)
(2.36921 -0.194892 0)
(2.38732 -0.19341 0)
(2.40613 -0.190731 0)
(2.4244 -0.189262 0)
(2.44079 -0.189472 0)
(2.45382 -0.190446 0)
(2.46271 -0.196791 0)
(2.46265 -0.197528 0)
(2.45461 -0.189305 0)
(2.4419 -0.153735 0)
(2.42325 -0.116963 0)
(2.37901 -0.0451139 0)
(2.31692 0.0642462 0)
(2.30252 0.140303 0)
(2.30835 0.177588 0)
(2.31201 0.176323 0)
(2.31573 0.171 0)
(2.3257 0.161092 0)
(2.3389 0.164599 0)
(2.34192 0.163924 0)
(2.32065 0.828658 0)
(2.32602 0.828677 0)
(2.33129 0.829088 0)
(2.33514 0.831238 0)
(2.3374 0.836003 0)
(2.33832 0.837641 0)
(2.35575 0.821605 0)
(2.37792 0.799321 0)
(2.42762 0.750987 0)
(2.47051 0.717843 0)
(2.53756 0.637952 0)
(2.58769 0.622295 0)
(2.56999 0.512305 0)
(2.5156 0.288989 0)
(2.31425 -0.104698 0)
(2.21953 -0.334894 0)
(2.16622 -0.471065 0)
(2.18254 -0.485045 0)
(2.21609 -0.495192 0)
(2.24757 -0.502355 0)
(2.27656 -0.514216 0)
(2.30543 -0.526464 0)
(2.33728 -0.529552 0)
(2.37041 -0.527816 0)
(2.40119 -0.532091 0)
(2.42776 -0.545428 0)
(2.44938 -0.550323 0)
(2.46724 -0.539247 0)
(2.48628 -0.523734 0)
(2.51052 -0.514955 0)
(2.54041 -0.504508 0)
(2.56686 -0.50534 0)
(2.58905 -0.498317 0)
(2.60085 -0.495134 0)
(2.61133 -0.476067 0)
(2.62124 -0.448526 0)
(2.63183 -0.451729 0)
(2.66202 -0.430149 0)
(2.64644 -0.363455 0)
(2.58024 -0.201572 0)
(2.41209 0.0976217 0)
(2.32129 0.270118 0)
(2.26796 0.358129 0)
(2.26232 0.366671 0)
(2.27903 0.365083 0)
(2.29569 0.369544 0)
(2.30349 0.375991 0)
(2.31495 0.374662 0)
(2.33636 0.367583 0)
(2.3599 0.361876 0)
(2.38201 0.360199 0)
(2.40083 0.363909 0)
(2.41593 0.368958 0)
(2.42785 0.377859 0)
(2.43237 0.381944 0)
(2.43769 0.369928 0)
(2.44457 0.358135 0)
(2.46466 0.348481 0)
(2.46169 0.314502 0)
(2.41922 0.219046 0)
(2.33294 0.0322096 0)
(2.30126 -0.0681861 0)
(2.25599 -0.131382 0)
(2.2451 -0.143872 0)
(2.23561 -0.165391 0)
(2.23577 -0.181547 0)
(2.25451 -0.175131 0)
(2.27841 -0.165027 0)
(2.29631 -0.155892 0)
(2.31284 -0.157159 0)
(2.32876 -0.164022 0)
(2.34412 -0.169031 0)
(2.35649 -0.169394 0)
(2.35928 -0.167941 0)
(2.35238 -0.165714 0)
(2.35368 -0.166279 0)
(2.36743 -0.166756 0)
(2.38542 -0.166163 0)
(2.40546 -0.164844 0)
(2.42524 -0.164117 0)
(2.44195 -0.164016 0)
(2.45353 -0.163204 0)
(2.45974 -0.166091 0)
(2.46012 -0.170577 0)
(2.45308 -0.171231 0)
(2.46206 -0.15929 0)
(2.46214 -0.143669 0)
(2.45279 -0.112575 0)
(2.42507 -0.0554923 0)
(2.36878 0.0543284 0)
(2.3455 0.139485 0)
(2.32658 0.199222 0)
(2.31703 0.19973 0)
(2.32143 0.188958 0)
(2.32856 0.180771 0)
(2.33753 0.178234 0)
(2.2959 0.871002 0)
(2.30188 0.841104 0)
(2.32678 0.829749 0)
(2.33289 0.831594 0)
(2.33495 0.837943 0)
(2.33231 0.841003 0)
(2.33487 0.834416 0)
(2.35475 0.813164 0)
(2.38673 0.78617 0)
(2.42709 0.754991 0)
(2.47231 0.697827 0)
(2.4561 0.560867 0)
(2.33416 0.248639 0)
(2.18168 -0.0934 0)
(2.09403 -0.315975 0)
(2.07715 -0.397534 0)
(2.11071 -0.407929 0)
(2.1566 -0.404875 0)
(2.19815 -0.404005 0)
(2.23521 -0.412022 0)
(2.26839 -0.424846 0)
(2.29849 -0.435809 0)
(2.3271 -0.437028 0)
(2.35456 -0.431437 0)
(2.38151 -0.43315 0)
(2.41066 -0.445786 0)
(2.44304 -0.455504 0)
(2.47694 -0.457514 0)
(2.50774 -0.456356 0)
(2.53593 -0.45116 0)
(2.55839 -0.438462 0)
(2.57432 -0.427675 0)
(2.58872 -0.420169 0)
(2.60532 -0.418223 0)
(2.62782 -0.408891 0)
(2.65176 -0.393012 0)
(2.66726 -0.394953 0)
(2.67712 -0.387616 0)
(2.69633 -0.383556 0)
(2.69313 -0.347526 0)
(2.65711 -0.241882 0)
(2.53325 -0.0014948 0)
(2.4004 0.240465 0)
(2.33354 0.349085 0)
(2.30411 0.405076 0)
(2.30496 0.408302 0)
(2.31589 0.414809 0)
(2.33248 0.4155 0)
(2.35128 0.413168 0)
(2.37284 0.406588 0)
(2.39213 0.406307 0)
(2.41073 0.411115 0)
(2.4292 0.414492 0)
(2.4429 0.420819 0)
(2.43854 0.417668 0)
(2.43632 0.398568 0)
(2.43225 0.369102 0)
(2.4073 0.313325 0)
(2.33995 0.180508 0)
(2.25887 0.0017608 0)
(2.23596 -0.115891 0)
(2.21491 -0.174541 0)
(2.2126 -0.176325 0)
(2.21901 -0.163001 0)
(2.22725 -0.152354 0)
(2.24027 -0.146285 0)
(2.25696 -0.140173 0)
(2.27518 -0.130336 0)
(2.29272 -0.124538 0)
(2.31291 -0.128753 0)
(2.33018 -0.138395 0)
(2.34365 -0.145996 0)
(2.35452 -0.14808 0)
(2.35929 -0.144976 0)
(2.3582 -0.139351 0)
(2.36283 -0.138317 0)
(2.37686 -0.140609 0)
(2.39318 -0.142421 0)
(2.41132 -0.142492 0)
(2.42884 -0.141225 0)
(2.44371 -0.139348 0)
(2.45453 -0.138272 0)
(2.46063 -0.141173 0)
(2.46035 -0.13981 0)
(2.46087 -0.144897 0)
(2.47386 -0.141568 0)
(2.48302 -0.135142 0)
(2.48693 -0.126828 0)
(2.4843 -0.107822 0)
(2.46319 -0.0614854 0)
(2.42376 0.0281259 0)
(2.37966 0.12549 0)
(2.35868 0.173391 0)
(2.3285 0.19274 0)
(2.32606 0.190687 0)
(2.33512 0.192788 0)
(2.38989 0.757686 0)
(2.35804 0.791157 0)
(2.35661 0.82792 0)
(2.34776 0.847729 0)
(2.33407 0.854536 0)
(2.32336 0.847573 0)
(2.32175 0.838982 0)
(2.33528 0.825639 0)
(2.35822 0.81627 0)
(2.36158 0.752692 0)
(2.30527 0.561054 0)
(2.14329 0.193928 0)
(2.0578 -0.0489893 0)
(2.0279 -0.170189 0)
(2.03249 -0.2326 0)
(2.05736 -0.283496 0)
(2.09534 -0.311548 0)
(2.13907 -0.323746 0)
(2.18397 -0.329296 0)
(2.22714 -0.33584 0)
(2.26586 -0.345716 0)
(2.29985 -0.356809 0)
(2.33181 -0.361974 0)
(2.36417 -0.359997 0)
(2.39561 -0.360271 0)
(2.42441 -0.362896 0)
(2.44769 -0.361739 0)
(2.46786 -0.359497 0)
(2.4942 -0.362623 0)
(2.5333 -0.365192 0)
(2.57315 -0.363743 0)
(2.6012 -0.363377 0)
(2.62337 -0.365248 0)
(2.63885 -0.359863 0)
(2.64857 -0.339757 0)
(2.65659 -0.322443 0)
(2.66873 -0.326794 0)
(2.69307 -0.334796 0)
(2.72561 -0.329708 0)
(2.73466 -0.319 0)
(2.74192 -0.285693 0)
(2.72304 -0.227449 0)
(2.64467 -0.0816932 0)
(2.48817 0.188118 0)
(2.41183 0.351961 0)
(2.33613 0.459332 0)
(2.3217 0.471927 0)
(2.32962 0.469744 0)
(2.34925 0.467347 0)
(2.37006 0.453887 0)
(2.38888 0.453658 0)
(2.40887 0.455311 0)
(2.42945 0.45511 0)
(2.4374 0.456805 0)
(2.43362 0.434762 0)
(2.41279 0.372041 0)
(2.35895 0.284661 0)
(2.25918 0.128423 0)
(2.2093 0.00269324 0)
(2.20224 -0.0644283 0)
(2.20791 -0.108653 0)
(2.21028 -0.121849 0)
(2.22081 -0.136857 0)
(2.23351 -0.135783 0)
(2.24072 -0.126963 0)
(2.25011 -0.117322 0)
(2.26331 -0.108268 0)
(2.27771 -0.100469 0)
(2.29625 -0.0994557 0)
(2.31813 -0.104822 0)
(2.33594 -0.112806 0)
(2.34733 -0.118861 0)
(2.35684 -0.120973 0)
(2.36627 -0.119767 0)
(2.37224 -0.115226 0)
(2.37814 -0.110146 0)
(2.38902 -0.111192 0)
(2.40441 -0.115589 0)
(2.42136 -0.117571 0)
(2.43858 -0.117381 0)
(2.45344 -0.116283 0)
(2.46368 -0.116554 0)
(2.46831 -0.11964 0)
(2.46926 -0.11911 0)
(2.4705 -0.115439 0)
(2.479 -0.111314 0)
(2.49072 -0.108456 0)
(2.50472 -0.11077 0)
(2.51165 -0.109775 0)
(2.51141 -0.101073 0)
(2.49953 -0.0644032 0)
(2.47017 0.00281131 0)
(2.41915 0.0953656 0)
(2.36784 0.170344 0)
(2.3453 0.178109 0)
(2.34502 0.201559 0)
(2.57903 0.577497 0)
(2.44063 0.741249 0)
(2.3638 0.87318 0)
(2.33518 0.875406 0)
(2.31695 0.858435 0)
(2.31604 0.835482 0)
(2.32085 0.824772 0)
(2.3261 0.81415 0)
(2.30744 0.758877 0)
(2.16103 0.509645 0)
(1.9706 0.147458 0)
(1.91268 -0.0876019 0)
(1.91219 -0.174908 0)
(1.9449 -0.176914 0)
(1.98645 -0.177621 0)
(2.02955 -0.197552 0)
(2.07965 -0.227352 0)
(2.13269 -0.248972 0)
(2.18404 -0.260119 0)
(2.22978 -0.266265 0)
(2.2685 -0.272751 0)
(2.30149 -0.280642 0)
(2.33282 -0.28529 0)
(2.36765 -0.283709 0)
(2.40475 -0.284388 0)
(2.44099 -0.2864 0)
(2.4744 -0.284469 0)
(2.50281 -0.280727 0)
(2.5253 -0.280225 0)
(2.54047 -0.27823 0)
(2.55701 -0.272891 0)
(2.5813 -0.273061 0)
(2.60461 -0.273384 0)
(2.63545 -0.276614 0)
(2.66411 -0.273288 0)
(2.6872 -0.266141 0)
(2.70248 -0.269107 0)
(2.69934 -0.27535 0)
(2.71162 -0.26841 0)
(2.73782 -0.257063 0)
(2.7611 -0.236462 0)
(2.78089 -0.233643 0)
(2.76683 -0.204214 0)
(2.71622 -0.0963353 0)
(2.60396 0.123305 0)
(2.45223 0.359914 0)
(2.41055 0.454233 0)
(2.363 0.504475 0)
(2.36798 0.505925 0)
(2.38591 0.504293 0)
(2.39666 0.511529 0)
(2.41116 0.498816 0)
(2.42643 0.490445 0)
(2.41581 0.453211 0)
(2.37506 0.349629 0)
(2.3116 0.215452 0)
(2.19617 0.037242 0)
(2.15127 -0.0577777 0)
(2.16066 -0.112001 0)
(2.1844 -0.104104 0)
(2.19654 -0.100691 0)
(2.20939 -0.0954612 0)
(2.22847 -0.0962337 0)
(2.2498 -0.102828 0)
(2.26368 -0.107709 0)
(2.2738 -0.101562 0)
(2.2843 -0.0882149 0)
(2.29505 -0.0812601 0)
(2.31016 -0.0823219 0)
(2.32883 -0.0859103 0)
(2.34702 -0.088355 0)
(2.36132 -0.091287 0)
(2.37235 -0.0945666 0)
(2.38126 -0.0968776 0)
(2.38942 -0.0948077 0)
(2.39592 -0.0874597 0)
(2.40432 -0.0848411 0)
(2.4165 -0.0884197 0)
(2.43077 -0.0913104 0)
(2.44593 -0.0919854 0)
(2.45976 -0.0913643 0)
(2.47104 -0.0924531 0)
(2.47847 -0.0962645 0)
(2.48172 -0.096967 0)
(2.48456 -0.0941028 0)
(2.49303 -0.0882069 0)
(2.50635 -0.0848445 0)
(2.52109 -0.0869412 0)
(2.53366 -0.0916697 0)
(2.5407 -0.0912319 0)
(2.54304 -0.0874839 0)
(2.52383 -0.053655 0)
(2.50447 -0.0134 0)
(2.45355 0.0629234 0)
(2.40404 0.138495 0)
(2.3688 0.21028 0)
(2.90064 0.169675 0)
(2.66567 0.499143 0)
(2.42973 0.80899 0)
(2.35935 0.846056 0)
(2.35195 0.848363 0)
(2.34059 0.834495 0)
(2.30745 0.791789 0)
(2.23377 0.663505 0)
(2.07597 0.37831 0)
(1.91039 0.126941 0)
(1.86709 0.0187921 0)
(1.87025 -0.0291486 0)
(1.90451 -0.0908621 0)
(1.94479 -0.113346 0)
(1.98179 -0.118968 0)
(2.0251 -0.138151 0)
(2.07508 -0.154365 0)
(2.13219 -0.164617 0)
(2.18743 -0.172931 0)
(2.23602 -0.185097 0)
(2.27821 -0.200876 0)
(2.31554 -0.212102 0)
(2.34828 -0.215214 0)
(2.3788 -0.209778 0)
(2.41092 -0.205266 0)
(2.44364 -0.202846 0)
(2.47376 -0.19561 0)
(2.49944 -0.188348 0)
(2.52575 -0.191002 0)
(2.55646 -0.200676 0)
(2.5874 -0.206981 0)
(2.61773 -0.210137 0)
(2.64212 -0.20298 0)
(2.65062 -0.197752 0)
(2.65502 -0.201764 0)
(2.67253 -0.19559 0)
(2.70242 -0.196988 0)
(2.72678 -0.20945 0)
(2.73417 -0.207513 0)
(2.74821 -0.187606 0)
(2.77543 -0.176126 0)
(2.80196 -0.172435 0)
(2.82458 -0.166868 0)
(2.81245 -0.139421 0)
(2.77834 -0.0793107 0)
(2.69017 0.0663781 0)
(2.55681 0.301953 0)
(2.47108 0.461854 0)
(2.40718 0.54361 0)
(2.39674 0.563518 0)
(2.40595 0.561575 0)
(2.40133 0.528307 0)
(2.3684 0.449021 0)
(2.31891 0.310963 0)
(2.24322 0.111447 0)
(2.20316 0.0285417 0)
(2.1672 -0.00632565 0)
(2.16809 -0.0348734 0)
(2.1787 -0.0628515 0)
(2.2001 -0.0740873 0)
(2.21209 -0.0698328 0)
(2.21843 -0.0707536 0)
(2.22942 -0.069346 0)
(2.24843 -0.065838 0)
(2.27054 -0.0669068 0)
(2.29003 -0.0677475 0)
(2.30493 -0.0673533 0)
(2.31773 -0.0667872 0)
(2.33066 -0.0663437 0)
(2.34429 -0.0657315 0)
(2.35692 -0.0626779 0)
(2.36818 -0.0605043 0)
(2.37644 -0.066265 0)
(2.38166 -0.0726546 0)
(2.3894 -0.0686288 0)
(2.39975 -0.0599193 0)
(2.41189 -0.0560895 0)
(2.42626 -0.0611198 0)
(2.44105 -0.0656009 0)
(2.45571 -0.0658425 0)
(2.46699 -0.063693 0)
(2.47426 -0.0638669 0)
(2.48091 -0.0681736 0)
(2.48674 -0.0708232 0)
(2.49249 -0.0679398 0)
(2.50187 -0.0601323 0)
(2.51276 -0.0531995 0)
(2.52548 -0.0543991 0)
(2.53776 -0.0575189 0)
(2.54839 -0.0663043 0)
(2.5524 -0.0700423 0)
(2.54704 -0.0680583 0)
(2.54141 -0.0439721 0)
(2.52827 -0.0147137 0)
(2.49923 0.0396133 0)
(2.43462 0.162088 0)
(2.99414 0.0138699 0)
(2.94116 0.10795 0)
(2.6497 0.522448 0)
(2.5145 0.688402 0)
(2.42354 0.810472 0)
(2.35101 0.782578 0)
(2.06219 0.477782 0)
(1.93649 0.171959 0)
(1.87641 -0.00329473 0)
(1.83308 -0.0504335 0)
(1.83815 -0.0395056 0)
(1.85472 -0.0344741 0)
(1.88943 -0.0408731 0)
(1.9455 -0.0684551 0)
(2.00062 -0.0889963 0)
(2.05359 -0.0970016 0)
(2.10596 -0.102549 0)
(2.15614 -0.102188 0)
(2.20061 -0.0955957 0)
(2.23919 -0.0988014 0)
(2.27893 -0.119067 0)
(2.32443 -0.135818 0)
(2.37117 -0.135602 0)
(2.408 -0.128079 0)
(2.44033 -0.125755 0)
(2.47117 -0.130656 0)
(2.49747 -0.132367 0)
(2.51706 -0.120543 0)
(2.53424 -0.112115 0)
(2.55149 -0.111394 0)
(2.57445 -0.115984 0)
(2.60288 -0.121641 0)
(2.64186 -0.122013 0)
(2.67733 -0.125543 0)
(2.69139 -0.128058 0)
(2.6929 -0.123179 0)
(2.69869 -0.112295 0)
(2.71714 -0.115644 0)
(2.73936 -0.116446 0)
(2.75987 -0.105938 0)
(2.77499 -0.106729 0)
(2.78864 -0.111136 0)
(2.808 -0.109308 0)
(2.81012 -0.117182 0)
(2.8118 -0.099305 0)
(2.80488 -0.0505072 0)
(2.77806 0.0274882 0)
(2.64633 0.269468 0)
(2.56988 0.439664 0)
(2.4754 0.549728 0)
(2.42827 0.528142 0)
(2.3481 0.431194 0)
(2.19599 0.237026 0)
(2.1374 0.0325845 0)
(2.15474 -0.0908231 0)
(2.15585 -0.0788845 0)
(2.16306 -0.0508845 0)
(2.17431 -0.0483087 0)
(2.193 -0.0527865 0)
(2.21139 -0.0517218 0)
(2.22793 -0.0418336 0)
(2.24434 -0.0439823 0)
(2.25575 -0.0453727 0)
(2.27115 -0.0457519 0)
(2.29024 -0.0436853 0)
(2.30727 -0.0384314 0)
(2.32107 -0.0368727 0)
(2.33486 -0.0408611 0)
(2.3491 -0.0449109 0)
(2.36175 -0.0442905 0)
(2.3713 -0.0409774 0)
(2.38045 -0.0400006 0)
(2.38912 -0.0444553 0)
(2.38749 -0.0462583 0)
(2.39076 -0.0431215 0)
(2.40799 -0.0361034 0)
(2.42177 -0.0323525 0)
(2.43712 -0.0356149 0)
(2.45179 -0.0406711 0)
(2.46656 -0.0414482 0)
(2.48055 -0.0388717 0)
(2.49013 -0.0373353 0)
(2.493 -0.0421881 0)
(2.49467 -0.0459217 0)
(2.50254 -0.0414932 0)
(2.51329 -0.0326175 0)
(2.5237 -0.0250373 0)
(2.53542 -0.0276183 0)
(2.54628 -0.0329062 0)
(2.55536 -0.0429259 0)
(2.56049 -0.0455373 0)
(2.56415 -0.0470114 0)
(2.55609 -0.0418929 0)
(2.56196 -0.0255186 0)
(2.55862 -0.00473107 0)
(2.51962 0.0777317 0)
(2.99991 0.000165652 0)
(2.99754 0.00335129 0)
(2.91586 0.144099 0)
(2.73058 0.22165 0)
(2.46534 0.30399 0)
(2.28877 0.44331 0)
(1.9512 0.234023 0)
(1.92679 0.0331819 0)
(1.85735 0.000333802 0)
(1.85114 0.0116351 0)
(1.87312 0.00203119 0)
(1.88506 -0.0201111 0)
(1.90057 -0.0298655 0)
(1.93991 -0.0352266 0)
(1.99672 -0.0327389 0)
(2.05585 -0.0280907 0)
(2.11073 -0.0329947 0)
(2.16639 -0.0351722 0)
(2.21562 -0.0294466 0)
(2.2579 -0.0235683 0)
(2.29728 -0.0282161 0)
(2.32879 -0.0422774 0)
(2.3566 -0.0417979 0)
(2.39234 -0.0344235 0)
(2.42572 -0.0372868 0)
(2.44999 -0.0444816 0)
(2.47969 -0.0437077 0)
(2.51616 -0.0390212 0)
(2.55044 -0.037411 0)
(2.57759 -0.03899 0)
(2.59995 -0.0433677 0)
(2.62752 -0.0508655 0)
(2.64815 -0.0453477 0)
(2.66336 -0.0366531 0)
(2.66667 -0.0339988 0)
(2.6759 -0.0346261 0)
(2.70583 -0.0370063 0)
(2.73581 -0.0441223 0)
(2.76529 -0.0438794 0)
(2.79287 -0.0342246 0)
(2.81001 -0.0321264 0)
(2.8065 -0.0353636 0)
(2.80518 -0.0320009 0)
(2.81456 -0.0345876 0)
(2.80847 -0.0429792 0)
(2.83234 -0.0240213 0)
(2.8362 -0.013249 0)
(2.81134 0.0189125 0)
(2.69258 0.183536 0)
(2.53695 0.23751 0)
(2.41933 0.22483 0)
(2.31579 0.25702 0)
(2.1734 0.152515 0)
(2.14785 0.0116321 0)
(2.15492 -0.0328114 0)
(2.1653 -0.0183436 0)
(2.18557 0.00267015 0)
(2.20901 -0.00389468 0)
(2.21051 -0.0297902 0)
(2.21475 -0.0297093 0)
(2.22669 -0.018544 0)
(2.24249 -0.00990311 0)
(2.25297 -0.0145039 0)
(2.27128 -0.015187 0)
(2.29289 -0.0124721 0)
(2.31117 -0.00633879 0)
(2.32889 -0.00375206 0)
(2.34413 -0.00834999 0)
(2.35701 -0.0163436 0)
(2.36965 -0.0159012 0)
(2.37853 -0.0112371 0)
(2.37999 -0.0151059 0)
(2.38316 -0.0235985 0)
(2.39258 -0.0270061 0)
(2.40399 -0.0177818 0)
(2.40956 -0.00705359 0)
(2.417 -0.00578609 0)
(2.43013 -0.0124548 0)
(2.44393 -0.0176127 0)
(2.45805 -0.017275 0)
(2.47056 -0.0129922 0)
(2.48014 -0.00812384 0)
(2.48731 -0.00904436 0)
(2.49247 -0.01118 0)
(2.50149 -0.00936235 0)
(2.51251 -0.00620838 0)
(2.5227 -0.00265593 0)
(2.53052 -0.00511882 0)
(2.53715 -0.00924097 0)
(2.54431 -0.0175427 0)
(2.54935 -0.0176208 0)
(2.55144 -0.0218721 0)
(2.55284 -0.0196462 0)
(2.57455 -0.0137881 0)
(2.57861 -0.00755324 0)
(2.56468 0.0133718 0)
(2.99983 -0.000278177 0)
(2.99643 -0.00944265 0)
(2.98848 -0.0172498 0)
(2.71367 -0.363964 0)
(2.36185 -0.544136 0)
(2.14207 -0.175798 0)
(2.08341 -0.155205 0)
(1.96688 -0.147335 0)
(1.83336 -0.0719239 0)
(1.82641 0.0304161 0)
(1.85482 0.0395859 0)
(1.8835 0.01347 0)
(1.90246 -0.00428827 0)
(1.94371 0.00555529 0)
(2.00625 0.0242986 0)
(2.07528 0.0350111 0)
(2.13238 0.0344195 0)
(2.16877 0.0317686 0)
(2.20057 0.0318823 0)
(2.23243 0.0388406 0)
(2.26062 0.044852 0)
(2.30393 0.044844 0)
(2.361 0.0414168 0)
(2.41388 0.0397363 0)
(2.45629 0.0372497 0)
(2.48498 0.0352095 0)
(2.50146 0.0382557 0)
(2.51001 0.0354626 0)
(2.52853 0.0342506 0)
(2.54791 0.0328702 0)
(2.56489 0.0362433 0)
(2.59776 0.0370241 0)
(2.64145 0.0363251 0)
(2.68289 0.0340585 0)
(2.7084 0.0387899 0)
(2.70673 0.0451089 0)
(2.69645 0.0433365 0)
(2.71544 0.0348531 0)
(2.74016 0.0281515 0)
(2.76416 0.0332771 0)
(2.77886 0.0414631 0)
(2.79668 0.0330931 0)
(2.81755 0.0336371 0)
(2.83668 0.0313272 0)
(2.85028 0.0224352 0)
(2.8436 0.0178202 0)
(2.83768 0.0123059 0)
(2.80719 -0.0229815 0)
(2.70171 -0.12809 0)
(2.52651 -0.30906 0)
(2.35266 -0.278605 0)
(2.25494 -0.0907959 0)
(2.24307 -0.0756378 0)
(2.17563 -0.0770731 0)
(2.15355 -0.053557 0)
(2.15384 0.016668 0)
(2.16447 0.0501338 0)
(2.19855 0.0351348 0)
(2.2114 0.00206028 0)
(2.21905 -0.00614005 0)
(2.23287 0.00792068 0)
(2.24303 0.0226582 0)
(2.25493 0.017658 0)
(2.27159 0.0111979 0)
(2.28845 0.0137809 0)
(2.30727 0.0171857 0)
(2.32521 0.0221249 0)
(2.33919 0.0203715 0)
(2.3483 0.0111038 0)
(2.35576 0.00761686 0)
(2.36466 0.01179 0)
(2.37494 0.0115202 0)
(2.38282 0.00297717 0)
(2.38917 0.00212212 0)
(2.39766 0.0125856 0)
(2.40684 0.022762 0)
(2.41793 0.0233613 0)
(2.43197 0.0162007 0)
(2.4447 0.0111098 0)
(2.45718 0.0115354 0)
(2.47049 0.0146231 0)
(2.48435 0.0153834 0)
(2.49571 0.0160285 0)
(2.50343 0.0148262 0)
(2.51279 0.0129245 0)
(2.52254 0.0153828 0)
(2.52727 0.0213374 0)
(2.52988 0.0209817 0)
(2.53231 0.0162342 0)
(2.53653 0.0100782 0)
(2.54125 0.0134001 0)
(2.54841 0.00955392 0)
(2.55983 0.0100809 0)
(2.57385 0.00915602 0)
(2.57641 0.00678978 0)
(2.56628 -0.00824979 0)
(2.99058 -0.0181674 0)
(2.90991 -0.156399 0)
(2.82528 -0.369042 0)
(2.50327 -0.739554 0)
(2.36236 -0.870531 0)
(2.2133 -0.679247 0)
(2.18459 -0.527328 0)
(2.02503 -0.254064 0)
(1.81208 0.00100303 0)
(1.79752 0.091336 0)
(1.82658 0.0690227 0)
(1.85546 0.0273948 0)
(1.89888 0.0279686 0)
(1.95578 0.062109 0)
(2.00502 0.101576 0)
(2.05649 0.11053 0)
(2.11341 0.105998 0)
(2.16674 0.100164 0)
(2.2111 0.101878 0)
(2.2482 0.112639 0)
(2.28459 0.124659 0)
(2.32118 0.132864 0)
(2.35689 0.126088 0)
(2.39441 0.121417 0)
(2.4288 0.119876 0)
(2.46109 0.118684 0)
(2.4935 0.120559 0)
(2.52327 0.119778 0)
(2.54117 0.120826 0)
(2.5613 0.11989 0)
(2.5899 0.12137 0)
(2.62192 0.128249 0)
(2.64665 0.12632 0)
(2.66151 0.117747 0)
(2.67057 0.11597 0)
(2.68264 0.125595 0)
(2.69546 0.132273 0)
(2.71032 0.121472 0)
(2.73668 0.111486 0)
(2.76756 0.11511 0)
(2.79569 0.120976 0)
(2.80835 0.116402 0)
(2.80136 0.101258 0)
(2.80337 0.0964797 0)
(2.81731 0.0832215 0)
(2.81315 0.0523591 0)
(2.77089 -0.043594 0)
(2.65769 -0.272019 0)
(2.5902 -0.429594 0)
(2.49454 -0.582155 0)
(2.38363 -0.529951 0)
(2.27893 -0.361828 0)
(2.27665 -0.241224 0)
(2.22327 -0.0997845 0)
(2.13451 0.0176663 0)
(2.12763 0.0881092 0)
(2.14476 0.0818111 0)
(2.17604 0.054032 0)
(2.19808 0.0314186 0)
(2.21387 0.0323593 0)
(2.22468 0.0563455 0)
(2.23437 0.0619705 0)
(2.25581 0.0500703 0)
(2.27287 0.0387511 0)
(2.29078 0.0359059 0)
(2.31075 0.0420196 0)
(2.32707 0.048033 0)
(2.33729 0.0455355 0)
(2.34315 0.0408263 0)
(2.35214 0.0415792 0)
(2.36468 0.0416359 0)
(2.37773 0.0390071 0)
(2.38871 0.0332877 0)
(2.39681 0.0309343 0)
(2.40569 0.0365602 0)
(2.41492 0.0446755 0)
(2.42607 0.0451833 0)
(2.43956 0.0385101 0)
(2.45177 0.0338946 0)
(2.46436 0.0355033 0)
(2.47621 0.0410633 0)
(2.48485 0.0417643 0)
(2.49028 0.0381564 0)
(2.49602 0.0365584 0)
(2.503 0.0381551 0)
(2.51486 0.0423416 0)
(2.52779 0.0429462 0)
(2.53904 0.0426603 0)
(2.54145 0.0432805 0)
(2.53942 0.0431438 0)
(2.54369 0.043539 0)
(2.55433 0.0389987 0)
(2.56728 0.0319906 0)
(2.57131 0.0226624 0)
(2.56569 0.000138204 0)
(2.5296 -0.0765867 0)
(2.87512 -0.21049 0)
(2.59104 -0.59529 0)
(2.51621 -0.699627 0)
(2.38959 -0.791262 0)
(2.34892 -0.849377 0)
(2.33312 -0.858642 0)
(2.31132 -0.830629 0)
(2.22013 -0.68248 0)
(2.06628 -0.381108 0)
(1.91206 -0.0995801 0)
(1.8696 0.00303114 0)
(1.87191 0.0194488 0)
(1.90925 0.0681537 0)
(1.94912 0.121882 0)
(1.98382 0.14662 0)
(2.0288 0.149922 0)
(2.08246 0.150943 0)
(2.13768 0.155602 0)
(2.18676 0.167211 0)
(2.22868 0.182365 0)
(2.26673 0.192007 0)
(2.30462 0.195111 0)
(2.34081 0.198192 0)
(2.3769 0.205437 0)
(2.41584 0.208351 0)
(2.4542 0.20443 0)
(2.48702 0.201866 0)
(2.51297 0.202067 0)
(2.53382 0.207526 0)
(2.55253 0.214726 0)
(2.5759 0.214336 0)
(2.60169 0.204343 0)
(2.61835 0.196716 0)
(2.62878 0.198099 0)
(2.66038 0.193467 0)
(2.6922 0.18837 0)
(2.723 0.192965 0)
(2.74513 0.197604 0)
(2.74832 0.190933 0)
(2.74734 0.187219 0)
(2.75736 0.186456 0)
(2.76787 0.184613 0)
(2.76591 0.176169 0)
(2.78623 0.142822 0)
(2.7745 0.0877798 0)
(2.7121 -0.0596158 0)
(2.56249 -0.321486 0)
(2.50524 -0.447392 0)
(2.41999 -0.529595 0)
(2.39612 -0.560411 0)
(2.39805 -0.554431 0)
(2.39402 -0.522626 0)
(2.3795 -0.452865 0)
(2.32708 -0.328181 0)
(2.24012 -0.163114 0)
(2.19311 -0.0343219 0)
(2.17589 0.030336 0)
(2.17696 0.0453731 0)
(2.18519 0.0565538 0)
(2.19205 0.0826363 0)
(2.19089 0.0853426 0)
(2.21202 0.0778953 0)
(2.23714 0.0696457 0)
(2.2576 0.066043 0)
(2.27565 0.0642482 0)
(2.29351 0.0656407 0)
(2.31022 0.0651848 0)
(2.3216 0.0618761 0)
(2.32807 0.0588326 0)
(2.33606 0.0606966 0)
(2.349 0.0649929 0)
(2.36431 0.0668228 0)
(2.37791 0.0631551 0)
(2.38857 0.0587833 0)
(2.39821 0.0596264 0)
(2.40811 0.0640801 0)
(2.41846 0.0671952 0)
(2.42968 0.0654195 0)
(2.43981 0.0621082 0)
(2.44986 0.0630852 0)
(2.46017 0.0667907 0)
(2.47278 0.0666311 0)
(2.48758 0.0629436 0)
(2.49912 0.0612659 0)
(2.50679 0.0646564 0)
(2.51159 0.0653625 0)
(2.52018 0.0652532 0)
(2.5277 0.0642326 0)
(2.53131 0.0668857 0)
(2.53099 0.0729229 0)
(2.53419 0.0655885 0)
(2.5434 0.0596381 0)
(2.54611 0.049702 0)
(2.53596 0.013421 0)
(2.5125 -0.0609447 0)
(2.45806 -0.176726 0)
(2.59514 -0.597947 0)
(2.35416 -0.848507 0)
(2.3272 -0.848145 0)
(2.3404 -0.825181 0)
(2.34718 -0.82859 0)
(2.3436 -0.836786 0)
(2.33562 -0.841041 0)
(2.32863 -0.825593 0)
(2.2991 -0.751615 0)
(2.15963 -0.483745 0)
(1.98613 -0.130175 0)
(1.90629 0.0870328 0)
(1.91194 0.173248 0)
(1.93361 0.193693 0)
(1.97922 0.194619 0)
(2.03131 0.199966 0)
(2.08595 0.217194 0)
(2.13758 0.238504 0)
(2.18361 0.256222 0)
(2.22584 0.265302 0)
(2.26493 0.264948 0)
(2.29924 0.265006 0)
(2.33174 0.27259 0)
(2.36558 0.28467 0)
(2.40086 0.291127 0)
(2.43743 0.289917 0)
(2.47225 0.290992 0)
(2.5026 0.291266 0)
(2.52567 0.291597 0)
(2.54094 0.287463 0)
(2.55512 0.276202 0)
(2.57942 0.270908 0)
(2.61424 0.279819 0)
(2.64495 0.286479 0)
(2.66615 0.280866 0)
(2.68203 0.263708 0)
(2.69724 0.260486 0)
(2.70941 0.26508 0)
(2.7199 0.261113 0)
(2.73385 0.258202 0)
(2.7477 0.256174 0)
(2.76531 0.251603 0)
(2.74889 0.190289 0)
(2.71263 0.0886942 0)
(2.61984 -0.113605 0)
(2.48669 -0.334988 0)
(2.41325 -0.455482 0)
(2.37061 -0.499176 0)
(2.3676 -0.499872 0)
(2.37802 -0.501703 0)
(2.39673 -0.508358 0)
(2.4039 -0.499989 0)
(2.41451 -0.484376 0)
(2.41062 -0.45758 0)
(2.37599 -0.373082 0)
(2.29254 -0.194154 0)
(2.23435 -0.0391261 0)
(2.19042 0.0741119 0)
(2.16879 0.126101 0)
(2.15564 0.126391 0)
(2.17247 0.111656 0)
(2.19452 0.0919471 0)
(2.21848 0.08772 0)
(2.24383 0.098692 0)
(2.2611 0.100544 0)
(2.27978 0.0936847 0)
(2.29922 0.0897512 0)
(2.31529 0.0884505 0)
(2.32331 0.0881606 0)
(2.32831 0.0907871 0)
(2.33836 0.0953583 0)
(2.35294 0.0974161 0)
(2.36778 0.0937848 0)
(2.37844 0.0883841 0)
(2.38582 0.0848475 0)
(2.39347 0.0836652 0)
(2.40281 0.084231 0)
(2.41252 0.0853429 0)
(2.42259 0.0896134 0)
(2.43479 0.0954301 0)
(2.44816 0.0977586 0)
(2.46418 0.0960414 0)
(2.4789 0.0914149 0)
(2.48999 0.0857815 0)
(2.49642 0.0837547 0)
(2.50519 0.0863486 0)
(2.51748 0.0908034 0)
(2.52804 0.0952717 0)
(2.53214 0.0983253 0)
(2.52965 0.0935032 0)
(2.52698 0.074006 0)
(2.51851 0.0538519 0)
(2.50113 0.0167139 0)
(2.44778 -0.0947658 0)
(2.43916 -0.168372 0)
(2.40135 -0.229599 0)
(2.4079 -0.800837 0)
(2.3207 -0.834499 0)
(2.31895 -0.833485 0)
(2.32791 -0.83083 0)
(2.33678 -0.831386 0)
(2.33944 -0.834389 0)
(2.33882 -0.836672 0)
(2.34334 -0.827822 0)
(2.36241 -0.822615 0)
(2.36081 -0.75535 0)
(2.30829 -0.562355 0)
(2.15848 -0.222797 0)
(2.04299 0.0356116 0)
(2.02377 0.177737 0)
(2.03155 0.236895 0)
(2.06341 0.275744 0)
(2.10043 0.293088 0)
(2.13944 0.312602 0)
(2.17837 0.331692 0)
(2.21779 0.340672 0)
(2.25854 0.341097 0)
(2.29829 0.3447 0)
(2.33483 0.355857 0)
(2.36748 0.371959 0)
(2.39834 0.3808 0)
(2.42945 0.378324 0)
(2.45854 0.375165 0)
(2.48679 0.370541 0)
(2.51398 0.369508 0)
(2.53948 0.372527 0)
(2.56192 0.369458 0)
(2.58297 0.361681 0)
(2.60278 0.360052 0)
(2.62084 0.350505 0)
(2.63856 0.339758 0)
(2.65691 0.336937 0)
(2.67956 0.333592 0)
(2.70719 0.329039 0)
(2.7342 0.326804 0)
(2.74892 0.316394 0)
(2.74804 0.28954 0)
(2.723 0.230382 0)
(2.65004 0.0814659 0)
(2.47887 -0.220683 0)
(2.41167 -0.354771 0)
(2.34783 -0.435056 0)
(2.33911 -0.45129 0)
(2.34264 -0.456106 0)
(2.34435 -0.469231 0)
(2.35246 -0.468209 0)
(2.37495 -0.460562 0)
(2.39623 -0.453959 0)
(2.4155 -0.446822 0)
(2.42729 -0.448379 0)
(2.43929 -0.43686 0)
(2.42584 -0.38984 0)
(2.36698 -0.266444 0)
(2.30033 -0.117821 0)
(2.22697 0.0240258 0)
(2.18241 0.0731351 0)
(2.18566 0.0969634 0)
(2.19606 0.102372 0)
(2.21769 0.120444 0)
(2.22966 0.132737 0)
(2.24152 0.125786 0)
(2.25826 0.109888 0)
(2.27716 0.103796 0)
(2.29658 0.109638 0)
(2.30604 0.11621 0)
(2.31034 0.118081 0)
(2.32034 0.118367 0)
(2.33566 0.118071 0)
(2.35096 0.115513 0)
(2.36267 0.112191 0)
(2.37225 0.108873 0)
(2.38242 0.106586 0)
(2.39295 0.106595 0)
(2.4022 0.110169 0)
(2.41122 0.118331 0)
(2.422 0.126463 0)
(2.43523 0.128669 0)
(2.45059 0.123693 0)
(2.46445 0.113675 0)
(2.47662 0.108776 0)
(2.48928 0.108113 0)
(2.50264 0.109624 0)
(2.51276 0.114278 0)
(2.51752 0.120823 0)
(2.51445 0.122278 0)
(2.50468 0.0960018 0)
(2.49145 0.0640448 0)
(2.45373 0.00654444 0)
(2.39088 -0.101554 0)
(2.38242 -0.171521 0)
(2.36594 -0.236261 0)
(2.36661 -0.240104 0)
(2.31544 -0.879588 0)
(2.30196 -0.867979 0)
(2.30136 -0.847646 0)
(2.31779 -0.831306 0)
(2.33202 -0.827524 0)
(2.33855 -0.829417 0)
(2.34849 -0.828153 0)
(2.36435 -0.812268 0)
(2.39216 -0.788481 0)
(2.42944 -0.754129 0)
(2.47091 -0.703217 0)
(2.45684 -0.570334 0)
(2.32172 -0.257401 0)
(2.18127 0.0854629 0)
(2.09994 0.308777 0)
(2.08515 0.387351 0)
(2.11355 0.395041 0)
(2.15103 0.399389 0)
(2.1891 0.410178 0)
(2.22752 0.420644 0)
(2.26505 0.426567 0)
(2.2994 0.432334 0)
(2.32985 0.440111 0)
(2.35763 0.452055 0)
(2.38628 0.457866 0)
(2.41796 0.455373 0)
(2.44956 0.45427 0)
(2.47928 0.451838 0)
(2.50325 0.447647 0)
(2.52056 0.446361 0)
(2.53323 0.433979 0)
(2.54902 0.417411 0)
(2.57157 0.418188 0)
(2.60539 0.414492 0)
(2.64285 0.40639 0)
(2.67121 0.405041 0)
(2.69417 0.407841 0)
(2.70436 0.391141 0)
(2.70678 0.385951 0)
(2.69587 0.345938 0)
(2.65108 0.237295 0)
(2.53871 0.00936803 0)
(2.39285 -0.242928 0)
(2.33652 -0.373408 0)
(2.2917 -0.419888 0)
(2.30195 -0.41494 0)
(2.32479 -0.410074 0)
(2.34404 -0.408312 0)
(2.35013 -0.414688 0)
(2.35111 -0.418647 0)
(2.37865 -0.415098 0)
(2.4037 -0.41217 0)
(2.42788 -0.408738 0)
(2.44827 -0.413708 0)
(2.45742 -0.408781 0)
(2.46373 -0.414173 0)
(2.44661 -0.381914 0)
(2.41929 -0.30997 0)
(2.36224 -0.182834 0)
(2.24707 0.0182197 0)
(2.20883 0.106306 0)
(2.19042 0.149549 0)
(2.20705 0.163527 0)
(2.21711 0.162579 0)
(2.23517 0.156332 0)
(2.25363 0.139361 0)
(2.27319 0.134036 0)
(2.29245 0.143989 0)
(2.3023 0.151346 0)
(2.30719 0.145574 0)
(2.31361 0.137619 0)
(2.32438 0.135111 0)
(2.33772 0.135091 0)
(2.35133 0.134513 0)
(2.3652 0.132252 0)
(2.37889 0.130574 0)
(2.39135 0.132609 0)
(2.40331 0.14012 0)
(2.41355 0.151562 0)
(2.41979 0.16036 0)
(2.42589 0.157589 0)
(2.43705 0.145608 0)
(2.45011 0.135911 0)
(2.4649 0.13112 0)
(2.47802 0.128914 0)
(2.4905 0.130941 0)
(2.50018 0.135729 0)
(2.50578 0.136282 0)
(2.48919 0.108343 0)
(2.46671 0.0626822 0)
(2.41497 -0.00144042 0)
(2.34154 -0.0987813 0)
(2.31793 -0.156636 0)
(2.32884 -0.206116 0)
(2.34459 -0.221414 0)
(2.35441 -0.217823 0)
(2.32683 -0.831256 0)
(2.32293 -0.83809 0)
(2.32476 -0.838044 0)
(2.33108 -0.834501 0)
(2.33492 -0.833694 0)
(2.3411 -0.834986 0)
(2.35886 -0.821668 0)
(2.37959 -0.802803 0)
(2.42913 -0.754451 0)
(2.47092 -0.718643 0)
(2.53719 -0.638553 0)
(2.58487 -0.620673 0)
(2.56806 -0.512248 0)
(2.51333 -0.286093 0)
(2.31437 0.109598 0)
(2.2178 0.334449 0)
(2.16809 0.467242 0)
(2.17891 0.487386 0)
(2.21113 0.503828 0)
(2.24656 0.511006 0)
(2.27837 0.512408 0)
(2.3068 0.518988 0)
(2.33628 0.531416 0)
(2.36676 0.546582 0)
(2.39814 0.552835 0)
(2.42756 0.546917 0)
(2.4509 0.535993 0)
(2.46846 0.524549 0)
(2.48303 0.514473 0)
(2.49928 0.518093 0)
(2.53135 0.506603 0)
(2.56213 0.491277 0)
(2.58518 0.485279 0)
(2.60923 0.483139 0)
(2.62826 0.470242 0)
(2.64531 0.460451 0)
(2.6512 0.461509 0)
(2.66647 0.435159 0)
(2.64959 0.363407 0)
(2.56986 0.207893 0)
(2.40035 -0.0830242 0)
(2.31669 -0.275348 0)
(2.2527 -0.382591 0)
(2.25908 -0.384263 0)
(2.27506 -0.379588 0)
(2.29912 -0.37483 0)
(2.32304 -0.368732 0)
(2.33713 -0.366147 0)
(2.33943 -0.366358 0)
(2.34285 -0.370829 0)
(2.35846 -0.369641 0)
(2.3838 -0.368819 0)
(2.40972 -0.365636 0)
(2.43199 -0.366938 0)
(2.44797 -0.371593 0)
(2.46296 -0.376618 0)
(2.4692 -0.373763 0)
(2.47361 -0.364288 0)
(2.45561 -0.310619 0)
(2.41699 -0.209975 0)
(2.33475 -0.0635455 0)
(2.24946 0.0627298 0)
(2.23848 0.113551 0)
(2.23902 0.164905 0)
(2.24408 0.173736 0)
(2.26039 0.173391 0)
(2.2743 0.169496 0)
(2.28587 0.17714 0)
(2.29548 0.17908 0)
(2.3038 0.168552 0)
(2.30911 0.157511 0)
(2.31767 0.157139 0)
(2.33186 0.160285 0)
(2.34823 0.160712 0)
(2.36549 0.158916 0)
(2.38184 0.157238 0)
(2.39632 0.159941 0)
(2.40778 0.16986 0)
(2.41397 0.180092 0)
(2.41444 0.184315 0)
(2.4157 0.177651 0)
(2.42693 0.16662 0)
(2.43998 0.159883 0)
(2.45485 0.153722 0)
(2.47156 0.154106 0)
(2.48119 0.153153 0)
(2.48911 0.146766 0)
(2.47724 0.116599 0)
(2.4411 0.0481198 0)
(2.38817 -0.0275076 0)
(2.31222 -0.104988 0)
(2.27733 -0.148343 0)
(2.28409 -0.173671 0)
(2.31488 -0.198815 0)
(2.32873 -0.203408 0)
(2.35015 -0.197668 0)
(2.32246 -0.840148 0)
(2.32446 -0.841271 0)
(2.3289 -0.842641 0)
(2.33581 -0.841204 0)
(2.3412 -0.837691 0)
(2.35745 -0.825134 0)
(2.38235 -0.804367 0)
(2.43011 -0.761855 0)
(2.48639 -0.701444 0)
(2.53907 -0.643423 0)
(2.56162 -0.617868 0)
(2.63306 -0.528516 0)
(2.66429 -0.491776 0)
(2.6936 -0.371646 0)
(2.65342 -0.223726 0)
(2.46192 0.131967 0)
(2.33335 0.406386 0)
(2.22182 0.598223 0)
(2.21733 0.627054 0)
(2.25194 0.62435 0)
(2.28857 0.613957 0)
(2.31519 0.609 0)
(2.34009 0.612238 0)
(2.3665 0.619613 0)
(2.39459 0.620027 0)
(2.41954 0.611041 0)
(2.44102 0.603242 0)
(2.46372 0.600502 0)
(2.48989 0.59658 0)
(2.5085 0.59653 0)
(2.52972 0.577923 0)
(2.54189 0.557102 0)
(2.55955 0.54325 0)
(2.58334 0.542331 0)
(2.60981 0.524491 0)
(2.63186 0.522777 0)
(2.61958 0.477998 0)
(2.57221 0.358237 0)
(2.45916 0.118771 0)
(2.31223 -0.145538 0)
(2.23124 -0.291434 0)
(2.22594 -0.329957 0)
(2.23686 -0.325013 0)
(2.26288 -0.32217 0)
(2.28637 -0.314931 0)
(2.30959 -0.321781 0)
(2.32964 -0.326861 0)
(2.34096 -0.32673 0)
(2.3437 -0.325885 0)
(2.35017 -0.329389 0)
(2.36651 -0.331795 0)
(2.38959 -0.33134 0)
(2.41325 -0.326539 0)
(2.4326 -0.323817 0)
(2.44678 -0.326976 0)
(2.46336 -0.335045 0)
(2.48243 -0.339035 0)
(2.49745 -0.336537 0)
(2.50032 -0.33213 0)
(2.48805 -0.289182 0)
(2.46466 -0.229861 0)
(2.39501 -0.119237 0)
(2.30937 0.0303558 0)
(2.28283 0.145242 0)
(2.26764 0.211653 0)
(2.26787 0.207928 0)
(2.27596 0.204628 0)
(2.28621 0.206114 0)
(2.29616 0.208277 0)
(2.30696 0.199472 0)
(2.31082 0.186329 0)
(2.31895 0.187226 0)
(2.33476 0.190321 0)
(2.35309 0.190035 0)
(2.37126 0.188087 0)
(2.38899 0.186671 0)
(2.40429 0.188656 0)
(2.41678 0.195057 0)
(2.42281 0.201517 0)
(2.41492 0.202595 0)
(2.4111 0.198211 0)
(2.42093 0.191284 0)
(2.43706 0.1854 0)
(2.44646 0.181046 0)
(2.45719 0.174684 0)
(2.46443 0.159049 0)
(2.44853 0.108472 0)
(2.4099 0.0118071 0)
(2.3641 -0.0713791 0)
(2.30976 -0.120083 0)
(2.27794 -0.138355 0)
(2.26448 -0.151316 0)
(2.28676 -0.162322 0)
(2.31088 -0.170819 0)
(2.32436 -0.16973 0)
(2.34991 -0.167508 0)
(2.33016 -0.839972 0)
(2.33416 -0.8409 0)
(2.34059 -0.84215 0)
(2.34647 -0.83797 0)
(2.35877 -0.829544 0)
(2.38418 -0.808886 0)
(2.4381 -0.761559 0)
(2.49865 -0.687607 0)
(2.53379 -0.662957 0)
(2.56587 -0.613718 0)
(2.65979 -0.511065 0)
(2.70248 -0.416446 0)
(2.73227 -0.3844 0)
(2.75115 -0.390535 0)
(2.78141 -0.306603 0)
(2.75753 -0.172959 0)
(2.64307 0.137292 0)
(2.43635 0.489944 0)
(2.29574 0.664519 0)
(2.26883 0.721055 0)
(2.28875 0.720637 0)
(2.31735 0.70934 0)
(2.34791 0.701947 0)
(2.37791 0.703494 0)
(2.40588 0.700247 0)
(2.42866 0.68684 0)
(2.44427 0.67468 0)
(2.45893 0.662575 0)
(2.47437 0.657873 0)
(2.48531 0.654533 0)
(2.50126 0.63903 0)
(2.534 0.608933 0)
(2.56051 0.588657 0)
(2.57939 0.582463 0)
(2.60143 0.557148 0)
(2.58203 0.496025 0)
(2.48527 0.316049 0)
(2.30693 -0.00125248 0)
(2.24095 -0.182564 0)
(2.18362 -0.298386 0)
(2.176 -0.315533 0)
(2.19614 -0.308099 0)
(2.2277 -0.294085 0)
(2.25923 -0.273236 0)
(2.2845 -0.26801 0)
(2.30815 -0.276941 0)
(2.32688 -0.286103 0)
(2.34151 -0.28997 0)
(2.35147 -0.291273 0)
(2.36216 -0.292893 0)
(2.3769 -0.294873 0)
(2.39522 -0.293664 0)
(2.41538 -0.287437 0)
(2.43459 -0.280709 0)
(2.45278 -0.282784 0)
(2.47019 -0.288959 0)
(2.4892 -0.296304 0)
(2.50596 -0.293394 0)
(2.51245 -0.294062 0)
(2.5026 -0.292761 0)
(2.50916 -0.268338 0)
(2.5013 -0.238619 0)
(2.46463 -0.161438 0)
(2.38173 0.00721933 0)
(2.35128 0.118687 0)
(2.32897 0.178955 0)
(2.30702 0.20498 0)
(2.29923 0.215745 0)
(2.29765 0.230362 0)
(2.30369 0.224851 0)
(2.31387 0.21985 0)
(2.32395 0.220949 0)
(2.34112 0.220319 0)
(2.35965 0.219631 0)
(2.3798 0.216985 0)
(2.39895 0.217534 0)
(2.41446 0.218773 0)
(2.42442 0.218877 0)
(2.4264 0.2185 0)
(2.41608 0.224378 0)
(2.40814 0.220573 0)
(2.42553 0.215945 0)
(2.43124 0.211977 0)
(2.43867 0.200928 0)
(2.43532 0.170747 0)
(2.40801 0.101026 0)
(2.36582 -0.0143957 0)
(2.34422 -0.105588 0)
(2.29671 -0.15523 0)
(2.27709 -0.165131 0)
(2.26354 -0.165426 0)
(2.27283 -0.154629 0)
(2.29266 -0.14786 0)
(2.31125 -0.142599 0)
(2.3251 -0.138327 0)
(2.35027 -0.138988 0)
(2.34261 -0.838005 0)
(2.34596 -0.842993 0)
(2.35252 -0.840915 0)
(2.36222 -0.834571 0)
(2.38631 -0.814744 0)
(2.44121 -0.762242 0)
(2.49954 -0.698448 0)
(2.53161 -0.667192 0)
(2.60846 -0.586562 0)
(2.68885 -0.472635 0)
(2.72384 -0.400962 0)
(2.74965 -0.391319 0)
(2.75838 -0.361853 0)
(2.8354 -0.271954 0)
(2.88065 -0.175582 0)
(2.91243 -0.147058 0)
(2.87156 -0.0113538 0)
(2.78253 0.180227 0)
(2.50545 0.539958 0)
(2.37366 0.732319 0)
(2.27397 0.813307 0)
(2.29364 0.81027 0)
(2.33222 0.792128 0)
(2.36731 0.774667 0)
(2.39243 0.761911 0)
(2.41336 0.740957 0)
(2.42308 0.728719 0)
(2.43531 0.71293 0)
(2.44705 0.710613 0)
(2.46841 0.69933 0)
(2.49104 0.680226 0)
(2.52231 0.642354 0)
(2.54488 0.63137 0)
(2.54521 0.590618 0)
(2.50087 0.466613 0)
(2.38115 0.214121 0)
(2.21834 -0.0742337 0)
(2.1646 -0.192928 0)
(2.16293 -0.238315 0)
(2.17688 -0.243145 0)
(2.19694 -0.252236 0)
(2.21601 -0.25268 0)
(2.24531 -0.243789 0)
(2.27539 -0.234705 0)
(2.29841 -0.235175 0)
(2.31626 -0.241758 0)
(2.32732 -0.248941 0)
(2.33686 -0.251408 0)
(2.35484 -0.251099 0)
(2.3756 -0.253624 0)
(2.39423 -0.257716 0)
(2.411 -0.258791 0)
(2.42731 -0.252648 0)
(2.44338 -0.24144 0)
(2.46089 -0.23777 0)
(2.47901 -0.2447 0)
(2.49672 -0.254893 0)
(2.51258 -0.256347 0)
(2.52175 -0.2533 0)
(2.51955 -0.260836 0)
(2.51291 -0.252475 0)
(2.53178 -0.243721 0)
(2.53553 -0.225535 0)
(2.52152 -0.176267 0)
(2.46222 -0.04221 0)
(2.41686 0.0888443 0)
(2.35955 0.200055 0)
(2.32345 0.247454 0)
(2.29825 0.258449 0)
(2.30256 0.25181 0)
(2.31723 0.252999 0)
(2.32938 0.256024 0)
(2.34315 0.254718 0)
(2.36267 0.249548 0)
(2.38133 0.245826 0)
(2.39925 0.246546 0)
(2.41633 0.247633 0)
(2.4314 0.246853 0)
(2.43114 0.245094 0)
(2.41542 0.246736 0)
(2.41485 0.241971 0)
(2.42126 0.237278 0)
(2.42172 0.220414 0)
(2.4051 0.174024 0)
(2.36932 0.0956138 0)
(2.32065 -0.0168256 0)
(2.3208 -0.0936333 0)
(2.29095 -0.136799 0)
(2.2872 -0.13651 0)
(2.28639 -0.133485 0)
(2.28964 -0.136887 0)
(2.29458 -0.137601 0)
(2.30273 -0.129343 0)
(2.31539 -0.118636 0)
(2.33021 -0.112826 0)
(2.35304 -0.114164 0)
(2.34718 -0.849239 0)
(2.35344 -0.847326 0)
(2.35943 -0.841554 0)
(2.38513 -0.819445 0)
(2.44169 -0.761871 0)
(2.48526 -0.719176 0)
(2.54717 -0.654884 0)
(2.65823 -0.529551 0)
(2.71175 -0.444803 0)
(2.72731 -0.41831 0)
(2.76107 -0.365468 0)
(2.82551 -0.276421 0)
(2.88698 -0.180907 0)
(2.90041 -0.108851 0)
(2.90953 -0.0814745 0)
(2.93595 -0.0849942 0)
(2.93125 0.0249358 0)
(2.91282 0.0956561 0)
(2.83992 0.216692 0)
(2.59322 0.548188 0)
(2.42487 0.77481 0)
(2.29981 0.856089 0)
(2.31525 0.852858 0)
(2.34567 0.838788 0)
(2.37465 0.815807 0)
(2.39755 0.786417 0)
(2.41075 0.768403 0)
(2.42998 0.746483 0)
(2.44295 0.73682 0)
(2.45736 0.729595 0)
(2.48131 0.709508 0)
(2.49664 0.671688 0)
(2.48815 0.594359 0)
(2.4055 0.405108 0)
(2.22896 0.0807616 0)
(2.15775 -0.10037 0)
(2.1294 -0.221709 0)
(2.12284 -0.235142 0)
(2.14531 -0.227546 0)
(2.1772 -0.204085 0)
(2.20292 -0.193812 0)
(2.23207 -0.202825 0)
(2.26177 -0.205304 0)
(2.28702 -0.198822 0)
(2.30658 -0.198705 0)
(2.32094 -0.209783 0)
(2.32745 -0.220564 0)
(2.34089 -0.219852 0)
(2.36395 -0.213637 0)
(2.38791 -0.211663 0)
(2.41 -0.215811 0)
(2.42746 -0.220619 0)
(2.44143 -0.216532 0)
(2.45536 -0.204883 0)
(2.47026 -0.199376 0)
(2.48704 -0.205433 0)
(2.50247 -0.215316 0)
(2.51584 -0.220397 0)
(2.52359 -0.217477 0)
(2.52089 -0.214692 0)
(2.52651 -0.219319 0)
(2.53435 -0.214102 0)
(2.55362 -0.209964 0)
(2.56265 -0.198366 0)
(2.56657 -0.169733 0)
(2.5343 -0.0795162 0)
(2.47603 0.0579833 0)
(2.40027 0.178126 0)
(2.34809 0.228191 0)
(2.3281 0.246519 0)
(2.33198 0.27157 0)
(2.33635 0.286982 0)
(2.35438 0.288362 0)
(2.37769 0.281568 0)
(2.39691 0.277315 0)
(2.41146 0.277116 0)
(2.4245 0.271215 0)
(2.4327 0.266091 0)
(2.4295 0.271233 0)
(2.42225 0.265627 0)
(2.4175 0.247014 0)
(2.40652 0.223913 0)
(2.37693 0.164051 0)
(2.32437 0.0721086 0)
(2.28431 -0.0138539 0)
(2.27315 -0.086882 0)
(2.27575 -0.132316 0)
(2.27853 -0.137601 0)
(2.28685 -0.135163 0)
(2.2996 -0.12546 0)
(2.30999 -0.124079 0)
(2.31642 -0.12363 0)
(2.32174 -0.112876 0)
(2.32683 -0.0978633 0)
(2.33742 -0.0918585 0)
(2.35936 -0.0942457 0)
(2.35258 -0.854743 0)
(2.35767 -0.847963 0)
(2.38189 -0.824146 0)
(2.43684 -0.769438 0)
(2.48788 -0.714885 0)
(2.5798 -0.610234 0)
(2.66531 -0.500838 0)
(2.70843 -0.465155 0)
(2.75122 -0.375773 0)
(2.80868 -0.236058 0)
(2.83469 -0.206459 0)
(2.84635 -0.183337 0)
(2.88436 -0.083937 0)
(2.89532 -0.035194 0)
(2.91237 -0.0572897 0)
(2.9098 -0.0466772 0)
(2.90259 0.0189274 0)
(2.91624 0.0500072 0)
(2.91834 0.0606719 0)
(2.85827 0.165624 0)
(2.64747 0.504064 0)
(2.46154 0.756737 0)
(2.32676 0.861116 0)
(2.32843 0.864258 0)
(2.35254 0.844874 0)
(2.37572 0.807462 0)
(2.39902 0.764418 0)
(2.41987 0.738133 0)
(2.436 0.725817 0)
(2.45384 0.723402 0)
(2.45316 0.683561 0)
(2.41868 0.561131 0)
(2.29728 0.290203 0)
(2.15232 0.00919924 0)
(2.09095 -0.11203 0)
(2.09979 -0.156541 0)
(2.12255 -0.165475 0)
(2.14725 -0.183558 0)
(2.16995 -0.174996 0)
(2.19243 -0.150412 0)
(2.2169 -0.151401 0)
(2.24277 -0.161058 0)
(2.269 -0.161194 0)
(2.29461 -0.158836 0)
(2.31431 -0.165231 0)
(2.32281 -0.182718 0)
(2.33028 -0.192808 0)
(2.34382 -0.184893 0)
(2.35964 -0.171987 0)
(2.37711 -0.16567 0)
(2.39767 -0.167089 0)
(2.41885 -0.169966 0)
(2.43738 -0.16766 0)
(2.45214 -0.163727 0)
(2.46264 -0.164778 0)
(2.47412 -0.172863 0)
(2.48528 -0.183598 0)
(2.49819 -0.186798 0)
(2.51502 -0.185296 0)
(2.53106 -0.187646 0)
(2.53567 -0.177214 0)
(2.53721 -0.173292 0)
(2.55193 -0.169738 0)
(2.57753 -0.166603 0)
(2.59048 -0.164437 0)
(2.59386 -0.142635 0)
(2.56757 -0.0704689 0)
(2.52029 0.0201716 0)
(2.43066 0.145652 0)
(2.37663 0.222027 0)
(2.34708 0.295642 0)
(2.34449 0.330921 0)
(2.35444 0.334599 0)
(2.37327 0.325755 0)
(2.39121 0.317561 0)
(2.40772 0.317251 0)
(2.41807 0.295789 0)
(2.42007 0.293171 0)
(2.42278 0.278432 0)
(2.41559 0.249163 0)
(2.39389 0.198207 0)
(2.3575 0.115292 0)
(2.308 0.0371206 0)
(2.27078 -0.0175666 0)
(2.25149 -0.0532762 0)
(2.26201 -0.0811998 0)
(2.26864 -0.100659 0)
(2.28452 -0.10321 0)
(2.297 -0.105265 0)
(2.30711 -0.102192 0)
(2.31696 -0.099116 0)
(2.32747 -0.099287 0)
(2.33602 -0.094502 0)
(2.34154 -0.0845362 0)
(2.34687 -0.0778297 0)
(2.3652 -0.0781565 0)
(2.35553 -0.848854 0)
(2.37729 -0.827604 0)
(2.43195 -0.773576 0)
(2.50107 -0.702996 0)
(2.59798 -0.580695 0)
(2.66969 -0.462487 0)
(2.71585 -0.423641 0)
(2.80162 -0.295645 0)
(2.8308 -0.129565 0)
(2.82061 -0.122063 0)
(2.83574 -0.0967865 0)
(2.89607 0.015821 0)
(2.89084 0.0972939 0)
(2.90013 0.102734 0)
(2.9198 0.0759782 0)
(2.91309 0.0629314 0)
(2.90921 0.0686168 0)
(2.91829 0.0752299 0)
(2.92115 0.0766178 0)
(2.92098 0.0689969 0)
(2.86053 0.149518 0)
(2.70524 0.415074 0)
(2.42801 0.725058 0)
(2.33509 0.841989 0)
(2.3238 0.82246 0)
(2.34978 0.790958 0)
(2.36952 0.770293 0)
(2.39975 0.74447 0)
(2.42374 0.717493 0)
(2.42112 0.665324 0)
(2.37201 0.485602 0)
(2.20456 0.158763 0)
(2.08302 -0.0433761 0)
(2.03999 -0.144117 0)
(2.04963 -0.143271 0)
(2.08297 -0.139081 0)
(2.12188 -0.122327 0)
(2.15736 -0.124992 0)
(2.18697 -0.128568 0)
(2.20984 -0.119765 0)
(2.23118 -0.117522 0)
(2.24957 -0.123489 0)
(2.26338 -0.12855 0)
(2.27945 -0.128845 0)
(2.29879 -0.134513 0)
(2.31656 -0.147558 0)
(2.3286 -0.154302 0)
(2.34626 -0.148046 0)
(2.36861 -0.138342 0)
(2.38948 -0.131706 0)
(2.40873 -0.129147 0)
(2.42708 -0.129434 0)
(2.44619 -0.130055 0)
(2.46186 -0.127241 0)
(2.46706 -0.124854 0)
(2.46874 -0.136386 0)
(2.4786 -0.148088 0)
(2.49369 -0.151495 0)
(2.5115 -0.149837 0)
(2.53057 -0.149846 0)
(2.54646 -0.148183 0)
(2.55611 -0.142063 0)
(2.56766 -0.130627 0)
(2.58153 -0.119918 0)
(2.59613 -0.117154 0)
(2.59793 -0.129582 0)
(2.59615 -0.111934 0)
(2.58443 -0.0860056 0)
(2.5443 -0.0227552 0)
(2.4751 0.0921061 0)
(2.4112 0.223113 0)
(2.39277 0.316221 0)
(2.37431 0.355649 0)
(2.37904 0.356625 0)
(2.38597 0.361706 0)
(2.39065 0.350704 0)
(2.39742 0.32274 0)
(2.4001 0.297175 0)
(2.38946 0.246935 0)
(2.36164 0.154696 0)
(2.32818 0.0408952 0)
(2.31226 -0.0172134 0)
(2.26237 -0.0597356 0)
(2.24528 -0.0731789 0)
(2.23752 -0.0771131 0)
(2.24766 -0.078129 0)
(2.26357 -0.0709576 0)
(2.28118 -0.0643116 0)
(2.29794 -0.0660921 0)
(2.3124 -0.0720955 0)
(2.32562 -0.0779902 0)
(2.33843 -0.0798423 0)
(2.34744 -0.0752731 0)
(2.352 -0.0641754 0)
(2.35506 -0.0596171 0)
(2.36757 -0.0612584 0)
(2.36477 -0.833503 0)
(2.43299 -0.774017 0)
(2.52282 -0.679252 0)
(2.5788 -0.603301 0)
(2.69 -0.418412 0)
(2.75912 -0.298073 0)
(2.786 -0.289246 0)
(2.81438 -0.167509 0)
(2.82044 -0.0850313 0)
(2.82004 -0.0884233 0)
(2.87194 -0.037843 0)
(2.90029 0.024618 0)
(2.89091 0.0752055 0)
(2.90593 0.0715048 0)
(2.91189 0.0557919 0)
(2.90752 0.0541554 0)
(2.90383 0.0611671 0)
(2.92108 0.0650359 0)
(2.92322 0.0522187 0)
(2.92197 0.0443637 0)
(2.91725 0.0275422 0)
(2.87189 0.0912628 0)
(2.72573 0.31317 0)
(2.43334 0.656463 0)
(2.34227 0.746527 0)
(2.34177 0.778998 0)
(2.35163 0.770098 0)
(2.36503 0.736371 0)
(2.36493 0.65329 0)
(2.28511 0.403715 0)
(2.1806 0.12311 0)
(2.03129 -0.0645083 0)
(1.99756 -0.0777263 0)
(2.00712 -0.0807255 0)
(2.05399 -0.082672 0)
(2.08993 -0.0826529 0)
(2.12001 -0.0744621 0)
(2.1459 -0.074009 0)
(2.16854 -0.0761549 0)
(2.18841 -0.0780342 0)
(2.20772 -0.0854216 0)
(2.22416 -0.0969963 0)
(2.23957 -0.100839 0)
(2.25845 -0.0977718 0)
(2.28006 -0.0981009 0)
(2.30176 -0.105265 0)
(2.32179 -0.110505 0)
(2.34353 -0.103968 0)
(2.36457 -0.0919877 0)
(2.38491 -0.0850217 0)
(2.40333 -0.0860825 0)
(2.41652 -0.0910298 0)
(2.42561 -0.0949687 0)
(2.43487 -0.0942994 0)
(2.44402 -0.0928313 0)
(2.4586 -0.100538 0)
(2.47523 -0.110892 0)
(2.49197 -0.114638 0)
(2.50848 -0.110722 0)
(2.52262 -0.102588 0)
(2.53688 -0.0921501 0)
(2.55071 -0.0839064 0)
(2.55924 -0.0784875 0)
(2.56109 -0.0781928 0)
(2.56775 -0.0845593 0)
(2.57762 -0.100008 0)
(2.58664 -0.101241 0)
(2.60085 -0.0963436 0)
(2.60154 -0.0827714 0)
(2.58871 -0.0392956 0)
(2.51677 0.101123 0)
(2.46967 0.238576 0)
(2.44197 0.324774 0)
(2.39762 0.374103 0)
(2.37495 0.384832 0)
(2.36659 0.361955 0)
(2.36025 0.31714 0)
(2.34754 0.260932 0)
(2.31253 0.159484 0)
(2.2925 0.055888 0)
(2.28159 -0.0392446 0)
(2.24843 -0.0530396 0)
(2.24188 -0.0399497 0)
(2.23929 -0.0384482 0)
(2.24777 -0.0507601 0)
(2.25062 -0.0565787 0)
(2.24817 -0.057643 0)
(2.26107 -0.0541498 0)
(2.27629 -0.0510679 0)
(2.29475 -0.052579 0)
(2.31237 -0.0548656 0)
(2.32594 -0.0524525 0)
(2.33879 -0.04598 0)
(2.3509 -0.0371709 0)
(2.35613 -0.0340101 0)
(2.35744 -0.0429881 0)
(2.4501 -0.786556 0)
(2.58382 -0.656164 0)
(2.69063 -0.504447 0)
(2.80726 -0.28693 0)
(2.86855 -0.102725 0)
(2.91236 -0.0149106 0)
(2.93733 0.0731135 0)
(2.93149 0.172822 0)
(2.94252 0.18482 0)
(2.98573 0.12614 0)
(2.99153 0.103368 0)
(2.97465 0.110651 0)
(2.96524 0.108572 0)
(2.95828 0.071894 0)
(2.95408 0.0410462 0)
(2.93427 0.0270047 0)
(2.9235 0.0169017 0)
(2.93699 0.00612046 0)
(2.94019 0.000837764 0)
(2.93665 -0.00741154 0)
(2.93163 -0.0144836 0)
(2.92618 -0.0133382 0)
(2.90725 0.021381 0)
(2.70876 0.29095 0)
(2.55384 0.517165 0)
(2.37561 0.757559 0)
(2.29723 0.714566 0)
(2.20546 0.520068 0)
(2.07935 0.215929 0)
(1.92266 -0.0349371 0)
(1.87583 -0.136838 0)
(1.90037 -0.127338 0)
(1.95593 -0.0946571 0)
(2.0057 -0.0512081 0)
(2.04178 -0.0299191 0)
(2.08007 -0.0356133 0)
(2.11372 -0.0382021 0)
(2.14216 -0.0379233 0)
(2.16542 -0.038108 0)
(2.18536 -0.039784 0)
(2.2059 -0.0456858 0)
(2.2235 -0.0542947 0)
(2.23925 -0.058564 0)
(2.25727 -0.0588363 0)
(2.27946 -0.0595828 0)
(2.30424 -0.0626567 0)
(2.32819 -0.0628967 0)
(2.35157 -0.0583775 0)
(2.37474 -0.0535028 0)
(2.39631 -0.0524591 0)
(2.41269 -0.0526919 0)
(2.4222 -0.0492404 0)
(2.42576 -0.0435869 0)
(2.42832 -0.0454611 0)
(2.44052 -0.0549632 0)
(2.45925 -0.0642244 0)
(2.47791 -0.0697567 0)
(2.49583 -0.0697003 0)
(2.51414 -0.0653246 0)
(2.53266 -0.059186 0)
(2.55039 -0.051976 0)
(2.56549 -0.0470226 0)
(2.57319 -0.0422353 0)
(2.56832 -0.0355375 0)
(2.56444 -0.0355233 0)
(2.57511 -0.0529482 0)
(2.58777 -0.0656591 0)
(2.6021 -0.0647297 0)
(2.62568 -0.0566098 0)
(2.63005 -0.0399548 0)
(2.62824 -0.00644899 0)
(2.58068 0.102277 0)
(2.53276 0.228978 0)
(2.46608 0.32128 0)
(2.40575 0.350426 0)
(2.33658 0.30877 0)
(2.26182 0.213999 0)
(2.22631 0.101906 0)
(2.20598 0.00888327 0)
(2.19575 -0.0643808 0)
(2.18602 -0.0830839 0)
(2.19246 -0.0725452 0)
(2.21117 -0.044351 0)
(2.22958 -0.0301186 0)
(2.24357 -0.0336034 0)
(2.2445 -0.0331207 0)
(2.23824 -0.0289505 0)
(2.25028 -0.0249135 0)
(2.26806 -0.0243673 0)
(2.28738 -0.0274827 0)
(2.30754 -0.0316215 0)
(2.32348 -0.0294319 0)
(2.33922 -0.0259965 0)
(2.35549 -0.020984 0)
(2.36201 -0.015406 0)
(2.35267 -0.0205258 0)
(2.43005 -0.818554 0)
(2.51988 -0.829395 0)
(2.63801 -0.740043 0)
(2.77844 -0.59166 0)
(2.8613 -0.53776 0)
(2.93225 -0.356266 0)
(2.94739 -0.225616 0)
(2.96439 -0.146985 0)
(2.98292 -0.0316958 0)
(3.01744 0.0269311 0)
(3.01315 0.0568621 0)
(2.99081 0.06879 0)
(2.9805 0.063157 0)
(2.97687 0.0540535 0)
(2.97075 0.0399043 0)
(2.95508 0.0364552 0)
(2.94958 0.0333535 0)
(2.96361 0.0287564 0)
(2.9663 0.024502 0)
(2.96256 0.018577 0)
(2.94891 0.00949433 0)
(2.93887 -0.00268949 0)
(2.93854 -0.00303368 0)
(2.91352 0.0218639 0)
(2.77028 0.142465 0)
(2.46174 0.370489 0)
(2.23214 0.404348 0)
(2.03638 0.424804 0)
(1.8883 0.261472 0)
(1.81815 0.122466 0)
(1.84432 0.00743184 0)
(1.919 -0.0343069 0)
(1.977 -0.0358292 0)
(2.00807 -0.0220378 0)
(2.03524 -0.0223697 0)
(2.06362 -0.0248591 0)
(2.09193 -0.0250021 0)
(2.11947 -0.0232181 0)
(2.14305 -0.0210385 0)
(2.16373 -0.0208546 0)
(2.1822 -0.0233065 0)
(2.19817 -0.0266422 0)
(2.21502 -0.0277201 0)
(2.23787 -0.0270567 0)
(2.26441 -0.0272393 0)
(2.29055 -0.0290557 0)
(2.31404 -0.0300503 0)
(2.33602 -0.0284353 0)
(2.35776 -0.0255961 0)
(2.37775 -0.0248477 0)
(2.39249 -0.0266382 0)
(2.39951 -0.0284971 0)
(2.39831 -0.0287791 0)
(2.40125 -0.0280419 0)
(2.41883 -0.0292101 0)
(2.44083 -0.0320456 0)
(2.46065 -0.0338708 0)
(2.4797 -0.0323362 0)
(2.49923 -0.0292712 0)
(2.51981 -0.0266321 0)
(2.53842 -0.0250129 0)
(2.55115 -0.0244728 0)
(2.55497 -0.0249383 0)
(2.54758 -0.0269577 0)
(2.54188 -0.0281114 0)
(2.54972 -0.0335953 0)
(2.56536 -0.0352493 0)
(2.58541 -0.0345252 0)
(2.60704 -0.0324437 0)
(2.62843 -0.0304737 0)
(2.6474 -0.025846 0)
(2.63531 -0.00461596 0)
(2.58606 0.0446234 0)
(2.49021 0.101713 0)
(2.35964 0.161992 0)
(2.25854 0.127434 0)
(2.19541 0.13117 0)
(2.16444 0.143741 0)
(2.16068 0.0823922 0)
(2.17288 0.0185015 0)
(2.17736 -0.016568 0)
(2.18936 -0.0238276 0)
(2.2113 -0.0151525 0)
(2.23247 -0.0110049 0)
(2.23988 -0.0147484 0)
(2.23004 -0.0196264 0)
(2.21889 -0.0193572 0)
(2.23222 -0.0172234 0)
(2.25119 -0.0156588 0)
(2.27342 -0.014937 0)
(2.29656 -0.0154177 0)
(2.3137 -0.0145961 0)
(2.32951 -0.0137903 0)
(2.34542 -0.0121635 0)
(2.34947 -0.0129739 0)
(2.33582 -0.0161367 0)
)
;

boundaryField
{
    inlet
    {
        type            fixedValue;
        value           uniform (3 0 0);
    }
    outlet
    {
        type            inletOutlet;
        inletValue      uniform (3 0 0);
        value           nonuniform List<vector> 
32
(
(2.35396 0.0145489 0)
(2.36391 0.0284307 0)
(2.36145 0.0474093 0)
(2.3701 0.0735931 0)
(2.36464 0.0963331 0)
(2.35975 0.122453 0)
(2.35043 0.137263 0)
(2.34483 0.149932 0)
(2.34192 0.163924 0)
(2.33753 0.178234 0)
(2.33512 0.192788 0)
(2.34502 0.201559 0)
(2.3688 0.21028 0)
(2.43462 0.162088 0)
(2.51962 0.0777317 0)
(2.56468 0.0133718 0)
(2.56628 -0.00824979 0)
(2.5296 -0.0765867 0)
(2.45806 -0.176726 0)
(2.40135 -0.229599 0)
(2.36661 -0.240104 0)
(2.35441 -0.217823 0)
(2.35015 -0.197668 0)
(2.34991 -0.167508 0)
(2.35027 -0.138988 0)
(2.35304 -0.114164 0)
(2.35936 -0.0942457 0)
(2.3652 -0.0781565 0)
(2.36757 -0.0612584 0)
(2.35744 -0.0429881 0)
(2.35267 -0.0205258 0)
(2.33582 -0.0161367 0)
)
;
    }
    bottom
    {
        type            symmetryPlane;
    }
    top
    {
        type            symmetryPlane;
    }
    obstacle
    {
        type            slip;
    }
    defaultFaces
    {
        type            empty;
    }
}


// ************************************************************************* //
