/*--------------------------------*- C++ -*----------------------------------*\
  =========                 |
  \\      /  F ield         | OpenFOAM: The Open Source CFD Toolbox
   \\    /   O peration     | Website:  https://openfoam.org
    \\  /    A nd           | Version:  7
     \\/     M anipulation  |
\*---------------------------------------------------------------------------*/
FoamFile
{
    version     2.0;
    format      ascii;
    class       volVectorField;
    location    "3.6";
    object      U;
}
// * * * * * * * * * * * * * * * * * * * * * * * * * * * * * * * * * * * * * //

dimensions      [0 1 -1 0 0 0 0];

internalField   nonuniform List<vector> 
4608
(
(3 -5.7589e-18 0)
(3 -4.81204e-17 0)
(3 -1.22479e-16 0)
(3 2.71081e-16 0)
(3 -3.38473e-16 0)
(3 -5.40456e-16 0)
(3 -6.97696e-16 0)
(3 -4.4665e-16 0)
(3 2.4138e-16 0)
(3 6.15039e-16 0)
(3 9.15242e-16 0)
(3 1.1099e-15 0)
(3 1.02303e-15 0)
(3 3.29453e-16 0)
(3 2.0768e-16 0)
(3 5.99746e-16 0)
(3 -6.39225e-17 0)
(3 3.1808e-16 0)
(3 4.92073e-16 0)
(3 6.37775e-17 0)
(3 2.39985e-16 0)
(3 4.79824e-16 0)
(3 -2.23054e-16 0)
(3 -4.58371e-16 0)
(3 -8.91102e-17 0)
(3 4.4866e-17 0)
(3 -7.12348e-17 0)
(3 -2.84481e-16 0)
(3 -6.07729e-16 0)
(3 -6.93928e-16 0)
(3 -1.1251e-15 0)
(3 -4.6447e-16 0)
(3 -3.91086e-17 0)
(3 7.90889e-16 0)
(3 6.84877e-16 0)
(3 1.40604e-15 0)
(3 2.09079e-15 0)
(3 7.64857e-16 0)
(3 4.0139e-16 0)
(3 5.13235e-16 0)
(3 -7.01664e-18 0)
(3 -3.73852e-16 0)
(3 -1.77174e-16 0)
(3 -4.85042e-17 0)
(3 1.0599e-15 0)
(3 1.77806e-15 0)
(3 1.19954e-15 0)
(3 2.95707e-16 0)
(3 -8.87204e-17 0)
(3 2.36783e-16 0)
(3 9.28002e-17 0)
(3 -4.98058e-16 0)
(3 -6.08759e-16 0)
(3 -6.47087e-16 0)
(3 -1.27854e-15 0)
(3 -1.29677e-15 0)
(3 -2.07907e-16 0)
(3 3.37032e-16 0)
(3 9.36628e-16 0)
(3 1.74722e-15 0)
(3 1.91624e-15 0)
(3 2.00204e-15 0)
(3 1.09935e-15 0)
(3 3.75624e-16 0)
(3 2.24781e-16 0)
(3 -6.90021e-16 0)
(3 -1.53758e-15 0)
(3 -1.6267e-15 0)
(3 -6.76431e-16 0)
(3 -8.48349e-16 0)
(3 -3.42527e-16 0)
(3 8.93675e-16 0)
(3 1.19362e-17 0)
(3 3.28967e-16 0)
(3 2.2222e-16 0)
(3 2.36293e-16 0)
(3 -1.35591e-16 0)
(3 -8.68289e-16 0)
(3 -1.26433e-15 0)
(3 -1.76456e-15 0)
(3 -6.58332e-16 0)
(3 6.02954e-16 0)
(3 1.16582e-15 0)
(3 6.64568e-16 0)
(3 1.72726e-17 0)
(3 -3.40778e-17 0)
(3 6.29655e-17 0)
(3 -2.40792e-16 0)
(3 -2.43749e-16 0)
(3 -2.8333e-16 0)
(3 -1.10841e-16 0)
(3 -5.40536e-16 0)
(3 -1.05853e-15 0)
(3 -1.74666e-15 0)
(3 -1.37149e-15 0)
(3 5.00163e-16 0)
(3 2.73678e-16 0)
(3 -3.97336e-17 0)
(3 -1.50584e-16 0)
(3 -2.96711e-16 0)
(3 -1.07032e-15 0)
(3 -1.15679e-15 0)
(3 -2.58959e-16 0)
(3 4.51859e-16 0)
(3 1.31478e-15 0)
(3 1.81034e-15 0)
(3 1.18282e-15 0)
(3 -4.41652e-16 0)
(3 -1.50547e-15 0)
(3 -2.01546e-15 0)
(3 -1.77944e-15 0)
(3 -1.25081e-15 0)
(3 -1.05386e-15 0)
(3 -6.73737e-17 0)
(3 5.22431e-16 0)
(3 1.67697e-16 0)
(3 -6.68038e-16 0)
(3 -9.23801e-16 0)
(3 2.05633e-16 0)
(3 1.79242e-15 0)
(3 1.10248e-16 0)
(3 -4.79208e-16 0)
(3 -5.33969e-16 0)
(3 -9.69557e-16 0)
(3 -1.67797e-15 0)
(3 -1.22342e-15 0)
(3 -1.7719e-16 0)
(3 1.28122e-15 0)
(3 2.17786e-15 0)
(3 1.68574e-15 0)
(3 5.96748e-16 0)
(3 -2.74828e-16 0)
(3 -7.12569e-16 0)
(3 -1.3603e-15 0)
(3 -2.10575e-15 0)
(3 -2.09175e-15 0)
(3 -2.2292e-15 0)
(3 -1.10723e-15 0)
(3 -2.63219e-16 0)
(3 1.09582e-17 0)
(3 -2.23266e-16 0)
(3 -2.25236e-16 0)
(3 1.22826e-15 0)
(3 1.26072e-15 0)
(3 -4.14151e-17 0)
(3 2.0884e-16 0)
(3 -4.09547e-17 0)
(3 -1.02138e-16 0)
(3 -1.92557e-16 0)
(3 -3.34039e-16 0)
(3 -7.80078e-16 0)
(3 -1.62669e-16 0)
(3 -2.38086e-16 0)
(3 -4.44715e-16 0)
(3 -3.9772e-16 0)
(3 -7.10908e-16 0)
(3 -7.2866e-16 0)
(3 -9.83415e-16 0)
(3 -1.36261e-15 0)
(3 -1.38055e-15 0)
(3 -1.37425e-15 0)
(3 -1.04472e-15 0)
(3 -6.01253e-16 0)
(3 -3.17385e-16 0)
(3 2.5882e-16 0)
(3 3.36277e-16 0)
(3 -1.65695e-16 0)
(3 -1.23736e-15 0)
(3 -1.41936e-16 0)
(3 2.21352e-16 0)
(3 1.29851e-16 0)
(3 1.26575e-16 0)
(3 1.84271e-16 0)
(3 -2.23315e-16 0)
(3 -3.00445e-16 0)
(3 -9.38528e-16 0)
(3 -9.95107e-16 0)
(3 -8.7298e-16 0)
(3 2.16954e-17 0)
(3 4.07137e-16 0)
(3 1.00429e-16 0)
(3 -5.19567e-16 0)
(3 -5.53079e-16 0)
(3 -6.28824e-16 0)
(3 -5.44263e-16 0)
(3 -6.35341e-16 0)
(3 -2.59217e-16 0)
(3 -3.11048e-16 0)
(3 4.86689e-17 0)
(3 -2.28718e-16 0)
(3 -9.5092e-16 0)
(3 -2.61675e-15 0)
(3 -2.00523e-16 0)
(3 -4.41755e-16 0)
(3 -1.27986e-16 0)
(3 -1.24003e-17 0)
(3 2.14795e-16 0)
(3 -8.09719e-17 0)
(3 -4.27056e-17 0)
(3 -6.46125e-16 0)
(3 -9.36469e-16 0)
(3 -1.69329e-16 0)
(3 1.18047e-15 0)
(3 3.10195e-15 0)
(3 2.99275e-15 0)
(3 2.2716e-15 0)
(3 1.5767e-15 0)
(3 3.23755e-16 0)
(3 -6.93454e-17 0)
(3 -5.17472e-16 0)
(3 -3.43294e-16 0)
(3 -1.32567e-16 0)
(3 -8.83648e-16 0)
(3 -4.23941e-16 0)
(3 -3.31466e-16 0)
(3 -1.18189e-15 0)
(3 2.79371e-17 0)
(3 5.34401e-17 0)
(3 6.9265e-17 0)
(3 1.61605e-16 0)
(3 4.39592e-16 0)
(3 7.03352e-16 0)
(3 3.5258e-16 0)
(3 -2.90146e-16 0)
(3 -6.93546e-16 0)
(3 -6.48535e-16 0)
(3 3.28912e-16 0)
(3 9.64383e-16 0)
(3 2.16929e-15 0)
(3 2.18752e-15 0)
(3 1.45512e-15 0)
(3 9.12109e-16 0)
(3 9.03265e-16 0)
(3 9.33589e-16 0)
(3 7.69237e-16 0)
(3 7.09426e-16 0)
(3 4.66348e-16 0)
(3 5.11744e-16 0)
(3 -4.76922e-16 0)
(3 -7.65572e-16 0)
(3 2.54946e-17 0)
(3 2.16314e-16 0)
(3 1.49056e-16 0)
(3 -3.40405e-21 0)
(3 2.55474e-16 0)
(3 8.7742e-16 0)
(3 1.04076e-15 0)
(3 7.00865e-16 0)
(3 2.24389e-16 0)
(3 9.03256e-17 0)
(3 1.75934e-16 0)
(3 3.42191e-16 0)
(3 9.44239e-16 0)
(3 1.62271e-15 0)
(3 1.17441e-15 0)
(3 1.37625e-15 0)
(3 1.56923e-15 0)
(3 1.64108e-15 0)
(3 1.30871e-15 0)
(3 5.02094e-16 0)
(3 -6.53475e-17 0)
(3 -8.55511e-16 0)
(3 -1.24268e-15 0)
(3 -1.90707e-15 0)
(3 5.49685e-18 0)
(3 -3.37675e-16 0)
(3 -2.41477e-16 0)
(3 7.95817e-17 0)
(3 3.02294e-16 0)
(3 9.4541e-16 0)
(3 1.08437e-15 0)
(3 1.04378e-15 0)
(3 1.22614e-15 0)
(3 1.21765e-15 0)
(3 1.23239e-15 0)
(3 1.05257e-15 0)
(3 1.15239e-16 0)
(3 4.65507e-16 0)
(3 7.47741e-16 0)
(3 1.28174e-15 0)
(3 1.27751e-15 0)
(3 1.04898e-15 0)
(3 7.97168e-17 0)
(3 -4.75649e-16 0)
(3 -1.48715e-15 0)
(3 -1.99258e-15 0)
(3 -1.41487e-15 0)
(3 -1.72903e-15 0)
(3 1.06311e-17 0)
(3 5.79837e-18 0)
(3 -1.8103e-17 0)
(3 -4.16605e-17 0)
(3 -4.70705e-16 0)
(3 -4.13756e-16 0)
(3 -1.40492e-16 0)
(3 1.05998e-15 0)
(3 1.66106e-15 0)
(3 1.57455e-15 0)
(3 1.30347e-15 0)
(3 6.25152e-16 0)
(3 -1.19479e-17 0)
(3 -1.96804e-16 0)
(3 -6.79021e-17 0)
(3 5.33016e-16 0)
(3 5.29689e-16 0)
(3 -1.18099e-16 0)
(3 -2.00237e-16 0)
(3 -3.97936e-16 0)
(3 -1.91206e-15 0)
(3 -2.46921e-15 0)
(3 -2.63309e-15 0)
(3 -1.93881e-15 0)
(3 3.56792e-18 0)
(3 1.62161e-16 0)
(3 3.45887e-17 0)
(3 -4.00392e-16 0)
(3 -1.16597e-15 0)
(3 -1.89239e-15 0)
(3 -1.15828e-15 0)
(3 -4.28159e-17 0)
(3 4.9697e-16 0)
(3 3.36507e-16 0)
(3 -4.21763e-18 0)
(3 -1.96792e-16 0)
(3 -1.39776e-16 0)
(3 -1.18982e-17 0)
(3 3.17727e-16 0)
(3 2.18035e-16 0)
(3 -1.44652e-15 0)
(3 -2.35768e-15 0)
(3 -1.93127e-15 0)
(3 -1.51785e-15 0)
(3 -6.78634e-16 0)
(3 -1.06812e-15 0)
(3 -2.67718e-15 0)
(3 -2.25321e-15 0)
(3 -1.06104e-17 0)
(3 -2.56047e-17 0)
(3 -8.10582e-17 0)
(3 -3.41356e-16 0)
(3 -6.40434e-16 0)
(3 -3.00388e-16 0)
(3 3.0102e-17 0)
(3 2.48638e-16 0)
(3 -1.03791e-15 0)
(3 -1.68865e-15 0)
(3 -2.02501e-15 0)
(3 -2.21755e-15 0)
(3 -1.84191e-15 0)
(3 -7.43061e-16 0)
(3 -7.10233e-17 0)
(3 -4.55522e-16 0)
(3 -1.01853e-15 0)
(3 -1.89824e-15 0)
(3 -2.2106e-15 0)
(3 -2.03839e-15 0)
(3 -1.18032e-15 0)
(3 -5.78966e-16 0)
(3 -4.52556e-16 0)
(3 -1.52784e-15 0)
(3 2.14329e-17 0)
(3 1.18554e-16 0)
(3 -1.40832e-16 0)
(3 -3.42367e-16 0)
(3 1.5955e-16 0)
(3 6.45625e-16 0)
(3 3.95192e-16 0)
(3 -1.22041e-15 0)
(3 -1.86255e-15 0)
(3 -1.66382e-15 0)
(3 -1.60945e-15 0)
(3 -1.3071e-15 0)
(3 -1.7386e-15 0)
(3 -8.83245e-16 0)
(3 -1.05821e-15 0)
(3 -4.75468e-16 0)
(3 1.39193e-16 0)
(3 -1.4205e-16 0)
(3 -1.19093e-15 0)
(3 1.61877e-17 0)
(3 2.38568e-16 0)
(3 1.0323e-15 0)
(3 1.04863e-15 0)
(3 1.63155e-16 0)
(3 -4.49185e-17 0)
(3 -7.41889e-17 0)
(3 -9.28145e-17 0)
(3 1.84835e-16 0)
(3 8.31667e-16 0)
(3 9.04114e-16 0)
(3 2.19258e-17 0)
(3 -6.25761e-16 0)
(3 -1.34762e-16 0)
(3 2.94906e-17 0)
(3 -1.09843e-16 0)
(3 -6.03088e-16 0)
(3 -1.21904e-15 0)
(3 -1.25535e-15 0)
(3 -9.44085e-16 0)
(3 -5.2157e-16 0)
(3 -2.0562e-16 0)
(3 2.06355e-16 0)
(3 2.82768e-17 0)
(3 -4.92879e-16 0)
(3 -4.25253e-16 0)
(3 -4.40793e-16 0)
(3 2.70468e-16 0)
(3 1.98774e-16 0)
(3 3.30058e-17 0)
(3 -1.74366e-16 0)
(3 1.33132e-16 0)
(3 8.53437e-16 0)
(3 3.67437e-16 0)
(3 -5.94769e-17 0)
(3 -1.57468e-16 0)
(3 1.05229e-16 0)
(3 7.62526e-16 0)
(3 6.5762e-16 0)
(3 2.30258e-17 0)
(3 -8.87587e-16 0)
(3 -8.92058e-16 0)
(3 -8.94429e-16 0)
(3 -6.25972e-16 0)
(3 -6.50807e-16 0)
(3 -1.66821e-16 0)
(3 6.8884e-16 0)
(3 8.70038e-16 0)
(3 3.66047e-16 0)
(3 3.6256e-16 0)
(3 6.96344e-16 0)
(3 1.36476e-15 0)
(3 1.59879e-15 0)
(3 5.54991e-17 0)
(3 1.25977e-16 0)
(3 3.05755e-16 0)
(3 3.4076e-16 0)
(3 1.12481e-16 0)
(3 -3.11358e-16 0)
(3 -8.60878e-18 0)
(3 5.03729e-16 0)
(3 4.28631e-16 0)
(3 4.72485e-17 0)
(3 -4.05847e-16 0)
(3 -7.53835e-16 0)
(3 -1.27985e-15 0)
(3 -1.49397e-15 0)
(3 -1.54549e-15 0)
(3 -1.40984e-15 0)
(3 -1.08278e-15 0)
(3 -2.06797e-16 0)
(3 7.01773e-16 0)
(3 8.48904e-16 0)
(3 1.4004e-15 0)
(3 2.04822e-15 0)
(3 2.94626e-15 0)
(3 3.13934e-15 0)
(3 -6.7192e-17 0)
(3 7.8919e-17 0)
(3 -3.77733e-17 0)
(3 -5.15813e-16 0)
(3 -5.77597e-16 0)
(3 3.40222e-16 0)
(3 6.1745e-16 0)
(3 4.18028e-16 0)
(3 -1.90285e-16 0)
(3 -2.13006e-16 0)
(3 -4.52454e-16 0)
(3 -1.23922e-15 0)
(3 -1.57626e-15 0)
(3 -1.90963e-15 0)
(3 -1.6643e-15 0)
(3 -1.38681e-15 0)
(3 -1.50123e-15 0)
(3 -1.69841e-15 0)
(3 -1.08847e-15 0)
(3 -3.44181e-16 0)
(3 1.17847e-15 0)
(3 1.44273e-15 0)
(3 1.63284e-15 0)
(3 2.28553e-15 0)
(3 5.23248e-17 0)
(3 -5.3018e-17 0)
(3 -5.56142e-17 0)
(3 -2.66779e-16 0)
(3 -6.6505e-16 0)
(3 2.02286e-17 0)
(3 4.61858e-17 0)
(3 -2.10838e-16 0)
(3 -1.24446e-16 0)
(3 -1.95516e-16 0)
(3 -5.4397e-16 0)
(3 -5.74174e-16 0)
(3 1.4185e-16 0)
(3 1.32766e-16 0)
(3 -8.66279e-17 0)
(3 -1.67092e-16 0)
(3 -2.41526e-16 0)
(3 -6.12545e-16 0)
(3 -7.23971e-16 0)
(3 -2.42409e-16 0)
(3 1.81705e-16 0)
(3 4.89872e-16 0)
(3 3.26666e-16 0)
(3 3.56062e-16 0)
(3 5.71625e-17 0)
(3 -4.56183e-17 0)
(3 -6.11144e-17 0)
(3 4.6744e-16 0)
(3 7.33552e-16 0)
(3 1.50375e-16 0)
(3 2.17919e-19 0)
(3 -5.89372e-16 0)
(3 -8.74292e-16 0)
(3 -6.46799e-16 0)
(3 -1.25518e-16 0)
(3 1.03155e-15 0)
(3 2.0049e-15 0)
(3 2.34035e-15 0)
(3 1.93004e-15 0)
(3 1.58473e-15 0)
(3 1.10378e-15 0)
(3 1.99731e-16 0)
(3 1.02813e-16 0)
(3 5.10448e-17 0)
(3 -1.54591e-16 0)
(3 -6.4532e-16 0)
(3 -1.19249e-15 0)
(3 -1.27465e-15 0)
(3 1.69345e-16 0)
(3 2.66516e-16 0)
(3 1.47735e-16 0)
(3 6.53628e-16 0)
(3 1.69982e-15 0)
(3 8.82647e-16 0)
(3 4.54721e-16 0)
(3 -9.09325e-17 0)
(3 -3.39556e-16 0)
(3 -8.29063e-17 0)
(3 8.05344e-16 0)
(3 1.00169e-15 0)
(3 8.83629e-16 0)
(3 1.35708e-15 0)
(3 1.67427e-15 0)
(3 1.30015e-15 0)
(3 1.03962e-15 0)
(3 9.77251e-16 0)
(3 1.0306e-15 0)
(3 9.69991e-16 0)
(3 6.13193e-16 0)
(3 -7.19086e-16 0)
(3 -1.1822e-15 0)
(3 -1.01165e-15 0)
(3 5.85893e-18 0)
(3 2.44475e-17 0)
(3 9.36798e-17 0)
(3 4.56247e-16 0)
(3 6.27476e-16 0)
(3 1.03572e-15 0)
(3 1.48203e-15 0)
(3 2.2289e-15 0)
(3 2.24694e-15 0)
(3 1.6786e-15 0)
(3 1.60711e-15 0)
(3 9.97138e-16 0)
(3 -4.63212e-16 0)
(3 -1.01711e-15 0)
(3 -4.56989e-16 0)
(3 -5.18114e-16 0)
(3 -2.32804e-16 0)
(3 9.61384e-16 0)
(3 8.27302e-16 0)
(3 4.18303e-16 0)
(3 4.71121e-16 0)
(3 5.86884e-16 0)
(3 5.5076e-16 0)
(3 6.37652e-17 0)
(3 -1.86837e-16 0)
(3 -2.18139e-16 0)
(3 1.64416e-16 0)
(3 1.2108e-17 0)
(3 2.33159e-16 0)
(3 5.1467e-16 0)
(3 9.35181e-16 0)
(3 1.41611e-15 0)
(3 1.25917e-15 0)
(3 9.20187e-16 0)
(3 9.9147e-16 0)
(3 9.88325e-16 0)
(3 4.11788e-16 0)
(3 -8.92212e-16 0)
(3 -1.18721e-15 0)
(3 -1.37401e-15 0)
(3 -8.4585e-16 0)
(3 2.96997e-16 0)
(3 8.83609e-16 0)
(3 3.05402e-16 0)
(3 -1.01161e-16 0)
(3 1.27963e-17 0)
(3 2.0597e-17 0)
(3 5.29766e-17 0)
(3 7.65147e-17 0)
(3 3.69768e-16 0)
(3 5.42634e-16 0)
(3 4.25973e-16 0)
(3 5.01954e-16 0)
(3 3.43562e-16 0)
(3 -1.27255e-16 0)
(3 -1.39724e-16 0)
(3 -3.01774e-16 0)
(3 -1.25393e-15 0)
(3 -7.15363e-16 0)
(3 -1.23886e-16 0)
(3 1.29418e-16 0)
(3 2.1067e-16 0)
(3 -5.27366e-16 0)
(3 -5.66545e-16 0)
(3 -2.76965e-17 0)
(3 1.08238e-15 0)
(3 1.65669e-15 0)
(3 1.50596e-15 0)
(3 8.33185e-16 0)
(3 9.32118e-16 0)
(3 1.18467e-16 0)
(3 2.3023e-17 0)
(3 -2.13441e-17 0)
(3 -1.22545e-17 0)
(3 -2.02294e-16 0)
(3 -1.09397e-16 0)
(3 -3.48148e-16 0)
(3 -2.59281e-16 0)
(3 2.1943e-16 0)
(3 3.16576e-16 0)
(3 -1.94641e-16 0)
(3 -4.3174e-16 0)
(3 -3.24359e-16 0)
(3 -3.29596e-16 0)
(3 -3.58867e-16 0)
(3 -4.65097e-18 0)
(3 8.06479e-17 0)
(3 -3.86147e-16 0)
(3 -1.09236e-16 0)
(3 -1.15895e-17 0)
(3 2.17674e-16 0)
(3 -2.74299e-16 0)
(3 -5.62406e-16 0)
(3 -5.93863e-16 0)
(3 -1.71865e-15 0)
(3 -2.54997e-15 0)
(3 -1.13428e-16 0)
(3 -3.09532e-16 0)
(3 -3.28493e-16 0)
(3 -5.24046e-16 0)
(3 -5.07479e-16 0)
(3 -2.65971e-16 0)
(3 -1.38587e-16 0)
(3 -6.51819e-16 0)
(3 -7.22237e-16 0)
(3 -2.91775e-17 0)
(3 2.13017e-16 0)
(3 5.09545e-16 0)
(3 5.07551e-16 0)
(3 2.48565e-16 0)
(3 5.73768e-16 0)
(3 3.37814e-16 0)
(3 -5.34606e-16 0)
(3 -1.22604e-15 0)
(3 -1.63681e-15 0)
(3 -2.33832e-15 0)
(3 -2.46381e-15 0)
(3 -2.73875e-15 0)
(3 -3.05696e-15 0)
(3 -3.05577e-15 0)
(3 -5.77986e-17 0)
(3 2.94451e-16 0)
(3 4.42943e-16 0)
(3 2.8876e-16 0)
(3 3.5151e-16 0)
(3 2.96688e-16 0)
(3 -4.67722e-16 0)
(3 -8.19736e-16 0)
(3 1.6851e-16 0)
(3 9.26994e-16 0)
(3 8.27034e-16 0)
(3 6.66782e-16 0)
(3 7.74181e-16 0)
(3 7.31749e-16 0)
(3 8.84042e-16 0)
(3 1.10673e-15 0)
(3 5.78577e-16 0)
(3 -2.16828e-16 0)
(3 -1.28547e-15 0)
(3 -1.69171e-15 0)
(3 -2.42839e-15 0)
(3 -2.52392e-15 0)
(3 -2.13232e-15 0)
(3 -1.05742e-15 0)
(3 1.3956e-16 0)
(3 3.49752e-16 0)
(3 -5.09618e-18 0)
(3 -7.22372e-17 0)
(3 8.64029e-16 0)
(3 1.08394e-15 0)
(3 9.82547e-16 0)
(3 1.47792e-15 0)
(3 1.66678e-15 0)
(3 1.91798e-15 0)
(3 1.72704e-15 0)
(3 1.12006e-15 0)
(3 1.02109e-15 0)
(3 7.7201e-16 0)
(3 6.61704e-16 0)
(3 1.08812e-15 0)
(3 1.55386e-15 0)
(3 9.83346e-16 0)
(3 3.45578e-16 0)
(3 -4.81329e-16 0)
(3 -9.35134e-16 0)
(3 -2.41073e-16 0)
(3 2.20426e-16 0)
(3 8.01974e-16 0)
(3 6.14991e-17 0)
(3 -3.27322e-16 0)
(3 -4.74224e-16 0)
(3 -1.90817e-16 0)
(3 1.48426e-16 0)
(3 4.79582e-16 0)
(3 5.36735e-16 0)
(3 5.4454e-16 0)
(3 6.43561e-16 0)
(3 1.21873e-15 0)
(3 1.31661e-15 0)
(3 1.50976e-15 0)
(3 1.6066e-15 0)
(3 1.58478e-15 0)
(3 1.50577e-15 0)
(3 1.48554e-15 0)
(3 1.03989e-15 0)
(3 7.86406e-17 0)
(3 -1.17117e-17 0)
(3 -2.35804e-16 0)
(3 -2.91633e-16 0)
(3 -2.69033e-16 0)
(3 1.32531e-16 0)
(3 2.17749e-16 0)
(3 -1.09586e-16 0)
(3 -2.35019e-16 0)
(3 -1.34476e-16 0)
(3 6.94252e-17 0)
(3 -2.41285e-16 0)
(3 -1.90319e-16 0)
(3 -5.63548e-17 0)
(3 -2.52521e-17 0)
(3 2.03751e-16 0)
(3 5.0815e-16 0)
(3 4.80876e-16 0)
(3 4.50797e-16 0)
(3 8.55668e-16 0)
(3 8.29882e-16 0)
(3 5.39289e-16 0)
(3 4.59071e-16 0)
(3 -2.61024e-16 0)
(3 -3.66904e-16 0)
(3 -5.44514e-17 0)
(3 1.64189e-16 0)
(3 -1.54904e-17 0)
(3 -3.99438e-16 0)
(3 -2.69516e-16 0)
(3 -5.37982e-16 0)
(2.93167 0.0251841 0)
(2.8554 0.0356926 0)
(2.74603 0.177898 0)
(2.68184 0.22563 0)
(2.57169 0.352803 0)
(2.49894 0.447643 0)
(2.42737 0.541425 0)
(2.34766 0.625613 0)
(2.3123 0.725703 0)
(2.26012 0.798195 0)
(2.25006 0.855494 0)
(2.28019 0.887178 0)
(2.32377 0.891458 0)
(2.33891 0.886444 0)
(2.34788 0.877656 0)
(2.3482 0.870127 0)
(2.34592 0.857966 0)
(2.34589 0.849758 0)
(2.3463 0.847281 0)
(2.34125 0.847446 0)
(2.338 0.847833 0)
(2.33669 0.84844 0)
(2.33797 0.849567 0)
(2.34075 0.849471 0)
(2.99876 0.00128973 0)
(2.99111 0.0103263 0)
(2.95792 0.0516072 0)
(2.90399 0.132538 0)
(2.80227 0.275963 0)
(2.67856 0.46513 0)
(2.54237 0.67838 0)
(2.36637 0.91034 0)
(2.23248 1.06349 0)
(2.17765 1.10016 0)
(2.13994 1.04894 0)
(2.18043 1.00248 0)
(2.2582 0.94759 0)
(2.29902 0.897492 0)
(2.32498 0.858463 0)
(2.34905 0.834761 0)
(2.35269 0.836298 0)
(2.35868 0.837916 0)
(2.35765 0.838844 0)
(2.35275 0.841397 0)
(2.34746 0.84425 0)
(2.34403 0.846007 0)
(2.34198 0.847972 0)
(2.34192 0.848232 0)
(3 7.7623e-08 0)
(3.00003 -3.33516e-05 0)
(2.9999 0.000130887 0)
(2.9999 0.000149723 0)
(2.99862 0.00183116 0)
(2.99131 0.0129523 0)
(2.96665 0.051299 0)
(2.89297 0.182166 0)
(2.7895 0.395267 0)
(2.58825 0.705537 0)
(2.43664 0.859155 0)
(2.33901 0.929067 0)
(2.29974 0.916604 0)
(2.29945 0.899729 0)
(2.30899 0.885948 0)
(2.33913 0.870718 0)
(2.35088 0.866193 0)
(2.35577 0.852605 0)
(2.36029 0.844976 0)
(2.3613 0.842819 0)
(2.35763 0.844137 0)
(2.35257 0.847569 0)
(2.34828 0.851371 0)
(2.34544 0.852627 0)
(3 -7.31472e-09 0)
(3 -1.41516e-06 0)
(3 -1.48603e-06 0)
(3 -6.84997e-07 0)
(3 -8.0985e-06 0)
(2.99999 2.21534e-05 0)
(3.00007 -0.000141997 0)
(2.99917 0.00140787 0)
(2.99124 0.0163229 0)
(2.89732 0.160544 0)
(2.71472 0.453486 0)
(2.50986 0.72115 0)
(2.30741 0.935418 0)
(2.27133 0.955362 0)
(2.28493 0.936471 0)
(2.30476 0.913682 0)
(2.32331 0.895562 0)
(2.34235 0.871467 0)
(2.35878 0.849761 0)
(2.36336 0.842356 0)
(2.36233 0.843282 0)
(2.36018 0.843881 0)
(2.35484 0.846352 0)
(2.34968 0.852833 0)
(3 -1.11782e-10 0)
(3 3.02454e-09 0)
(3 -4.69145e-08 0)
(3 -6.31059e-08 0)
(3 -4.73393e-07 0)
(3 -7.00332e-07 0)
(3 -6.00185e-06 0)
(3 -5.29865e-06 0)
(3.00002 -4.8701e-05 0)
(2.99932 0.000631762 0)
(2.98306 0.0248075 0)
(2.8975 0.141589 0)
(2.59248 0.522651 0)
(2.42774 0.741573 0)
(2.37549 0.836008 0)
(2.30671 0.886991 0)
(2.30284 0.890732 0)
(2.32228 0.877055 0)
(2.34182 0.858639 0)
(2.35369 0.85748 0)
(2.35913 0.845229 0)
(2.35946 0.839674 0)
(2.35907 0.838414 0)
(2.35134 0.84373 0)
(3 6.07696e-13 0)
(3 1.29059e-10 0)
(3 2.05067e-10 0)
(3 -3.70263e-10 0)
(3 2.07187e-10 0)
(3 -4.00861e-08 0)
(3 -9.11208e-08 0)
(3 -3.63719e-07 0)
(3 -6.22712e-06 0)
(3 -6.05365e-06 0)
(3.00002 -5.12212e-05 0)
(2.99893 0.00144737 0)
(2.96366 0.0454409 0)
(2.85482 0.193538 0)
(2.54296 0.588105 0)
(2.32761 0.838336 0)
(2.31385 0.849595 0)
(2.31148 0.869626 0)
(2.31648 0.871929 0)
(2.33182 0.863979 0)
(2.34034 0.852203 0)
(2.347 0.838209 0)
(2.35195 0.83397 0)
(2.35101 0.836215 0)
(3 1.93065e-13 0)
(3 9.8419e-14 0)
(3 1.06061e-11 0)
(3 7.26126e-12 0)
(3 1.27603e-11 0)
(3 -4.27944e-10 0)
(3 -3.13597e-10 0)
(3 -2.67193e-10 0)
(3 -1.59555e-08 0)
(3 -3.65431e-07 0)
(3 -4.3151e-06 0)
(3.00001 -1.41026e-05 0)
(2.99996 5.64929e-05 0)
(2.99713 0.00435176 0)
(2.92962 0.0869226 0)
(2.7529 0.316897 0)
(2.4971 0.637829 0)
(2.28673 0.898963 0)
(2.27326 0.8769 0)
(2.30739 0.859115 0)
(2.31341 0.856512 0)
(2.32397 0.851473 0)
(2.33537 0.841881 0)
(2.34037 0.839724 0)
(3 1.48094e-15 0)
(3 7.66727e-16 0)
(3 -5.31239e-15 0)
(3 5.79725e-13 0)
(3 1.7809e-12 0)
(3 4.3414e-12 0)
(3 6.33333e-12 0)
(3 6.48697e-12 0)
(3 1.40418e-10 0)
(3 -3.25076e-10 0)
(3 -2.49387e-08 0)
(3 -1.58991e-06 0)
(3 -1.3388e-06 0)
(3.00001 -1.86286e-05 0)
(2.99943 0.000841139 0)
(2.98833 0.0183342 0)
(2.87158 0.166933 0)
(2.59463 0.519314 0)
(2.47481 0.683332 0)
(2.3305 0.846235 0)
(2.29181 0.872466 0)
(2.29902 0.863533 0)
(2.31567 0.850136 0)
(2.32324 0.841395 0)
(3 -5.30835e-16 0)
(3 8.91907e-16 0)
(3 -1.03957e-15 0)
(3 -8.22345e-16 0)
(3 4.75627e-14 0)
(3 5.29833e-13 0)
(3 1.87235e-12 0)
(3 2.63919e-12 0)
(3 1.99302e-11 0)
(3 1.99924e-11 0)
(3 1.98178e-10 0)
(3 -9.58418e-09 0)
(3 -1.13113e-07 0)
(3 -3.25422e-06 0)
(3 -2.25658e-06 0)
(3 -1.64599e-05 0)
(2.99673 0.00497623 0)
(2.95282 0.0655881 0)
(2.79246 0.306929 0)
(2.45125 0.714753 0)
(2.39176 0.783426 0)
(2.33576 0.827297 0)
(2.32392 0.835398 0)
(2.32222 0.836103 0)
(3 -7.88626e-16 0)
(3 -6.5162e-16 0)
(3 -1.09145e-15 0)
(3 -1.13822e-15 0)
(3 -3.02864e-16 0)
(3 5.29533e-15 0)
(3 6.3769e-14 0)
(3 1.94875e-13 0)
(3 8.31028e-13 0)
(3 3.21814e-12 0)
(3 3.33779e-11 0)
(3 7.44359e-11 0)
(3 -6.50506e-10 0)
(3 -5.25357e-08 0)
(3 -4.80912e-07 0)
(3 -1.28944e-06 0)
(3.00001 -1.78238e-05 0)
(2.9996 0.000782486 0)
(2.98636 0.020777 0)
(2.84385 0.210912 0)
(2.68739 0.482935 0)
(2.37103 0.823122 0)
(2.30576 0.875644 0)
(2.31154 0.83943 0)
(3 -2.35928e-15 0)
(3 -2.38353e-15 0)
(3 -1.71695e-15 0)
(3 -1.43455e-15 0)
(3 -1.99388e-15 0)
(3 -1.04507e-15 0)
(3 -3.10838e-17 0)
(3 3.8858e-15 0)
(3 2.08659e-15 0)
(3 3.08937e-14 0)
(3 1.03722e-12 0)
(3 1.36585e-11 0)
(3 1.02951e-11 0)
(3 2.49679e-10 0)
(3 -8.10029e-09 0)
(3 -9.02696e-08 0)
(3 -2.33976e-06 0)
(3 -4.62429e-06 0)
(2.99994 7.08816e-05 0)
(2.994 0.0104925 0)
(2.95054 0.0918884 0)
(2.66551 0.464103 0)
(2.51569 0.676227 0)
(2.37212 0.805173 0)
(3 -1.9018e-15 0)
(3 -1.48649e-15 0)
(3 -1.70682e-15 0)
(3 -1.274e-15 0)
(3 -1.38573e-15 0)
(3 -6.17506e-16 0)
(3 6.67977e-16 0)
(3 1.42959e-15 0)
(3 8.05602e-16 0)
(3 1.26395e-15 0)
(3 2.74829e-15 0)
(3 1.37477e-13 0)
(3 1.6993e-12 0)
(3 2.43172e-11 0)
(3 8.75231e-11 0)
(3 -2.36402e-10 0)
(3 -3.29569e-08 0)
(3 -9.72691e-07 0)
(3 -1.4209e-06 0)
(2.99999 9.76044e-06 0)
(2.99846 0.00289296 0)
(2.95334 0.0701243 0)
(2.81933 0.310806 0)
(2.50703 0.701644 0)
(3 -1.08225e-15 0)
(3 -8.89755e-16 0)
(3 -1.59734e-15 0)
(3 -2.14439e-15 0)
(3 -2.39642e-15 0)
(3 -2.38675e-15 0)
(3 -1.63608e-15 0)
(3 -1.27799e-15 0)
(3 -2.47102e-18 0)
(3 9.98768e-16 0)
(3 9.27664e-16 0)
(3 5.78057e-16 0)
(3 1.01241e-14 0)
(3 8.65832e-13 0)
(3 1.11433e-11 0)
(3 1.47151e-11 0)
(3 6.40263e-11 0)
(3 -1.76343e-08 0)
(3 -3.87078e-07 0)
(3 -5.28121e-07 0)
(3 -2.57864e-06 0)
(2.99909 0.00174034 0)
(2.98 0.0409977 0)
(2.87938 0.216948 0)
(3 -2.27573e-15 0)
(3 -2.22507e-15 0)
(3 -1.69617e-15 0)
(3 -2.21442e-15 0)
(3 -2.60004e-15 0)
(3 -2.60931e-15 0)
(3 -2.54195e-15 0)
(3 -2.91288e-15 0)
(3 -1.02507e-15 0)
(3 6.01054e-16 0)
(3 1.27732e-15 0)
(3 9.63701e-16 0)
(3 6.8031e-16 0)
(3 4.0341e-17 0)
(3 5.29019e-13 0)
(3 3.93687e-12 0)
(3 1.84864e-11 0)
(3 -4.47746e-12 0)
(3 -1.97477e-08 0)
(3 -1.10122e-07 0)
(3 -3.25178e-07 0)
(3 -3.31736e-06 0)
(2.99967 0.00069612 0)
(2.99372 0.0148264 0)
(3 -2.46881e-15 0)
(3 -2.46523e-15 0)
(3 -1.54996e-15 0)
(3 -1.39079e-15 0)
(3 -1.04497e-15 0)
(3 -6.04524e-16 0)
(3 -1.98648e-15 0)
(3 -2.37239e-15 0)
(3 -2.28321e-15 0)
(3 -2.49975e-15 0)
(3 -1.07132e-15 0)
(3 -1.66885e-16 0)
(3 -6.15031e-16 0)
(3 -9.0152e-16 0)
(3 1.8576e-15 0)
(3 2.00942e-13 0)
(3 2.45411e-12 0)
(3 2.66957e-12 0)
(3 -1.13232e-10 0)
(3 -1.15582e-08 0)
(3 -6.13734e-08 0)
(3 -6.14793e-07 0)
(3 3.49052e-06 0)
(3.00001 -8.32417e-05 0)
(3 -8.38683e-16 0)
(3 -1.53088e-15 0)
(3 -1.88913e-15 0)
(3 -1.76656e-15 0)
(3 -1.55978e-15 0)
(3 -1.17049e-15 0)
(3 -1.60814e-15 0)
(3 -1.91106e-15 0)
(3 -2.41801e-15 0)
(3 -3.83942e-15 0)
(3 -4.12811e-15 0)
(3 -3.21383e-15 0)
(3 -2.2412e-15 0)
(3 -1.37265e-15 0)
(3 2.21579e-16 0)
(3 3.19274e-15 0)
(3 8.82984e-14 0)
(3 8.83884e-13 0)
(3 5.0214e-13 0)
(3 -2.55735e-10 0)
(3 -2.87239e-09 0)
(3 -1.05984e-08 0)
(3 -4.95961e-07 0)
(3 -2.54301e-07 0)
(3 6.80367e-16 0)
(3 7.22412e-16 0)
(3 4.67211e-16 0)
(3 4.25486e-17 0)
(3 -5.4918e-16 0)
(3 -9.06755e-16 0)
(3 -1.31986e-15 0)
(3 -1.50757e-15 0)
(3 -2.01513e-15 0)
(3 -2.9554e-15 0)
(3 -3.80612e-15 0)
(3 -3.84894e-15 0)
(3 -1.74831e-15 0)
(3 -2.46404e-16 0)
(3 5.63493e-16 0)
(3 -4.98687e-15 0)
(3 -4.32632e-14 0)
(3 -8.59291e-13 0)
(3 -4.15312e-13 0)
(3 2.40867e-11 0)
(3 1.74026e-09 0)
(3 1.4759e-07 0)
(3 5.83391e-08 0)
(3 4.47596e-07 0)
(3 1.92111e-15 0)
(3 2.2616e-15 0)
(3 1.31147e-15 0)
(3 2.45557e-16 0)
(3 -3.49318e-16 0)
(3 -7.71116e-16 0)
(3 -1.67014e-15 0)
(3 -1.80885e-15 0)
(3 -2.52667e-15 0)
(3 -1.89051e-15 0)
(3 -1.69418e-15 0)
(3 -9.88795e-16 0)
(3 -3.98517e-16 0)
(3 2.06975e-16 0)
(3 -1.78318e-15 0)
(3 -3.79413e-13 0)
(3 -1.90931e-12 0)
(3 -2.49019e-12 0)
(3 1.16864e-10 0)
(3 1.07233e-08 0)
(3 4.75487e-08 0)
(3 7.19014e-07 0)
(3 4.46322e-06 0)
(2.99996 -7.5393e-05 0)
(3 2.78755e-15 0)
(3 2.32377e-15 0)
(3 7.0234e-17 0)
(3 -5.65635e-16 0)
(3 -6.95111e-16 0)
(3 -1.32473e-15 0)
(3 -1.37919e-15 0)
(3 -7.96194e-16 0)
(3 -5.48798e-16 0)
(3 -1.13678e-15 0)
(3 -1.09694e-15 0)
(3 1.29901e-15 0)
(3 1.97418e-15 0)
(3 -3.52031e-16 0)
(3 -6.11767e-13 0)
(3 -4.88066e-12 0)
(3 -1.58013e-11 0)
(3 3.2396e-11 0)
(3 3.09632e-08 0)
(3 1.83426e-07 0)
(3 2.61371e-07 0)
(3 2.36965e-06 0)
(2.99966 -0.000643865 0)
(2.99125 -0.0176864 0)
(3 2.10109e-15 0)
(3 4.86378e-16 0)
(3 -7.61785e-16 0)
(3 -8.31958e-16 0)
(3 -7.59478e-16 0)
(3 -5.72091e-16 0)
(3 -3.53421e-16 0)
(3 8.94858e-17 0)
(3 1.32132e-16 0)
(3 -1.51134e-16 0)
(3 -5.71654e-16 0)
(3 -5.5898e-16 0)
(3 -1.14792e-14 0)
(3 -9.6937e-13 0)
(3 -1.06804e-11 0)
(3 -1.76114e-11 0)
(3 -4.68393e-11 0)
(3 1.6752e-08 0)
(3 4.35752e-07 0)
(3 6.66783e-07 0)
(3 -7.51007e-07 0)
(2.99928 -0.00147735 0)
(2.97771 -0.0387462 0)
(2.85681 -0.233317 0)
(3 1.97345e-16 0)
(3 -1.18827e-15 0)
(3 -1.27609e-15 0)
(3 -1.29453e-15 0)
(3 -1.84665e-15 0)
(3 -1.34066e-15 0)
(3 -1.40635e-15 0)
(3 -2.0798e-15 0)
(3 -3.05001e-15 0)
(3 -3.01214e-15 0)
(3 -3.11102e-15 0)
(3 -1.32553e-13 0)
(3 -1.72261e-12 0)
(3 -2.26717e-11 0)
(3 -9.10104e-11 0)
(3 1.98035e-10 0)
(3 3.34161e-08 0)
(3 8.30636e-07 0)
(3 1.53008e-06 0)
(2.99999 -4.88327e-06 0)
(2.99829 -0.0033296 0)
(2.96077 -0.0598344 0)
(2.77064 -0.344531 0)
(2.55351 -0.639712 0)
(3 -8.06429e-16 0)
(3 -4.90499e-16 0)
(3 -3.18e-16 0)
(3 -2.25057e-16 0)
(3 9.50367e-17 0)
(3 7.01903e-17 0)
(3 -5.82711e-16 0)
(3 -6.61022e-15 0)
(3 -5.70251e-15 0)
(3 -3.77959e-14 0)
(3 -1.04225e-12 0)
(3 -1.36046e-11 0)
(3 -1.02942e-11 0)
(3 -2.51581e-10 0)
(3 7.93007e-09 0)
(3 9.20109e-08 0)
(3 2.2691e-06 0)
(3 4.35836e-06 0)
(2.99994 -6.92089e-05 0)
(2.99421 -0.0103698 0)
(2.94791 -0.0927734 0)
(2.67455 -0.456783 0)
(2.49145 -0.684417 0)
(2.38226 -0.791678 0)
(3 -7.3351e-16 0)
(3 9.32708e-16 0)
(3 2.83383e-15 0)
(3 2.77243e-15 0)
(3 2.46339e-15 0)
(3 -4.96401e-15 0)
(3 -6.34959e-14 0)
(3 -1.99373e-13 0)
(3 -8.37989e-13 0)
(3 -3.18564e-12 0)
(3 -3.399e-11 0)
(3 -7.34232e-11 0)
(3 6.31674e-10 0)
(3 5.54053e-08 0)
(3 4.58284e-07 0)
(3 1.499e-06 0)
(3.00001 1.5974e-05 0)
(2.99962 -0.000735603 0)
(2.98567 -0.0217498 0)
(2.84838 -0.204592 0)
(2.68199 -0.486244 0)
(2.36628 -0.831777 0)
(2.30551 -0.874324 0)
(2.31802 -0.837683 0)
(3 2.90963e-16 0)
(3 9.83138e-16 0)
(3 2.08712e-15 0)
(3 9.92848e-16 0)
(3 -4.78514e-14 0)
(3 -5.30671e-13 0)
(3 -1.86897e-12 0)
(3 -2.64112e-12 0)
(3 -1.98576e-11 0)
(3 -1.98291e-11 0)
(3 -2.01932e-10 0)
(3 9.37929e-09 0)
(3 1.12216e-07 0)
(3 3.25638e-06 0)
(3 2.2579e-06 0)
(3 1.71676e-05 0)
(2.99672 -0.00503286 0)
(2.95317 -0.0649588 0)
(2.78884 -0.309043 0)
(2.45568 -0.707404 0)
(2.39186 -0.787238 0)
(2.3341 -0.829984 0)
(2.32554 -0.835548 0)
(2.32424 -0.834371 0)
(3 -4.42682e-15 0)
(3 -2.61719e-15 0)
(3 5.62349e-15 0)
(3 -5.78226e-13 0)
(3 -1.77235e-12 0)
(3 -4.3306e-12 0)
(3 -6.3269e-12 0)
(3 -6.48865e-12 0)
(3 -1.42789e-10 0)
(3 3.41151e-10 0)
(3 2.51441e-08 0)
(3 1.58222e-06 0)
(3 1.32973e-06 0)
(3.00001 1.8553e-05 0)
(2.99943 -0.000835639 0)
(2.98833 -0.0184169 0)
(2.87193 -0.166459 0)
(2.59412 -0.520171 0)
(2.47354 -0.682953 0)
(2.33186 -0.844462 0)
(2.29241 -0.872992 0)
(2.29827 -0.864503 0)
(2.31478 -0.850446 0)
(2.32309 -0.840183 0)
(3 -1.9462e-13 0)
(3 -1.0073e-13 0)
(3 -1.06166e-11 0)
(3 -7.25479e-12 0)
(3 -1.27187e-11 0)
(3 4.27469e-10 0)
(3 3.13432e-10 0)
(3 2.31944e-10 0)
(3 1.64949e-08 0)
(3 3.60994e-07 0)
(3 4.36321e-06 0)
(3.00001 1.41314e-05 0)
(2.99996 -5.72041e-05 0)
(2.99714 -0.00434183 0)
(2.92953 -0.0870877 0)
(2.75375 -0.316195 0)
(2.49636 -0.638465 0)
(2.28671 -0.899679 0)
(2.27315 -0.876527 0)
(2.30767 -0.85883 0)
(2.31353 -0.85651 0)
(2.32366 -0.851816 0)
(2.33456 -0.841767 0)
(2.34006 -0.839094 0)
(3 -6.10252e-13 0)
(3 -1.29151e-10 0)
(3 -2.05267e-10 0)
(3 3.70747e-10 0)
(3 -2.04927e-10 0)
(3 4.00872e-08 0)
(3 9.11396e-08 0)
(3 3.63723e-07 0)
(3 6.2262e-06 0)
(3 6.0529e-06 0)
(3.00002 5.13046e-05 0)
(2.99893 -0.00144725 0)
(2.96365 -0.0454558 0)
(2.85483 -0.193509 0)
(2.54283 -0.588198 0)
(2.32788 -0.837895 0)
(2.31385 -0.849949 0)
(2.31128 -0.869717 0)
(2.31653 -0.871867 0)
(2.33208 -0.863545 0)
(2.34029 -0.852252 0)
(2.34675 -0.838782 0)
(2.35168 -0.833938 0)
(2.35098 -0.835898 0)
(3 1.11835e-10 0)
(3 -3.02434e-09 0)
(3 4.69334e-08 0)
(3 6.31706e-08 0)
(3 4.73574e-07 0)
(3 7.0046e-07 0)
(3 6.00124e-06 0)
(3 5.29873e-06 0)
(3.00002 4.8656e-05 0)
(2.99932 -0.000631433 0)
(2.98306 -0.0248056 0)
(2.89748 -0.14163 0)
(2.59261 -0.522486 0)
(2.42747 -0.741853 0)
(2.37549 -0.83589 0)
(2.30681 -0.886902 0)
(2.30296 -0.890743 0)
(2.32218 -0.877234 0)
(2.34183 -0.858607 0)
(2.35371 -0.857176 0)
(2.35929 -0.845222 0)
(2.35941 -0.839853 0)
(2.35891 -0.838442 0)
(2.35126 -0.843704 0)
(3 7.31898e-09 0)
(3 1.41537e-06 0)
(3 1.48661e-06 0)
(3 6.85551e-07 0)
(3 8.0981e-06 0)
(2.99999 -2.21535e-05 0)
(3.00007 0.000141971 0)
(2.99917 -0.00140764 0)
(2.99124 -0.0163264 0)
(2.89735 -0.160508 0)
(2.71459 -0.453618 0)
(2.51013 -0.720981 0)
(2.3073 -0.935487 0)
(2.27127 -0.955447 0)
(2.28491 -0.936483 0)
(2.30478 -0.913596 0)
(2.32349 -0.895514 0)
(2.3422 -0.871571 0)
(2.35874 -0.849904 0)
(2.36326 -0.842037 0)
(2.36251 -0.843326 0)
(2.36024 -0.844008 0)
(2.35483 -0.846411 0)
(2.34962 -0.852809 0)
(3 -7.77529e-08 0)
(3.00003 3.33477e-05 0)
(2.9999 -0.000130899 0)
(2.9999 -0.000149835 0)
(2.99862 -0.00183099 0)
(2.99132 -0.0129515 0)
(2.96664 -0.0513018 0)
(2.89298 -0.182163 0)
(2.78949 -0.395278 0)
(2.58827 -0.705522 0)
(2.43661 -0.859183 0)
(2.33901 -0.92904 0)
(2.29975 -0.916603 0)
(2.29946 -0.899737 0)
(2.30898 -0.885979 0)
(2.33922 -0.870571 0)
(2.35081 -0.866309 0)
(2.35579 -0.852622 0)
(2.3602 -0.845052 0)
(2.36134 -0.842767 0)
(2.35766 -0.844072 0)
(2.35259 -0.847611 0)
(2.34827 -0.851431 0)
(2.3454 -0.852617 0)
(2.99876 -0.00128996 0)
(2.99111 -0.0103244 0)
(2.95792 -0.0516045 0)
(2.90398 -0.132544 0)
(2.80228 -0.275965 0)
(2.67857 -0.465124 0)
(2.54236 -0.678383 0)
(2.36637 -0.910333 0)
(2.23248 -1.06349 0)
(2.17765 -1.10016 0)
(2.13994 -1.04895 0)
(2.18041 -1.00247 0)
(2.2582 -0.947591 0)
(2.29905 -0.897477 0)
(2.32497 -0.858494 0)
(2.34901 -0.834683 0)
(2.3527 -0.836322 0)
(2.35869 -0.837952 0)
(2.35763 -0.838882 0)
(2.35277 -0.841404 0)
(2.34748 -0.844239 0)
(2.34403 -0.846038 0)
(2.34195 -0.848016 0)
(2.34191 -0.84823 0)
(2.93167 -0.0252022 0)
(2.85542 -0.0356552 0)
(2.74603 -0.177897 0)
(2.68181 -0.22567 0)
(2.57171 -0.352772 0)
(2.49894 -0.447634 0)
(2.42736 -0.54144 0)
(2.34766 -0.625615 0)
(2.3123 -0.725701 0)
(2.26012 -0.798194 0)
(2.25006 -0.855497 0)
(2.28019 -0.887182 0)
(2.32377 -0.891456 0)
(2.33893 -0.886439 0)
(2.34787 -0.877664 0)
(2.34819 -0.870116 0)
(2.34591 -0.857966 0)
(2.34591 -0.849769 0)
(2.3463 -0.847298 0)
(2.34124 -0.847448 0)
(2.338 -0.847835 0)
(2.3367 -0.848452 0)
(2.33799 -0.849571 0)
(2.34075 -0.849465 0)
(2.43174 0.829147 0)
(2.53631 0.78627 0)
(2.67475 0.723506 0)
(2.75582 0.706798 0)
(2.83817 0.505818 0)
(2.88186 0.366066 0)
(2.97516 0.235284 0)
(2.99026 0.0750179 0)
(3.02702 0.0114852 0)
(3.01596 -0.0384586 0)
(2.98752 -0.0676698 0)
(2.97761 -0.0614157 0)
(2.97709 -0.0539248 0)
(2.97518 -0.0442779 0)
(2.97408 -0.0408726 0)
(2.97476 -0.0405233 0)
(2.97388 -0.037615 0)
(2.962 -0.0240014 0)
(2.9495 -0.0165953 0)
(2.93369 -0.0128881 0)
(2.93673 -0.00697613 0)
(2.94778 0.00206762 0)
(2.95124 0.00104526 0)
(2.9221 -0.0280055 0)
(2.7758 -0.147909 0)
(2.45709 -0.365939 0)
(2.21403 -0.400168 0)
(2.02301 -0.423935 0)
(1.89086 -0.256497 0)
(1.81798 -0.114685 0)
(1.84308 -0.00813653 0)
(1.91944 0.0310586 0)
(1.98431 0.0296845 0)
(2.01632 0.0250572 0)
(2.0388 0.0251516 0)
(2.06071 0.02269 0)
(2.08932 0.0215248 0)
(2.11818 0.0214041 0)
(2.14168 0.0217503 0)
(2.16146 0.0238121 0)
(2.17797 0.0272155 0)
(2.19346 0.0290906 0)
(2.21616 0.0277002 0)
(2.24497 0.0261044 0)
(2.27491 0.0270103 0)
(2.30147 0.0285464 0)
(2.32375 0.0275408 0)
(2.34317 0.024978 0)
(2.35932 0.024675 0)
(2.37003 0.0272387 0)
(2.37444 0.0288645 0)
(2.37458 0.0302621 0)
(2.38278 0.0304504 0)
(2.40319 0.0323956 0)
(2.42756 0.0327013 0)
(2.45138 0.0322141 0)
(2.4742 0.0300705 0)
(2.49735 0.0277313 0)
(2.51906 0.0250332 0)
(2.53347 0.0233001 0)
(2.53101 0.0243965 0)
(2.50901 0.029389 0)
(2.50562 0.0337389 0)
(2.52564 0.0346122 0)
(2.54758 0.0335643 0)
(2.57033 0.0329502 0)
(2.59296 0.0325601 0)
(2.61253 0.0291514 0)
(2.63644 0.026548 0)
(2.65554 0.03137 0)
(2.65633 0.0295749 0)
(2.61129 -0.0106553 0)
(2.56681 -0.0424355 0)
(2.46861 -0.0983829 0)
(2.35233 -0.148953 0)
(2.26128 -0.133559 0)
(2.20662 -0.149356 0)
(2.18664 -0.143266 0)
(2.15805 -0.0642421 0)
(2.1589 -0.00369041 0)
(2.16028 0.0111129 0)
(2.18455 0.00976482 0)
(2.21852 0.0104845 0)
(2.2269 0.0141185 0)
(2.21139 0.0202337 0)
(2.21392 0.0204904 0)
(2.23004 0.018481 0)
(2.25228 0.0144331 0)
(2.27753 0.0144523 0)
(2.29432 0.0145221 0)
(2.30867 0.0132849 0)
(2.32224 0.0109133 0)
(2.32521 0.0104479 0)
(2.31512 0.0153403 0)
(2.31614 0.0170722 0)
(2.33262 0.0168098 0)
(2.45075 0.789597 0)
(2.59463 0.661451 0)
(2.71833 0.469689 0)
(2.79691 0.287116 0)
(2.84277 0.163961 0)
(2.89753 0.0132271 0)
(2.92892 -0.111585 0)
(2.95805 -0.173014 0)
(2.98626 -0.157808 0)
(2.96949 -0.166929 0)
(2.94557 -0.180711 0)
(2.96508 -0.141176 0)
(2.96374 -0.0758845 0)
(2.96423 -0.0449289 0)
(2.94757 -0.0388342 0)
(2.9428 -0.0356354 0)
(2.94207 -0.0302185 0)
(2.93547 -0.0138293 0)
(2.93279 0.00483781 0)
(2.92136 0.00760587 0)
(2.92349 0.0191439 0)
(2.92816 0.0173039 0)
(2.91814 -0.0249717 0)
(2.72068 -0.301175 0)
(2.55538 -0.527862 0)
(2.37832 -0.764046 0)
(2.30042 -0.71698 0)
(2.20416 -0.520902 0)
(2.08112 -0.208054 0)
(1.92187 0.0515109 0)
(1.87206 0.152105 0)
(1.89837 0.131165 0)
(1.95862 0.0876045 0)
(2.01247 0.0444763 0)
(2.04942 0.0292037 0)
(2.08384 0.0316391 0)
(2.11521 0.0346958 0)
(2.14136 0.0381009 0)
(2.16099 0.0400194 0)
(2.1809 0.0444602 0)
(2.20209 0.0542927 0)
(2.21844 0.0632248 0)
(2.23509 0.0626969 0)
(2.2588 0.0583529 0)
(2.28698 0.057431 0)
(2.31467 0.05754 0)
(2.3397 0.0550366 0)
(2.36152 0.051274 0)
(2.37904 0.0501478 0)
(2.39051 0.0497295 0)
(2.39714 0.0448395 0)
(2.40115 0.0409064 0)
(2.40928 0.0478672 0)
(2.42704 0.0602119 0)
(2.44658 0.0687808 0)
(2.46789 0.0697854 0)
(2.48982 0.0650507 0)
(2.51145 0.0586484 0)
(2.53318 0.0522416 0)
(2.54973 0.0455201 0)
(2.54961 0.0356622 0)
(2.5316 0.0309432 0)
(2.52951 0.0474725 0)
(2.54664 0.0604836 0)
(2.56668 0.064807 0)
(2.5875 0.0685569 0)
(2.60886 0.0678181 0)
(2.62712 0.0635676 0)
(2.64758 0.0542283 0)
(2.6544 0.0412856 0)
(2.62513 -0.0187264 0)
(2.57904 -0.11425 0)
(2.51281 -0.210852 0)
(2.43141 -0.32004 0)
(2.38848 -0.355985 0)
(2.34132 -0.317059 0)
(2.27756 -0.220247 0)
(2.24697 -0.105756 0)
(2.20064 0.0214586 0)
(2.18988 0.0830319 0)
(2.18164 0.078827 0)
(2.19019 0.053055 0)
(2.2068 0.0339071 0)
(2.22422 0.0332327 0)
(2.22658 0.0319769 0)
(2.23156 0.0297577 0)
(2.24817 0.0268922 0)
(2.2676 0.0237679 0)
(2.28904 0.0268177 0)
(2.30429 0.0278455 0)
(2.31839 0.0251986 0)
(2.33172 0.020725 0)
(2.33566 0.0182511 0)
(2.32756 0.0220991 0)
(2.32767 0.0286922 0)
(2.34308 0.0300237 0)
(2.3679 0.834797 0)
(2.42671 0.783729 0)
(2.51068 0.696397 0)
(2.62899 0.531584 0)
(2.69403 0.43953 0)
(2.7159 0.397489 0)
(2.77537 0.22396 0)
(2.80456 0.128902 0)
(2.82589 0.138692 0)
(2.85165 0.0828584 0)
(2.86432 -0.00648006 0)
(2.85802 -0.0459228 0)
(2.89684 -0.0390518 0)
(2.90729 -0.0300311 0)
(2.90822 -0.0447787 0)
(2.91488 -0.0816721 0)
(2.92154 -0.0843281 0)
(2.92018 -0.066921 0)
(2.92196 -0.04089 0)
(2.91583 -0.035477 0)
(2.91132 -0.0218323 0)
(2.87209 -0.0840618 0)
(2.73733 -0.303008 0)
(2.41119 -0.68907 0)
(2.35585 -0.729181 0)
(2.35529 -0.76646 0)
(2.36398 -0.76389 0)
(2.37174 -0.741489 0)
(2.36208 -0.654372 0)
(2.28332 -0.39749 0)
(2.16508 -0.115879 0)
(2.02688 0.0610398 0)
(1.99817 0.0746992 0)
(2.01631 0.0781857 0)
(2.06265 0.0853727 0)
(2.10129 0.0805576 0)
(2.12437 0.0722532 0)
(2.14349 0.0721818 0)
(2.16237 0.0738514 0)
(2.18433 0.0803053 0)
(2.20602 0.095547 0)
(2.22168 0.105645 0)
(2.23696 0.102494 0)
(2.25638 0.0987066 0)
(2.28168 0.102024 0)
(2.30747 0.104635 0)
(2.3313 0.0989865 0)
(2.35177 0.0884603 0)
(2.36942 0.0826816 0)
(2.38335 0.0853878 0)
(2.39249 0.0896248 0)
(2.40087 0.0936656 0)
(2.41386 0.0962852 0)
(2.43015 0.0988883 0)
(2.44763 0.104808 0)
(2.46453 0.112709 0)
(2.48308 0.11312 0)
(2.5021 0.105058 0)
(2.51908 0.0915448 0)
(2.53143 0.0790123 0)
(2.53404 0.0751461 0)
(2.53384 0.0848729 0)
(2.54032 0.0951335 0)
(2.55179 0.0967469 0)
(2.56632 0.102982 0)
(2.58083 0.104808 0)
(2.60443 0.103582 0)
(2.61547 0.0965437 0)
(2.62074 0.0792066 0)
(2.59387 0.0112598 0)
(2.53773 -0.099567 0)
(2.4717 -0.227202 0)
(2.39512 -0.344279 0)
(2.36867 -0.386749 0)
(2.37814 -0.384643 0)
(2.38134 -0.36052 0)
(2.37656 -0.315084 0)
(2.35994 -0.247843 0)
(2.32113 -0.134227 0)
(2.29438 -0.0384628 0)
(2.27914 0.0245291 0)
(2.24211 0.0281504 0)
(2.23203 0.0253591 0)
(2.23598 0.0382017 0)
(2.24391 0.0526145 0)
(2.24529 0.0616743 0)
(2.2604 0.0589972 0)
(2.27655 0.0518947 0)
(2.29349 0.0516227 0)
(2.30731 0.054867 0)
(2.32017 0.0504076 0)
(2.32895 0.0403116 0)
(2.33122 0.0342286 0)
(2.3284 0.0408573 0)
(2.32939 0.0481155 0)
(2.34325 0.0493787 0)
(2.35322 0.850549 0)
(2.37542 0.830818 0)
(2.42572 0.783987 0)
(2.51003 0.691481 0)
(2.59535 0.578599 0)
(2.65538 0.51657 0)
(2.73996 0.382277 0)
(2.78629 0.230801 0)
(2.80169 0.204434 0)
(2.85278 0.161561 0)
(2.90165 0.0166729 0)
(2.87542 -0.0513168 0)
(2.872 -0.0389257 0)
(2.90249 -0.0482061 0)
(2.91809 -0.061554 0)
(2.9122 -0.0951716 0)
(2.91441 -0.102691 0)
(2.93457 -0.0849415 0)
(2.92487 -0.0633524 0)
(2.91315 -0.0645591 0)
(2.86063 -0.143463 0)
(2.70626 -0.400844 0)
(2.40491 -0.738219 0)
(2.32379 -0.8439 0)
(2.33018 -0.813314 0)
(2.35707 -0.788005 0)
(2.37951 -0.772106 0)
(2.4086 -0.753238 0)
(2.42639 -0.738908 0)
(2.418 -0.668154 0)
(2.36406 -0.480946 0)
(2.1922 -0.151057 0)
(2.07404 0.0462532 0)
(2.0416 0.157768 0)
(2.05293 0.154026 0)
(2.08931 0.139231 0)
(2.12641 0.11595 0)
(2.15681 0.109434 0)
(2.18655 0.108401 0)
(2.21321 0.110291 0)
(2.23508 0.122306 0)
(2.24931 0.133024 0)
(2.26093 0.135487 0)
(2.27466 0.138265 0)
(2.29025 0.144256 0)
(2.30938 0.149068 0)
(2.33354 0.146442 0)
(2.35771 0.137965 0)
(2.37732 0.130331 0)
(2.39287 0.128645 0)
(2.40823 0.129348 0)
(2.426 0.129029 0)
(2.44059 0.129072 0)
(2.44794 0.131479 0)
(2.4562 0.140225 0)
(2.46741 0.149933 0)
(2.48036 0.15123 0)
(2.49602 0.14765 0)
(2.51288 0.140197 0)
(2.52608 0.131642 0)
(2.53817 0.12236 0)
(2.55475 0.125523 0)
(2.5723 0.126319 0)
(2.5788 0.130126 0)
(2.57054 0.138692 0)
(2.58227 0.135931 0)
(2.59293 0.128997 0)
(2.59253 0.0993786 0)
(2.55677 0.0204624 0)
(2.49707 -0.108944 0)
(2.41127 -0.24672 0)
(2.38446 -0.307679 0)
(2.36603 -0.346396 0)
(2.36796 -0.350036 0)
(2.38334 -0.345785 0)
(2.3999 -0.332913 0)
(2.41566 -0.325097 0)
(2.40969 -0.301583 0)
(2.39436 -0.245404 0)
(2.36436 -0.16414 0)
(2.32545 -0.0677107 0)
(2.2814 0.00628809 0)
(2.24233 0.0489818 0)
(2.2415 0.0606117 0)
(2.24982 0.0848005 0)
(2.25969 0.0886639 0)
(2.27658 0.0803439 0)
(2.29186 0.0722878 0)
(2.30714 0.0794124 0)
(2.31668 0.0882441 0)
(2.32513 0.0816434 0)
(2.33204 0.0639466 0)
(2.33502 0.0503258 0)
(2.33934 0.0504519 0)
(2.34339 0.0632183 0)
(2.35352 0.0699588 0)
(2.35255 0.850679 0)
(2.35678 0.847596 0)
(2.3815 0.824905 0)
(2.42357 0.783777 0)
(2.50715 0.696176 0)
(2.58566 0.599766 0)
(2.62458 0.564678 0)
(2.69569 0.44757 0)
(2.76678 0.301902 0)
(2.80894 0.28419 0)
(2.81907 0.289844 0)
(2.86432 0.15208 0)
(2.87322 0.0497785 0)
(2.89183 0.071675 0)
(2.89703 0.0659771 0)
(2.90352 -0.00647515 0)
(2.90727 -0.0217428 0)
(2.92853 -0.0315003 0)
(2.92604 -0.0483081 0)
(2.84429 -0.189594 0)
(2.66894 -0.499742 0)
(2.45433 -0.762487 0)
(2.31373 -0.878802 0)
(2.31788 -0.876033 0)
(2.3456 -0.8438 0)
(2.36844 -0.799146 0)
(2.39987 -0.761158 0)
(2.42544 -0.748657 0)
(2.44475 -0.739341 0)
(2.46518 -0.738922 0)
(2.44824 -0.672162 0)
(2.4164 -0.54982 0)
(2.28686 -0.282003 0)
(2.14338 0.0067606 0)
(2.08707 0.131255 0)
(2.09658 0.163168 0)
(2.1158 0.163372 0)
(2.14482 0.167203 0)
(2.17849 0.155034 0)
(2.20586 0.146767 0)
(2.22981 0.156588 0)
(2.24845 0.165196 0)
(2.26221 0.16564 0)
(2.27731 0.169405 0)
(2.2948 0.18205 0)
(2.31004 0.18911 0)
(2.32617 0.182966 0)
(2.34406 0.17114 0)
(2.36247 0.165264 0)
(2.3815 0.167882 0)
(2.39922 0.173723 0)
(2.42058 0.175749 0)
(2.44273 0.172204 0)
(2.46407 0.166469 0)
(2.47829 0.170634 0)
(2.4821 0.184735 0)
(2.48683 0.188966 0)
(2.4964 0.185475 0)
(2.5047 0.174763 0)
(2.51075 0.165504 0)
(2.52687 0.163474 0)
(2.54971 0.171636 0)
(2.5719 0.173955 0)
(2.59163 0.170223 0)
(2.59338 0.164798 0)
(2.58044 0.136908 0)
(2.55659 0.0954775 0)
(2.50995 -0.00622453 0)
(2.433 -0.153631 0)
(2.39673 -0.234371 0)
(2.35849 -0.295971 0)
(2.34014 -0.32734 0)
(2.3515 -0.329093 0)
(2.36792 -0.321473 0)
(2.38599 -0.306183 0)
(2.4036 -0.295093 0)
(2.42104 -0.29515 0)
(2.42392 -0.299584 0)
(2.41836 -0.288534 0)
(2.40455 -0.255369 0)
(2.38672 -0.21836 0)
(2.34858 -0.145065 0)
(2.28645 -0.0367052 0)
(2.2696 0.0272165 0)
(2.27278 0.0797799 0)
(2.2737 0.103814 0)
(2.27686 0.106483 0)
(2.28965 0.108601 0)
(2.29643 0.111275 0)
(2.29929 0.105884 0)
(2.30811 0.092955 0)
(2.31975 0.079093 0)
(2.32767 0.0670486 0)
(2.34023 0.0664496 0)
(2.35522 0.0745552 0)
(2.36892 0.085281 0)
(2.34881 0.844798 0)
(2.35419 0.845796 0)
(2.35965 0.841352 0)
(2.38662 0.816718 0)
(2.42448 0.780691 0)
(2.50647 0.699058 0)
(2.57982 0.605124 0)
(2.60737 0.577291 0)
(2.66548 0.489724 0)
(2.75101 0.375933 0)
(2.79845 0.338074 0)
(2.83645 0.265536 0)
(2.8535 0.167704 0)
(2.86472 0.160771 0)
(2.89685 0.121162 0)
(2.93703 0.0284703 0)
(2.92819 -0.0294203 0)
(2.91813 -0.0707788 0)
(2.85197 -0.198628 0)
(2.5841 -0.578868 0)
(2.42492 -0.792249 0)
(2.29942 -0.866614 0)
(2.31638 -0.861849 0)
(2.3451 -0.84386 0)
(2.36893 -0.81284 0)
(2.39161 -0.776997 0)
(2.41153 -0.760173 0)
(2.43594 -0.751174 0)
(2.45272 -0.751049 0)
(2.47276 -0.733889 0)
(2.48492 -0.710807 0)
(2.4951 -0.664165 0)
(2.48027 -0.587264 0)
(2.39464 -0.399387 0)
(2.22786 -0.0821106 0)
(2.14623 0.115151 0)
(2.10955 0.237058 0)
(2.1223 0.236001 0)
(2.15318 0.21743 0)
(2.18367 0.191466 0)
(2.21218 0.187761 0)
(2.24168 0.195597 0)
(2.26608 0.195884 0)
(2.2817 0.196559 0)
(2.29283 0.209173 0)
(2.30533 0.221509 0)
(2.32553 0.222628 0)
(2.34919 0.216 0)
(2.37052 0.213171 0)
(2.38894 0.217318 0)
(2.40384 0.221211 0)
(2.41527 0.213771 0)
(2.42904 0.203891 0)
(2.45027 0.204905 0)
(2.47364 0.212587 0)
(2.49525 0.218188 0)
(2.50737 0.221779 0)
(2.5011 0.214911 0)
(2.49722 0.205945 0)
(2.5173 0.209948 0)
(2.5386 0.212468 0)
(2.55339 0.217368 0)
(2.56738 0.21336 0)
(2.57218 0.199101 0)
(2.56507 0.158111 0)
(2.52941 0.0863068 0)
(2.44393 -0.0611453 0)
(2.39276 -0.16406 0)
(2.35917 -0.226769 0)
(2.34006 -0.268994 0)
(2.33406 -0.285861 0)
(2.34115 -0.295183 0)
(2.35421 -0.290034 0)
(2.37229 -0.278758 0)
(2.39409 -0.268914 0)
(2.41224 -0.265021 0)
(2.4268 -0.265461 0)
(2.43148 -0.267018 0)
(2.41508 -0.271399 0)
(2.41289 -0.26892 0)
(2.41527 -0.261931 0)
(2.409 -0.232423 0)
(2.38308 -0.170551 0)
(2.32817 -0.051498 0)
(2.31108 0.0521428 0)
(2.2912 0.13277 0)
(2.27939 0.146027 0)
(2.27691 0.139455 0)
(2.27752 0.132735 0)
(2.28119 0.12663 0)
(2.2913 0.117649 0)
(2.30248 0.101658 0)
(2.31985 0.0909264 0)
(2.33741 0.0887642 0)
(2.35352 0.0952754 0)
(2.37727 0.102489 0)
(2.34178 0.843364 0)
(2.34555 0.846825 0)
(2.35093 0.845529 0)
(2.35837 0.839339 0)
(2.39162 0.811485 0)
(2.43455 0.771068 0)
(2.48385 0.721457 0)
(2.57071 0.623713 0)
(2.62853 0.535923 0)
(2.65255 0.514442 0)
(2.68994 0.483943 0)
(2.78195 0.376566 0)
(2.82279 0.256244 0)
(2.83181 0.224955 0)
(2.85433 0.243966 0)
(2.88548 0.16638 0)
(2.86239 0.0680395 0)
(2.77982 -0.140107 0)
(2.50509 -0.540643 0)
(2.37528 -0.740746 0)
(2.2753 -0.821066 0)
(2.29736 -0.81457 0)
(2.33603 -0.794598 0)
(2.36344 -0.779493 0)
(2.38215 -0.759934 0)
(2.4036 -0.730764 0)
(2.41819 -0.724609 0)
(2.44063 -0.721545 0)
(2.46001 -0.72022 0)
(2.48552 -0.698513 0)
(2.50127 -0.676194 0)
(2.51823 -0.64346 0)
(2.54112 -0.644136 0)
(2.53088 -0.592548 0)
(2.48527 -0.474288 0)
(2.3546 -0.211333 0)
(2.21813 0.0753096 0)
(2.15348 0.208508 0)
(2.1606 0.236269 0)
(2.17653 0.231567 0)
(2.20192 0.235592 0)
(2.2334 0.240004 0)
(2.26644 0.237767 0)
(2.28617 0.232757 0)
(2.29416 0.23815 0)
(2.30146 0.248364 0)
(2.31681 0.254843 0)
(2.33681 0.257356 0)
(2.35489 0.259079 0)
(2.37038 0.259346 0)
(2.38444 0.256592 0)
(2.40199 0.250026 0)
(2.4254 0.246506 0)
(2.44854 0.246925 0)
(2.4707 0.249557 0)
(2.49023 0.25331 0)
(2.4983 0.254914 0)
(2.49871 0.249065 0)
(2.50604 0.253497 0)
(2.51874 0.252974 0)
(2.52609 0.252008 0)
(2.54639 0.249235 0)
(2.54933 0.228356 0)
(2.52716 0.170464 0)
(2.48105 0.0570438 0)
(2.38551 -0.0903046 0)
(2.34435 -0.173171 0)
(2.31056 -0.235049 0)
(2.29956 -0.261109 0)
(2.30564 -0.271207 0)
(2.31931 -0.271504 0)
(2.33676 -0.262867 0)
(2.35398 -0.251785 0)
(2.37019 -0.241919 0)
(2.38622 -0.236739 0)
(2.40218 -0.235389 0)
(2.41253 -0.235294 0)
(2.41019 -0.239055 0)
(2.39979 -0.252997 0)
(2.40644 -0.250934 0)
(2.41985 -0.249801 0)
(2.43043 -0.241051 0)
(2.43628 -0.218663 0)
(2.42432 -0.172723 0)
(2.37717 -0.0607907 0)
(2.34102 0.0531953 0)
(2.31904 0.1153 0)
(2.28205 0.122401 0)
(2.27378 0.114835 0)
(2.26545 0.12517 0)
(2.27072 0.132578 0)
(2.29057 0.130374 0)
(2.30567 0.1222 0)
(2.32453 0.114385 0)
(2.33946 0.11634 0)
(2.36801 0.122118 0)
(2.33164 0.84272 0)
(2.33327 0.844486 0)
(2.33875 0.846551 0)
(2.34681 0.844175 0)
(2.3593 0.834014 0)
(2.39135 0.805885 0)
(2.43876 0.760819 0)
(2.47354 0.726662 0)
(2.54264 0.652907 0)
(2.61468 0.553454 0)
(2.65533 0.504386 0)
(2.67601 0.499522 0)
(2.71261 0.426973 0)
(2.77872 0.335508 0)
(2.80458 0.262999 0)
(2.77554 0.126038 0)
(2.65917 -0.141007 0)
(2.4289 -0.49448 0)
(2.29625 -0.658966 0)
(2.26509 -0.723398 0)
(2.28766 -0.722081 0)
(2.32281 -0.711306 0)
(2.35631 -0.707663 0)
(2.38096 -0.706462 0)
(2.39793 -0.694551 0)
(2.41521 -0.674364 0)
(2.43503 -0.668406 0)
(2.45678 -0.671365 0)
(2.47807 -0.669743 0)
(2.49773 -0.65721 0)
(2.5256 -0.632835 0)
(2.55227 -0.606236 0)
(2.57006 -0.593825 0)
(2.57277 -0.590229 0)
(2.58096 -0.567344 0)
(2.55767 -0.491696 0)
(2.47411 -0.30582 0)
(2.30247 0.00538019 0)
(2.2331 0.174126 0)
(2.17271 0.28447 0)
(2.19022 0.300111 0)
(2.21446 0.300032 0)
(2.24701 0.287281 0)
(2.27178 0.274706 0)
(2.29053 0.274597 0)
(2.30456 0.282112 0)
(2.31666 0.288657 0)
(2.33124 0.293124 0)
(2.3436 0.298074 0)
(2.35472 0.296485 0)
(2.36948 0.291774 0)
(2.39023 0.286895 0)
(2.4136 0.283257 0)
(2.43781 0.281322 0)
(2.46234 0.284419 0)
(2.48345 0.29058 0)
(2.49357 0.29577 0)
(2.4909 0.287935 0)
(2.48759 0.288503 0)
(2.50309 0.285727 0)
(2.51811 0.278627 0)
(2.5171 0.242771 0)
(2.48368 0.161998 0)
(2.4035 0.00528303 0)
(2.37087 -0.101702 0)
(2.30553 -0.177115 0)
(2.28301 -0.216614 0)
(2.27856 -0.219859 0)
(2.29069 -0.226135 0)
(2.3068 -0.231605 0)
(2.32123 -0.232069 0)
(2.33974 -0.226854 0)
(2.35884 -0.220554 0)
(2.37539 -0.216126 0)
(2.39022 -0.213645 0)
(2.4016 -0.211537 0)
(2.40217 -0.209658 0)
(2.39064 -0.214142 0)
(2.38736 -0.223426 0)
(2.4025 -0.226953 0)
(2.42038 -0.227596 0)
(2.43993 -0.224802 0)
(2.45106 -0.218294 0)
(2.45802 -0.20271 0)
(2.45271 -0.169921 0)
(2.42019 -0.0897253 0)
(2.3638 0.0280051 0)
(2.32463 0.0910476 0)
(2.26801 0.124707 0)
(2.24769 0.140121 0)
(2.25881 0.151467 0)
(2.28273 0.154661 0)
(2.30522 0.150947 0)
(2.31851 0.145615 0)
(2.33459 0.141187 0)
(2.36504 0.143929 0)
(2.32858 0.832026 0)
(2.33125 0.833931 0)
(2.33164 0.838036 0)
(2.33455 0.838685 0)
(2.34108 0.835658 0)
(2.35371 0.827045 0)
(2.38376 0.804378 0)
(2.43887 0.750799 0)
(2.4725 0.719647 0)
(2.51787 0.666586 0)
(2.58582 0.593382 0)
(2.64932 0.509997 0)
(2.67155 0.493708 0)
(2.69007 0.407092 0)
(2.64831 0.268908 0)
(2.46566 -0.119706 0)
(2.33441 -0.41769 0)
(2.22282 -0.603386 0)
(2.2195 -0.626918 0)
(2.25345 -0.62315 0)
(2.28819 -0.610461 0)
(2.31521 -0.605505 0)
(2.34015 -0.611676 0)
(2.36416 -0.616772 0)
(2.38951 -0.611917 0)
(2.41674 -0.604876 0)
(2.44628 -0.606 0)
(2.4725 -0.609099 0)
(2.49229 -0.601083 0)
(2.50201 -0.595256 0)
(2.52114 -0.580904 0)
(2.54716 -0.568176 0)
(2.57931 -0.54547 0)
(2.60186 -0.537837 0)
(2.60927 -0.534231 0)
(2.61756 -0.525864 0)
(2.60565 -0.456502 0)
(2.56979 -0.352077 0)
(2.44124 -0.109628 0)
(2.30581 0.134399 0)
(2.25657 0.262602 0)
(2.23465 0.326299 0)
(2.24697 0.328709 0)
(2.26519 0.328363 0)
(2.28582 0.322441 0)
(2.30953 0.323322 0)
(2.32835 0.323485 0)
(2.33585 0.325327 0)
(2.33702 0.330186 0)
(2.34509 0.332223 0)
(2.36642 0.330345 0)
(2.39258 0.329402 0)
(2.41846 0.327752 0)
(2.44126 0.326908 0)
(2.46056 0.327092 0)
(2.47559 0.330378 0)
(2.48323 0.333775 0)
(2.47528 0.329019 0)
(2.48591 0.314367 0)
(2.48838 0.299881 0)
(2.46414 0.239022 0)
(2.41942 0.129499 0)
(2.3378 -0.04187 0)
(2.29994 -0.155357 0)
(2.26585 -0.207975 0)
(2.25992 -0.215353 0)
(2.26498 -0.210717 0)
(2.26972 -0.206128 0)
(2.28146 -0.194452 0)
(2.29687 -0.18932 0)
(2.314 -0.19169 0)
(2.33119 -0.193524 0)
(2.3494 -0.193241 0)
(2.36786 -0.191637 0)
(2.38452 -0.19039 0)
(2.39657 -0.189421 0)
(2.39567 -0.186809 0)
(2.38293 -0.185979 0)
(2.38813 -0.190935 0)
(2.40285 -0.195795 0)
(2.41824 -0.198174 0)
(2.43668 -0.199308 0)
(2.45288 -0.196344 0)
(2.46544 -0.190497 0)
(2.47569 -0.186484 0)
(2.46826 -0.166413 0)
(2.44307 -0.105098 0)
(2.39887 -0.0272265 0)
(2.32664 0.0508859 0)
(2.2873 0.0935807 0)
(2.26509 0.144901 0)
(2.28409 0.163641 0)
(2.30486 0.183607 0)
(2.31686 0.184064 0)
(2.32988 0.17747 0)
(2.3534 0.171633 0)
(2.32225 0.829999 0)
(2.32642 0.831124 0)
(2.32725 0.835386 0)
(2.3279 0.835454 0)
(2.33138 0.834414 0)
(2.33885 0.829404 0)
(2.35844 0.815662 0)
(2.38116 0.798826 0)
(2.43362 0.747791 0)
(2.46979 0.715767 0)
(2.52789 0.651134 0)
(2.57968 0.63288 0)
(2.56213 0.502388 0)
(2.50956 0.280514 0)
(2.31881 -0.092053 0)
(2.22502 -0.327495 0)
(2.16206 -0.475598 0)
(2.17052 -0.496711 0)
(2.20552 -0.505664 0)
(2.24536 -0.506166 0)
(2.2827 -0.512237 0)
(2.31618 -0.526321 0)
(2.34543 -0.541303 0)
(2.37177 -0.54625 0)
(2.39655 -0.535512 0)
(2.41825 -0.522595 0)
(2.44044 -0.519963 0)
(2.46677 -0.522826 0)
(2.49643 -0.52269 0)
(2.5229 -0.526085 0)
(2.54883 -0.520885 0)
(2.56963 -0.50947 0)
(2.5876 -0.486931 0)
(2.60528 -0.473112 0)
(2.61723 -0.478202 0)
(2.63446 -0.471201 0)
(2.63483 -0.454357 0)
(2.65228 -0.414394 0)
(2.63943 -0.352211 0)
(2.57321 -0.20454 0)
(2.39738 0.103981 0)
(2.32839 0.269595 0)
(2.26877 0.371398 0)
(2.26155 0.38482 0)
(2.27708 0.381226 0)
(2.3016 0.370969 0)
(2.32162 0.362578 0)
(2.33134 0.363568 0)
(2.3358 0.370185 0)
(2.34288 0.372388 0)
(2.36286 0.368404 0)
(2.38753 0.36775 0)
(2.41268 0.368231 0)
(2.43571 0.370972 0)
(2.45286 0.36918 0)
(2.46511 0.373038 0)
(2.46577 0.371204 0)
(2.46724 0.343666 0)
(2.45672 0.301674 0)
(2.41561 0.230814 0)
(2.31862 0.076175 0)
(2.26482 -0.0707557 0)
(2.26581 -0.12515 0)
(2.25283 -0.156436 0)
(2.24915 -0.164557 0)
(2.25873 -0.172328 0)
(2.2754 -0.173998 0)
(2.27729 -0.172871 0)
(2.27403 -0.166487 0)
(2.28763 -0.15819 0)
(2.30515 -0.157747 0)
(2.32499 -0.161195 0)
(2.3447 -0.166052 0)
(2.36405 -0.169258 0)
(2.38293 -0.170674 0)
(2.39639 -0.17049 0)
(2.39481 -0.165715 0)
(2.37791 -0.157449 0)
(2.37849 -0.156007 0)
(2.39508 -0.15978 0)
(2.41331 -0.163648 0)
(2.43228 -0.167205 0)
(2.45242 -0.169747 0)
(2.46903 -0.169923 0)
(2.48348 -0.171228 0)
(2.48968 -0.172066 0)
(2.48235 -0.155309 0)
(2.45546 -0.103347 0)
(2.42305 -0.0586472 0)
(2.35584 0.0305029 0)
(2.31626 0.0990043 0)
(2.29924 0.171901 0)
(2.31004 0.210913 0)
(2.31917 0.214853 0)
(2.32702 0.210367 0)
(2.34858 0.197399 0)
(2.3353 0.848006 0)
(2.32287 0.85008 0)
(2.32043 0.848479 0)
(2.31914 0.842099 0)
(2.32363 0.838401 0)
(2.32988 0.835123 0)
(2.33831 0.830749 0)
(2.35821 0.817126 0)
(2.39139 0.792033 0)
(2.42914 0.755825 0)
(2.47065 0.697193 0)
(2.45586 0.561834 0)
(2.32729 0.256733 0)
(2.18853 -0.0824781 0)
(2.09858 -0.308452 0)
(2.08604 -0.388559 0)
(2.1101 -0.400762 0)
(2.14699 -0.408434 0)
(2.18684 -0.414599 0)
(2.22627 -0.417929 0)
(2.26436 -0.424183 0)
(2.30166 -0.435803 0)
(2.33673 -0.449493 0)
(2.36891 -0.456205 0)
(2.39836 -0.451504 0)
(2.42444 -0.444824 0)
(2.44714 -0.441626 0)
(2.46537 -0.437402 0)
(2.47926 -0.435844 0)
(2.49642 -0.438777 0)
(2.52695 -0.434304 0)
(2.56833 -0.430447 0)
(2.60632 -0.425919 0)
(2.63734 -0.41939 0)
(2.65677 -0.429826 0)
(2.66597 -0.42027 0)
(2.66708 -0.392971 0)
(2.66712 -0.374595 0)
(2.69051 -0.3628 0)
(2.69224 -0.333825 0)
(2.64789 -0.232513 0)
(2.53824 -0.00159545 0)
(2.39953 0.244095 0)
(2.34088 0.376407 0)
(2.29413 0.417526 0)
(2.30251 0.415588 0)
(2.3196 0.410418 0)
(2.33916 0.403867 0)
(2.35963 0.412152 0)
(2.37059 0.417719 0)
(2.38197 0.414168 0)
(2.39846 0.412971 0)
(2.41742 0.411188 0)
(2.43527 0.412263 0)
(2.44803 0.406564 0)
(2.45781 0.410245 0)
(2.44487 0.376749 0)
(2.42098 0.296751 0)
(2.3501 0.16962 0)
(2.24904 0.0249475 0)
(2.20181 -0.0801539 0)
(2.19567 -0.166983 0)
(2.21477 -0.16832 0)
(2.22777 -0.159037 0)
(2.24312 -0.149548 0)
(2.2617 -0.146774 0)
(2.27887 -0.144866 0)
(2.28286 -0.140398 0)
(2.27638 -0.135997 0)
(2.29136 -0.133714 0)
(2.31114 -0.133415 0)
(2.32966 -0.134129 0)
(2.34867 -0.137258 0)
(2.3678 -0.143202 0)
(2.38671 -0.148516 0)
(2.40044 -0.150237 0)
(2.39997 -0.145264 0)
(2.3868 -0.135016 0)
(2.38537 -0.129169 0)
(2.40052 -0.131004 0)
(2.41649 -0.133457 0)
(2.43475 -0.135844 0)
(2.45352 -0.138512 0)
(2.47307 -0.142342 0)
(2.49162 -0.147615 0)
(2.50287 -0.153693 0)
(2.49901 -0.153219 0)
(2.48648 -0.129271 0)
(2.47538 -0.100242 0)
(2.45277 -0.0614171 0)
(2.40764 0.0178733 0)
(2.35912 0.115102 0)
(2.35667 0.180689 0)
(2.34058 0.220258 0)
(2.33958 0.222065 0)
(2.34712 0.21486 0)
(2.37285 0.855155 0)
(2.33754 0.813643 0)
(2.3322 0.817169 0)
(2.33387 0.818938 0)
(2.3358 0.832637 0)
(2.33305 0.844199 0)
(2.3332 0.843996 0)
(2.34316 0.833801 0)
(2.36757 0.825805 0)
(2.36455 0.750714 0)
(2.31515 0.564687 0)
(2.16245 0.221448 0)
(2.04059 -0.0562495 0)
(2.02065 -0.190035 0)
(2.03036 -0.226893 0)
(2.06526 -0.260527 0)
(2.10538 -0.290085 0)
(2.14188 -0.317631 0)
(2.17737 -0.333561 0)
(2.21593 -0.3391 0)
(2.25604 -0.344359 0)
(2.29576 -0.354486 0)
(2.33362 -0.36712 0)
(2.36915 -0.373742 0)
(2.4016 -0.372505 0)
(2.43234 -0.370919 0)
(2.46249 -0.37239 0)
(2.49003 -0.372057 0)
(2.51236 -0.372871 0)
(2.53125 -0.370808 0)
(2.54848 -0.359215 0)
(2.56529 -0.349144 0)
(2.58945 -0.34593 0)
(2.6191 -0.340594 0)
(2.64858 -0.348441 0)
(2.6763 -0.347001 0)
(2.69735 -0.336275 0)
(2.70972 -0.326025 0)
(2.71872 -0.307492 0)
(2.72462 -0.314244 0)
(2.73707 -0.295586 0)
(2.72041 -0.22981 0)
(2.65065 -0.07949 0)
(2.49611 0.193263 0)
(2.41423 0.351424 0)
(2.34146 0.445693 0)
(2.32833 0.463832 0)
(2.33517 0.46221 0)
(2.34625 0.469953 0)
(2.35904 0.466103 0)
(2.37668 0.458223 0)
(2.39229 0.456094 0)
(2.40964 0.446498 0)
(2.42243 0.44508 0)
(2.43783 0.433536 0)
(2.42494 0.3907 0)
(2.36993 0.266144 0)
(2.29615 0.111485 0)
(2.21989 -0.0165854 0)
(2.1842 -0.0449418 0)
(2.19286 -0.0876234 0)
(2.19539 -0.12238 0)
(2.21007 -0.134658 0)
(2.23647 -0.1258 0)
(2.2541 -0.124058 0)
(2.2668 -0.12463 0)
(2.27748 -0.119575 0)
(2.28351 -0.111753 0)
(2.28633 -0.11427 0)
(2.29843 -0.115241 0)
(2.31902 -0.11227 0)
(2.33789 -0.108428 0)
(2.35543 -0.107183 0)
(2.37313 -0.111878 0)
(2.3894 -0.118582 0)
(2.40221 -0.122503 0)
(2.40773 -0.122596 0)
(2.40435 -0.116887 0)
(2.4007 -0.107706 0)
(2.41316 -0.107531 0)
(2.42907 -0.108901 0)
(2.44549 -0.109051 0)
(2.46146 -0.108656 0)
(2.47722 -0.111315 0)
(2.49244 -0.115844 0)
(2.50522 -0.124797 0)
(2.50777 -0.134945 0)
(2.5029 -0.125045 0)
(2.50169 -0.106102 0)
(2.50245 -0.0887072 0)
(2.49538 -0.0597846 0)
(2.4578 0.0144737 0)
(2.4215 0.10673 0)
(2.40962 0.178596 0)
(2.36549 0.228814 0)
(2.35321 0.233863 0)
(2.53827 0.652602 0)
(2.40744 0.751696 0)
(2.36389 0.803703 0)
(2.35088 0.840891 0)
(2.33524 0.856798 0)
(2.32427 0.858047 0)
(2.32106 0.85056 0)
(2.32188 0.828654 0)
(2.30136 0.744476 0)
(2.17554 0.489538 0)
(1.98014 0.133161 0)
(1.91282 -0.0909378 0)
(1.91558 -0.180624 0)
(1.94213 -0.188492 0)
(1.98751 -0.181029 0)
(2.03483 -0.184555 0)
(2.08163 -0.205843 0)
(2.12769 -0.234458 0)
(2.17342 -0.256694 0)
(2.21997 -0.265222 0)
(2.26478 -0.268216 0)
(2.3062 -0.274971 0)
(2.34312 -0.285122 0)
(2.37667 -0.290817 0)
(2.40844 -0.291344 0)
(2.43635 -0.292456 0)
(2.46263 -0.292285 0)
(2.48738 -0.285922 0)
(2.51267 -0.280546 0)
(2.54204 -0.280634 0)
(2.57359 -0.279258 0)
(2.60055 -0.279497 0)
(2.62586 -0.282197 0)
(2.64845 -0.278641 0)
(2.66304 -0.27698 0)
(2.67139 -0.2776 0)
(2.68167 -0.265075 0)
(2.69989 -0.248154 0)
(2.73039 -0.252418 0)
(2.75661 -0.256533 0)
(2.78145 -0.253316 0)
(2.78258 -0.238602 0)
(2.77071 -0.190124 0)
(2.73157 -0.0974391 0)
(2.61708 0.116022 0)
(2.48196 0.334125 0)
(2.41968 0.448743 0)
(2.37506 0.503087 0)
(2.36138 0.510544 0)
(2.37313 0.50688 0)
(2.3938 0.504304 0)
(2.39869 0.500538 0)
(2.41186 0.48181 0)
(2.41114 0.452365 0)
(2.37798 0.368244 0)
(2.31466 0.220102 0)
(2.23674 0.0415861 0)
(2.17031 -0.0825541 0)
(2.15241 -0.125716 0)
(2.15967 -0.11336 0)
(2.18383 -0.0965791 0)
(2.20336 -0.0894634 0)
(2.22419 -0.0934104 0)
(2.25235 -0.0954537 0)
(2.27771 -0.0989623 0)
(2.28932 -0.105609 0)
(2.29386 -0.102995 0)
(2.29678 -0.095042 0)
(2.30175 -0.0935745 0)
(2.31246 -0.0956502 0)
(2.33104 -0.0929431 0)
(2.35303 -0.0881805 0)
(2.37309 -0.085593 0)
(2.39073 -0.0878929 0)
(2.40488 -0.0922584 0)
(2.41432 -0.0948252 0)
(2.41819 -0.0949174 0)
(2.41987 -0.0933684 0)
(2.42286 -0.0885582 0)
(2.43067 -0.0854459 0)
(2.44361 -0.0861015 0)
(2.45872 -0.0860103 0)
(2.47411 -0.085626 0)
(2.48931 -0.0863627 0)
(2.50313 -0.0907561 0)
(2.51546 -0.0981378 0)
(2.52272 -0.105179 0)
(2.52133 -0.108696 0)
(2.51497 -0.0946846 0)
(2.52646 -0.086882 0)
(2.53142 -0.0749503 0)
(2.53083 -0.0535839 0)
(2.51077 -0.00345804 0)
(2.46957 0.0963178 0)
(2.45384 0.156773 0)
(2.38574 0.213644 0)
(2.85566 0.220984 0)
(2.68888 0.467878 0)
(2.44714 0.752979 0)
(2.35306 0.881503 0)
(2.33265 0.862409 0)
(2.3238 0.841357 0)
(2.30816 0.799856 0)
(2.2235 0.664881 0)
(2.07164 0.367652 0)
(1.91491 0.0969586 0)
(1.87794 0.00717236 0)
(1.87934 -0.0208419 0)
(1.91099 -0.0755318 0)
(1.95333 -0.121579 0)
(1.99017 -0.136019 0)
(2.03045 -0.138216 0)
(2.07517 -0.144665 0)
(2.12308 -0.159765 0)
(2.17226 -0.176899 0)
(2.22149 -0.184009 0)
(2.26746 -0.182484 0)
(2.309 -0.187193 0)
(2.35063 -0.198243 0)
(2.39333 -0.204903 0)
(2.43365 -0.209043 0)
(2.46494 -0.215675 0)
(2.48485 -0.220762 0)
(2.5027 -0.216438 0)
(2.52691 -0.206814 0)
(2.55086 -0.199602 0)
(2.57242 -0.192793 0)
(2.58976 -0.192049 0)
(2.6114 -0.191201 0)
(2.6439 -0.19261 0)
(2.67862 -0.202423 0)
(2.70471 -0.215468 0)
(2.71957 -0.205089 0)
(2.7244 -0.183648 0)
(2.72918 -0.194021 0)
(2.7417 -0.198874 0)
(2.75846 -0.194161 0)
(2.78675 -0.175289 0)
(2.79922 -0.17136 0)
(2.81234 -0.14537 0)
(2.78875 -0.0952349 0)
(2.70211 0.0589181 0)
(2.58613 0.283354 0)
(2.46634 0.482648 0)
(2.38651 0.56831 0)
(2.38552 0.561183 0)
(2.39942 0.553251 0)
(2.39772 0.521811 0)
(2.36892 0.449224 0)
(2.30609 0.312694 0)
(2.24992 0.155981 0)
(2.22945 0.0414169 0)
(2.17832 -0.0342963 0)
(2.16592 -0.0471696 0)
(2.16876 -0.061332 0)
(2.18596 -0.0757035 0)
(2.20789 -0.0657438 0)
(2.22036 -0.0599891 0)
(2.23299 -0.0573295 0)
(2.2509 -0.0593274 0)
(2.27383 -0.0647781 0)
(2.29164 -0.0729584 0)
(2.30058 -0.0761244 0)
(2.31082 -0.0736031 0)
(2.32128 -0.0723801 0)
(2.33209 -0.0719796 0)
(2.34671 -0.0684053 0)
(2.36395 -0.0608463 0)
(2.37909 -0.0554308 0)
(2.39178 -0.0586127 0)
(2.40201 -0.0659731 0)
(2.41079 -0.0700944 0)
(2.41844 -0.0687297 0)
(2.42633 -0.0658842 0)
(2.43679 -0.0644518 0)
(2.44805 -0.0632042 0)
(2.45901 -0.0617 0)
(2.46971 -0.0593509 0)
(2.47981 -0.0581352 0)
(2.48893 -0.0595145 0)
(2.49814 -0.0656803 0)
(2.50647 -0.0719805 0)
(2.51502 -0.0752573 0)
(2.52417 -0.0765846 0)
(2.53218 -0.0734654 0)
(2.53866 -0.0663288 0)
(2.54814 -0.0605626 0)
(2.55706 -0.0528129 0)
(2.55532 -0.0406708 0)
(2.54108 -0.00223846 0)
(2.51768 0.0604861 0)
(2.44987 0.159071 0)
(2.98976 0.0202952 0)
(2.94857 0.107169 0)
(2.73397 0.424735 0)
(2.46056 0.805124 0)
(2.35369 0.803366 0)
(2.30493 0.684956 0)
(2.23655 0.5364 0)
(1.9506 0.236941 0)
(1.77839 -0.0252354 0)
(1.796 -0.0955328 0)
(1.84709 -0.0583274 0)
(1.86805 -0.022581 0)
(1.9062 -0.0261934 0)
(1.96007 -0.0623407 0)
(2.00608 -0.10159 0)
(2.05295 -0.109032 0)
(2.10192 -0.10173 0)
(2.14796 -0.100495 0)
(2.19628 -0.110251 0)
(2.24442 -0.120414 0)
(2.28695 -0.119468 0)
(2.32566 -0.108629 0)
(2.35681 -0.110078 0)
(2.38617 -0.120803 0)
(2.42003 -0.126531 0)
(2.46114 -0.126285 0)
(2.49651 -0.127464 0)
(2.52538 -0.125524 0)
(2.55222 -0.124742 0)
(2.57837 -0.131856 0)
(2.59582 -0.129282 0)
(2.61142 -0.120923 0)
(2.62624 -0.113135 0)
(2.6425 -0.113217 0)
(2.66122 -0.122728 0)
(2.68275 -0.128775 0)
(2.7154 -0.121462 0)
(2.74893 -0.114494 0)
(2.7636 -0.121479 0)
(2.75458 -0.120292 0)
(2.76001 -0.113821 0)
(2.78163 -0.1006 0)
(2.80345 -0.0922725 0)
(2.8187 -0.0846087 0)
(2.82646 -0.0890701 0)
(2.81383 -0.0558181 0)
(2.7767 0.0324009 0)
(2.63789 0.276788 0)
(2.52359 0.483724 0)
(2.46287 0.519716 0)
(2.42392 0.506665 0)
(2.37803 0.441534 0)
(2.21935 0.251013 0)
(2.12829 0.0520503 0)
(2.1547 -0.056256 0)
(2.16776 -0.0806581 0)
(2.17203 -0.0642216 0)
(2.17255 -0.0526431 0)
(2.18641 -0.0469977 0)
(2.20704 -0.0470685 0)
(2.22777 -0.0425608 0)
(2.24498 -0.0393315 0)
(2.25603 -0.0358531 0)
(2.26311 -0.0322737 0)
(2.2782 -0.0375571 0)
(2.29834 -0.0450806 0)
(2.31655 -0.0483251 0)
(2.33021 -0.0441376 0)
(2.34285 -0.0430003 0)
(2.35487 -0.0465109 0)
(2.36633 -0.0470709 0)
(2.37791 -0.0389202 0)
(2.38813 -0.0299947 0)
(2.40069 -0.0313764 0)
(2.41147 -0.0404651 0)
(2.41975 -0.0473038 0)
(2.42661 -0.0472015 0)
(2.43412 -0.041679 0)
(2.44368 -0.0364402 0)
(2.4563 -0.0352914 0)
(2.46972 -0.0360461 0)
(2.48231 -0.0350127 0)
(2.49327 -0.0334531 0)
(2.50165 -0.0336996 0)
(2.50605 -0.0367456 0)
(2.51121 -0.0421619 0)
(2.51657 -0.0436577 0)
(2.52366 -0.0438053 0)
(2.53727 -0.0410825 0)
(2.55279 -0.0403215 0)
(2.56412 -0.0401483 0)
(2.57801 -0.0316611 0)
(2.57829 -0.0313676 0)
(2.57134 -0.0191028 0)
(2.56142 0.00277179 0)
(2.51996 0.069731 0)
(2.99985 0.000437343 0)
(2.99799 0.00268469 0)
(2.9527 0.0640418 0)
(2.69592 0.489621 0)
(2.37583 0.311182 0)
(2.25869 0.144227 0)
(2.12004 0.238286 0)
(1.90854 0.183065 0)
(1.80453 0.0432665 0)
(1.82038 -0.041576 0)
(1.86792 -0.0286575 0)
(1.8943 0.00607592 0)
(1.91347 0.00711012 0)
(1.95297 -0.0159932 0)
(2.01017 -0.0411911 0)
(2.06148 -0.0491437 0)
(2.10536 -0.0373563 0)
(2.1491 -0.0301376 0)
(2.19045 -0.0362269 0)
(2.23079 -0.0410206 0)
(2.28241 -0.0367792 0)
(2.33365 -0.0328203 0)
(2.3821 -0.0349905 0)
(2.41636 -0.0402229 0)
(2.44041 -0.0435849 0)
(2.45578 -0.0384121 0)
(2.48048 -0.0329511 0)
(2.51003 -0.0336411 0)
(2.53449 -0.0382638 0)
(2.55559 -0.0433708 0)
(2.58984 -0.0408769 0)
(2.62061 -0.0356355 0)
(2.64595 -0.034463 0)
(2.66591 -0.0409722 0)
(2.68852 -0.0539252 0)
(2.70871 -0.0590127 0)
(2.72549 -0.0457597 0)
(2.73715 -0.0292966 0)
(2.74013 -0.0308743 0)
(2.75473 -0.0407016 0)
(2.77375 -0.0388521 0)
(2.79802 -0.029158 0)
(2.8244 -0.0302247 0)
(2.84639 -0.024792 0)
(2.86237 -0.0284037 0)
(2.85769 -0.0447499 0)
(2.83696 -0.017863 0)
(2.8022 0.0269749 0)
(2.68576 0.184793 0)
(2.48778 0.1977 0)
(2.38296 0.15422 0)
(2.31996 0.237991 0)
(2.19679 0.190114 0)
(2.14811 0.0573278 0)
(2.15651 -0.0288152 0)
(2.16897 -0.0347712 0)
(2.19152 -0.0110536 0)
(2.20239 -0.00533945 0)
(2.20108 -0.0250967 0)
(2.21457 -0.021482 0)
(2.23314 -0.0194978 0)
(2.25441 -0.0204849 0)
(2.27196 -0.0129948 0)
(2.27875 -0.00507269 0)
(2.28293 -0.00635119 0)
(2.29105 -0.0166235 0)
(2.30499 -0.0167516 0)
(2.32388 -0.0100667 0)
(2.34444 -0.00880436 0)
(2.36531 -0.0145915 0)
(2.38071 -0.0200261 0)
(2.39195 -0.0177337 0)
(2.39664 -0.00859968 0)
(2.39692 -0.00700689 0)
(2.40218 -0.0146992 0)
(2.40913 -0.0208268 0)
(2.41742 -0.0195003 0)
(2.42712 -0.015524 0)
(2.43857 -0.0135918 0)
(2.45132 -0.0134205 0)
(2.46346 -0.0153349 0)
(2.47437 -0.0152027 0)
(2.48276 -0.0100477 0)
(2.49468 -0.0064421 0)
(2.50865 -0.0115956 0)
(2.52 -0.0166 0)
(2.52902 -0.017348 0)
(2.53877 -0.0138755 0)
(2.54738 -0.0101559 0)
(2.55395 -0.0109257 0)
(2.55812 -0.0160728 0)
(2.56557 -0.00964132 0)
(2.56904 -0.0125564 0)
(2.56951 -0.0124051 0)
(2.571 -0.00530957 0)
(2.55608 0.00678091 0)
(2.99995 -3.63315e-05 0)
(2.99316 -0.0148837 0)
(2.94571 -0.0809356 0)
(2.79701 -0.120534 0)
(2.44784 -0.519267 0)
(2.16211 -0.482148 0)
(1.94129 -0.123804 0)
(1.9626 -0.0140126 0)
(1.84954 -0.0388021 0)
(1.84334 -0.0237112 0)
(1.86804 0.0172733 0)
(1.87998 0.0359062 0)
(1.90299 0.0288232 0)
(1.94298 0.0190385 0)
(1.99617 0.0152527 0)
(2.05747 0.0226136 0)
(2.11848 0.0310417 0)
(2.17195 0.0293226 0)
(2.21876 0.0237708 0)
(2.26007 0.0287597 0)
(2.29151 0.0376348 0)
(2.32188 0.0363161 0)
(2.35332 0.0343501 0)
(2.37695 0.0396039 0)
(2.40833 0.04509 0)
(2.45758 0.0440448 0)
(2.50226 0.0417932 0)
(2.53981 0.0391994 0)
(2.5663 0.0379976 0)
(2.58798 0.0403517 0)
(2.59569 0.0402982 0)
(2.60796 0.038791 0)
(2.62232 0.0367711 0)
(2.62713 0.0293498 0)
(2.65579 0.0321022 0)
(2.69244 0.0343682 0)
(2.7264 0.0330578 0)
(2.76347 0.0388191 0)
(2.77598 0.0454512 0)
(2.75927 0.0303026 0)
(2.75378 0.0232669 0)
(2.7736 0.0337803 0)
(2.79904 0.0343636 0)
(2.82133 0.0351474 0)
(2.83261 0.0456957 0)
(2.85553 0.0213912 0)
(2.8511 -0.00361047 0)
(2.82037 -0.0290843 0)
(2.71273 -0.104514 0)
(2.52958 -0.339432 0)
(2.3554 -0.339523 0)
(2.21423 -0.0999364 0)
(2.23861 -0.0127406 0)
(2.18877 -0.0477494 0)
(2.1638 -0.053794 0)
(2.16242 -0.00859456 0)
(2.1637 0.0320531 0)
(2.18387 0.0304476 0)
(2.20664 0.00870965 0)
(2.22423 -0.00268616 0)
(2.24408 0.00324892 0)
(2.26401 0.0108032 0)
(2.27301 0.0194816 0)
(2.27408 0.0208383 0)
(2.27567 0.0124624 0)
(2.28614 0.00788968 0)
(2.31121 0.009323 0)
(2.33514 0.0149413 0)
(2.35746 0.0192364 0)
(2.37733 0.0157046 0)
(2.39 0.00995247 0)
(2.39638 0.00954662 0)
(2.39814 0.0161414 0)
(2.39755 0.0194897 0)
(2.39997 0.0135294 0)
(2.41014 0.00790352 0)
(2.42405 0.00899304 0)
(2.43691 0.0110221 0)
(2.44709 0.0114059 0)
(2.4546 0.0135516 0)
(2.4636 0.0131153 0)
(2.47285 0.0132109 0)
(2.48145 0.0158946 0)
(2.48911 0.0167583 0)
(2.49924 0.0124597 0)
(2.5088 0.00822998 0)
(2.51897 0.00953336 0)
(2.53105 0.0159438 0)
(2.54299 0.0177271 0)
(2.5532 0.0195013 0)
(2.55782 0.0159305 0)
(2.56086 0.0190236 0)
(2.562 0.0213586 0)
(2.56792 0.00963195 0)
(2.57318 -0.000378149 0)
(2.55547 -0.0159603 0)
(2.994 -0.0137649 0)
(2.89429 -0.171004 0)
(2.71291 -0.45545 0)
(2.57668 -0.640377 0)
(2.44552 -0.84104 0)
(2.28127 -0.774418 0)
(2.02904 -0.440504 0)
(1.99937 -0.218997 0)
(1.89138 -0.0228108 0)
(1.82412 0.0514173 0)
(1.82383 0.0505979 0)
(1.84779 0.0424588 0)
(1.88755 0.041204 0)
(1.94731 0.0595111 0)
(2.00432 0.0801574 0)
(2.05364 0.0972598 0)
(2.10247 0.103209 0)
(2.15265 0.100787 0)
(2.20081 0.104347 0)
(2.24847 0.116508 0)
(2.29536 0.125226 0)
(2.33411 0.125574 0)
(2.36488 0.121046 0)
(2.3976 0.122273 0)
(2.43268 0.131423 0)
(2.4605 0.126769 0)
(2.48724 0.118905 0)
(2.51266 0.115643 0)
(2.53919 0.115684 0)
(2.5695 0.121796 0)
(2.60511 0.12565 0)
(2.62502 0.122889 0)
(2.6223 0.116383 0)
(2.6326 0.122767 0)
(2.66118 0.129263 0)
(2.69032 0.125712 0)
(2.71573 0.115372 0)
(2.73067 0.115643 0)
(2.74249 0.12222 0)
(2.75323 0.114542 0)
(2.75841 0.109064 0)
(2.77224 0.109796 0)
(2.79721 0.114815 0)
(2.82464 0.110171 0)
(2.84159 0.102481 0)
(2.82655 0.0540064 0)
(2.77704 -0.0610471 0)
(2.67715 -0.25005 0)
(2.58378 -0.403997 0)
(2.4886 -0.593365 0)
(2.38739 -0.549201 0)
(2.24985 -0.352765 0)
(2.25236 -0.18372 0)
(2.24459 -0.0699366 0)
(2.15618 0.00996136 0)
(2.12923 0.0688001 0)
(2.1361 0.0714301 0)
(2.16758 0.0543967 0)
(2.19336 0.0285816 0)
(2.21865 0.0269182 0)
(2.24336 0.0439933 0)
(2.25375 0.0566932 0)
(2.25859 0.0558505 0)
(2.26615 0.0469114 0)
(2.27682 0.0352689 0)
(2.29037 0.0327094 0)
(2.30709 0.0377782 0)
(2.32614 0.0464974 0)
(2.34549 0.0493116 0)
(2.36544 0.0449253 0)
(2.38096 0.0398782 0)
(2.39174 0.0407082 0)
(2.397 0.0435813 0)
(2.40055 0.0415293 0)
(2.40625 0.0380608 0)
(2.41328 0.0364943 0)
(2.41642 0.0338605 0)
(2.42248 0.0361132 0)
(2.43888 0.0394638 0)
(2.45643 0.0383753 0)
(2.47183 0.0367223 0)
(2.48199 0.0382047 0)
(2.48892 0.0403048 0)
(2.49452 0.041454 0)
(2.49606 0.0415384 0)
(2.50656 0.0383653 0)
(2.52185 0.0376287 0)
(2.53674 0.0403327 0)
(2.55091 0.0418802 0)
(2.56156 0.0446044 0)
(2.56739 0.0432995 0)
(2.56887 0.0452064 0)
(2.56495 0.0427602 0)
(2.5651 0.0137308 0)
(2.55854 -0.0093262 0)
(2.51839 -0.0854511 0)
(2.90604 -0.170333 0)
(2.59362 -0.579108 0)
(2.4148 -0.797271 0)
(2.37904 -0.805752 0)
(2.36665 -0.822072 0)
(2.35253 -0.841805 0)
(2.31112 -0.805244 0)
(2.23006 -0.667092 0)
(2.07972 -0.377369 0)
(1.91526 -0.121532 0)
(1.86334 -0.0140697 0)
(1.86534 0.0337026 0)
(1.90134 0.0879977 0)
(1.94578 0.103754 0)
(1.98694 0.119012 0)
(2.03007 0.142423 0)
(2.08085 0.158518 0)
(2.13578 0.171515 0)
(2.18811 0.18306 0)
(2.23475 0.191975 0)
(2.27402 0.197997 0)
(2.3056 0.200548 0)
(2.33608 0.198317 0)
(2.37209 0.196578 0)
(2.40961 0.199508 0)
(2.44688 0.199541 0)
(2.48024 0.203857 0)
(2.51405 0.210806 0)
(2.54704 0.211565 0)
(2.5742 0.205481 0)
(2.58799 0.195525 0)
(2.59898 0.195146 0)
(2.62524 0.192629 0)
(2.65198 0.204923 0)
(2.67461 0.217905 0)
(2.6803 0.204603 0)
(2.6839 0.191787 0)
(2.71443 0.195042 0)
(2.74824 0.187997 0)
(2.77848 0.177872 0)
(2.79268 0.17015 0)
(2.80609 0.166356 0)
(2.79476 0.178583 0)
(2.7989 0.149524 0)
(2.7779 0.0923219 0)
(2.71219 -0.0526067 0)
(2.54192 -0.346599 0)
(2.47948 -0.459433 0)
(2.41472 -0.532842 0)
(2.4086 -0.562734 0)
(2.40621 -0.557839 0)
(2.39234 -0.522311 0)
(2.37019 -0.432198 0)
(2.3275 -0.30309 0)
(2.24246 -0.16923 0)
(2.17781 -0.0441825 0)
(2.16229 0.0239769 0)
(2.17782 0.0441451 0)
(2.18873 0.054455 0)
(2.20742 0.0722017 0)
(2.21796 0.085677 0)
(2.22455 0.077743 0)
(2.23044 0.0649994 0)
(2.2428 0.0581035 0)
(2.26038 0.0613634 0)
(2.27372 0.0618724 0)
(2.28746 0.0608383 0)
(2.30596 0.0646292 0)
(2.32723 0.0669573 0)
(2.34823 0.0662159 0)
(2.3659 0.0665292 0)
(2.37854 0.0701296 0)
(2.3855 0.0719049 0)
(2.38872 0.0676603 0)
(2.39237 0.0609962 0)
(2.39711 0.0581438 0)
(2.40623 0.0598134 0)
(2.42001 0.062334 0)
(2.43575 0.0628597 0)
(2.45208 0.0621419 0)
(2.46437 0.0622747 0)
(2.46943 0.0650092 0)
(2.47328 0.0684147 0)
(2.48527 0.0674239 0)
(2.49959 0.06382 0)
(2.51449 0.0655677 0)
(2.52564 0.066619 0)
(2.53453 0.0691957 0)
(2.54371 0.0698732 0)
(2.55149 0.0678068 0)
(2.55623 0.0677612 0)
(2.55286 0.0677572 0)
(2.54553 0.0422791 0)
(2.53175 0.0030132 0)
(2.49843 -0.0558253 0)
(2.43799 -0.176377 0)
(2.62229 -0.562677 0)
(2.39859 -0.804132 0)
(2.32159 -0.857711 0)
(2.32365 -0.844227 0)
(2.33261 -0.839676 0)
(2.33433 -0.840315 0)
(2.33481 -0.839835 0)
(2.33343 -0.824925 0)
(2.31028 -0.754745 0)
(2.16382 -0.494717 0)
(1.97958 -0.137734 0)
(1.89633 0.0906525 0)
(1.91329 0.177128 0)
(1.94911 0.178296 0)
(1.991 0.181376 0)
(2.03528 0.19901 0)
(2.08604 0.224741 0)
(2.13752 0.246343 0)
(2.18526 0.257697 0)
(2.22558 0.265856 0)
(2.25991 0.274237 0)
(2.29466 0.279171 0)
(2.33313 0.278814 0)
(2.37242 0.277901 0)
(2.40929 0.280708 0)
(2.44143 0.282409 0)
(2.46683 0.283308 0)
(2.48796 0.281765 0)
(2.51202 0.277044 0)
(2.54116 0.277657 0)
(2.57573 0.283204 0)
(2.60482 0.286456 0)
(2.62748 0.284778 0)
(2.6393 0.279281 0)
(2.64046 0.278116 0)
(2.65451 0.270987 0)
(2.6827 0.265048 0)
(2.70884 0.262076 0)
(2.73564 0.250864 0)
(2.75516 0.242795 0)
(2.76198 0.232376 0)
(2.76754 0.233894 0)
(2.75539 0.195955 0)
(2.71211 0.0972832 0)
(2.6199 -0.100126 0)
(2.45167 -0.366196 0)
(2.39336 -0.480646 0)
(2.36146 -0.507914 0)
(2.37155 -0.50003 0)
(2.38761 -0.495721 0)
(2.4125 -0.49985 0)
(2.42047 -0.503944 0)
(2.41488 -0.492061 0)
(2.40062 -0.447755 0)
(2.36549 -0.377859 0)
(2.28102 -0.217278 0)
(2.21359 -0.0430125 0)
(2.19258 0.0600973 0)
(2.18631 0.112492 0)
(2.18188 0.121417 0)
(2.19034 0.11221 0)
(2.20401 0.0977296 0)
(2.21576 0.0885284 0)
(2.23235 0.088631 0)
(2.24806 0.0935637 0)
(2.26145 0.092968 0)
(2.27947 0.0890959 0)
(2.29931 0.0902046 0)
(2.32154 0.0943594 0)
(2.33952 0.0975748 0)
(2.35189 0.0980972 0)
(2.36091 0.0984415 0)
(2.36699 0.0964083 0)
(2.37206 0.0898923 0)
(2.3799 0.084232 0)
(2.39262 0.0836455 0)
(2.4076 0.0860748 0)
(2.42235 0.088081 0)
(2.43611 0.0876459 0)
(2.44674 0.0864077 0)
(2.45354 0.0881892 0)
(2.45869 0.0960839 0)
(2.46558 0.0996121 0)
(2.47617 0.0979843 0)
(2.48961 0.0942596 0)
(2.50207 0.0944014 0)
(2.5146 0.0937967 0)
(2.52554 0.0929313 0)
(2.53656 0.0944304 0)
(2.54358 0.0919265 0)
(2.54606 0.0855969 0)
(2.53143 0.056379 0)
(2.50883 0.0105111 0)
(2.45562 -0.0694433 0)
(2.39874 -0.148663 0)
(2.36956 -0.224966 0)
(2.39267 -0.831814 0)
(2.34481 -0.844514 0)
(2.32115 -0.832189 0)
(2.31936 -0.827984 0)
(2.32208 -0.828865 0)
(2.32909 -0.830515 0)
(2.33589 -0.83015 0)
(2.34718 -0.824668 0)
(2.3722 -0.822796 0)
(2.36744 -0.755507 0)
(2.30745 -0.554548 0)
(2.15045 -0.205119 0)
(2.05145 0.0459803 0)
(2.0213 0.183125 0)
(2.02887 0.246124 0)
(2.05861 0.283878 0)
(2.10411 0.303677 0)
(2.14912 0.315067 0)
(2.18915 0.325133 0)
(2.22329 0.338443 0)
(2.25461 0.348525 0)
(2.28826 0.351341 0)
(2.32458 0.349393 0)
(2.36093 0.350592 0)
(2.39551 0.359844 0)
(2.42792 0.36865 0)
(2.4601 0.374003 0)
(2.49329 0.375785 0)
(2.52352 0.37291 0)
(2.54906 0.375362 0)
(2.56713 0.376748 0)
(2.57917 0.361535 0)
(2.5935 0.345573 0)
(2.61562 0.347854 0)
(2.64154 0.350444 0)
(2.66691 0.34198 0)
(2.68846 0.340533 0)
(2.70056 0.333026 0)
(2.71366 0.316821 0)
(2.71915 0.318554 0)
(2.73751 0.290415 0)
(2.71948 0.227605 0)
(2.64759 0.075306 0)
(2.49683 -0.185525 0)
(2.4119 -0.351797 0)
(2.32355 -0.462043 0)
(2.32042 -0.474442 0)
(2.33583 -0.466952 0)
(2.35859 -0.452281 0)
(2.3762 -0.4509 0)
(2.3934 -0.456364 0)
(2.40619 -0.467004 0)
(2.40814 -0.462565 0)
(2.41145 -0.444624 0)
(2.42208 -0.424815 0)
(2.41641 -0.382883 0)
(2.37015 -0.277244 0)
(2.28877 -0.108211 0)
(2.24646 0.00717625 0)
(2.2108 0.0837116 0)
(2.20568 0.0976729 0)
(2.20379 0.113752 0)
(2.2054 0.122015 0)
(2.21321 0.121325 0)
(2.22537 0.121118 0)
(2.24553 0.118016 0)
(2.26495 0.112697 0)
(2.28594 0.111934 0)
(2.30973 0.118254 0)
(2.32687 0.123866 0)
(2.3354 0.122151 0)
(2.34057 0.118435 0)
(2.34639 0.114601 0)
(2.35498 0.10902 0)
(2.36658 0.105817 0)
(2.3802 0.107374 0)
(2.39431 0.110245 0)
(2.40844 0.110204 0)
(2.42161 0.108026 0)
(2.4331 0.107973 0)
(2.44253 0.112634 0)
(2.44942 0.121684 0)
(2.45493 0.126755 0)
(2.46245 0.127777 0)
(2.47387 0.12507 0)
(2.48864 0.12592 0)
(2.50231 0.119813 0)
(2.51274 0.115172 0)
(2.52596 0.110539 0)
(2.52531 0.0974414 0)
(2.51267 0.0650427 0)
(2.48094 -0.00125226 0)
(2.42187 -0.0789657 0)
(2.37402 -0.13412 0)
(2.32331 -0.198413 0)
(2.33028 -0.229042 0)
(2.35007 -0.842004 0)
(2.33094 -0.853214 0)
(2.31839 -0.853916 0)
(2.31382 -0.847632 0)
(2.31546 -0.840893 0)
(2.32594 -0.833936 0)
(2.33681 -0.825695 0)
(2.36032 -0.813222 0)
(2.39504 -0.793861 0)
(2.43255 -0.759603 0)
(2.47046 -0.697105 0)
(2.4563 -0.561159 0)
(2.32809 -0.248708 0)
(2.18029 0.0888246 0)
(2.10031 0.317283 0)
(2.08502 0.39855 0)
(2.12034 0.405436 0)
(2.16089 0.398055 0)
(2.19445 0.397574 0)
(2.22466 0.409881 0)
(2.25537 0.423314 0)
(2.28919 0.430062 0)
(2.32505 0.431923 0)
(2.36071 0.437756 0)
(2.39439 0.450051 0)
(2.42575 0.458762 0)
(2.45319 0.459499 0)
(2.47586 0.454973 0)
(2.49618 0.442629 0)
(2.51703 0.439034 0)
(2.54003 0.446741 0)
(2.56905 0.443406 0)
(2.59483 0.430972 0)
(2.61236 0.426019 0)
(2.62641 0.418389 0)
(2.64152 0.396404 0)
(2.65311 0.393469 0)
(2.67019 0.387666 0)
(2.70325 0.374265 0)
(2.70334 0.346134 0)
(2.65965 0.234827 0)
(2.54334 -0.00475105 0)
(2.41353 -0.223366 0)
(2.33986 -0.348244 0)
(2.30032 -0.410675 0)
(2.2979 -0.419322 0)
(2.31425 -0.422235 0)
(2.335 -0.41161 0)
(2.35638 -0.399555 0)
(2.37841 -0.403047 0)
(2.39629 -0.414024 0)
(2.40431 -0.426446 0)
(2.40782 -0.426042 0)
(2.42172 -0.415103 0)
(2.43826 -0.398506 0)
(2.45247 -0.391668 0)
(2.45084 -0.374935 0)
(2.42426 -0.306282 0)
(2.35184 -0.159682 0)
(2.28016 -0.0163512 0)
(2.23549 0.102197 0)
(2.21079 0.159475 0)
(2.19249 0.163641 0)
(2.2041 0.154593 0)
(2.21898 0.150095 0)
(2.24047 0.146538 0)
(2.26455 0.145708 0)
(2.28602 0.140052 0)
(2.30478 0.13914 0)
(2.31856 0.141289 0)
(2.32591 0.141697 0)
(2.33092 0.142062 0)
(2.33701 0.142171 0)
(2.3456 0.138818 0)
(2.3574 0.135818 0)
(2.37214 0.136457 0)
(2.38783 0.137873 0)
(2.40245 0.135941 0)
(2.41492 0.132156 0)
(2.42578 0.131198 0)
(2.43615 0.136178 0)
(2.4451 0.145836 0)
(2.44969 0.15441 0)
(2.45021 0.159407 0)
(2.46056 0.15375 0)
(2.47174 0.141191 0)
(2.48476 0.135308 0)
(2.49384 0.125237 0)
(2.49841 0.107282 0)
(2.4795 0.057487 0)
(2.44201 -0.0330812 0)
(2.40795 -0.102842 0)
(2.33937 -0.153019 0)
(2.30215 -0.177996 0)
(2.29476 -0.205215 0)
(2.31485 -0.210268 0)
(2.32666 -0.830447 0)
(2.3291 -0.832394 0)
(2.32746 -0.837814 0)
(2.3244 -0.837674 0)
(2.32692 -0.835682 0)
(2.33576 -0.829508 0)
(2.356 -0.814678 0)
(2.3817 -0.799036 0)
(2.43607 -0.750966 0)
(2.47112 -0.719878 0)
(2.5282 -0.652111 0)
(2.57988 -0.633397 0)
(2.56147 -0.503886 0)
(2.50535 -0.279859 0)
(2.31726 0.10242 0)
(2.23151 0.333799 0)
(2.16664 0.470108 0)
(2.17909 0.482159 0)
(2.20886 0.490768 0)
(2.24129 0.502902 0)
(2.27421 0.516698 0)
(2.30707 0.524502 0)
(2.33967 0.527973 0)
(2.36943 0.5332 0)
(2.39552 0.540505 0)
(2.42027 0.544491 0)
(2.44508 0.542532 0)
(2.47113 0.539671 0)
(2.50248 0.528711 0)
(2.52982 0.526414 0)
(2.54854 0.531483 0)
(2.55935 0.520692 0)
(2.56708 0.488487 0)
(2.57473 0.47803 0)
(2.59939 0.464536 0)
(2.63197 0.451156 0)
(2.64473 0.449215 0)
(2.66715 0.422919 0)
(2.65747 0.362394 0)
(2.58359 0.200701 0)
(2.41723 -0.0839752 0)
(2.33598 -0.251669 0)
(2.26711 -0.354589 0)
(2.2466 -0.384524 0)
(2.26354 -0.387161 0)
(2.29148 -0.377402 0)
(2.31352 -0.369998 0)
(2.33244 -0.363398 0)
(2.35213 -0.3567 0)
(2.37109 -0.358464 0)
(2.38336 -0.369021 0)
(2.38819 -0.382376 0)
(2.39554 -0.380309 0)
(2.41094 -0.371858 0)
(2.4311 -0.36077 0)
(2.45122 -0.358185 0)
(2.46258 -0.366 0)
(2.47489 -0.353015 0)
(2.46432 -0.312482 0)
(2.41353 -0.207008 0)
(2.35635 -0.0797225 0)
(2.29129 0.0623295 0)
(2.24123 0.126 0)
(2.22796 0.147706 0)
(2.23058 0.167497 0)
(2.24254 0.183314 0)
(2.26444 0.179585 0)
(2.28457 0.167379 0)
(2.30109 0.162866 0)
(2.31441 0.163689 0)
(2.323 0.162802 0)
(2.32853 0.163711 0)
(2.33429 0.16995 0)
(2.34175 0.171347 0)
(2.35284 0.166949 0)
(2.36671 0.164409 0)
(2.38316 0.164619 0)
(2.4002 0.163062 0)
(2.41533 0.159468 0)
(2.4284 0.158229 0)
(2.44005 0.16186 0)
(2.44863 0.170303 0)
(2.45042 0.181347 0)
(2.44089 0.177743 0)
(2.45288 0.163645 0)
(2.45926 0.158659 0)
(2.46545 0.143727 0)
(2.46001 0.109638 0)
(2.43758 0.0457825 0)
(2.3945 -0.0640525 0)
(2.37642 -0.152455 0)
(2.32408 -0.178211 0)
(2.3117 -0.172389 0)
(2.29541 -0.178816 0)
(2.29381 -0.190261 0)
(2.31286 -0.185946 0)
(2.32931 -0.830954 0)
(2.33193 -0.834026 0)
(2.33139 -0.838923 0)
(2.33183 -0.83954 0)
(2.33849 -0.836063 0)
(2.35183 -0.826081 0)
(2.38287 -0.802251 0)
(2.43909 -0.749431 0)
(2.47328 -0.720755 0)
(2.51868 -0.668237 0)
(2.58739 -0.593204 0)
(2.64897 -0.509946 0)
(2.67069 -0.494593 0)
(2.68816 -0.409707 0)
(2.64767 -0.269352 0)
(2.47857 0.107431 0)
(2.33612 0.402279 0)
(2.22259 0.590983 0)
(2.21354 0.624204 0)
(2.24195 0.62464 0)
(2.27545 0.617437 0)
(2.3083 0.608795 0)
(2.33892 0.60477 0)
(2.3658 0.610374 0)
(2.3917 0.621699 0)
(2.41961 0.63029 0)
(2.44977 0.630522 0)
(2.47705 0.621824 0)
(2.50225 0.597899 0)
(2.51602 0.58215 0)
(2.52529 0.579749 0)
(2.52955 0.574681 0)
(2.55931 0.543626 0)
(2.57769 0.530453 0)
(2.60108 0.510767 0)
(2.62699 0.493218 0)
(2.62983 0.46124 0)
(2.5838 0.357849 0)
(2.44967 0.107957 0)
(2.33865 -0.120297 0)
(2.25759 -0.265944 0)
(2.23241 -0.320164 0)
(2.22886 -0.325413 0)
(2.24835 -0.334243 0)
(2.27717 -0.332435 0)
(2.30287 -0.325105 0)
(2.32367 -0.324018 0)
(2.34102 -0.323857 0)
(2.35687 -0.320388 0)
(2.37 -0.319773 0)
(2.37918 -0.326742 0)
(2.38755 -0.336968 0)
(2.40151 -0.338898 0)
(2.42131 -0.33585 0)
(2.44298 -0.329498 0)
(2.46298 -0.327029 0)
(2.47743 -0.330147 0)
(2.48106 -0.33217 0)
(2.49608 -0.321575 0)
(2.49603 -0.29653 0)
(2.47503 -0.235855 0)
(2.4201 -0.114859 0)
(2.32859 0.0526904 0)
(2.27894 0.141605 0)
(2.24417 0.2159 0)
(2.24665 0.228914 0)
(2.26313 0.212995 0)
(2.28083 0.199196 0)
(2.30053 0.187709 0)
(2.31834 0.187806 0)
(2.33115 0.18781 0)
(2.33567 0.188389 0)
(2.33707 0.195392 0)
(2.3432 0.199251 0)
(2.35729 0.197371 0)
(2.37261 0.195475 0)
(2.38782 0.194738 0)
(2.40237 0.193106 0)
(2.41567 0.188882 0)
(2.42823 0.186448 0)
(2.44183 0.188791 0)
(2.45007 0.194939 0)
(2.44871 0.199714 0)
(2.44182 0.192994 0)
(2.44436 0.177919 0)
(2.44196 0.159912 0)
(2.42592 0.120467 0)
(2.37437 0.0208874 0)
(2.34754 -0.0727015 0)
(2.33901 -0.143808 0)
(2.32023 -0.170085 0)
(2.31444 -0.166897 0)
(2.30785 -0.16969 0)
(2.30057 -0.175068 0)
(2.29735 -0.1706 0)
(2.31896 -0.159119 0)
(2.33188 -0.8426 0)
(2.33367 -0.844625 0)
(2.33892 -0.846578 0)
(2.34673 -0.84445 0)
(2.35966 -0.834205 0)
(2.39139 -0.805516 0)
(2.4382 -0.760689 0)
(2.47354 -0.72629 0)
(2.54442 -0.652015 0)
(2.61518 -0.554033 0)
(2.65562 -0.5065 0)
(2.67459 -0.500931 0)
(2.71388 -0.425253 0)
(2.77944 -0.333656 0)
(2.80568 -0.26684 0)
(2.77664 -0.129049 0)
(2.66274 0.125334 0)
(2.42621 0.47735 0)
(2.28113 0.655698 0)
(2.2528 0.733091 0)
(2.28242 0.731682 0)
(2.32253 0.713925 0)
(2.35931 0.701534 0)
(2.3854 0.703099 0)
(2.40453 0.708962 0)
(2.42414 0.704351 0)
(2.44452 0.690434 0)
(2.46524 0.668065 0)
(2.48377 0.643576 0)
(2.4989 0.626908 0)
(2.51189 0.626992 0)
(2.52239 0.620162 0)
(2.54109 0.596151 0)
(2.55648 0.578036 0)
(2.58155 0.5514 0)
(2.57353 0.481262 0)
(2.50323 0.322054 0)
(2.31018 0.00211893 0)
(2.24053 -0.176802 0)
(2.20359 -0.28597 0)
(2.19591 -0.299384 0)
(2.20976 -0.297088 0)
(2.22605 -0.295547 0)
(2.24522 -0.293157 0)
(2.26966 -0.283527 0)
(2.29305 -0.277875 0)
(2.31694 -0.28096 0)
(2.34096 -0.285832 0)
(2.36198 -0.286833 0)
(2.37626 -0.285711 0)
(2.38253 -0.287584 0)
(2.39012 -0.292438 0)
(2.40703 -0.295351 0)
(2.42903 -0.294508 0)
(2.45111 -0.292182 0)
(2.47021 -0.28971 0)
(2.48423 -0.294852 0)
(2.49208 -0.298009 0)
(2.50501 -0.291766 0)
(2.51925 -0.284167 0)
(2.52774 -0.272796 0)
(2.51534 -0.234772 0)
(2.47319 -0.137355 0)
(2.4116 -0.0188822 0)
(2.32007 0.119822 0)
(2.28461 0.206251 0)
(2.28526 0.218142 0)
(2.29783 0.211959 0)
(2.30935 0.214523 0)
(2.32887 0.216606 0)
(2.34545 0.215197 0)
(2.34834 0.214311 0)
(2.3445 0.221719 0)
(2.34783 0.224512 0)
(2.36005 0.221107 0)
(2.37542 0.219874 0)
(2.39249 0.221467 0)
(2.40975 0.224412 0)
(2.42486 0.222662 0)
(2.43934 0.219307 0)
(2.44931 0.217412 0)
(2.4523 0.220283 0)
(2.44784 0.218382 0)
(2.43877 0.192255 0)
(2.42566 0.169735 0)
(2.39313 0.116019 0)
(2.33128 0.0160274 0)
(2.29902 -0.0611637 0)
(2.29903 -0.127387 0)
(2.29682 -0.167607 0)
(2.2974 -0.171034 0)
(2.30551 -0.167651 0)
(2.31078 -0.168162 0)
(2.31173 -0.17248 0)
(2.31826 -0.157569 0)
(2.3322 -0.134985 0)
(2.34211 -0.843076 0)
(2.34584 -0.846869 0)
(2.35099 -0.84574 0)
(2.35852 -0.839382 0)
(2.39148 -0.811018 0)
(2.43397 -0.770518 0)
(2.48449 -0.720416 0)
(2.5713 -0.622358 0)
(2.62793 -0.537092 0)
(2.6512 -0.517354 0)
(2.69049 -0.483969 0)
(2.78406 -0.373601 0)
(2.82219 -0.255528 0)
(2.83154 -0.227024 0)
(2.85508 -0.246093 0)
(2.88354 -0.168369 0)
(2.86148 -0.0688406 0)
(2.77907 0.137594 0)
(2.48573 0.550437 0)
(2.36978 0.751657 0)
(2.28143 0.82548 0)
(2.30567 0.814157 0)
(2.34407 0.795444 0)
(2.37372 0.77826 0)
(2.39245 0.767877 0)
(2.41163 0.749185 0)
(2.42548 0.733614 0)
(2.44081 0.713848 0)
(2.45757 0.690503 0)
(2.47896 0.666522 0)
(2.49428 0.667766 0)
(2.50741 0.660789 0)
(2.5292 0.6401 0)
(2.53066 0.592876 0)
(2.49467 0.474793 0)
(2.35484 0.198099 0)
(2.23035 -0.0530853 0)
(2.17007 -0.173168 0)
(2.17195 -0.232522 0)
(2.18158 -0.239071 0)
(2.20931 -0.249348 0)
(2.23077 -0.245989 0)
(2.24522 -0.249966 0)
(2.26128 -0.252951 0)
(2.28182 -0.246091 0)
(2.30278 -0.24185 0)
(2.32538 -0.246193 0)
(2.34823 -0.252815 0)
(2.37117 -0.254425 0)
(2.38563 -0.253684 0)
(2.39273 -0.252493 0)
(2.40266 -0.253206 0)
(2.42095 -0.254849 0)
(2.44341 -0.253861 0)
(2.46508 -0.252314 0)
(2.48074 -0.250097 0)
(2.48719 -0.253852 0)
(2.49667 -0.259646 0)
(2.51483 -0.25879 0)
(2.53502 -0.252634 0)
(2.55242 -0.24702 0)
(2.54986 -0.252151 0)
(2.54101 -0.219243 0)
(2.52101 -0.158464 0)
(2.46128 -0.0591705 0)
(2.36552 0.103164 0)
(2.33407 0.191949 0)
(2.32491 0.240215 0)
(2.32173 0.263215 0)
(2.32801 0.262336 0)
(2.33813 0.253456 0)
(2.34519 0.244115 0)
(2.3503 0.245202 0)
(2.35754 0.251931 0)
(2.36879 0.249391 0)
(2.38115 0.245391 0)
(2.39555 0.245153 0)
(2.41305 0.251355 0)
(2.42997 0.251006 0)
(2.44415 0.246161 0)
(2.44615 0.243326 0)
(2.44703 0.241122 0)
(2.43334 0.202141 0)
(2.41386 0.157872 0)
(2.36889 0.0836255 0)
(2.3117 -0.00710352 0)
(2.27383 -0.0650234 0)
(2.2729 -0.0911369 0)
(2.28203 -0.127326 0)
(2.29135 -0.138236 0)
(2.30119 -0.141521 0)
(2.3098 -0.144493 0)
(2.32038 -0.148819 0)
(2.33191 -0.153371 0)
(2.34406 -0.140324 0)
(2.35296 -0.122211 0)
(2.34884 -0.844567 0)
(2.35429 -0.845721 0)
(2.35964 -0.841281 0)
(2.38641 -0.81677 0)
(2.42452 -0.78044 0)
(2.50693 -0.698231 0)
(2.57914 -0.606067 0)
(2.60648 -0.578157 0)
(2.66715 -0.487581 0)
(2.75107 -0.377024 0)
(2.79811 -0.339041 0)
(2.83682 -0.262873 0)
(2.85305 -0.168035 0)
(2.86404 -0.163062 0)
(2.89809 -0.120241 0)
(2.93694 -0.0294123 0)
(2.92669 0.0291944 0)
(2.91683 0.072551 0)
(2.8426 0.210663 0)
(2.5867 0.586078 0)
(2.43943 0.801478 0)
(2.30462 0.869617 0)
(2.31128 0.860056 0)
(2.33857 0.838488 0)
(2.36581 0.821622 0)
(2.38608 0.803333 0)
(2.40882 0.776356 0)
(2.42664 0.751578 0)
(2.4501 0.716814 0)
(2.46707 0.690252 0)
(2.47667 0.695443 0)
(2.49628 0.670212 0)
(2.48083 0.596197 0)
(2.40619 0.406502 0)
(2.22464 0.065873 0)
(2.13946 -0.101042 0)
(2.12667 -0.191147 0)
(2.13535 -0.197563 0)
(2.15861 -0.208101 0)
(2.1862 -0.215318 0)
(2.20867 -0.210755 0)
(2.22308 -0.200955 0)
(2.24547 -0.208601 0)
(2.27108 -0.220777 0)
(2.2974 -0.218595 0)
(2.31961 -0.208778 0)
(2.33983 -0.204677 0)
(2.36031 -0.21225 0)
(2.38036 -0.219154 0)
(2.39656 -0.221502 0)
(2.39927 -0.219177 0)
(2.40661 -0.21529 0)
(2.42476 -0.214568 0)
(2.44737 -0.212967 0)
(2.46999 -0.209728 0)
(2.48893 -0.206212 0)
(2.50256 -0.207683 0)
(2.51045 -0.21163 0)
(2.51386 -0.214864 0)
(2.52081 -0.215475 0)
(2.53504 -0.211799 0)
(2.55047 -0.216025 0)
(2.55547 -0.22086 0)
(2.55974 -0.203077 0)
(2.54971 -0.157561 0)
(2.51346 -0.0860131 0)
(2.43562 0.0580628 0)
(2.40262 0.155291 0)
(2.37242 0.2539 0)
(2.34196 0.282265 0)
(2.34232 0.2743 0)
(2.34696 0.268292 0)
(2.3554 0.275119 0)
(2.36834 0.283338 0)
(2.38479 0.278153 0)
(2.39926 0.276274 0)
(2.40767 0.277127 0)
(2.41314 0.278135 0)
(2.42832 0.269631 0)
(2.43825 0.265226 0)
(2.43477 0.250325 0)
(2.42035 0.207535 0)
(2.39577 0.139362 0)
(2.33692 0.0218409 0)
(2.29613 -0.0509426 0)
(2.26995 -0.0949368 0)
(2.26564 -0.10587 0)
(2.26824 -0.113765 0)
(2.27818 -0.115161 0)
(2.28787 -0.108542 0)
(2.29986 -0.106683 0)
(2.31736 -0.110762 0)
(2.33324 -0.117914 0)
(2.34919 -0.120788 0)
(2.36148 -0.115244 0)
(2.37122 -0.105361 0)
(2.35253 -0.850641 0)
(2.35677 -0.847528 0)
(2.38147 -0.824831 0)
(2.42358 -0.783693 0)
(2.50735 -0.695837 0)
(2.58554 -0.600138 0)
(2.62411 -0.56519 0)
(2.69607 -0.446595 0)
(2.76618 -0.302153 0)
(2.80895 -0.285731 0)
(2.81943 -0.289517 0)
(2.86401 -0.149788 0)
(2.87289 -0.0503003 0)
(2.89127 -0.0734853 0)
(2.89725 -0.0654567 0)
(2.90355 0.00629857 0)
(2.90736 0.0209875 0)
(2.92819 0.0311327 0)
(2.92397 0.0530337 0)
(2.86089 0.173893 0)
(2.65324 0.52816 0)
(2.4299 0.796031 0)
(2.33074 0.852903 0)
(2.335 0.846658 0)
(2.35243 0.831255 0)
(2.37359 0.810757 0)
(2.40063 0.776564 0)
(2.41494 0.750383 0)
(2.44055 0.712035 0)
(2.45361 0.700213 0)
(2.45167 0.664578 0)
(2.41983 0.556861 0)
(2.27072 0.255089 0)
(2.17834 0.0223966 0)
(2.10399 -0.116566 0)
(2.0962 -0.147613 0)
(2.11176 -0.149586 0)
(2.14927 -0.152661 0)
(2.17769 -0.163274 0)
(2.19676 -0.17866 0)
(2.21147 -0.168377 0)
(2.22685 -0.166457 0)
(2.25082 -0.178236 0)
(2.27585 -0.183896 0)
(2.3034 -0.17702 0)
(2.32989 -0.165465 0)
(2.35403 -0.161898 0)
(2.37521 -0.167048 0)
(2.38085 -0.178381 0)
(2.3824 -0.182618 0)
(2.396 -0.181268 0)
(2.41181 -0.18047 0)
(2.42635 -0.178424 0)
(2.44118 -0.174203 0)
(2.45954 -0.165883 0)
(2.47934 -0.157641 0)
(2.49795 -0.157824 0)
(2.513 -0.168433 0)
(2.52391 -0.176954 0)
(2.52978 -0.177848 0)
(2.53928 -0.17783 0)
(2.55844 -0.183085 0)
(2.57272 -0.190952 0)
(2.57909 -0.188542 0)
(2.58082 -0.170259 0)
(2.57764 -0.136738 0)
(2.55685 -0.0925621 0)
(2.5038 0.0181026 0)
(2.43793 0.169359 0)
(2.40509 0.257488 0)
(2.36096 0.292987 0)
(2.35212 0.301639 0)
(2.35324 0.315657 0)
(2.36116 0.320851 0)
(2.37591 0.310974 0)
(2.39081 0.311255 0)
(2.40746 0.313703 0)
(2.41533 0.306454 0)
(2.42061 0.288728 0)
(2.41612 0.256966 0)
(2.39452 0.20389 0)
(2.35128 0.0994966 0)
(2.3096 -0.019431 0)
(2.30063 -0.058799 0)
(2.27535 -0.0805013 0)
(2.27156 -0.0780587 0)
(2.27787 -0.0843063 0)
(2.28527 -0.0980635 0)
(2.27866 -0.0971308 0)
(2.28322 -0.0867972 0)
(2.29768 -0.0829431 0)
(2.31385 -0.084703 0)
(2.33076 -0.0898023 0)
(2.34631 -0.0920572 0)
(2.35955 -0.0910605 0)
(2.37995 -0.089505 0)
(2.35317 -0.850518 0)
(2.3754 -0.830776 0)
(2.42561 -0.784063 0)
(2.51023 -0.691206 0)
(2.59538 -0.578625 0)
(2.65521 -0.517303 0)
(2.73993 -0.382253 0)
(2.78609 -0.230352 0)
(2.80174 -0.204601 0)
(2.85359 -0.162189 0)
(2.90177 -0.0161527 0)
(2.87498 0.0514262 0)
(2.87162 0.0386944 0)
(2.90299 0.0481694 0)
(2.91816 0.0619255 0)
(2.91227 0.0956262 0)
(2.9148 0.102433 0)
(2.93428 0.0843458 0)
(2.92394 0.0634488 0)
(2.91406 0.0645977 0)
(2.86587 0.13236 0)
(2.65598 0.44711 0)
(2.43665 0.696528 0)
(2.36264 0.790799 0)
(2.34342 0.81506 0)
(2.35137 0.807501 0)
(2.3714 0.787687 0)
(2.39203 0.762139 0)
(2.41411 0.722371 0)
(2.41551 0.660618 0)
(2.36961 0.494825 0)
(2.1907 0.166652 0)
(2.08241 -0.0461127 0)
(2.05274 -0.143334 0)
(2.06558 -0.136098 0)
(2.094 -0.12999 0)
(2.12046 -0.119797 0)
(2.14253 -0.113506 0)
(2.17034 -0.122862 0)
(2.19207 -0.137602 0)
(2.21646 -0.138369 0)
(2.23828 -0.132405 0)
(2.25951 -0.130826 0)
(2.28275 -0.130832 0)
(2.30965 -0.125901 0)
(2.33468 -0.119384 0)
(2.34852 -0.125254 0)
(2.35234 -0.141321 0)
(2.35741 -0.149467 0)
(2.37116 -0.146081 0)
(2.39019 -0.140594 0)
(2.41179 -0.139137 0)
(2.43313 -0.13951 0)
(2.45234 -0.136254 0)
(2.46969 -0.127272 0)
(2.48692 -0.120785 0)
(2.5058 -0.121954 0)
(2.51884 -0.127133 0)
(2.51722 -0.135915 0)
(2.51541 -0.14319 0)
(2.52743 -0.145453 0)
(2.5455 -0.144501 0)
(2.5645 -0.146579 0)
(2.58124 -0.154889 0)
(2.59695 -0.144775 0)
(2.59953 -0.130137 0)
(2.59076 -0.102419 0)
(2.57958 -0.0674724 0)
(2.54066 0.0174991 0)
(2.4775 0.155053 0)
(2.4402 0.213923 0)
(2.38644 0.271722 0)
(2.37554 0.325374 0)
(2.36684 0.341618 0)
(2.37642 0.34476 0)
(2.38774 0.34763 0)
(2.40176 0.342582 0)
(2.3982 0.317918 0)
(2.3878 0.266792 0)
(2.35919 0.19016 0)
(2.29904 0.0656623 0)
(2.27739 -0.0264171 0)
(2.26425 -0.105652 0)
(2.26048 -0.106123 0)
(2.26317 -0.0934908 0)
(2.26891 -0.0819055 0)
(2.28092 -0.0819142 0)
(2.28796 -0.083685 0)
(2.2825 -0.0709279 0)
(2.29042 -0.0567109 0)
(2.30651 -0.0551257 0)
(2.32162 -0.0591212 0)
(2.33606 -0.0679103 0)
(2.35118 -0.0700969 0)
(2.36557 -0.069218 0)
(2.37807 -0.0705659 0)
(2.36785 -0.834788 0)
(2.42663 -0.783867 0)
(2.51122 -0.695897 0)
(2.62891 -0.531528 0)
(2.69353 -0.440791 0)
(2.7158 -0.397586 0)
(2.77558 -0.222838 0)
(2.80453 -0.128327 0)
(2.82616 -0.139385 0)
(2.8516 -0.0839881 0)
(2.86438 0.00682965 0)
(2.85796 0.0462657 0)
(2.89689 0.0388179 0)
(2.90748 0.0299009 0)
(2.90849 0.0450091 0)
(2.9151 0.0816297 0)
(2.92151 0.0838968 0)
(2.92003 0.0659858 0)
(2.92139 0.0410607 0)
(2.91594 0.034498 0)
(2.9106 0.0231157 0)
(2.87336 0.0768415 0)
(2.73666 0.288917 0)
(2.43052 0.660934 0)
(2.36664 0.730447 0)
(2.34735 0.772021 0)
(2.3537 0.766897 0)
(2.35715 0.737045 0)
(2.35327 0.643884 0)
(2.28151 0.395079 0)
(2.17128 0.137175 0)
(2.03652 -0.034925 0)
(2.01452 -0.0757266 0)
(2.02309 -0.0858626 0)
(2.06916 -0.0821784 0)
(2.09387 -0.0886832 0)
(2.10724 -0.0846007 0)
(2.1286 -0.0807676 0)
(2.15952 -0.0922678 0)
(2.18501 -0.0995004 0)
(2.20585 -0.0898582 0)
(2.22872 -0.0824769 0)
(2.25259 -0.0848229 0)
(2.27277 -0.0889288 0)
(2.29142 -0.0883602 0)
(2.3085 -0.0883007 0)
(2.32248 -0.0952683 0)
(2.33417 -0.1059 0)
(2.3468 -0.111985 0)
(2.36656 -0.108577 0)
(2.38908 -0.101299 0)
(2.41108 -0.0953819 0)
(2.43183 -0.0911976 0)
(2.45007 -0.0876791 0)
(2.46446 -0.0841359 0)
(2.47422 -0.0820135 0)
(2.48263 -0.0867506 0)
(2.49117 -0.0941808 0)
(2.49782 -0.100219 0)
(2.50698 -0.106928 0)
(2.52159 -0.110714 0)
(2.54075 -0.110715 0)
(2.55953 -0.109446 0)
(2.57438 -0.107848 0)
(2.58993 -0.0988962 0)
(2.60156 -0.0867341 0)
(2.604 -0.0816262 0)
(2.59839 -0.075647 0)
(2.58948 -0.0520936 0)
(2.57287 -0.00940378 0)
(2.53164 0.0784872 0)
(2.43926 0.217554 0)
(2.40887 0.283677 0)
(2.39797 0.343995 0)
(2.39378 0.369312 0)
(2.39066 0.359756 0)
(2.37364 0.318063 0)
(2.34736 0.252133 0)
(2.31601 0.162167 0)
(2.27584 0.0908469 0)
(2.23834 0.0169081 0)
(2.22646 -0.0585836 0)
(2.23854 -0.0789917 0)
(2.24401 -0.0763048 0)
(2.26046 -0.0625973 0)
(2.27572 -0.0552278 0)
(2.28317 -0.0643398 0)
(2.28615 -0.0638574 0)
(2.28484 -0.0511534 0)
(2.28059 -0.0378078 0)
(2.29088 -0.0360104 0)
(2.30952 -0.0379478 0)
(2.32501 -0.0440151 0)
(2.33792 -0.0514984 0)
(2.34975 -0.0543942 0)
(2.3677 -0.0529735 0)
(2.45074 -0.789586 0)
(2.59462 -0.661513 0)
(2.71825 -0.46957 0)
(2.797 -0.28713 0)
(2.84262 -0.164434 0)
(2.89767 -0.0131507 0)
(2.92907 0.111822 0)
(2.95811 0.174059 0)
(2.98667 0.157198 0)
(2.96881 0.167526 0)
(2.94496 0.180247 0)
(2.96566 0.14078 0)
(2.96427 0.0753986 0)
(2.96485 0.044891 0)
(2.9481 0.039077 0)
(2.94269 0.0358312 0)
(2.94149 0.0303183 0)
(2.93486 0.013313 0)
(2.93223 -0.00462328 0)
(2.9207 -0.00843962 0)
(2.92424 -0.0196722 0)
(2.9294 -0.0166489 0)
(2.91962 0.0174156 0)
(2.72249 0.280515 0)
(2.52962 0.553935 0)
(2.37208 0.783321 0)
(2.2994 0.730973 0)
(2.19898 0.51897 0)
(2.07498 0.197035 0)
(1.91722 -0.0580605 0)
(1.87724 -0.13404 0)
(1.91282 -0.110499 0)
(1.97218 -0.0852613 0)
(2.01988 -0.0534306 0)
(2.04797 -0.03349 0)
(2.074 -0.0375223 0)
(2.09988 -0.0481344 0)
(2.12526 -0.0518129 0)
(2.15308 -0.0527848 0)
(2.18095 -0.0507397 0)
(2.20973 -0.0493253 0)
(2.23861 -0.0502829 0)
(2.26308 -0.0509085 0)
(2.28067 -0.0469629 0)
(2.29177 -0.0404364 0)
(2.30104 -0.0411818 0)
(2.31648 -0.0535849 0)
(2.33259 -0.0677698 0)
(2.34976 -0.0717212 0)
(2.3721 -0.0660167 0)
(2.39676 -0.0591961 0)
(2.42183 -0.055561 0)
(2.44445 -0.0547813 0)
(2.46199 -0.0544923 0)
(2.47302 -0.0500371 0)
(2.47807 -0.0406421 0)
(2.48185 -0.0375024 0)
(2.48776 -0.0487198 0)
(2.49671 -0.0627262 0)
(2.50876 -0.0694601 0)
(2.52336 -0.0694592 0)
(2.54045 -0.0658299 0)
(2.559 -0.0633292 0)
(2.57777 -0.0608561 0)
(2.5962 -0.0550767 0)
(2.61377 -0.0483902 0)
(2.62525 -0.0475778 0)
(2.61546 -0.040843 0)
(2.60213 -0.0272362 0)
(2.60056 -0.020031 0)
(2.59216 0.00217891 0)
(2.55821 0.0629326 0)
(2.48733 0.189519 0)
(2.45268 0.292144 0)
(2.43437 0.352003 0)
(2.37406 0.301815 0)
(2.30648 0.215464 0)
(2.24573 0.106154 0)
(2.18088 0.00548852 0)
(2.15772 -0.0239681 0)
(2.15205 -0.0428301 0)
(2.18956 -0.0639074 0)
(2.20739 -0.0665594 0)
(2.23109 -0.0549742 0)
(2.24958 -0.032308 0)
(2.26732 -0.03 0)
(2.27801 -0.038694 0)
(2.28159 -0.0362409 0)
(2.28205 -0.0262798 0)
(2.28029 -0.0192234 0)
(2.28409 -0.0154433 0)
(2.29693 -0.0172989 0)
(2.31224 -0.0220183 0)
(2.32829 -0.0269255 0)
(2.34223 -0.029482 0)
(2.36416 -0.0317219 0)
(2.43174 -0.829233 0)
(2.53634 -0.786257 0)
(2.67462 -0.723652 0)
(2.75593 -0.706746 0)
(2.8382 -0.505738 0)
(2.88207 -0.365803 0)
(2.97586 -0.234769 0)
(2.99063 -0.0744161 0)
(3.02684 -0.0128928 0)
(3.01468 0.0393858 0)
(2.98673 0.066901 0)
(2.97782 0.0602337 0)
(2.97782 0.0550775 0)
(2.97635 0.0453608 0)
(2.97457 0.0410641 0)
(2.97432 0.0404108 0)
(2.97339 0.0372422 0)
(2.96098 0.0234762 0)
(2.94894 0.0164644 0)
(2.93338 0.0128206 0)
(2.93718 0.00719776 0)
(2.94879 -0.00226097 0)
(2.95116 -0.000638337 0)
(2.91992 0.026517 0)
(2.75207 0.158848 0)
(2.45536 0.407009 0)
(2.23861 0.403715 0)
(2.02785 0.409369 0)
(1.8834 0.254084 0)
(1.80925 0.119624 0)
(1.84415 0.0173722 0)
(1.93249 -0.0227756 0)
(1.99914 -0.0329942 0)
(2.01693 -0.0339148 0)
(2.02564 -0.0211031 0)
(2.04692 -0.018553 0)
(2.07813 -0.0236998 0)
(2.10816 -0.026815 0)
(2.13674 -0.0261499 0)
(2.16526 -0.0244242 0)
(2.19423 -0.0234505 0)
(2.22147 -0.0239272 0)
(2.24298 -0.025648 0)
(2.25646 -0.0262379 0)
(2.26543 -0.0245695 0)
(2.27707 -0.0238297 0)
(2.2937 -0.0277761 0)
(2.31228 -0.0333101 0)
(2.33188 -0.0339302 0)
(2.3559 -0.0308373 0)
(2.38218 -0.0279357 0)
(2.40824 -0.0270699 0)
(2.42931 -0.0280426 0)
(2.44295 -0.0284419 0)
(2.45098 -0.0262537 0)
(2.45584 -0.023472 0)
(2.45838 -0.0246383 0)
(2.46389 -0.0300654 0)
(2.47481 -0.0352886 0)
(2.48792 -0.0363727 0)
(2.50417 -0.0342896 0)
(2.52296 -0.0314432 0)
(2.54328 -0.0293176 0)
(2.5638 -0.0272043 0)
(2.58332 -0.0251816 0)
(2.60075 -0.0244115 0)
(2.61004 -0.0258552 0)
(2.59565 -0.0286754 0)
(2.58044 -0.0323141 0)
(2.59847 -0.0325629 0)
(2.60142 -0.029985 0)
(2.60137 -0.0176798 0)
(2.56672 0.0269589 0)
(2.48414 0.0850972 0)
(2.39573 0.162912 0)
(2.34153 0.182801 0)
(2.26522 0.124624 0)
(2.18624 0.102908 0)
(2.1192 0.0800226 0)
(2.1207 0.0439133 0)
(2.15796 0.00196476 0)
(2.19023 -0.0205039 0)
(2.20222 -0.0291349 0)
(2.21912 -0.0226392 0)
(2.23756 -0.0134719 0)
(2.25691 -0.0111886 0)
(2.2689 -0.0144701 0)
(2.27206 -0.0172738 0)
(2.27124 -0.0145343 0)
(2.26895 -0.0121239 0)
(2.27303 -0.0131471 0)
(2.28344 -0.0148845 0)
(2.29716 -0.0159334 0)
(2.31342 -0.0159293 0)
(2.32819 -0.0157094 0)
(2.35357 -0.0159146 0)
)
;

boundaryField
{
    inlet
    {
        type            fixedValue;
        value           uniform (3 0 0);
    }
    outlet
    {
        type            inletOutlet;
        inletValue      uniform (3 0 0);
        value           nonuniform List<vector> 
32
(
(2.33262 0.0168098 0)
(2.34308 0.0300237 0)
(2.34325 0.0493787 0)
(2.35352 0.0699588 0)
(2.36892 0.085281 0)
(2.37727 0.102489 0)
(2.36801 0.122118 0)
(2.36504 0.143929 0)
(2.3534 0.171633 0)
(2.34858 0.197399 0)
(2.34712 0.21486 0)
(2.35321 0.233863 0)
(2.38574 0.213644 0)
(2.44987 0.159071 0)
(2.51996 0.069731 0)
(2.55608 0.00678091 0)
(2.55547 -0.0159603 0)
(2.51839 -0.0854511 0)
(2.43799 -0.176377 0)
(2.36956 -0.224966 0)
(2.33028 -0.229042 0)
(2.31485 -0.210268 0)
(2.31286 -0.185946 0)
(2.31896 -0.159119 0)
(2.3322 -0.134985 0)
(2.35296 -0.122211 0)
(2.37122 -0.105361 0)
(2.37995 -0.089505 0)
(2.37807 -0.0705659 0)
(2.3677 -0.0529735 0)
(2.36416 -0.0317219 0)
(2.35357 -0.0159146 0)
)
;
    }
    bottom
    {
        type            symmetryPlane;
    }
    top
    {
        type            symmetryPlane;
    }
    obstacle
    {
        type            slip;
    }
    defaultFaces
    {
        type            empty;
    }
}


// ************************************************************************* //
