/*--------------------------------*- C++ -*----------------------------------*\
  =========                 |
  \\      /  F ield         | OpenFOAM: The Open Source CFD Toolbox
   \\    /   O peration     | Website:  https://openfoam.org
    \\  /    A nd           | Version:  7
     \\/     M anipulation  |
\*---------------------------------------------------------------------------*/
FoamFile
{
    version     2.0;
    format      ascii;
    class       volVectorField;
    location    "3.8";
    object      U;
}
// * * * * * * * * * * * * * * * * * * * * * * * * * * * * * * * * * * * * * //

dimensions      [0 1 -1 0 0 0 0];

internalField   nonuniform List<vector> 
4608
(
(3 3.92058e-17 0)
(3 -1.21699e-16 0)
(3 -6.21178e-16 0)
(3 -6.28212e-16 0)
(3 -6.24612e-16 0)
(3 -5.36368e-16 0)
(3 -4.97399e-16 0)
(3 -3.81247e-16 0)
(3 -3.34985e-16 0)
(3 -5.13165e-16 0)
(3 -1.14496e-15 0)
(3 -6.80514e-16 0)
(3 4.63014e-16 0)
(3 9.58958e-16 0)
(3 5.71485e-16 0)
(3 5.7522e-16 0)
(3 9.41651e-16 0)
(3 9.92551e-16 0)
(3 1.46086e-15 0)
(3 1.73156e-15 0)
(3 1.99108e-16 0)
(3 -7.50574e-16 0)
(3 -6.93139e-16 0)
(3 2.80651e-17 0)
(3 1.30823e-17 0)
(3 -2.61711e-16 0)
(3 -1.26076e-15 0)
(3 -1.57211e-15 0)
(3 -1.34351e-15 0)
(3 -1.3684e-15 0)
(3 -1.30088e-15 0)
(3 -1.59676e-15 0)
(3 -1.54747e-15 0)
(3 -1.52275e-15 0)
(3 -1.17094e-15 0)
(3 1.42941e-16 0)
(3 9.66676e-16 0)
(3 1.27176e-16 0)
(3 -5.38781e-16 0)
(3 1.00378e-16 0)
(3 7.90085e-16 0)
(3 1.70679e-15 0)
(3 2.45939e-15 0)
(3 3.45465e-15 0)
(3 7.36971e-16 0)
(3 -2.57609e-16 0)
(3 -2.43418e-16 0)
(3 -4.19332e-16 0)
(3 -1.21422e-16 0)
(3 -2.57828e-16 0)
(3 -6.30723e-16 0)
(3 -1.10304e-15 0)
(3 -7.64091e-16 0)
(3 -4.87667e-16 0)
(3 -6.24506e-16 0)
(3 -1.4194e-15 0)
(3 -1.44648e-15 0)
(3 -1.10184e-15 0)
(3 2.53983e-16 0)
(3 1.53057e-15 0)
(3 3.38393e-16 0)
(3 -4.46493e-16 0)
(3 -2.6594e-16 0)
(3 1.46713e-16 0)
(3 6.94866e-16 0)
(3 1.59091e-15 0)
(3 2.50516e-15 0)
(3 2.37516e-15 0)
(3 1.41647e-15 0)
(3 1.38762e-15 0)
(3 9.32835e-16 0)
(3 9.24655e-16 0)
(3 -5.75547e-17 0)
(3 2.64771e-17 0)
(3 -7.20947e-17 0)
(3 -1.72477e-16 0)
(3 2.79172e-17 0)
(3 -9.87251e-18 0)
(3 1.29572e-16 0)
(3 7.82077e-16 0)
(3 1.57355e-15 0)
(3 2.06218e-18 0)
(3 -7.10437e-16 0)
(3 -7.53863e-16 0)
(3 -1.021e-15 0)
(3 -5.65479e-16 0)
(3 -6.60557e-16 0)
(3 -5.6372e-16 0)
(3 6.51457e-16 0)
(3 9.67506e-16 0)
(3 1.38526e-15 0)
(3 1.42156e-15 0)
(3 2.49531e-16 0)
(3 -7.07042e-17 0)
(3 4.7615e-16 0)
(3 1.02878e-15 0)
(3 7.33809e-17 0)
(3 1.36037e-16 0)
(3 1.64169e-16 0)
(3 2.26514e-16 0)
(3 2.92669e-17 0)
(3 -1.34869e-16 0)
(3 7.58878e-16 0)
(3 1.80489e-15 0)
(3 2.12006e-15 0)
(3 1.21353e-15 0)
(3 -1.91974e-15 0)
(3 -3.63006e-15 0)
(3 -2.82989e-15 0)
(3 -1.97867e-15 0)
(3 -1.87346e-15 0)
(3 -1.67593e-15 0)
(3 -1.57709e-15 0)
(3 -6.80529e-16 0)
(3 -9.24615e-16 0)
(3 -8.37877e-16 0)
(3 -9.70528e-16 0)
(3 -6.82627e-16 0)
(3 9.70033e-16 0)
(3 1.18243e-15 0)
(3 -8.29542e-18 0)
(3 2.5249e-16 0)
(3 1.36413e-16 0)
(3 6.87186e-17 0)
(3 1.65586e-16 0)
(3 6.48751e-16 0)
(3 1.56826e-15 0)
(3 1.62459e-15 0)
(3 7.02205e-16 0)
(3 -1.16338e-15 0)
(3 -1.82726e-15 0)
(3 -2.61708e-15 0)
(3 -3.6598e-15 0)
(3 -3.5186e-15 0)
(3 -3.52418e-15 0)
(3 -2.8398e-15 0)
(3 -2.4622e-15 0)
(3 -1.58958e-15 0)
(3 -9.009e-16 0)
(3 -1.61186e-15 0)
(3 -1.93192e-15 0)
(3 -1.15314e-15 0)
(3 -5.29448e-16 0)
(3 7.15906e-17 0)
(3 1.22093e-16 0)
(3 3.19208e-16 0)
(3 2.41097e-16 0)
(3 3.22982e-16 0)
(3 5.30965e-16 0)
(3 4.42624e-16 0)
(3 5.36161e-16 0)
(3 1.2762e-15 0)
(3 -9.17468e-18 0)
(3 -1.95308e-15 0)
(3 -2.17996e-15 0)
(3 -2.26423e-15 0)
(3 -1.98767e-15 0)
(3 -3.46056e-15 0)
(3 -4.1259e-15 0)
(3 -4.54851e-15 0)
(3 -3.20146e-15 0)
(3 -9.22088e-16 0)
(3 2.82531e-17 0)
(3 -1.86579e-16 0)
(3 -1.33599e-16 0)
(3 -1.01266e-15 0)
(3 -1.43697e-15 0)
(3 -1.96768e-15 0)
(3 1.40115e-16 0)
(3 -4.65382e-16 0)
(3 -3.36573e-17 0)
(3 3.10521e-16 0)
(3 2.2106e-16 0)
(3 1.03701e-16 0)
(3 1.94167e-16 0)
(3 3.85886e-16 0)
(3 -2.71584e-16 0)
(3 -4.60122e-16 0)
(3 -1.33637e-16 0)
(3 -3.40912e-16 0)
(3 -1.3257e-16 0)
(3 -4.01024e-16 0)
(3 -1.21529e-15 0)
(3 -2.17397e-15 0)
(3 -1.86459e-15 0)
(3 -1.49785e-15 0)
(3 -1.28932e-15 0)
(3 -1.8433e-16 0)
(3 4.86053e-16 0)
(3 4.74366e-16 0)
(3 3.73494e-16 0)
(3 -7.67878e-16 0)
(3 -1.10594e-16 0)
(3 -2.08756e-16 0)
(3 -2.57936e-17 0)
(3 2.04248e-16 0)
(3 2.84286e-16 0)
(3 1.76553e-16 0)
(3 2.26976e-17 0)
(3 -2.74144e-16 0)
(3 -3.8463e-16 0)
(3 -3.08311e-16 0)
(3 -1.43949e-16 0)
(3 -3.11277e-16 0)
(3 -6.20772e-16 0)
(3 -4.99859e-16 0)
(3 -5.08022e-16 0)
(3 -1.09468e-15 0)
(3 -1.36515e-15 0)
(3 -8.69014e-16 0)
(3 -1.63435e-16 0)
(3 6.68622e-16 0)
(3 6.61502e-16 0)
(3 6.10246e-16 0)
(3 6.78196e-16 0)
(3 3.2817e-16 0)
(3 -2.50026e-16 0)
(3 1.22931e-16 0)
(3 1.59194e-16 0)
(3 2.18832e-16 0)
(3 1.86155e-16 0)
(3 -1.01924e-16 0)
(3 -1.00862e-15 0)
(3 -1.49602e-15 0)
(3 -6.56756e-16 0)
(3 -3.0108e-16 0)
(3 -6.27609e-16 0)
(3 -1.21436e-15 0)
(3 -1.54234e-15 0)
(3 -1.79799e-15 0)
(3 -1.4308e-15 0)
(3 -4.69533e-16 0)
(3 -8.34008e-16 0)
(3 -7.21929e-16 0)
(3 9.12306e-16 0)
(3 1.249e-15 0)
(3 1.25936e-15 0)
(3 9.00076e-16 0)
(3 -1.58081e-16 0)
(3 -4.85853e-16 0)
(3 4.18454e-17 0)
(3 2.01045e-17 0)
(3 -3.08025e-17 0)
(3 -2.3709e-16 0)
(3 -3.61769e-16 0)
(3 -6.79993e-16 0)
(3 -8.19143e-16 0)
(3 -8.19759e-16 0)
(3 -5.48186e-16 0)
(3 1.27115e-16 0)
(3 2.65863e-16 0)
(3 1.1328e-16 0)
(3 -7.64419e-16 0)
(3 -1.5657e-15 0)
(3 -1.05338e-15 0)
(3 -1.52549e-16 0)
(3 3.06131e-16 0)
(3 5.90542e-16 0)
(3 6.17892e-16 0)
(3 8.00497e-16 0)
(3 7.44017e-16 0)
(3 4.11675e-16 0)
(3 2.85963e-17 0)
(3 -1.09423e-15 0)
(3 1.97619e-16 0)
(3 1.24235e-16 0)
(3 -7.38813e-17 0)
(3 -1.28891e-16 0)
(3 -4.25316e-16 0)
(3 -6.32441e-16 0)
(3 -5.05746e-16 0)
(3 3.07995e-16 0)
(3 4.07047e-17 0)
(3 -2.90708e-16 0)
(3 -1.49249e-16 0)
(3 3.45402e-16 0)
(3 1.23414e-16 0)
(3 -6.99487e-16 0)
(3 -9.69093e-16 0)
(3 -5.08673e-16 0)
(3 1.24776e-16 0)
(3 -3.53101e-16 0)
(3 -8.11402e-16 0)
(3 -4.30684e-16 0)
(3 -5.23646e-17 0)
(3 -1.16686e-15 0)
(3 -1.34129e-15 0)
(3 -1.5108e-15 0)
(3 -1.63203e-18 0)
(3 1.20254e-16 0)
(3 4.19281e-16 0)
(3 5.38793e-16 0)
(3 4.04063e-16 0)
(3 6.85835e-16 0)
(3 9.42748e-16 0)
(3 8.96475e-16 0)
(3 5.77824e-16 0)
(3 9.88888e-17 0)
(3 -9.86067e-17 0)
(3 -5.74939e-17 0)
(3 2.45577e-16 0)
(3 1.09774e-16 0)
(3 -1.61919e-16 0)
(3 -1.00396e-15 0)
(3 -1.21576e-15 0)
(3 -8.90674e-16 0)
(3 -1.24669e-15 0)
(3 -1.59972e-15 0)
(3 -4.52754e-16 0)
(3 -6.66534e-16 0)
(3 -1.01437e-15 0)
(3 -6.02187e-16 0)
(3 -8.69518e-18 0)
(3 2.11213e-16 0)
(3 3.41166e-16 0)
(3 8.19563e-17 0)
(3 7.66895e-17 0)
(3 1.63724e-16 0)
(3 1.02455e-15 0)
(3 1.86614e-15 0)
(3 1.84182e-15 0)
(3 1.18266e-15 0)
(3 6.70253e-16 0)
(3 6.24836e-16 0)
(3 8.73974e-16 0)
(3 4.90889e-16 0)
(3 1.74658e-16 0)
(3 -8.07978e-16 0)
(3 -1.2871e-15 0)
(3 -1.16407e-15 0)
(3 -9.09344e-16 0)
(3 -4.50964e-16 0)
(3 -7.44037e-16 0)
(3 -6.67525e-16 0)
(3 -7.02823e-16 0)
(3 -6.83995e-16 0)
(3 2.61788e-17 0)
(3 1.50166e-16 0)
(3 -1.42374e-16 0)
(3 -5.86618e-16 0)
(3 -8.20293e-16 0)
(3 -9.66683e-16 0)
(3 -8.28315e-16 0)
(3 -3.48166e-16 0)
(3 2.82413e-16 0)
(3 4.32863e-16 0)
(3 1.25121e-16 0)
(3 6.56102e-16 0)
(3 1.55088e-15 0)
(3 1.78722e-15 0)
(3 1.50683e-15 0)
(3 7.25823e-16 0)
(3 -4.78952e-16 0)
(3 -1.10932e-15 0)
(3 -4.65155e-16 0)
(3 -3.25642e-16 0)
(3 -8.45126e-16 0)
(3 -1.27388e-15 0)
(3 -1.21287e-15 0)
(3 -2.71471e-16 0)
(3 8.27484e-17 0)
(3 -2.04374e-16 0)
(3 -3.53392e-16 0)
(3 -2.89227e-16 0)
(3 2.46557e-17 0)
(3 7.33476e-17 0)
(3 -5.40891e-16 0)
(3 -2.05839e-15 0)
(3 -2.48388e-15 0)
(3 -1.8682e-15 0)
(3 -2.04683e-15 0)
(3 -1.16812e-15 0)
(3 5.18143e-17 0)
(3 9.80746e-16 0)
(3 1.78274e-15 0)
(3 1.6297e-15 0)
(3 1.48405e-15 0)
(3 1.54617e-15 0)
(3 1.63775e-15 0)
(3 1.36922e-15 0)
(3 1.23597e-15 0)
(3 1.05273e-15 0)
(3 1.159e-15 0)
(3 1.31294e-15 0)
(3 4.1339e-18 0)
(3 -6.95519e-16 0)
(3 -6.32391e-16 0)
(3 1.72394e-17 0)
(3 5.86405e-16 0)
(3 6.13887e-16 0)
(3 -4.03195e-16 0)
(3 -8.50585e-16 0)
(3 -1.66765e-15 0)
(3 -1.99801e-15 0)
(3 -1.39747e-15 0)
(3 -6.76667e-16 0)
(3 -6.91724e-16 0)
(3 -2.9883e-16 0)
(3 8.54503e-16 0)
(3 1.32198e-15 0)
(3 1.18011e-15 0)
(3 1.35091e-15 0)
(3 1.65109e-15 0)
(3 1.47739e-15 0)
(3 2.30124e-15 0)
(3 2.36337e-15 0)
(3 2.10585e-15 0)
(3 1.2651e-15 0)
(3 3.04186e-19 0)
(3 1.36299e-16 0)
(3 1.04518e-16 0)
(3 -1.43961e-16 0)
(3 -7.52593e-16 0)
(3 -9.62858e-16 0)
(3 -8.97342e-16 0)
(3 -7.45012e-16 0)
(3 -6.76344e-16 0)
(3 -4.54234e-16 0)
(3 3.86831e-16 0)
(3 3.26459e-16 0)
(3 4.77321e-16 0)
(3 5.97581e-16 0)
(3 9.27353e-16 0)
(3 1.83451e-15 0)
(3 2.14682e-15 0)
(3 1.95603e-15 0)
(3 1.02946e-15 0)
(3 6.44011e-16 0)
(3 1.03294e-15 0)
(3 1.59155e-15 0)
(3 1.76944e-15 0)
(3 1.84882e-15 0)
(3 3.50606e-17 0)
(3 4.97957e-16 0)
(3 5.83719e-16 0)
(3 7.50598e-17 0)
(3 -8.27689e-16 0)
(3 -1.19021e-15 0)
(3 -1.1409e-15 0)
(3 -1.04142e-15 0)
(3 -6.62784e-16 0)
(3 -2.14364e-16 0)
(3 1.5726e-15 0)
(3 2.11982e-15 0)
(3 2.35411e-15 0)
(3 2.24627e-15 0)
(3 2.46863e-15 0)
(3 2.51435e-15 0)
(3 2.22008e-15 0)
(3 1.77574e-15 0)
(3 1.08193e-15 0)
(3 8.77518e-16 0)
(3 8.36295e-16 0)
(3 1.47185e-15 0)
(3 1.00051e-15 0)
(3 8.54919e-16 0)
(3 3.90881e-17 0)
(3 -4.3712e-17 0)
(3 2.81067e-16 0)
(3 1.30043e-16 0)
(3 -1.60652e-16 0)
(3 -1.91179e-16 0)
(3 -1.51038e-16 0)
(3 4.87519e-16 0)
(3 1.14231e-15 0)
(3 9.35638e-16 0)
(3 2.23316e-15 0)
(3 2.64818e-15 0)
(3 3.19408e-15 0)
(3 3.30627e-15 0)
(3 3.12649e-15 0)
(3 2.73359e-15 0)
(3 1.98967e-15 0)
(3 1.70664e-15 0)
(3 8.98153e-16 0)
(3 7.75848e-16 0)
(3 9.20946e-16 0)
(3 1.10753e-15 0)
(3 8.7685e-17 0)
(3 -8.66064e-16 0)
(3 -1.71661e-17 0)
(3 -1.63386e-16 0)
(3 -4.11244e-16 0)
(3 -7.6139e-16 0)
(3 -5.21981e-16 0)
(3 -5.335e-17 0)
(3 -1.82725e-16 0)
(3 8.27437e-16 0)
(3 1.98481e-15 0)
(3 1.59898e-15 0)
(3 1.2587e-15 0)
(3 1.11813e-15 0)
(3 1.42947e-15 0)
(3 1.49806e-15 0)
(3 7.96315e-16 0)
(3 8.13956e-16 0)
(3 1.23413e-15 0)
(3 9.36693e-16 0)
(3 -2.08863e-17 0)
(3 -5.6125e-16 0)
(3 -1.45311e-16 0)
(3 3.42715e-16 0)
(3 1.32406e-15 0)
(3 1.2271e-15 0)
(3 -1.18609e-16 0)
(3 -1.80512e-16 0)
(3 -3.14552e-16 0)
(3 -4.76098e-17 0)
(3 2.63467e-16 0)
(3 5.75495e-16 0)
(3 4.21251e-16 0)
(3 9.27164e-16 0)
(3 1.57015e-15 0)
(3 2.29634e-15 0)
(3 2.0614e-15 0)
(3 1.66923e-15 0)
(3 1.30182e-15 0)
(3 1.02002e-15 0)
(3 5.72925e-16 0)
(3 -3.52844e-16 0)
(3 -5.51741e-16 0)
(3 -1.17782e-15 0)
(3 -1.71213e-15 0)
(3 -1.42053e-15 0)
(3 -7.84096e-16 0)
(3 3.73253e-17 0)
(3 1.82014e-15 0)
(3 2.46614e-15 0)
(3 -1.86888e-17 0)
(3 -2.37109e-17 0)
(3 2.66279e-16 0)
(3 9.60206e-16 0)
(3 1.3074e-15 0)
(3 1.14426e-15 0)
(3 1.05561e-15 0)
(3 1.06997e-15 0)
(3 1.20968e-15 0)
(3 1.57261e-15 0)
(3 1.73734e-15 0)
(3 8.70881e-16 0)
(3 3.19526e-16 0)
(3 4.084e-17 0)
(3 -6.39372e-16 0)
(3 -1.45087e-15 0)
(3 -2.39813e-15 0)
(3 -2.19889e-15 0)
(3 -1.80627e-15 0)
(3 -9.51228e-16 0)
(3 -1.36117e-15 0)
(3 -1.84729e-15 0)
(3 -1.70951e-15 0)
(3 -1.73351e-16 0)
(3 3.03851e-17 0)
(3 -1.06359e-16 0)
(3 -1.43407e-16 0)
(3 2.43687e-16 0)
(3 2.71846e-16 0)
(3 -3.52618e-17 0)
(3 6.36677e-18 0)
(3 -1.82846e-16 0)
(3 -2.22033e-16 0)
(3 -4.75617e-16 0)
(3 -7.80105e-16 0)
(3 -1.07941e-15 0)
(3 -1.13768e-15 0)
(3 -1.45449e-15 0)
(3 -1.38081e-15 0)
(3 -9.75936e-16 0)
(3 -1.07896e-15 0)
(3 -9.6801e-16 0)
(3 -9.67198e-16 0)
(3 -8.32533e-16 0)
(3 -1.17213e-15 0)
(3 -2.46663e-15 0)
(3 -3.12817e-15 0)
(3 -2.69399e-15 0)
(3 9.37214e-18 0)
(3 3.21437e-16 0)
(3 5.07783e-16 0)
(3 4.49492e-16 0)
(3 -2.43663e-17 0)
(3 -4.29588e-16 0)
(3 -4.21935e-16 0)
(3 -8.23954e-16 0)
(3 -8.62347e-16 0)
(3 -6.74016e-16 0)
(3 2.6773e-17 0)
(3 5.05976e-16 0)
(3 2.07403e-16 0)
(3 -1.33572e-17 0)
(3 -5.86615e-18 0)
(3 7.02543e-16 0)
(3 6.58423e-16 0)
(3 2.11156e-16 0)
(3 -1.09702e-16 0)
(3 -2.91402e-16 0)
(3 -3.5051e-16 0)
(3 -1.95747e-15 0)
(3 -3.28226e-15 0)
(3 -2.71513e-15 0)
(3 -2.56778e-17 0)
(3 -1.4937e-16 0)
(3 1.01162e-16 0)
(3 1.72536e-16 0)
(3 5.2648e-16 0)
(3 1.18739e-16 0)
(3 -2.70324e-16 0)
(3 -4.38126e-16 0)
(3 -8.08649e-16 0)
(3 4.1867e-17 0)
(3 7.15332e-16 0)
(3 1.39265e-15 0)
(3 8.07976e-16 0)
(3 8.80394e-17 0)
(3 -5.15103e-16 0)
(3 -7.01439e-16 0)
(3 -1.25801e-16 0)
(3 -2.05245e-16 0)
(3 -6.69208e-16 0)
(3 -1.47806e-15 0)
(3 -2.29799e-15 0)
(3 -2.2195e-15 0)
(3 -1.79866e-15 0)
(3 -1.50316e-15 0)
(3 -1.31687e-17 0)
(3 -8.16679e-18 0)
(3 -6.33123e-17 0)
(3 1.84918e-16 0)
(3 3.67199e-16 0)
(3 2.23068e-16 0)
(3 1.37676e-16 0)
(3 7.74399e-16 0)
(3 7.25092e-16 0)
(3 7.20991e-16 0)
(3 5.54497e-16 0)
(3 1.1665e-15 0)
(3 -1.13605e-16 0)
(3 -1.84412e-15 0)
(3 -2.62541e-15 0)
(3 -3.13717e-15 0)
(3 -2.25119e-15 0)
(3 -2.28026e-15 0)
(3 -2.59875e-15 0)
(3 -3.42183e-15 0)
(3 -2.76976e-15 0)
(3 -1.12935e-15 0)
(3 1.82131e-16 0)
(3 -9.22171e-17 0)
(3 6.64312e-17 0)
(3 6.34726e-16 0)
(3 4.80872e-16 0)
(3 5.01966e-16 0)
(3 6.32989e-16 0)
(3 5.14779e-16 0)
(3 4.90918e-16 0)
(3 1.37159e-15 0)
(3 2.51522e-15 0)
(3 2.06372e-15 0)
(3 1.00194e-15 0)
(3 -6.84063e-16 0)
(3 -1.55674e-15 0)
(3 -1.65221e-15 0)
(3 -1.61724e-15 0)
(3 -1.76735e-15 0)
(3 -1.63829e-15 0)
(3 -1.52853e-15 0)
(3 -1.273e-15 0)
(3 -1.23055e-15 0)
(3 -3.42299e-16 0)
(3 1.72093e-15 0)
(3 2.20391e-15 0)
(3 1.33136e-15 0)
(3 -1.35465e-16 0)
(3 -1.10232e-16 0)
(3 -2.15177e-16 0)
(3 -6.02359e-16 0)
(3 -3.14785e-16 0)
(3 1.53618e-16 0)
(3 -2.67425e-16 0)
(3 -1.03714e-17 0)
(3 -1.29892e-16 0)
(3 -7.03998e-16 0)
(3 -1.54792e-15 0)
(3 -2.85681e-15 0)
(3 -3.34213e-15 0)
(3 -2.5098e-15 0)
(3 -1.05761e-15 0)
(3 5.21003e-17 0)
(3 7.37998e-16 0)
(3 1.38964e-15 0)
(3 1.88658e-15 0)
(3 2.28563e-15 0)
(3 2.16618e-15 0)
(3 1.28172e-15 0)
(3 4.06139e-16 0)
(3 1.40294e-16 0)
(3 8.75334e-18 0)
(3 -1.16246e-16 0)
(3 -4.62918e-16 0)
(3 -9.63356e-16 0)
(3 -6.68858e-16 0)
(3 -4.03982e-16 0)
(3 -1.00407e-15 0)
(3 -2.01297e-15 0)
(3 -2.87466e-15 0)
(3 -2.68068e-15 0)
(3 -2.40153e-15 0)
(3 -2.65288e-15 0)
(3 -2.61696e-15 0)
(3 -1.91361e-15 0)
(3 -5.85044e-16 0)
(3 8.14242e-16 0)
(3 1.28408e-15 0)
(3 1.72731e-15 0)
(3 2.35264e-15 0)
(3 2.29422e-15 0)
(3 1.85268e-15 0)
(3 1.21415e-15 0)
(3 -6.70693e-16 0)
(3 -1.06639e-15 0)
(3 1.88218e-16 0)
(3 1.26413e-16 0)
(3 -6.95421e-17 0)
(3 1.93426e-16 0)
(3 3.48723e-16 0)
(3 2.58846e-16 0)
(3 -7.64199e-17 0)
(3 -1.33171e-15 0)
(3 -2.18104e-15 0)
(3 -2.80766e-15 0)
(3 -2.95095e-15 0)
(3 -2.91313e-15 0)
(3 -2.22357e-15 0)
(3 -1.02726e-15 0)
(3 -3.0917e-16 0)
(3 -2.39467e-16 0)
(3 -4.97082e-16 0)
(3 -3.21954e-16 0)
(3 -3.06026e-16 0)
(3 2.98963e-17 0)
(3 2.96995e-16 0)
(3 1.59905e-15 0)
(3 2.38485e-15 0)
(3 1.00964e-15 0)
(3 3.3484e-17 0)
(3 2.06753e-18 0)
(3 2.17066e-16 0)
(3 2.32933e-16 0)
(3 2.36976e-16 0)
(3 3.53345e-16 0)
(3 4.99254e-17 0)
(3 -2.25549e-16 0)
(3 -7.69122e-16 0)
(3 -1.23321e-15 0)
(3 -1.37494e-15 0)
(3 -1.31509e-15 0)
(3 -1.36395e-15 0)
(3 -8.09285e-16 0)
(3 -3.10952e-16 0)
(3 -3.46206e-16 0)
(3 -8.98706e-16 0)
(3 -9.14655e-16 0)
(3 -9.29219e-16 0)
(3 -5.14369e-16 0)
(3 4.50507e-16 0)
(3 1.44411e-15 0)
(3 1.90923e-15 0)
(3 1.64076e-15 0)
(2.93293 0.0191332 0)
(2.8444 0.077755 0)
(2.76125 0.132103 0)
(2.66386 0.245052 0)
(2.57485 0.35029 0)
(2.51264 0.435602 0)
(2.41461 0.549975 0)
(2.35287 0.62823 0)
(2.31119 0.724464 0)
(2.25729 0.795773 0)
(2.24923 0.85372 0)
(2.28291 0.886024 0)
(2.32793 0.89383 0)
(2.33662 0.891009 0)
(2.34392 0.881503 0)
(2.34529 0.869038 0)
(2.34498 0.857736 0)
(2.34537 0.848712 0)
(2.34795 0.848413 0)
(2.345 0.84931 0)
(2.3409 0.850154 0)
(2.33678 0.850843 0)
(2.33382 0.850223 0)
(2.3356 0.849607 0)
(2.99866 0.00132592 0)
(2.9893 0.0128938 0)
(2.96255 0.0484075 0)
(2.90147 0.130894 0)
(2.80223 0.275794 0)
(2.6895 0.456344 0)
(2.51759 0.693631 0)
(2.39997 0.893747 0)
(2.21431 1.07772 0)
(2.17027 1.09724 0)
(2.14419 1.03901 0)
(2.18236 0.998631 0)
(2.2567 0.95116 0)
(2.29934 0.899039 0)
(2.32939 0.85682 0)
(2.3487 0.837654 0)
(2.35266 0.833953 0)
(2.35885 0.834187 0)
(2.35864 0.836853 0)
(2.35509 0.84242 0)
(2.34915 0.847713 0)
(2.34164 0.850531 0)
(2.33776 0.852695 0)
(2.33675 0.852197 0)
(3 -3.11615e-06 0)
(3 1.08794e-05 0)
(3.00003 -2.88195e-05 0)
(2.99989 8.3208e-05 0)
(2.99861 0.00193524 0)
(2.99173 0.0117185 0)
(2.96338 0.0569532 0)
(2.90595 0.164983 0)
(2.75725 0.425094 0)
(2.60199 0.699362 0)
(2.44936 0.844197 0)
(2.33764 0.935532 0)
(2.28854 0.914166 0)
(2.29965 0.897813 0)
(2.31633 0.884193 0)
(2.3443 0.87586 0)
(2.35059 0.86259 0)
(2.35993 0.842331 0)
(2.36299 0.839137 0)
(2.36171 0.840299 0)
(2.35723 0.843778 0)
(2.35022 0.847424 0)
(2.34622 0.851155 0)
(2.34369 0.850888 0)
(3 -9.53855e-09 0)
(3 -7.44457e-08 0)
(3 -1.49044e-06 0)
(3 -1.65294e-06 0)
(3.00001 -9.02696e-06 0)
(2.99999 2.20684e-05 0)
(3 -1.32028e-05 0)
(2.9994 0.000984848 0)
(2.98826 0.0192342 0)
(2.90428 0.160849 0)
(2.76615 0.414128 0)
(2.41384 0.816522 0)
(2.34723 0.878194 0)
(2.29012 0.942779 0)
(2.29349 0.941656 0)
(2.30882 0.920574 0)
(2.33062 0.887064 0)
(2.34101 0.857621 0)
(2.35566 0.843385 0)
(2.36387 0.836795 0)
(2.36366 0.838217 0)
(2.36161 0.841979 0)
(2.35761 0.845181 0)
(2.35292 0.848433 0)
(3 -1.25833e-11 0)
(3 -3.45176e-09 0)
(3 -7.39987e-09 0)
(3 -8.90815e-08 0)
(3 -7.6894e-07 0)
(3 -7.55589e-07 0)
(3 -1.60871e-06 0)
(3 -2.9863e-06 0)
(3.00004 -9.0675e-05 0)
(2.99935 0.000858545 0)
(2.98602 0.0195618 0)
(2.85549 0.185563 0)
(2.70675 0.431631 0)
(2.37839 0.79308 0)
(2.30292 0.891861 0)
(2.30405 0.888137 0)
(2.31124 0.882835 0)
(2.31671 0.877576 0)
(2.33177 0.867083 0)
(2.35083 0.852562 0)
(2.35754 0.850135 0)
(2.35994 0.847041 0)
(2.35908 0.846137 0)
(2.354 0.851337 0)
(3 -7.06616e-13 0)
(3 1.26909e-11 0)
(3 1.7501e-10 0)
(3 -1.92193e-10 0)
(3 -1.84581e-09 0)
(3 -5.49463e-08 0)
(3 -5.37081e-08 0)
(3 -2.55779e-07 0)
(3 -6.38966e-06 0)
(3 -6.03943e-06 0)
(3.00003 -7.59129e-05 0)
(2.99842 0.00226557 0)
(2.97835 0.0312433 0)
(2.79729 0.246545 0)
(2.55573 0.552926 0)
(2.42246 0.751778 0)
(2.27745 0.906012 0)
(2.27693 0.906507 0)
(2.29929 0.88558 0)
(2.31795 0.86359 0)
(2.3317 0.857152 0)
(2.34351 0.85251 0)
(2.34946 0.844752 0)
(2.35208 0.841297 0)
(3 -3.4133e-15 0)
(3 8.74365e-13 0)
(3 2.62662e-11 0)
(3 2.65216e-11 0)
(3 3.20812e-11 0)
(3 -4.00649e-11 0)
(3 -7.29071e-10 0)
(3 -6.1482e-10 0)
(3 -2.5605e-08 0)
(3 -3.92474e-07 0)
(3 -7.37111e-06 0)
(3 -4.84325e-06 0)
(3.00001 -4.48589e-05 0)
(2.99445 0.00770894 0)
(2.94671 0.0685771 0)
(2.74079 0.339002 0)
(2.43529 0.707466 0)
(2.39438 0.776276 0)
(2.3266 0.838862 0)
(2.31665 0.848864 0)
(2.31712 0.849012 0)
(2.32752 0.843181 0)
(2.33735 0.836085 0)
(2.34259 0.838089 0)
(3 -3.41932e-16 0)
(3 -2.60595e-14 0)
(3 9.62157e-14 0)
(3 2.02921e-12 0)
(3 6.38576e-12 0)
(3 6.07185e-12 0)
(3 3.67557e-12 0)
(3 2.40949e-12 0)
(3 1.40974e-10 0)
(3 2.94255e-12 0)
(3 -3.6648e-08 0)
(3 -5.72873e-07 0)
(3 -2.76714e-06 0)
(3.00001 -2.45774e-05 0)
(2.99973 0.000450384 0)
(2.98478 0.0205015 0)
(2.8759 0.158953 0)
(2.66289 0.470309 0)
(2.3479 0.837583 0)
(2.32348 0.83591 0)
(2.31039 0.840966 0)
(2.30609 0.842393 0)
(2.31724 0.839273 0)
(2.33104 0.837319 0)
(3 -5.30835e-16 0)
(3 -9.20922e-16 0)
(3 8.60677e-16 0)
(3 7.7237e-15 0)
(3 6.85625e-14 0)
(3 6.51967e-13 0)
(3 7.70155e-13 0)
(3 1.11964e-12 0)
(3 1.35608e-11 0)
(3 1.33965e-11 0)
(3 1.91653e-10 0)
(3 -1.15173e-08 0)
(3 -3.16764e-08 0)
(3 -2.884e-06 0)
(3 -4.96692e-06 0)
(2.99999 5.96327e-06 0)
(2.99767 0.00400397 0)
(2.95277 0.0669576 0)
(2.73911 0.348841 0)
(2.5797 0.597208 0)
(2.32635 0.854085 0)
(2.28266 0.876976 0)
(2.29823 0.85215 0)
(2.31976 0.843426 0)
(3 -7.97628e-16 0)
(3 -3.54059e-16 0)
(3 1.6607e-16 0)
(3 3.83291e-16 0)
(3 3.00819e-17 0)
(3 4.05213e-15 0)
(3 1.39324e-14 0)
(3 7.75815e-14 0)
(3 2.30558e-13 0)
(3 2.52051e-12 0)
(3 1.00629e-11 0)
(3 3.02006e-11 0)
(3 1.04299e-10 0)
(3 -2.19038e-08 0)
(3 -9.69539e-07 0)
(3 -8.78075e-07 0)
(3 -1.0302e-05 0)
(2.99943 0.000857424 0)
(2.98253 0.0279562 0)
(2.89011 0.181666 0)
(2.56088 0.594506 0)
(2.45864 0.719792 0)
(2.35968 0.806645 0)
(2.33154 0.844539 0)
(3 -1.27006e-15 0)
(3 -5.47814e-16 0)
(3 3.23019e-16 0)
(3 -1.453e-16 0)
(3 -1.18323e-15 0)
(3 -1.31093e-16 0)
(3 -2.81368e-16 0)
(3 1.99331e-15 0)
(3 4.94663e-15 0)
(3 2.26475e-14 0)
(3 2.39434e-13 0)
(3 9.00795e-12 0)
(3 1.7903e-11 0)
(3 1.05011e-10 0)
(3 -1.83086e-08 0)
(3 -1.05537e-07 0)
(3 -1.55778e-06 0)
(3 -5.42458e-06 0)
(2.99993 0.000122815 0)
(2.99526 0.00813491 0)
(2.91305 0.126483 0)
(2.77859 0.378869 0)
(2.42 0.779779 0)
(2.3367 0.868476 0)
(3 -2.85975e-16 0)
(3 6.42215e-16 0)
(3 7.38349e-16 0)
(3 6.03e-16 0)
(3 3.41729e-16 0)
(3 5.22505e-16 0)
(3 -4.63308e-16 0)
(3 5.57316e-16 0)
(3 1.86122e-15 0)
(3 2.05941e-15 0)
(3 1.93135e-15 0)
(3 4.21852e-13 0)
(3 2.69846e-12 0)
(3 1.14946e-11 0)
(3 1.04047e-10 0)
(3 -2.02832e-09 0)
(3 -2.22086e-08 0)
(3 -1.47403e-06 0)
(3 -1.25572e-06 0)
(3 -6.23543e-06 0)
(2.99779 0.0042585 0)
(2.97224 0.0556857 0)
(2.7801 0.331128 0)
(2.50909 0.676184 0)
(3 -3.89113e-16 0)
(3 4.41274e-17 0)
(3 5.21804e-16 0)
(3 5.2891e-16 0)
(3 -2.15382e-16 0)
(3 -1.11406e-15 0)
(3 -3.04563e-16 0)
(3 3.08431e-16 0)
(3 1.74476e-15 0)
(3 1.47604e-15 0)
(3 3.21723e-16 0)
(3 1.71001e-15 0)
(3 5.33957e-14 0)
(3 9.23333e-13 0)
(3 1.94157e-11 0)
(3 1.04802e-11 0)
(3 -1.33647e-11 0)
(3 -3.14404e-08 0)
(3 -4.72101e-07 0)
(3 -3.86423e-07 0)
(3 -5.85709e-06 0)
(2.99936 0.00130245 0)
(2.97816 0.037893 0)
(2.84383 0.240466 0)
(3 -1.01788e-16 0)
(3 5.30802e-16 0)
(3 8.84063e-16 0)
(3 1.00871e-15 0)
(3 9.24758e-17 0)
(3 -3.63686e-16 0)
(3 -2.09302e-16 0)
(3 1.26487e-15 0)
(3 1.81417e-15 0)
(3 6.22266e-16 0)
(3 8.12046e-16 0)
(3 1.70914e-15 0)
(3 1.06933e-15 0)
(3 3.8184e-15 0)
(3 6.97524e-13 0)
(3 3.34737e-12 0)
(3 5.16455e-12 0)
(3 3.30452e-11 0)
(3 -1.56575e-08 0)
(3 -9.67809e-08 0)
(3 -7.08034e-07 0)
(3 -6.5336e-07 0)
(2.99966 0.000709866 0)
(2.99012 0.0185203 0)
(3 1.32996e-15 0)
(3 2.14925e-15 0)
(3 1.28178e-15 0)
(3 3.29792e-16 0)
(3 -1.23337e-16 0)
(3 -7.38292e-17 0)
(3 1.96004e-16 0)
(3 4.02571e-16 0)
(3 -2.23976e-16 0)
(3 -8.2398e-16 0)
(3 6.70762e-16 0)
(3 1.92033e-15 0)
(3 1.6007e-15 0)
(3 -2.33449e-16 0)
(3 2.8935e-15 0)
(3 7.90036e-14 0)
(3 2.12583e-12 0)
(3 3.14151e-12 0)
(3 -5.26129e-11 0)
(3 -5.52037e-09 0)
(3 -1.30696e-07 0)
(3 -1.22854e-07 0)
(3 -1.26956e-06 0)
(2.99999 -1.57432e-05 0)
(3 1.5243e-15 0)
(3 1.63242e-15 0)
(3 -1.37926e-16 0)
(3 -5.86326e-16 0)
(3 -9.75918e-16 0)
(3 -7.33157e-16 0)
(3 -5.76969e-16 0)
(3 -1.5999e-15 0)
(3 -3.28643e-15 0)
(3 -2.38639e-15 0)
(3 -1.45006e-15 0)
(3 5.90647e-16 0)
(3 1.28818e-15 0)
(3 6.6036e-16 0)
(3 -2.31628e-16 0)
(3 1.30908e-15 0)
(3 1.76434e-13 0)
(3 1.04099e-12 0)
(3 2.67621e-13 0)
(3 -1.7204e-10 0)
(3 -1.61455e-09 0)
(3 -3.23967e-08 0)
(3 -1.4234e-06 0)
(3 2.22452e-06 0)
(3 -1.74807e-16 0)
(3 -1.13162e-15 0)
(3 -1.42838e-15 0)
(3 -9.48091e-16 0)
(3 2.37344e-16 0)
(3 6.31277e-16 0)
(3 -5.34215e-17 0)
(3 -1.57388e-15 0)
(3 -2.61314e-15 0)
(3 -2.06448e-15 0)
(3 -1.38013e-16 0)
(3 8.61099e-16 0)
(3 1.28493e-15 0)
(3 1.2222e-15 0)
(3 1.044e-16 0)
(3 -1.0691e-15 0)
(3 -3.96986e-14 0)
(3 -2.01273e-12 0)
(3 -1.99411e-12 0)
(3 -1.51222e-11 0)
(3 1.37939e-09 0)
(3 7.60261e-08 0)
(3 2.23102e-08 0)
(3 6.78372e-06 0)
(3 4.85319e-16 0)
(3 1.38976e-19 0)
(3 8.17776e-16 0)
(3 1.52059e-15 0)
(3 1.98613e-15 0)
(3 1.78408e-15 0)
(3 1.48845e-15 0)
(3 1.01713e-15 0)
(3 8.48182e-16 0)
(3 8.72382e-16 0)
(3 5.67284e-16 0)
(3 6.40118e-16 0)
(3 2.72403e-16 0)
(3 2.2515e-15 0)
(3 -2.21873e-15 0)
(3 -1.28351e-13 0)
(3 -1.14313e-12 0)
(3 -4.40276e-12 0)
(3 7.52094e-11 0)
(3 5.5835e-09 0)
(3 2.10771e-08 0)
(3 5.83692e-07 0)
(3 -6.83009e-06 0)
(2.99999 8.49725e-06 0)
(3 8.43152e-16 0)
(3 9.54991e-16 0)
(3 1.79815e-15 0)
(3 2.80917e-15 0)
(3 3.05415e-15 0)
(3 2.82747e-15 0)
(3 3.43628e-15 0)
(3 3.64681e-15 0)
(3 3.94408e-15 0)
(3 3.339e-15 0)
(3 1.42962e-15 0)
(3 -1.20234e-15 0)
(3 -4.42238e-17 0)
(3 -2.99552e-15 0)
(3 -6.62845e-13 0)
(3 -5.79312e-12 0)
(3 -4.22881e-12 0)
(3 5.91107e-11 0)
(3 1.78179e-08 0)
(3 1.45482e-07 0)
(3 2.21478e-07 0)
(3 2.6645e-06 0)
(2.99957 -0.00094807 0)
(2.99355 -0.0130646 0)
(3 3.86239e-16 0)
(3 1.07692e-15 0)
(3 1.10586e-15 0)
(3 1.58065e-15 0)
(3 1.62905e-15 0)
(3 2.04207e-15 0)
(3 2.57491e-15 0)
(3 2.6349e-15 0)
(3 2.00416e-15 0)
(3 1.59887e-15 0)
(3 1.19207e-15 0)
(3 -6.91501e-16 0)
(3 -5.11086e-14 0)
(3 -1.00731e-12 0)
(3 -2.02589e-11 0)
(3 -2.59807e-11 0)
(3 4.96912e-11 0)
(3 3.2931e-08 0)
(3 5.37645e-07 0)
(3 4.96718e-07 0)
(3 -8.75773e-07 0)
(2.99945 -0.00105052 0)
(2.97585 -0.040068 0)
(2.8708 -0.227665 0)
(3 8.04968e-16 0)
(3 4.55179e-16 0)
(3 3.4471e-16 0)
(3 -1.47577e-17 0)
(3 -6.74103e-16 0)
(3 -5.00398e-16 0)
(3 8.01155e-16 0)
(3 -2.8424e-16 0)
(3 -1.45359e-15 0)
(3 -1.19849e-15 0)
(3 -1.10384e-15 0)
(3 -4.07149e-13 0)
(3 -2.78125e-12 0)
(3 -1.10628e-11 0)
(3 -1.03267e-10 0)
(3 1.92306e-09 0)
(3 2.36674e-08 0)
(3 1.25281e-06 0)
(3 1.81406e-06 0)
(2.99999 -2.35056e-06 0)
(2.99791 -0.00415205 0)
(2.97197 -0.051648 0)
(2.74902 -0.358071 0)
(2.59835 -0.599931 0)
(3 9.75932e-16 0)
(3 -9.84907e-16 0)
(3 -1.73387e-15 0)
(3 -2.11154e-15 0)
(3 -2.44307e-15 0)
(3 -2.06242e-15 0)
(3 -4.6758e-16 0)
(3 5.21026e-16 0)
(3 -4.35049e-15 0)
(3 -2.29685e-14 0)
(3 -2.42597e-13 0)
(3 -8.99894e-12 0)
(3 -1.79577e-11 0)
(3 -1.05957e-10 0)
(3 1.74917e-08 0)
(3 1.07984e-07 0)
(3 1.47701e-06 0)
(3 5.14732e-06 0)
(2.99994 -0.000109568 0)
(2.99503 -0.00874217 0)
(2.91799 -0.118878 0)
(2.74835 -0.395155 0)
(2.41729 -0.771695 0)
(2.37794 -0.832985 0)
(3 -2.68669e-17 0)
(3 -1.22804e-15 0)
(3 -1.66528e-15 0)
(3 -1.25648e-15 0)
(3 -1.30999e-15 0)
(3 -6.16298e-15 0)
(3 -1.71933e-14 0)
(3 -7.74583e-14 0)
(3 -2.29559e-13 0)
(3 -2.51877e-12 0)
(3 -1.01673e-11 0)
(3 -2.94297e-11 0)
(3 -1.06161e-10 0)
(3 2.21082e-08 0)
(3 9.70436e-07 0)
(3 8.7412e-07 0)
(3 9.56289e-06 0)
(2.99944 -0.000828393 0)
(2.98238 -0.0281996 0)
(2.88945 -0.182316 0)
(2.56823 -0.586854 0)
(2.44405 -0.733805 0)
(2.35836 -0.798956 0)
(2.33937 -0.840084 0)
(3 -1.84247e-15 0)
(3 -1.43855e-15 0)
(3 -1.34543e-15 0)
(3 -8.73343e-15 0)
(3 -6.82962e-14 0)
(3 -6.54505e-13 0)
(3 -7.73596e-13 0)
(3 -1.12474e-12 0)
(3 -1.35686e-11 0)
(3 -1.34439e-11 0)
(3 -1.91088e-10 0)
(3 1.15807e-08 0)
(3 3.145e-08 0)
(3 2.87431e-06 0)
(3 5.03899e-06 0)
(2.99999 -6.57164e-06 0)
(2.99768 -0.00399972 0)
(2.95286 -0.0667047 0)
(2.73827 -0.349815 0)
(2.58083 -0.596455 0)
(2.32955 -0.851939 0)
(2.28293 -0.881831 0)
(2.29237 -0.852136 0)
(2.32108 -0.841524 0)
(3 -1.90631e-15 0)
(3 2.83154e-14 0)
(3 -9.68222e-14 0)
(3 -2.03092e-12 0)
(3 -6.3887e-12 0)
(3 -6.07691e-12 0)
(3 -3.67826e-12 0)
(3 -2.40823e-12 0)
(3 -1.39959e-10 0)
(3 -9.25643e-12 0)
(3 3.65784e-08 0)
(3 5.72606e-07 0)
(3 2.76546e-06 0)
(3.00001 2.45134e-05 0)
(2.99973 -0.000449235 0)
(2.98475 -0.0205565 0)
(2.87628 -0.158538 0)
(2.66211 -0.47078 0)
(2.34784 -0.837398 0)
(2.32444 -0.835856 0)
(2.31083 -0.840725 0)
(2.30498 -0.842737 0)
(2.316 -0.83925 0)
(2.33226 -0.836306 0)
(3 1.43124e-16 0)
(3 -8.90497e-13 0)
(3 -2.61616e-11 0)
(3 -2.64769e-11 0)
(3 -3.19982e-11 0)
(3 3.80965e-11 0)
(3 7.38015e-10 0)
(3 6.17261e-10 0)
(3 2.56576e-08 0)
(3 3.92749e-07 0)
(3 7.36973e-06 0)
(3 4.83798e-06 0)
(3.00001 4.48101e-05 0)
(2.99445 -0.00770403 0)
(2.9467 -0.0685896 0)
(2.74071 -0.339051 0)
(2.43543 -0.707391 0)
(2.39425 -0.776223 0)
(2.3266 -0.838788 0)
(2.31672 -0.848844 0)
(2.31732 -0.849263 0)
(2.3271 -0.843447 0)
(2.33719 -0.836078 0)
(2.34284 -0.837769 0)
(3 7.06671e-13 0)
(3 -1.26058e-11 0)
(3 -1.73645e-10 0)
(3 1.88609e-10 0)
(3 1.83015e-09 0)
(3 5.51099e-08 0)
(3 5.36509e-08 0)
(3 2.55315e-07 0)
(3 6.3917e-06 0)
(3 6.0423e-06 0)
(3.00003 7.58872e-05 0)
(2.99842 -0.00226739 0)
(2.97835 -0.031249 0)
(2.79734 -0.246477 0)
(2.55571 -0.552912 0)
(2.42239 -0.751793 0)
(2.27746 -0.906036 0)
(2.27693 -0.906488 0)
(2.2993 -0.88551 0)
(2.31806 -0.86347 0)
(2.3317 -0.857388 0)
(2.34341 -0.852528 0)
(2.34942 -0.844739 0)
(2.35213 -0.841272 0)
(3 3.12025e-12 0)
(3 3.41211e-09 0)
(3 7.33599e-09 0)
(3 8.8452e-08 0)
(3 7.68239e-07 0)
(3 7.55498e-07 0)
(3 1.60388e-06 0)
(3 2.97686e-06 0)
(3.00004 9.06824e-05 0)
(2.99935 -0.000858704 0)
(2.98603 -0.0195563 0)
(2.85544 -0.185623 0)
(2.7067 -0.431659 0)
(2.37852 -0.792895 0)
(2.30286 -0.891928 0)
(2.30404 -0.888171 0)
(2.31121 -0.882885 0)
(2.31674 -0.877552 0)
(2.33174 -0.867014 0)
(2.35094 -0.852439 0)
(2.3575 -0.850374 0)
(2.3599 -0.847197 0)
(2.35907 -0.846162 0)
(2.35398 -0.851187 0)
(3 9.95534e-09 0)
(3 7.29582e-08 0)
(3 1.4773e-06 0)
(3 1.64375e-06 0)
(3.00001 9.01866e-06 0)
(2.99999 -2.20679e-05 0)
(3 1.32892e-05 0)
(2.9994 -0.000985624 0)
(2.98826 -0.0192255 0)
(2.90422 -0.160934 0)
(2.76638 -0.413997 0)
(2.41378 -0.816591 0)
(2.34711 -0.878283 0)
(2.29009 -0.942788 0)
(2.29349 -0.941636 0)
(2.30889 -0.92052 0)
(2.33056 -0.887155 0)
(2.34102 -0.857628 0)
(2.35564 -0.84329 0)
(2.36395 -0.836804 0)
(2.36366 -0.83828 0)
(2.3616 -0.842043 0)
(2.3576 -0.845149 0)
(2.35291 -0.848364 0)
(3 3.17746e-06 0)
(3 -1.09261e-05 0)
(3.00003 2.82628e-05 0)
(2.99989 -8.28131e-05 0)
(2.99861 -0.00193463 0)
(2.99173 -0.0117169 0)
(2.96337 -0.0569646 0)
(2.90597 -0.164964 0)
(2.75726 -0.425075 0)
(2.60186 -0.699495 0)
(2.44946 -0.844128 0)
(2.33765 -0.935519 0)
(2.28852 -0.914185 0)
(2.29963 -0.897838 0)
(2.31633 -0.88418 0)
(2.34441 -0.875706 0)
(2.35061 -0.862704 0)
(2.35978 -0.842357 0)
(2.36298 -0.839082 0)
(2.3618 -0.840265 0)
(2.35728 -0.84378 0)
(2.35023 -0.847429 0)
(2.34621 -0.851107 0)
(2.34369 -0.85085 0)
(2.99866 -0.00132531 0)
(2.9893 -0.0128929 0)
(2.96254 -0.0484169 0)
(2.90148 -0.130893 0)
(2.80223 -0.275793 0)
(2.68953 -0.456316 0)
(2.51754 -0.693668 0)
(2.40002 -0.893734 0)
(2.21434 -1.07771 0)
(2.17025 -1.09727 0)
(2.14417 -1.03899 0)
(2.1824 -0.998602 0)
(2.25671 -0.951149 0)
(2.29926 -0.89909 0)
(2.3295 -0.856751 0)
(2.34869 -0.837579 0)
(2.35267 -0.834027 0)
(2.35876 -0.834235 0)
(2.35865 -0.83687 0)
(2.35514 -0.842385 0)
(2.34916 -0.847696 0)
(2.34164 -0.850536 0)
(2.33776 -0.852663 0)
(2.33674 -0.85217 0)
(2.93293 -0.0191168 0)
(2.84441 -0.0777241 0)
(2.76121 -0.132205 0)
(2.66388 -0.244995 0)
(2.57485 -0.350262 0)
(2.51264 -0.435624 0)
(2.4146 -0.549987 0)
(2.35287 -0.628226 0)
(2.31121 -0.724458 0)
(2.2573 -0.795767 0)
(2.24922 -0.853729 0)
(2.28292 -0.885993 0)
(2.32793 -0.893867 0)
(2.33661 -0.890999 0)
(2.34391 -0.881522 0)
(2.34527 -0.869003 0)
(2.34498 -0.857774 0)
(2.34534 -0.848734 0)
(2.34793 -0.848411 0)
(2.34502 -0.849309 0)
(2.34094 -0.850148 0)
(2.3368 -0.850855 0)
(2.3338 -0.850216 0)
(2.33558 -0.8496 0)
(2.42783 0.820551 0)
(2.54362 0.788848 0)
(2.64335 0.797025 0)
(2.74537 0.659168 0)
(2.86327 0.475751 0)
(2.9411 0.353359 0)
(2.97282 0.206416 0)
(2.98863 0.12141 0)
(2.97565 0.049983 0)
(2.98168 -0.0313568 0)
(3.00755 -0.0498036 0)
(3.00698 -0.0573897 0)
(2.97902 -0.0641855 0)
(2.96937 -0.0649126 0)
(2.96858 -0.0558306 0)
(2.96703 -0.0365373 0)
(2.95691 -0.031598 0)
(2.95111 -0.0273842 0)
(2.96326 -0.0224809 0)
(2.96539 -0.0203059 0)
(2.96311 -0.0119144 0)
(2.9464 0.000393075 0)
(2.93347 0.00174719 0)
(2.90717 -0.0222363 0)
(2.75944 -0.134463 0)
(2.44349 -0.377223 0)
(2.23739 -0.417394 0)
(2.05144 -0.42176 0)
(1.89374 -0.248739 0)
(1.81304 -0.125214 0)
(1.83389 -0.0103158 0)
(1.91367 0.0269601 0)
(1.98933 0.0260054 0)
(2.02615 0.0305453 0)
(2.04299 0.0276703 0)
(2.05959 0.0224073 0)
(2.08117 0.0198334 0)
(2.10417 0.0212994 0)
(2.12841 0.0248178 0)
(2.15263 0.0274584 0)
(2.17722 0.0273421 0)
(2.20516 0.0255553 0)
(2.23564 0.0248445 0)
(2.26424 0.0264318 0)
(2.28699 0.0281476 0)
(2.30457 0.0267367 0)
(2.31925 0.0229391 0)
(2.33051 0.0221619 0)
(2.33665 0.0270389 0)
(2.34129 0.0329246 0)
(2.3558 0.0332759 0)
(2.37934 0.0310516 0)
(2.40457 0.029278 0)
(2.43033 0.028973 0)
(2.4541 0.0295214 0)
(2.47427 0.0282456 0)
(2.48998 0.0257442 0)
(2.49977 0.0243895 0)
(2.50169 0.0245066 0)
(2.49384 0.0269107 0)
(2.48801 0.031281 0)
(2.50372 0.033528 0)
(2.52526 0.0335607 0)
(2.54659 0.0320153 0)
(2.56896 0.0317645 0)
(2.58942 0.029873 0)
(2.60825 0.0254473 0)
(2.62602 0.0242464 0)
(2.63176 0.0285359 0)
(2.61992 0.0271099 0)
(2.60399 0.0192772 0)
(2.59532 0.0106836 0)
(2.55596 -0.0263745 0)
(2.47305 -0.0885037 0)
(2.35575 -0.130143 0)
(2.28219 -0.161836 0)
(2.25363 -0.169583 0)
(2.23572 -0.103907 0)
(2.17257 -0.0566686 0)
(2.15344 -0.0306413 0)
(2.15833 -0.0153994 0)
(2.18797 0.00542921 0)
(2.19223 0.019263 0)
(2.18963 0.0214189 0)
(2.20681 0.0206039 0)
(2.2272 0.0166129 0)
(2.25095 0.0126051 0)
(2.27226 0.0134564 0)
(2.28842 0.0155904 0)
(2.29767 0.0144701 0)
(2.29798 0.0120103 0)
(2.28933 0.0132294 0)
(2.29229 0.01635 0)
(2.30666 0.0177231 0)
(2.31904 0.0174121 0)
(2.34181 0.0149115 0)
(2.44782 0.794282 0)
(2.59724 0.649503 0)
(2.70276 0.484282 0)
(2.78136 0.334738 0)
(2.87202 0.129926 0)
(2.91262 -0.0310253 0)
(2.95429 -0.0877845 0)
(2.9693 -0.127604 0)
(2.93635 -0.175101 0)
(2.93879 -0.168771 0)
(2.99829 -0.119267 0)
(2.98476 -0.0777187 0)
(2.96872 -0.0805404 0)
(2.95413 -0.0825433 0)
(2.94545 -0.0661307 0)
(2.94092 -0.0412991 0)
(2.92756 -0.0184827 0)
(2.92271 -0.0021244 0)
(2.93827 0.00549018 0)
(2.94094 0.00551325 0)
(2.94157 0.00759365 0)
(2.92909 0.0066956 0)
(2.90784 -0.0310851 0)
(2.71671 -0.282561 0)
(2.54947 -0.510881 0)
(2.37505 -0.760294 0)
(2.29636 -0.708957 0)
(2.20395 -0.516685 0)
(2.07917 -0.205293 0)
(1.90726 0.0490639 0)
(1.85974 0.144161 0)
(1.90597 0.112733 0)
(1.96705 0.0760731 0)
(2.02077 0.0474438 0)
(2.05615 0.0330457 0)
(2.08553 0.0312173 0)
(2.10981 0.0357275 0)
(2.12822 0.0400217 0)
(2.14831 0.046677 0)
(2.17167 0.0561829 0)
(2.19487 0.0611487 0)
(2.21985 0.0568169 0)
(2.24805 0.0528302 0)
(2.27705 0.053107 0)
(2.30304 0.0545695 0)
(2.32469 0.0529473 0)
(2.34133 0.046453 0)
(2.35301 0.0411367 0)
(2.36112 0.044322 0)
(2.36809 0.0547279 0)
(2.37984 0.0631332 0)
(2.39831 0.0654421 0)
(2.42069 0.0646583 0)
(2.44386 0.0633959 0)
(2.46646 0.0603052 0)
(2.48829 0.0562958 0)
(2.50771 0.0519913 0)
(2.52087 0.0484063 0)
(2.52342 0.0422547 0)
(2.51711 0.0349708 0)
(2.51348 0.0425997 0)
(2.52496 0.0589942 0)
(2.54302 0.0640805 0)
(2.56395 0.0644281 0)
(2.5847 0.064408 0)
(2.60541 0.0628287 0)
(2.62465 0.0549775 0)
(2.63964 0.0546493 0)
(2.64709 0.0485142 0)
(2.6215 0.00594049 0)
(2.59812 -0.0378567 0)
(2.55736 -0.0816757 0)
(2.47783 -0.199253 0)
(2.42579 -0.291287 0)
(2.40361 -0.336352 0)
(2.36001 -0.302072 0)
(2.30315 -0.207823 0)
(2.2744 -0.0869136 0)
(2.2177 0.0299874 0)
(2.18858 0.0598752 0)
(2.17233 0.0463102 0)
(2.17478 0.0400862 0)
(2.18871 0.0471195 0)
(2.20247 0.0433846 0)
(2.22367 0.0376888 0)
(2.24433 0.0270647 0)
(2.26454 0.022424 0)
(2.28577 0.0252678 0)
(2.29989 0.0280134 0)
(2.31058 0.0237772 0)
(2.31345 0.0156281 0)
(2.30462 0.01446 0)
(2.30762 0.0259913 0)
(2.31893 0.0354585 0)
(2.32909 0.0365782 0)
(2.35009 0.0321672 0)
(2.36409 0.835558 0)
(2.42189 0.785584 0)
(2.53208 0.664386 0)
(2.6109 0.576298 0)
(2.65817 0.494154 0)
(2.74442 0.298263 0)
(2.7923 0.221316 0)
(2.80946 0.235394 0)
(2.83625 0.114896 0)
(2.83664 0.0269517 0)
(2.84339 0.0198009 0)
(2.89683 -0.00698515 0)
(2.91286 -0.0390294 0)
(2.90518 -0.088688 0)
(2.912 -0.0919241 0)
(2.91151 -0.0733349 0)
(2.90711 -0.0546103 0)
(2.90448 -0.0484238 0)
(2.91494 -0.0459746 0)
(2.91929 -0.0403342 0)
(2.9181 -0.0307229 0)
(2.87291 -0.0973972 0)
(2.73752 -0.31117 0)
(2.41833 -0.682806 0)
(2.36423 -0.728223 0)
(2.35237 -0.77069 0)
(2.36156 -0.766463 0)
(2.36352 -0.733984 0)
(2.35449 -0.643009 0)
(2.27268 -0.39139 0)
(2.14871 -0.118586 0)
(2.03458 0.0373109 0)
(2.01295 0.0672148 0)
(2.02554 0.0768505 0)
(2.0701 0.0809769 0)
(2.10007 0.0738557 0)
(2.119 0.0792238 0)
(2.13748 0.0822763 0)
(2.15824 0.0842251 0)
(2.18112 0.0958477 0)
(2.19931 0.107208 0)
(2.21977 0.102509 0)
(2.24287 0.0929555 0)
(2.26798 0.0887284 0)
(2.29368 0.0885416 0)
(2.31717 0.0865614 0)
(2.33651 0.082639 0)
(2.35007 0.0835684 0)
(2.36081 0.0925681 0)
(2.37005 0.100768 0)
(2.38122 0.101951 0)
(2.39732 0.100821 0)
(2.41786 0.102998 0)
(2.43826 0.10865 0)
(2.45677 0.109674 0)
(2.47571 0.100139 0)
(2.49337 0.0880836 0)
(2.50836 0.0799091 0)
(2.5153 0.0801055 0)
(2.51523 0.0862137 0)
(2.52013 0.094036 0)
(2.52891 0.0978952 0)
(2.54371 0.0992356 0)
(2.56198 0.108059 0)
(2.57865 0.113133 0)
(2.5968 0.1069 0)
(2.61227 0.0905139 0)
(2.61869 0.0844421 0)
(2.60834 0.0553761 0)
(2.58268 -0.0173646 0)
(2.53659 -0.0993604 0)
(2.44328 -0.223602 0)
(2.38092 -0.322218 0)
(2.37081 -0.343694 0)
(2.39387 -0.361959 0)
(2.39648 -0.347406 0)
(2.38735 -0.31094 0)
(2.3648 -0.240427 0)
(2.33049 -0.13692 0)
(2.31075 -0.0740576 0)
(2.26463 -0.0182619 0)
(2.21299 0.0156044 0)
(2.21379 0.0478303 0)
(2.2215 0.0685058 0)
(2.23912 0.0720258 0)
(2.25809 0.0641257 0)
(2.27322 0.0521048 0)
(2.2877 0.0506794 0)
(2.30161 0.0510286 0)
(2.31177 0.0450284 0)
(2.31559 0.0365316 0)
(2.31547 0.0377723 0)
(2.31865 0.0486507 0)
(2.32474 0.0566021 0)
(2.33216 0.0602713 0)
(2.35087 0.0547787 0)
(2.3555 0.844349 0)
(2.37536 0.825364 0)
(2.43297 0.769438 0)
(2.50895 0.689183 0)
(2.58056 0.617836 0)
(2.6805 0.461799 0)
(2.72793 0.353627 0)
(2.75925 0.347017 0)
(2.84293 0.228439 0)
(2.85699 0.0488997 0)
(2.84022 0.0418538 0)
(2.84997 0.0265373 0)
(2.90715 -0.0471458 0)
(2.90335 -0.127819 0)
(2.91165 -0.136845 0)
(2.93317 -0.096161 0)
(2.91437 -0.0560626 0)
(2.91101 -0.0538293 0)
(2.91039 -0.0591755 0)
(2.90868 -0.0647531 0)
(2.86555 -0.136648 0)
(2.69817 -0.40479 0)
(2.38471 -0.777441 0)
(2.34769 -0.798857 0)
(2.34852 -0.801603 0)
(2.35814 -0.795909 0)
(2.38344 -0.779598 0)
(2.40427 -0.762095 0)
(2.41747 -0.723724 0)
(2.41194 -0.653701 0)
(2.35948 -0.479878 0)
(2.197 -0.16818 0)
(2.08091 0.0376941 0)
(2.04572 0.149498 0)
(2.0601 0.137167 0)
(2.09517 0.124631 0)
(2.1302 0.110762 0)
(2.16166 0.111069 0)
(2.19097 0.116272 0)
(2.21167 0.134197 0)
(2.21843 0.14467 0)
(2.22673 0.136063 0)
(2.24573 0.129175 0)
(2.27365 0.131813 0)
(2.30203 0.137331 0)
(2.32748 0.135329 0)
(2.34859 0.126544 0)
(2.36711 0.123294 0)
(2.38383 0.127442 0)
(2.39528 0.133985 0)
(2.39905 0.137617 0)
(2.40709 0.136097 0)
(2.42375 0.138645 0)
(2.44164 0.147483 0)
(2.45459 0.156274 0)
(2.47207 0.152933 0)
(2.49115 0.140166 0)
(2.50696 0.127269 0)
(2.52058 0.12076 0)
(2.53536 0.124814 0)
(2.54868 0.128927 0)
(2.55587 0.130468 0)
(2.55639 0.133009 0)
(2.5619 0.147032 0)
(2.57207 0.14759 0)
(2.59333 0.144507 0)
(2.59692 0.12574 0)
(2.59172 0.0828534 0)
(2.54672 -0.0134275 0)
(2.49313 -0.138023 0)
(2.41342 -0.264886 0)
(2.37284 -0.311386 0)
(2.35993 -0.32169 0)
(2.37132 -0.324505 0)
(2.38634 -0.327311 0)
(2.40326 -0.322918 0)
(2.41471 -0.332008 0)
(2.41088 -0.31579 0)
(2.39713 -0.267276 0)
(2.37326 -0.196183 0)
(2.32062 -0.0954137 0)
(2.26048 -0.00706587 0)
(2.23598 0.0584952 0)
(2.24139 0.100663 0)
(2.25051 0.103556 0)
(2.26073 0.0980797 0)
(2.27496 0.0818207 0)
(2.28972 0.0758517 0)
(2.305 0.0798898 0)
(2.31596 0.0730299 0)
(2.32155 0.0579765 0)
(2.32735 0.0528934 0)
(2.33601 0.0575483 0)
(2.34365 0.0686033 0)
(2.34751 0.0798335 0)
(2.3585 0.0771834 0)
(2.35393 0.8484 0)
(2.35836 0.842708 0)
(2.38004 0.822688 0)
(2.43982 0.768165 0)
(2.51003 0.69733 0)
(2.55792 0.638597 0)
(2.65458 0.507007 0)
(2.72014 0.413937 0)
(2.76207 0.390066 0)
(2.80094 0.28833 0)
(2.82796 0.179734 0)
(2.83711 0.166264 0)
(2.86873 0.113278 0)
(2.89124 0.0294886 0)
(2.90096 0.00895496 0)
(2.92449 0.0376082 0)
(2.92007 0.0293871 0)
(2.90628 -0.0208079 0)
(2.90375 -0.0588055 0)
(2.84185 -0.182813 0)
(2.68339 -0.471713 0)
(2.40474 -0.795732 0)
(2.32727 -0.866118 0)
(2.33403 -0.856302 0)
(2.35254 -0.828083 0)
(2.37529 -0.802809 0)
(2.40542 -0.781636 0)
(2.4214 -0.768627 0)
(2.43575 -0.736989 0)
(2.45031 -0.707544 0)
(2.45096 -0.65446 0)
(2.42786 -0.558181 0)
(2.27574 -0.268569 0)
(2.14978 0.00195174 0)
(2.0997 0.107348 0)
(2.10543 0.147503 0)
(2.12447 0.155093 0)
(2.15577 0.158241 0)
(2.18317 0.151551 0)
(2.20201 0.163548 0)
(2.21432 0.171054 0)
(2.22994 0.168512 0)
(2.25159 0.170237 0)
(2.27476 0.17595 0)
(2.29558 0.181779 0)
(2.31717 0.179086 0)
(2.3404 0.16878 0)
(2.3604 0.164537 0)
(2.37689 0.171518 0)
(2.39426 0.17684 0)
(2.41439 0.172354 0)
(2.43063 0.167407 0)
(2.43858 0.172373 0)
(2.44733 0.183112 0)
(2.45662 0.195684 0)
(2.4657 0.198 0)
(2.47716 0.178316 0)
(2.48799 0.162403 0)
(2.50578 0.157723 0)
(2.52679 0.162229 0)
(2.54535 0.170257 0)
(2.55896 0.173289 0)
(2.57042 0.177292 0)
(2.5691 0.185102 0)
(2.57618 0.176527 0)
(2.57346 0.151351 0)
(2.55565 0.0962521 0)
(2.50579 -0.0100959 0)
(2.42869 -0.172207 0)
(2.40155 -0.265474 0)
(2.35774 -0.319459 0)
(2.35531 -0.320865 0)
(2.36126 -0.310405 0)
(2.37087 -0.302501 0)
(2.38 -0.296765 0)
(2.39366 -0.298155 0)
(2.40905 -0.308904 0)
(2.41414 -0.316921 0)
(2.41691 -0.30274 0)
(2.41111 -0.271975 0)
(2.39457 -0.226846 0)
(2.34888 -0.135953 0)
(2.29501 -0.0159116 0)
(2.29458 0.0586404 0)
(2.27348 0.102097 0)
(2.27061 0.105786 0)
(2.27031 0.103685 0)
(2.27498 0.102176 0)
(2.28694 0.0983129 0)
(2.30111 0.0889342 0)
(2.31111 0.0755985 0)
(2.32093 0.068662 0)
(2.33817 0.0707157 0)
(2.35597 0.074948 0)
(2.3647 0.0874896 0)
(2.36676 0.0962427 0)
(2.34804 0.849013 0)
(2.354 0.847485 0)
(2.35901 0.842199 0)
(2.38211 0.822432 0)
(2.43998 0.770609 0)
(2.50923 0.692711 0)
(2.5458 0.651554 0)
(2.61541 0.572344 0)
(2.71815 0.454107 0)
(2.766 0.360778 0)
(2.77979 0.324099 0)
(2.78695 0.303577 0)
(2.84479 0.215914 0)
(2.90916 0.118479 0)
(2.9127 0.0507389 0)
(2.93281 0.0545112 0)
(2.94597 0.0189984 0)
(2.91519 -0.0798003 0)
(2.82967 -0.231335 0)
(2.58071 -0.572311 0)
(2.43406 -0.769207 0)
(2.30299 -0.862452 0)
(2.31364 -0.859604 0)
(2.3386 -0.840053 0)
(2.37249 -0.802737 0)
(2.39491 -0.791144 0)
(2.41578 -0.788901 0)
(2.43517 -0.770328 0)
(2.44413 -0.747625 0)
(2.46716 -0.70967 0)
(2.47995 -0.685864 0)
(2.49924 -0.650046 0)
(2.48623 -0.585804 0)
(2.4066 -0.40017 0)
(2.23195 -0.0709973 0)
(2.14222 0.136468 0)
(2.11506 0.234169 0)
(2.13074 0.215938 0)
(2.1614 0.195138 0)
(2.19023 0.190221 0)
(2.21412 0.198361 0)
(2.23105 0.202368 0)
(2.24735 0.204573 0)
(2.2719 0.220052 0)
(2.29453 0.227265 0)
(2.31898 0.223962 0)
(2.34142 0.214857 0)
(2.3579 0.208762 0)
(2.36983 0.208243 0)
(2.38234 0.208151 0)
(2.40211 0.208054 0)
(2.42636 0.208798 0)
(2.44806 0.211252 0)
(2.46285 0.218478 0)
(2.46517 0.225745 0)
(2.45681 0.223734 0)
(2.46861 0.215485 0)
(2.49178 0.213202 0)
(2.51253 0.213492 0)
(2.53404 0.213097 0)
(2.55496 0.212557 0)
(2.57372 0.212414 0)
(2.58758 0.206577 0)
(2.57724 0.203695 0)
(2.55509 0.159302 0)
(2.5176 0.0915294 0)
(2.43798 -0.0414932 0)
(2.36656 -0.181275 0)
(2.36138 -0.246063 0)
(2.34648 -0.285817 0)
(2.34903 -0.284512 0)
(2.35899 -0.280277 0)
(2.37073 -0.276302 0)
(2.37805 -0.267982 0)
(2.38254 -0.261452 0)
(2.39172 -0.262302 0)
(2.40527 -0.272068 0)
(2.41181 -0.285601 0)
(2.41412 -0.282182 0)
(2.42481 -0.276435 0)
(2.42728 -0.260565 0)
(2.42424 -0.229528 0)
(2.38765 -0.143766 0)
(2.34415 -0.0168718 0)
(2.32371 0.078101 0)
(2.28031 0.132533 0)
(2.25946 0.14258 0)
(2.24783 0.137312 0)
(2.26556 0.121515 0)
(2.28305 0.110657 0)
(2.30139 0.100083 0)
(2.31637 0.0922191 0)
(2.33434 0.0925053 0)
(2.35381 0.0987539 0)
(2.36497 0.113568 0)
(2.3744 0.118362 0)
(2.34199 0.841062 0)
(2.34388 0.844783 0)
(2.34846 0.844361 0)
(2.3605 0.83626 0)
(2.38559 0.815536 0)
(2.43128 0.775588 0)
(2.50722 0.692621 0)
(2.55616 0.638687 0)
(2.57908 0.612515 0)
(2.67108 0.511824 0)
(2.73925 0.399528 0)
(2.76323 0.332019 0)
(2.78968 0.328752 0)
(2.7993 0.300618 0)
(2.86246 0.212913 0)
(2.89505 0.158225 0)
(2.87136 0.0365919 0)
(2.79246 -0.170449 0)
(2.5135 -0.542908 0)
(2.37034 -0.742209 0)
(2.27834 -0.812982 0)
(2.30043 -0.81093 0)
(2.33153 -0.799266 0)
(2.36273 -0.774338 0)
(2.38725 -0.752075 0)
(2.40746 -0.750808 0)
(2.42514 -0.751349 0)
(2.45055 -0.728181 0)
(2.45994 -0.71085 0)
(2.47763 -0.683421 0)
(2.494 -0.663175 0)
(2.51438 -0.645647 0)
(2.542 -0.647947 0)
(2.53224 -0.588046 0)
(2.49634 -0.466104 0)
(2.35207 -0.174359 0)
(2.22208 0.0947968 0)
(2.16458 0.177974 0)
(2.16716 0.220572 0)
(2.17912 0.222818 0)
(2.21054 0.234203 0)
(2.23598 0.240952 0)
(2.24757 0.245158 0)
(2.25938 0.249941 0)
(2.2773 0.254786 0)
(2.29959 0.252828 0)
(2.32172 0.2475 0)
(2.33982 0.245354 0)
(2.35595 0.24835 0)
(2.37603 0.251333 0)
(2.3996 0.250788 0)
(2.42191 0.247487 0)
(2.44077 0.24681 0)
(2.45306 0.252211 0)
(2.45932 0.257101 0)
(2.46327 0.256683 0)
(2.4724 0.257636 0)
(2.48643 0.256735 0)
(2.50021 0.259069 0)
(2.51894 0.250685 0)
(2.54367 0.246394 0)
(2.55882 0.245151 0)
(2.5536 0.229824 0)
(2.52854 0.166787 0)
(2.47374 0.0573874 0)
(2.38103 -0.0800482 0)
(2.31903 -0.186112 0)
(2.29485 -0.261101 0)
(2.30616 -0.274764 0)
(2.31631 -0.273127 0)
(2.33524 -0.26632 0)
(2.35459 -0.253249 0)
(2.36932 -0.246012 0)
(2.37808 -0.240839 0)
(2.37792 -0.234172 0)
(2.37662 -0.233372 0)
(2.38392 -0.242913 0)
(2.39289 -0.253618 0)
(2.40499 -0.257486 0)
(2.42287 -0.255604 0)
(2.43452 -0.248944 0)
(2.44662 -0.23958 0)
(2.45059 -0.215932 0)
(2.42189 -0.145796 0)
(2.38119 -0.0367008 0)
(2.33844 0.0412545 0)
(2.2875 0.0870863 0)
(2.252 0.104407 0)
(2.24775 0.111943 0)
(2.26983 0.123458 0)
(2.29496 0.1275 0)
(2.31117 0.123771 0)
(2.32636 0.120222 0)
(2.34302 0.125202 0)
(2.3563 0.135568 0)
(2.36941 0.13419 0)
(2.33826 0.838456 0)
(2.33819 0.838926 0)
(2.34109 0.838278 0)
(2.34405 0.83723 0)
(2.35869 0.827339 0)
(2.38739 0.8051 0)
(2.42245 0.774477 0)
(2.49553 0.703893 0)
(2.55016 0.624319 0)
(2.58142 0.607777 0)
(2.6137 0.5511 0)
(2.70601 0.44395 0)
(2.75001 0.362675 0)
(2.77429 0.353113 0)
(2.80455 0.284747 0)
(2.76724 0.185962 0)
(2.63198 -0.11469 0)
(2.44033 -0.468254 0)
(2.30072 -0.645408 0)
(2.27144 -0.716329 0)
(2.28914 -0.719934 0)
(2.32072 -0.715467 0)
(2.34645 -0.710337 0)
(2.37088 -0.697246 0)
(2.39506 -0.686745 0)
(2.41787 -0.692403 0)
(2.43843 -0.698274 0)
(2.46551 -0.684973 0)
(2.48664 -0.671068 0)
(2.50885 -0.648408 0)
(2.52866 -0.618412 0)
(2.53641 -0.611936 0)
(2.55068 -0.606195 0)
(2.56274 -0.601617 0)
(2.57876 -0.562327 0)
(2.56102 -0.476968 0)
(2.49365 -0.304585 0)
(2.31562 0.00259713 0)
(2.21125 0.196393 0)
(2.18982 0.289305 0)
(2.19976 0.282536 0)
(2.22599 0.280749 0)
(2.24782 0.283271 0)
(2.25344 0.289195 0)
(2.26543 0.29104 0)
(2.28687 0.286073 0)
(2.30923 0.282266 0)
(2.32952 0.286523 0)
(2.3467 0.291776 0)
(2.36504 0.293006 0)
(2.38725 0.288805 0)
(2.40949 0.282985 0)
(2.42752 0.283297 0)
(2.44325 0.286854 0)
(2.45627 0.291559 0)
(2.46452 0.294849 0)
(2.46888 0.294506 0)
(2.47914 0.295623 0)
(2.49399 0.293677 0)
(2.51069 0.290217 0)
(2.52447 0.276974 0)
(2.52629 0.245348 0)
(2.48315 0.149907 0)
(2.41716 0.00450828 0)
(2.34933 -0.114552 0)
(2.27993 -0.189568 0)
(2.26706 -0.211086 0)
(2.28117 -0.221835 0)
(2.29631 -0.226783 0)
(2.31606 -0.227338 0)
(2.33722 -0.225683 0)
(2.35888 -0.222265 0)
(2.37398 -0.219324 0)
(2.3794 -0.215198 0)
(2.37291 -0.212198 0)
(2.36284 -0.212869 0)
(2.36827 -0.216505 0)
(2.38632 -0.222873 0)
(2.4059 -0.226243 0)
(2.425 -0.227243 0)
(2.44247 -0.224564 0)
(2.45777 -0.220608 0)
(2.46678 -0.21577 0)
(2.47033 -0.20813 0)
(2.43768 -0.151141 0)
(2.40546 -0.0878053 0)
(2.34786 -0.0190757 0)
(2.27951 0.0581289 0)
(2.24591 0.117685 0)
(2.25525 0.144745 0)
(2.29085 0.155281 0)
(2.31018 0.156872 0)
(2.32221 0.152495 0)
(2.33643 0.145757 0)
(2.35145 0.147632 0)
(2.36353 0.146552 0)
(2.32756 0.843469 0)
(2.33 0.841849 0)
(2.33216 0.839594 0)
(2.33588 0.837315 0)
(2.33926 0.83456 0)
(2.35613 0.823605 0)
(2.3886 0.799435 0)
(2.42694 0.7683 0)
(2.4891 0.704373 0)
(2.54907 0.628365 0)
(2.57468 0.60006 0)
(2.62758 0.545388 0)
(2.65166 0.508011 0)
(2.68566 0.395298 0)
(2.66084 0.230101 0)
(2.47252 -0.141766 0)
(2.33097 -0.414059 0)
(2.23155 -0.584333 0)
(2.22566 -0.614686 0)
(2.25472 -0.614359 0)
(2.28444 -0.611435 0)
(2.3098 -0.615496 0)
(2.33545 -0.618851 0)
(2.36234 -0.613383 0)
(2.38977 -0.609448 0)
(2.41432 -0.615989 0)
(2.43637 -0.617857 0)
(2.45557 -0.610257 0)
(2.479 -0.605217 0)
(2.51295 -0.595949 0)
(2.54776 -0.575198 0)
(2.56804 -0.569584 0)
(2.58444 -0.560936 0)
(2.58795 -0.556383 0)
(2.59095 -0.53275 0)
(2.6058 -0.516463 0)
(2.60178 -0.455922 0)
(2.57908 -0.358659 0)
(2.42735 -0.0784945 0)
(2.32079 0.151479 0)
(2.25705 0.266632 0)
(2.23896 0.313352 0)
(2.24311 0.31417 0)
(2.25592 0.326359 0)
(2.2688 0.331411 0)
(2.28978 0.326173 0)
(2.30989 0.32248 0)
(2.32761 0.328232 0)
(2.3459 0.33127 0)
(2.36747 0.331465 0)
(2.38989 0.328683 0)
(2.40875 0.328464 0)
(2.42318 0.330403 0)
(2.43701 0.331776 0)
(2.44905 0.331199 0)
(2.45773 0.328974 0)
(2.46369 0.332588 0)
(2.46237 0.326052 0)
(2.48605 0.319618 0)
(2.49124 0.302922 0)
(2.47436 0.249109 0)
(2.41595 0.114894 0)
(2.34955 -0.0508536 0)
(2.29797 -0.156988 0)
(2.26214 -0.206904 0)
(2.23968 -0.218868 0)
(2.24878 -0.208524 0)
(2.26747 -0.201986 0)
(2.28697 -0.192627 0)
(2.30582 -0.186737 0)
(2.32627 -0.188455 0)
(2.34609 -0.191955 0)
(2.36223 -0.193261 0)
(2.37193 -0.191792 0)
(2.37091 -0.190205 0)
(2.36098 -0.191439 0)
(2.36519 -0.191668 0)
(2.37903 -0.190641 0)
(2.3941 -0.189524 0)
(2.41121 -0.189932 0)
(2.42968 -0.189521 0)
(2.44821 -0.191176 0)
(2.46463 -0.194647 0)
(2.47379 -0.195946 0)
(2.46947 -0.188341 0)
(2.44362 -0.15109 0)
(2.42031 -0.123924 0)
(2.3742 -0.062572 0)
(2.30515 0.0473822 0)
(2.28459 0.111849 0)
(2.30077 0.16218 0)
(2.31622 0.179319 0)
(2.31984 0.180603 0)
(2.32975 0.171002 0)
(2.34281 0.162765 0)
(2.35781 0.160149 0)
(2.32411 0.845449 0)
(2.32565 0.84145 0)
(2.32527 0.839416 0)
(2.32592 0.83979 0)
(2.33114 0.839536 0)
(2.33813 0.835157 0)
(2.35695 0.820591 0)
(2.38495 0.797917 0)
(2.43531 0.751966 0)
(2.46613 0.723655 0)
(2.53869 0.644625 0)
(2.58759 0.615049 0)
(2.56972 0.494515 0)
(2.51828 0.285777 0)
(2.32476 -0.0983002 0)
(2.22595 -0.343061 0)
(2.16184 -0.4832 0)
(2.17774 -0.493874 0)
(2.21527 -0.497829 0)
(2.25099 -0.501407 0)
(2.28114 -0.514552 0)
(2.30705 -0.529509 0)
(2.33347 -0.534643 0)
(2.36253 -0.530129 0)
(2.39229 -0.526295 0)
(2.42104 -0.535011 0)
(2.44881 -0.541823 0)
(2.47378 -0.542237 0)
(2.49433 -0.537968 0)
(2.51397 -0.523371 0)
(2.5369 -0.503268 0)
(2.5632 -0.502721 0)
(2.59128 -0.501189 0)
(2.61265 -0.500491 0)
(2.62164 -0.486008 0)
(2.62447 -0.458823 0)
(2.62485 -0.455533 0)
(2.65151 -0.426538 0)
(2.63616 -0.358232 0)
(2.56992 -0.195803 0)
(2.40267 0.106979 0)
(2.33281 0.262555 0)
(2.27582 0.351772 0)
(2.26097 0.368919 0)
(2.26636 0.375371 0)
(2.2821 0.37441 0)
(2.30032 0.369503 0)
(2.31962 0.372604 0)
(2.34337 0.370473 0)
(2.36764 0.366994 0)
(2.38919 0.364348 0)
(2.40437 0.368781 0)
(2.41409 0.372332 0)
(2.4287 0.378719 0)
(2.44623 0.376585 0)
(2.45877 0.372745 0)
(2.45169 0.368031 0)
(2.45863 0.344427 0)
(2.45034 0.312143 0)
(2.41212 0.23112 0)
(2.32223 0.0524678 0)
(2.28892 -0.0756378 0)
(2.27176 -0.137334 0)
(2.24867 -0.147453 0)
(2.24663 -0.154347 0)
(2.24949 -0.17554 0)
(2.25266 -0.178799 0)
(2.27028 -0.167531 0)
(2.2887 -0.15801 0)
(2.30486 -0.154964 0)
(2.32227 -0.158081 0)
(2.33852 -0.16266 0)
(2.35385 -0.167762 0)
(2.36685 -0.17367 0)
(2.37325 -0.176529 0)
(2.36827 -0.172581 0)
(2.36555 -0.164898 0)
(2.37853 -0.161156 0)
(2.39606 -0.160089 0)
(2.41437 -0.159515 0)
(2.4323 -0.15918 0)
(2.44867 -0.16129 0)
(2.46313 -0.16774 0)
(2.47255 -0.174293 0)
(2.47324 -0.175281 0)
(2.45911 -0.161586 0)
(2.45475 -0.144833 0)
(2.44146 -0.12098 0)
(2.41428 -0.0651075 0)
(2.35667 0.0423548 0)
(2.35153 0.122054 0)
(2.33439 0.19659 0)
(2.32573 0.213094 0)
(2.32985 0.209312 0)
(2.33469 0.188958 0)
(2.34164 0.176337 0)
(2.32382 0.829667 0)
(2.32777 0.821091 0)
(2.3325 0.822157 0)
(2.33648 0.834301 0)
(2.33525 0.839548 0)
(2.33499 0.835556 0)
(2.3399 0.828618 0)
(2.35459 0.817318 0)
(2.38944 0.793715 0)
(2.42544 0.765406 0)
(2.46863 0.710474 0)
(2.45273 0.565041 0)
(2.32794 0.254307 0)
(2.18437 -0.0888524 0)
(2.10125 -0.31407 0)
(2.08595 -0.398184 0)
(2.11249 -0.411958 0)
(2.15332 -0.411765 0)
(2.19386 -0.407935 0)
(2.23202 -0.411673 0)
(2.26739 -0.424419 0)
(2.29891 -0.438872 0)
(2.32764 -0.444547 0)
(2.35512 -0.439566 0)
(2.3813 -0.433559 0)
(2.40686 -0.438015 0)
(2.43344 -0.441816 0)
(2.4632 -0.443879 0)
(2.49665 -0.450405 0)
(2.53236 -0.449221 0)
(2.56261 -0.441176 0)
(2.58499 -0.438137 0)
(2.60077 -0.43379 0)
(2.61631 -0.425942 0)
(2.63059 -0.416031 0)
(2.64871 -0.405203 0)
(2.66416 -0.402783 0)
(2.66987 -0.395078 0)
(2.68622 -0.376216 0)
(2.68341 -0.332115 0)
(2.64796 -0.228098 0)
(2.54687 -0.00845236 0)
(2.39985 0.240758 0)
(2.32818 0.359852 0)
(2.29457 0.408407 0)
(2.29481 0.4098 0)
(2.31083 0.413919 0)
(2.33717 0.413246 0)
(2.36639 0.409504 0)
(2.38881 0.406214 0)
(2.40207 0.404124 0)
(2.41064 0.411648 0)
(2.42063 0.417406 0)
(2.43111 0.418313 0)
(2.43732 0.412104 0)
(2.4431 0.410211 0)
(2.43052 0.372164 0)
(2.4085 0.304195 0)
(2.34095 0.177283 0)
(2.24988 0.0142172 0)
(2.22379 -0.1097 0)
(2.21119 -0.178681 0)
(2.21548 -0.172776 0)
(2.22635 -0.154495 0)
(2.24128 -0.145407 0)
(2.25167 -0.145558 0)
(2.25986 -0.149888 0)
(2.27447 -0.139839 0)
(2.29153 -0.1298 0)
(2.30969 -0.128481 0)
(2.32538 -0.131142 0)
(2.33785 -0.135109 0)
(2.34979 -0.14133 0)
(2.3627 -0.149282 0)
(2.37424 -0.154759 0)
(2.38055 -0.153073 0)
(2.38119 -0.145833 0)
(2.38503 -0.138792 0)
(2.39887 -0.135562 0)
(2.41741 -0.133445 0)
(2.43628 -0.131328 0)
(2.45317 -0.131314 0)
(2.46891 -0.13774 0)
(2.4805 -0.150361 0)
(2.48309 -0.160061 0)
(2.47311 -0.151316 0)
(2.46953 -0.13689 0)
(2.47181 -0.128759 0)
(2.47256 -0.108516 0)
(2.45215 -0.0553095 0)
(2.42008 0.0316566 0)
(2.40624 0.111041 0)
(2.37197 0.189342 0)
(2.34551 0.212207 0)
(2.33327 0.20404 0)
(2.33179 0.193313 0)
(2.38763 0.779522 0)
(2.34827 0.827339 0)
(2.34746 0.837828 0)
(2.33504 0.852796 0)
(2.32614 0.850945 0)
(2.32041 0.843553 0)
(2.32227 0.835932 0)
(2.33589 0.823173 0)
(2.36533 0.821415 0)
(2.36362 0.756514 0)
(2.3095 0.571687 0)
(2.14369 0.208572 0)
(2.03949 -0.0532803 0)
(2.02545 -0.178085 0)
(2.03615 -0.228686 0)
(2.06652 -0.270847 0)
(2.1038 -0.303973 0)
(2.14043 -0.324724 0)
(2.18013 -0.332391 0)
(2.2227 -0.337723 0)
(2.26388 -0.34727 0)
(2.29986 -0.360167 0)
(2.33106 -0.368635 0)
(2.36145 -0.368341 0)
(2.39256 -0.365831 0)
(2.42386 -0.368522 0)
(2.4547 -0.367316 0)
(2.4824 -0.361617 0)
(2.50393 -0.360848 0)
(2.52574 -0.356637 0)
(2.55721 -0.35197 0)
(2.59476 -0.357499 0)
(2.62516 -0.365472 0)
(2.64802 -0.366235 0)
(2.66163 -0.354836 0)
(2.66065 -0.33737 0)
(2.67 -0.337028 0)
(2.69081 -0.337447 0)
(2.71562 -0.321464 0)
(2.71545 -0.312337 0)
(2.73509 -0.285171 0)
(2.72395 -0.225968 0)
(2.64875 -0.0831318 0)
(2.50693 0.164042 0)
(2.40041 0.356287 0)
(2.32015 0.465873 0)
(2.32269 0.480683 0)
(2.33729 0.476092 0)
(2.36177 0.464444 0)
(2.38491 0.451839 0)
(2.40358 0.450305 0)
(2.41274 0.456387 0)
(2.42062 0.453708 0)
(2.42188 0.453252 0)
(2.42553 0.433646 0)
(2.41078 0.385702 0)
(2.36274 0.285401 0)
(2.26881 0.111636 0)
(2.2098 -0.0126154 0)
(2.19918 -0.0529447 0)
(2.20852 -0.104619 0)
(2.20925 -0.122497 0)
(2.22082 -0.131748 0)
(2.23836 -0.125825 0)
(2.25047 -0.122282 0)
(2.25736 -0.117471 0)
(2.26442 -0.116556 0)
(2.27783 -0.1127 0)
(2.29674 -0.11022 0)
(2.31646 -0.109146 0)
(2.33109 -0.106918 0)
(2.34043 -0.106501 0)
(2.34794 -0.112754 0)
(2.3579 -0.120625 0)
(2.37354 -0.125073 0)
(2.38989 -0.127072 0)
(2.40058 -0.126602 0)
(2.40325 -0.122056 0)
(2.40812 -0.11654 0)
(2.42291 -0.111709 0)
(2.43972 -0.107354 0)
(2.45545 -0.104956 0)
(2.47117 -0.107812 0)
(2.48417 -0.118247 0)
(2.49233 -0.129329 0)
(2.49193 -0.135359 0)
(2.48123 -0.119582 0)
(2.49059 -0.112099 0)
(2.49566 -0.106023 0)
(2.50316 -0.091886 0)
(2.49942 -0.0604127 0)
(2.46839 0.0218044 0)
(2.45173 0.092139 0)
(2.39952 0.16807 0)
(2.3563 0.196552 0)
(2.34114 0.203042 0)
(2.56296 0.612307 0)
(2.44671 0.753485 0)
(2.38737 0.827732 0)
(2.3325 0.841301 0)
(2.32031 0.843364 0)
(2.31835 0.8407 0)
(2.32609 0.841149 0)
(2.32832 0.822442 0)
(2.30918 0.756735 0)
(2.17376 0.516035 0)
(1.97166 0.145518 0)
(1.90743 -0.0916242 0)
(1.90845 -0.178654 0)
(1.94372 -0.179116 0)
(1.99104 -0.174508 0)
(2.03631 -0.187277 0)
(2.08323 -0.216365 0)
(2.13147 -0.244874 0)
(2.18127 -0.262355 0)
(2.23017 -0.27062 0)
(2.27317 -0.276657 0)
(2.30836 -0.283739 0)
(2.33718 -0.288831 0)
(2.36459 -0.28822 0)
(2.39577 -0.286288 0)
(2.43013 -0.287947 0)
(2.46416 -0.285398 0)
(2.49575 -0.280447 0)
(2.525 -0.282674 0)
(2.55102 -0.279983 0)
(2.56993 -0.271236 0)
(2.58749 -0.266943 0)
(2.61274 -0.272308 0)
(2.63403 -0.273778 0)
(2.65468 -0.27352 0)
(2.68233 -0.2769 0)
(2.7002 -0.280425 0)
(2.69946 -0.273496 0)
(2.7083 -0.257274 0)
(2.73681 -0.247365 0)
(2.75854 -0.240608 0)
(2.7789 -0.228146 0)
(2.77643 -0.208092 0)
(2.73148 -0.104761 0)
(2.62026 0.106055 0)
(2.45914 0.350201 0)
(2.42238 0.458334 0)
(2.36714 0.515285 0)
(2.37403 0.516504 0)
(2.39053 0.509024 0)
(2.40913 0.504079 0)
(2.41546 0.499162 0)
(2.41904 0.490064 0)
(2.40474 0.447627 0)
(2.36935 0.361516 0)
(2.31461 0.236982 0)
(2.19376 0.0383147 0)
(2.14552 -0.0788272 0)
(2.15456 -0.122974 0)
(2.18404 -0.109061 0)
(2.20084 -0.102156 0)
(2.21696 -0.0967726 0)
(2.23356 -0.0942923 0)
(2.25502 -0.0970195 0)
(2.27164 -0.101021 0)
(2.28187 -0.100589 0)
(2.28864 -0.0968293 0)
(2.29733 -0.0938481 0)
(2.3103 -0.0931531 0)
(2.32495 -0.0911889 0)
(2.33773 -0.0851327 0)
(2.34556 -0.081458 0)
(2.35607 -0.0869359 0)
(2.37316 -0.0943825 0)
(2.38981 -0.0959765 0)
(2.40594 -0.0957697 0)
(2.419 -0.0962891 0)
(2.42392 -0.0972404 0)
(2.42155 -0.0958097 0)
(2.42842 -0.0912988 0)
(2.44773 -0.0861588 0)
(2.46506 -0.0825939 0)
(2.48024 -0.0833875 0)
(2.49427 -0.0893354 0)
(2.50422 -0.0966818 0)
(2.50867 -0.103044 0)
(2.50465 -0.100343 0)
(2.50257 -0.0919218 0)
(2.51198 -0.086407 0)
(2.52364 -0.083853 0)
(2.53157 -0.0761775 0)
(2.53279 -0.0562308 0)
(2.51622 -0.00394442 0)
(2.47713 0.0739696 0)
(2.43345 0.139809 0)
(2.37131 0.210223 0)
(2.88694 0.186414 0)
(2.70898 0.463685 0)
(2.42237 0.789411 0)
(2.33457 0.845551 0)
(2.33729 0.859268 0)
(2.33585 0.849357 0)
(2.30841 0.802879 0)
(2.22188 0.651689 0)
(2.07774 0.367209 0)
(1.91234 0.105343 0)
(1.86897 0.0161589 0)
(1.87144 -0.0247892 0)
(1.90738 -0.0844226 0)
(1.95089 -0.116596 0)
(1.98723 -0.119854 0)
(2.02671 -0.131229 0)
(2.07242 -0.149088 0)
(2.12511 -0.165445 0)
(2.18088 -0.175143 0)
(2.23241 -0.182035 0)
(2.27858 -0.192353 0)
(2.31917 -0.203995 0)
(2.3534 -0.210278 0)
(2.38095 -0.209468 0)
(2.40643 -0.206847 0)
(2.43559 -0.208438 0)
(2.47056 -0.208064 0)
(2.50439 -0.203314 0)
(2.53191 -0.197284 0)
(2.55285 -0.193619 0)
(2.58133 -0.195287 0)
(2.6114 -0.200703 0)
(2.64021 -0.205611 0)
(2.66773 -0.201266 0)
(2.68678 -0.192855 0)
(2.6894 -0.192926 0)
(2.69596 -0.203219 0)
(2.71458 -0.209536 0)
(2.72481 -0.201736 0)
(2.722 -0.177489 0)
(2.75423 -0.171653 0)
(2.78557 -0.173458 0)
(2.82277 -0.163861 0)
(2.82869 -0.129569 0)
(2.79936 -0.0741829 0)
(2.71172 0.0638198 0)
(2.58009 0.293758 0)
(2.46936 0.482365 0)
(2.40064 0.558046 0)
(2.39816 0.556834 0)
(2.41172 0.55215 0)
(2.40359 0.518362 0)
(2.36615 0.435011 0)
(2.30856 0.296963 0)
(2.25114 0.142885 0)
(2.20544 0.0289063 0)
(2.15329 -0.016841 0)
(2.15726 -0.0488706 0)
(2.16936 -0.0625505 0)
(2.19856 -0.0753363 0)
(2.22458 -0.0735157 0)
(2.23173 -0.069032 0)
(2.23805 -0.0661686 0)
(2.25214 -0.0652158 0)
(2.27084 -0.0663945 0)
(2.28792 -0.0633308 0)
(2.30299 -0.0623534 0)
(2.31653 -0.0676755 0)
(2.3287 -0.0723791 0)
(2.33989 -0.0736557 0)
(2.3498 -0.0699832 0)
(2.35903 -0.062247 0)
(2.36902 -0.057973 0)
(2.38116 -0.0605269 0)
(2.39435 -0.0624608 0)
(2.409 -0.0622331 0)
(2.42628 -0.0637978 0)
(2.43967 -0.0701558 0)
(2.44533 -0.0784724 0)
(2.44841 -0.0745421 0)
(2.45491 -0.0626392 0)
(2.4636 -0.0562414 0)
(2.47478 -0.0577669 0)
(2.48642 -0.0633569 0)
(2.49702 -0.067632 0)
(2.50633 -0.0700529 0)
(2.51371 -0.0744707 0)
(2.51913 -0.0712274 0)
(2.52603 -0.0620251 0)
(2.53389 -0.0583998 0)
(2.54394 -0.0586951 0)
(2.55646 -0.0560913 0)
(2.55352 -0.0439607 0)
(2.53975 -0.00629753 0)
(2.51421 0.0499088 0)
(2.44375 0.160963 0)
(2.99314 0.0159841 0)
(2.9626 0.088442 0)
(2.64454 0.507349 0)
(2.48399 0.718491 0)
(2.40084 0.798378 0)
(2.36217 0.782465 0)
(2.11453 0.522147 0)
(1.8986 0.185765 0)
(1.83891 -0.0379451 0)
(1.83359 -0.0686218 0)
(1.84384 -0.0411727 0)
(1.86031 -0.0270294 0)
(1.8997 -0.0365489 0)
(1.95569 -0.0683041 0)
(2.00412 -0.092809 0)
(2.05108 -0.0953725 0)
(2.09909 -0.0961043 0)
(2.15076 -0.103792 0)
(2.20018 -0.108396 0)
(2.24757 -0.103906 0)
(2.28902 -0.107779 0)
(2.32689 -0.122963 0)
(2.36568 -0.132675 0)
(2.40437 -0.127427 0)
(2.43246 -0.12236 0)
(2.46016 -0.122299 0)
(2.49205 -0.125409 0)
(2.52585 -0.133533 0)
(2.55241 -0.131076 0)
(2.57149 -0.116834 0)
(2.58417 -0.108627 0)
(2.60023 -0.120033 0)
(2.62126 -0.131779 0)
(2.64627 -0.123688 0)
(2.6701 -0.114426 0)
(2.69776 -0.113083 0)
(2.72137 -0.119867 0)
(2.73504 -0.124555 0)
(2.74374 -0.120269 0)
(2.75526 -0.105018 0)
(2.76657 -0.101893 0)
(2.77704 -0.11541 0)
(2.79831 -0.113913 0)
(2.81109 -0.103324 0)
(2.82709 -0.0899608 0)
(2.82161 -0.059955 0)
(2.78799 0.0236028 0)
(2.6497 0.275928 0)
(2.55707 0.446452 0)
(2.46634 0.527046 0)
(2.42483 0.513933 0)
(2.36619 0.430106 0)
(2.19909 0.22416 0)
(2.12677 0.0249419 0)
(2.15852 -0.0730493 0)
(2.15899 -0.0872014 0)
(2.16252 -0.0628641 0)
(2.1647 -0.0480863 0)
(2.18222 -0.0460603 0)
(2.21166 -0.0486945 0)
(2.23975 -0.0489409 0)
(2.25766 -0.0451868 0)
(2.26544 -0.0456284 0)
(2.27247 -0.0458944 0)
(2.28555 -0.0414127 0)
(2.30192 -0.0348351 0)
(2.31691 -0.0318138 0)
(2.33025 -0.0369546 0)
(2.34236 -0.045002 0)
(2.35369 -0.0488682 0)
(2.36144 -0.0457955 0)
(2.37028 -0.0387213 0)
(2.38253 -0.0361073 0)
(2.39706 -0.0382316 0)
(2.41128 -0.0392072 0)
(2.42433 -0.0372174 0)
(2.43194 -0.034989 0)
(2.44249 -0.0397936 0)
(2.45498 -0.0485859 0)
(2.46569 -0.052763 0)
(2.47414 -0.0469819 0)
(2.47737 -0.0358699 0)
(2.48011 -0.0315232 0)
(2.48758 -0.0354196 0)
(2.49381 -0.0412991 0)
(2.4984 -0.0434775 0)
(2.50914 -0.0420207 0)
(2.52369 -0.0398782 0)
(2.53727 -0.0361863 0)
(2.54986 -0.037551 0)
(2.56196 -0.0354438 0)
(2.57155 -0.0348582 0)
(2.56952 -0.0361976 0)
(2.57063 -0.0221801 0)
(2.56433 -0.00156374 0)
(2.52377 0.0773409 0)
(2.99991 0.000238932 0)
(2.99948 0.000177812 0)
(2.90995 0.13493 0)
(2.6909 0.346842 0)
(2.45904 0.224619 0)
(2.3154 0.379168 0)
(2.00933 0.296986 0)
(1.88898 0.0821825 0)
(1.83973 -0.0249088 0)
(1.84642 -0.013468 0)
(1.86843 0.006646 0)
(1.88718 6.7991e-05 0)
(1.91049 -0.0224273 0)
(1.95095 -0.0402204 0)
(2.00127 -0.0441351 0)
(2.05225 -0.0320392 0)
(2.09808 -0.0268883 0)
(2.14463 -0.0337404 0)
(2.20064 -0.0338033 0)
(2.2531 -0.0301165 0)
(2.30409 -0.028483 0)
(2.34564 -0.0344108 0)
(2.37156 -0.0432754 0)
(2.38761 -0.0373294 0)
(2.41509 -0.0314937 0)
(2.44552 -0.0355698 0)
(2.47058 -0.0408336 0)
(2.50105 -0.0430798 0)
(2.54478 -0.0419396 0)
(2.5869 -0.0364972 0)
(2.61773 -0.0331898 0)
(2.63238 -0.0435396 0)
(2.63792 -0.0550807 0)
(2.65018 -0.0438168 0)
(2.67379 -0.0360787 0)
(2.69468 -0.027503 0)
(2.70244 -0.0279972 0)
(2.72124 -0.0395585 0)
(2.7512 -0.0417132 0)
(2.77921 -0.0341063 0)
(2.80317 -0.0293974 0)
(2.8083 -0.0422991 0)
(2.79978 -0.0344531 0)
(2.80681 -0.0200441 0)
(2.8269 -0.027631 0)
(2.84985 -0.0338196 0)
(2.84399 -0.023443 0)
(2.80653 0.0314598 0)
(2.68875 0.173836 0)
(2.52289 0.213096 0)
(2.40537 0.19922 0)
(2.3279 0.249997 0)
(2.17935 0.165697 0)
(2.13674 0.0323347 0)
(2.16001 -0.0344811 0)
(2.16864 -0.0270335 0)
(2.18653 -0.00236988 0)
(2.19987 0.0010544 0)
(2.19903 -0.0232251 0)
(2.21105 -0.0274205 0)
(2.23193 -0.0201654 0)
(2.25349 -0.0145638 0)
(2.2688 -0.0155277 0)
(2.27933 -0.0155541 0)
(2.29042 -0.00896814 0)
(2.30248 -0.0028794 0)
(2.3154 -0.00156744 0)
(2.32886 -0.007417 0)
(2.3396 -0.0188121 0)
(2.3472 -0.0228926 0)
(2.3569 -0.0151419 0)
(2.36807 -0.0102244 0)
(2.38033 -0.012901 0)
(2.3904 -0.0180018 0)
(2.40126 -0.0169144 0)
(2.41809 -0.010495 0)
(2.43592 -0.0102636 0)
(2.45054 -0.0138993 0)
(2.46353 -0.0179052 0)
(2.47501 -0.0194932 0)
(2.48431 -0.0181671 0)
(2.48872 -0.0138007 0)
(2.48621 -0.00927325 0)
(2.48868 -0.00960419 0)
(2.49816 -0.0147635 0)
(2.50854 -0.0158743 0)
(2.51936 -0.0117381 0)
(2.52732 -0.0114497 0)
(2.53304 -0.0116428 0)
(2.54095 -0.014277 0)
(2.55133 -0.0118066 0)
(2.56389 -0.0089065 0)
(2.57385 -0.00965368 0)
(2.58202 -0.00999744 0)
(2.58577 -0.0083458 0)
(2.56738 0.0110356 0)
(2.99987 -0.000189717 0)
(2.99516 -0.0128157 0)
(2.98057 -0.0213846 0)
(2.72965 -0.294679 0)
(2.42166 -0.619183 0)
(2.10326 -0.253201 0)
(2.05805 -0.0809236 0)
(1.98503 -0.109651 0)
(1.82923 -0.0793425 0)
(1.8284 0.00408882 0)
(1.84408 0.0407732 0)
(1.87621 0.0293525 0)
(1.90247 0.00309605 0)
(1.94559 0.00075412 0)
(2.00838 0.0151741 0)
(2.07051 0.0317365 0)
(2.12724 0.0320293 0)
(2.17134 0.0309001 0)
(2.20628 0.0338644 0)
(2.24344 0.0366483 0)
(2.28069 0.0403521 0)
(2.31117 0.0406158 0)
(2.34545 0.0398357 0)
(2.39266 0.0388029 0)
(2.43666 0.0378654 0)
(2.47398 0.0347318 0)
(2.50399 0.0385547 0)
(2.53368 0.0470126 0)
(2.55132 0.0419632 0)
(2.56808 0.0344774 0)
(2.58577 0.0355947 0)
(2.5919 0.0378 0)
(2.6201 0.0354637 0)
(2.65585 0.0393197 0)
(2.69143 0.0411724 0)
(2.72294 0.0417896 0)
(2.74446 0.0460221 0)
(2.75118 0.0495422 0)
(2.75298 0.0422755 0)
(2.76344 0.0376152 0)
(2.77174 0.0377873 0)
(2.78429 0.0298544 0)
(2.80563 0.0359051 0)
(2.82404 0.0368326 0)
(2.84724 0.0320935 0)
(2.87711 0.0211354 0)
(2.84818 -0.00099025 0)
(2.81273 -0.0330605 0)
(2.70316 -0.138283 0)
(2.51976 -0.318992 0)
(2.33253 -0.295327 0)
(2.23423 -0.0828412 0)
(2.23667 -0.0386678 0)
(2.1804 -0.0641429 0)
(2.15404 -0.0548311 0)
(2.15684 0.0014064 0)
(2.16054 0.0401106 0)
(2.18635 0.0361593 0)
(2.2092 0.0115177 0)
(2.21999 -0.00236478 0)
(2.23714 0.00697375 0)
(2.25283 0.0193637 0)
(2.27355 0.0146979 0)
(2.28855 0.00899254 0)
(2.30068 0.0112188 0)
(2.31157 0.0169963 0)
(2.32169 0.0210879 0)
(2.33095 0.0181413 0)
(2.34058 0.0101647 0)
(2.35351 0.00975327 0)
(2.36604 0.0147051 0)
(2.37774 0.016322 0)
(2.38585 0.0146439 0)
(2.3904 0.00955715 0)
(2.40184 0.009751 0)
(2.4155 0.014324 0)
(2.42863 0.01548 0)
(2.44083 0.0127139 0)
(2.45249 0.00771486 0)
(2.46397 0.00472025 0)
(2.47425 0.00567742 0)
(2.48248 0.0099946 0)
(2.48818 0.00893304 0)
(2.48833 0.00958956 0)
(2.48845 0.00761853 0)
(2.49701 0.0106056 0)
(2.50842 0.0153418 0)
(2.52095 0.017248 0)
(2.53211 0.0178516 0)
(2.54148 0.0147919 0)
(2.55331 0.0133879 0)
(2.56831 0.0176231 0)
(2.58159 0.0160041 0)
(2.59432 0.0122065 0)
(2.59274 0.00287253 0)
(2.57444 -0.011034 0)
(2.99164 -0.0158049 0)
(2.89604 -0.174681 0)
(2.80487 -0.381445 0)
(2.52735 -0.707593 0)
(2.40257 -0.899124 0)
(2.1953 -0.705578 0)
(2.13889 -0.485506 0)
(2.06785 -0.251332 0)
(1.84392 -0.0312563 0)
(1.79232 0.0797368 0)
(1.80961 0.0681218 0)
(1.84775 0.0353918 0)
(1.89261 0.0297031 0)
(1.956 0.0516045 0)
(2.00913 0.0896636 0)
(2.05366 0.109699 0)
(2.10467 0.109621 0)
(2.15745 0.10765 0)
(2.20836 0.109632 0)
(2.25363 0.117251 0)
(2.29275 0.12491 0)
(2.32993 0.127066 0)
(2.36451 0.129183 0)
(2.39217 0.122787 0)
(2.41975 0.115695 0)
(2.44736 0.109361 0)
(2.47699 0.112467 0)
(2.50716 0.121166 0)
(2.54307 0.124959 0)
(2.57678 0.125283 0)
(2.5993 0.121279 0)
(2.61752 0.121927 0)
(2.63726 0.123798 0)
(2.65504 0.120493 0)
(2.67854 0.121451 0)
(2.70009 0.120176 0)
(2.71343 0.12145 0)
(2.7238 0.120155 0)
(2.73919 0.115397 0)
(2.75925 0.108957 0)
(2.7802 0.110988 0)
(2.78837 0.103343 0)
(2.7838 0.10174 0)
(2.79733 0.0943526 0)
(2.82472 0.0861271 0)
(2.82558 0.0555141 0)
(2.77639 -0.0518536 0)
(2.6687 -0.266082 0)
(2.5855 -0.422333 0)
(2.48851 -0.589255 0)
(2.38098 -0.537849 0)
(2.26382 -0.351144 0)
(2.26283 -0.205067 0)
(2.22755 -0.0803928 0)
(2.14562 0.00998625 0)
(2.1264 0.0784804 0)
(2.13544 0.0817013 0)
(2.16808 0.0624587 0)
(2.19311 0.031724 0)
(2.21761 0.0282257 0)
(2.24144 0.0464344 0)
(2.2537 0.0595148 0)
(2.26666 0.0511554 0)
(2.27734 0.0360794 0)
(2.28705 0.0332225 0)
(2.30132 0.0386695 0)
(2.3194 0.0436237 0)
(2.33654 0.0433985 0)
(2.34778 0.0409982 0)
(2.35066 0.0421573 0)
(2.3536 0.0463761 0)
(2.36311 0.0495606 0)
(2.37933 0.0432134 0)
(2.39478 0.0349493 0)
(2.41048 0.0335854 0)
(2.42679 0.0377594 0)
(2.43781 0.0441953 0)
(2.445 0.0472543 0)
(2.45413 0.0445273 0)
(2.46333 0.0405101 0)
(2.47284 0.0358603 0)
(2.48299 0.0329853 0)
(2.49218 0.0297042 0)
(2.49322 0.0316094 0)
(2.49239 0.0343025 0)
(2.50173 0.0393241 0)
(2.51425 0.0437519 0)
(2.52628 0.0441916 0)
(2.53881 0.0415962 0)
(2.55162 0.0399585 0)
(2.5601 0.0405112 0)
(2.56101 0.0429494 0)
(2.56858 0.0386654 0)
(2.57784 0.0302916 0)
(2.57301 0.00690388 0)
(2.53596 -0.0739766 0)
(2.88522 -0.197193 0)
(2.59226 -0.601996 0)
(2.4883 -0.70309 0)
(2.37653 -0.78577 0)
(2.34529 -0.863775 0)
(2.33354 -0.866629 0)
(2.31206 -0.827275 0)
(2.23196 -0.668076 0)
(2.08223 -0.386301 0)
(1.90404 -0.106095 0)
(1.85806 -0.00148418 0)
(1.86727 0.035601 0)
(1.90619 0.0730535 0)
(1.95309 0.103266 0)
(1.99026 0.138234 0)
(2.02991 0.157419 0)
(2.07994 0.164285 0)
(2.1348 0.169093 0)
(2.1864 0.175236 0)
(2.22975 0.184388 0)
(2.26788 0.192079 0)
(2.3049 0.192934 0)
(2.34159 0.191127 0)
(2.37575 0.193914 0)
(2.40904 0.197891 0)
(2.44654 0.198389 0)
(2.48573 0.202816 0)
(2.52194 0.20893 0)
(2.54914 0.211101 0)
(2.55966 0.202094 0)
(2.5691 0.197989 0)
(2.59269 0.204863 0)
(2.62239 0.205485 0)
(2.64731 0.19845 0)
(2.66121 0.193085 0)
(2.67918 0.196117 0)
(2.70868 0.197306 0)
(2.73906 0.189437 0)
(2.75971 0.188353 0)
(2.76646 0.186693 0)
(2.76222 0.181591 0)
(2.76278 0.182877 0)
(2.75997 0.177197 0)
(2.78234 0.149798 0)
(2.77656 0.0890939 0)
(2.72488 -0.0409864 0)
(2.55603 -0.333796 0)
(2.49462 -0.464697 0)
(2.41388 -0.542349 0)
(2.41479 -0.554912 0)
(2.40992 -0.553192 0)
(2.3889 -0.510494 0)
(2.37145 -0.434541 0)
(2.31862 -0.306686 0)
(2.2411 -0.17784 0)
(2.17999 -0.0424715 0)
(2.16662 0.0372264 0)
(2.1766 0.0527476 0)
(2.18765 0.060839 0)
(2.20247 0.0766888 0)
(2.21066 0.0902136 0)
(2.22591 0.0796311 0)
(2.23903 0.0628182 0)
(2.25152 0.0556145 0)
(2.26624 0.0568279 0)
(2.28282 0.0575941 0)
(2.30055 0.0603103 0)
(2.317 0.0652664 0)
(2.33043 0.0694879 0)
(2.34161 0.0739611 0)
(2.34847 0.0789718 0)
(2.35489 0.0778157 0)
(2.36792 0.0674779 0)
(2.38258 0.0580688 0)
(2.39664 0.0568701 0)
(2.41177 0.0632922 0)
(2.42586 0.0707901 0)
(2.43732 0.0743481 0)
(2.44371 0.0722001 0)
(2.44887 0.0671783 0)
(2.457 0.0619963 0)
(2.46768 0.0591702 0)
(2.48006 0.0548157 0)
(2.49262 0.0518142 0)
(2.50399 0.0532173 0)
(2.51064 0.0612248 0)
(2.51165 0.0686477 0)
(2.51615 0.0722338 0)
(2.52526 0.0677701 0)
(2.53561 0.0639245 0)
(2.54309 0.0669941 0)
(2.55489 0.0590954 0)
(2.55332 0.0435171 0)
(2.53963 0.00837217 0)
(2.51236 -0.0560807 0)
(2.45823 -0.1726 0)
(2.60105 -0.592177 0)
(2.38981 -0.842916 0)
(2.33579 -0.840927 0)
(2.32635 -0.814089 0)
(2.33366 -0.817385 0)
(2.34155 -0.833313 0)
(2.34069 -0.843724 0)
(2.33757 -0.834366 0)
(2.30953 -0.758552 0)
(2.16177 -0.489493 0)
(1.97838 -0.127148 0)
(1.89516 0.0963033 0)
(1.9226 0.176428 0)
(1.94528 0.186253 0)
(1.98565 0.192083 0)
(2.03453 0.202607 0)
(2.08675 0.21904 0)
(2.13724 0.236687 0)
(2.18219 0.252851 0)
(2.22293 0.265212 0)
(2.26276 0.271116 0)
(2.302 0.270223 0)
(2.33898 0.270555 0)
(2.37437 0.278091 0)
(2.40783 0.285553 0)
(2.43809 0.286833 0)
(2.46514 0.286511 0)
(2.49306 0.285048 0)
(2.51997 0.284422 0)
(2.54594 0.281176 0)
(2.5693 0.280661 0)
(2.58772 0.278656 0)
(2.60555 0.274736 0)
(2.63087 0.273708 0)
(2.66282 0.272894 0)
(2.69185 0.280613 0)
(2.7115 0.281875 0)
(2.72107 0.263875 0)
(2.72458 0.251789 0)
(2.72168 0.254011 0)
(2.73456 0.247891 0)
(2.7649 0.228262 0)
(2.76037 0.197985 0)
(2.71317 0.0889857 0)
(2.62869 -0.103862 0)
(2.47373 -0.356223 0)
(2.41856 -0.464145 0)
(2.36806 -0.505909 0)
(2.37537 -0.501923 0)
(2.39105 -0.494561 0)
(2.41725 -0.494509 0)
(2.41188 -0.505668 0)
(2.40486 -0.484565 0)
(2.39789 -0.457196 0)
(2.36338 -0.385423 0)
(2.28221 -0.222683 0)
(2.2178 -0.0349058 0)
(2.2003 0.0753765 0)
(2.17909 0.13451 0)
(2.17327 0.134815 0)
(2.18104 0.123082 0)
(2.20241 0.0961812 0)
(2.22112 0.0821137 0)
(2.23749 0.0851757 0)
(2.25115 0.0873917 0)
(2.27179 0.086682 0)
(2.29269 0.0877808 0)
(2.31214 0.0906609 0)
(2.3282 0.0974489 0)
(2.33421 0.103805 0)
(2.33194 0.103312 0)
(2.33907 0.097639 0)
(2.35637 0.091514 0)
(2.37293 0.0873344 0)
(2.38746 0.0874844 0)
(2.40221 0.091442 0)
(2.41669 0.0956827 0)
(2.42824 0.0972518 0)
(2.43439 0.0964248 0)
(2.43913 0.0961437 0)
(2.44781 0.0945581 0)
(2.45893 0.0899647 0)
(2.47058 0.0827619 0)
(2.48317 0.0798172 0)
(2.49332 0.081038 0)
(2.49965 0.0845514 0)
(2.50317 0.0906461 0)
(2.50732 0.0979387 0)
(2.51543 0.095503 0)
(2.52907 0.0918361 0)
(2.53322 0.0833368 0)
(2.5312 0.057046 0)
(2.51467 0.0128061 0)
(2.45901 -0.078736 0)
(2.43008 -0.152026 0)
(2.39928 -0.228178 0)
(2.3865 -0.79753 0)
(2.33168 -0.867455 0)
(2.30941 -0.870387 0)
(2.30543 -0.857603 0)
(2.31241 -0.835952 0)
(2.32972 -0.825628 0)
(2.33518 -0.824769 0)
(2.34617 -0.82126 0)
(2.37145 -0.825097 0)
(2.36287 -0.756005 0)
(2.30422 -0.557042 0)
(2.15402 -0.218253 0)
(2.04168 0.0444342 0)
(2.01895 0.197414 0)
(2.02946 0.245711 0)
(2.06817 0.276123 0)
(2.11211 0.292404 0)
(2.14949 0.309524 0)
(2.18342 0.328025 0)
(2.21781 0.339876 0)
(2.25415 0.343739 0)
(2.29106 0.343762 0)
(2.32688 0.349155 0)
(2.361 0.364037 0)
(2.39283 0.377251 0)
(2.42658 0.379314 0)
(2.46149 0.376914 0)
(2.49495 0.374289 0)
(2.52376 0.371256 0)
(2.54781 0.365286 0)
(2.568 0.364648 0)
(2.58907 0.365317 0)
(2.60906 0.367379 0)
(2.62685 0.360387 0)
(2.64283 0.3439 0)
(2.65835 0.341472 0)
(2.67588 0.338676 0)
(2.69418 0.32658 0)
(2.71609 0.318871 0)
(2.72485 0.316103 0)
(2.73877 0.282069 0)
(2.72391 0.228958 0)
(2.65587 0.0877502 0)
(2.48126 -0.200526 0)
(2.40497 -0.359217 0)
(2.34298 -0.453667 0)
(2.3311 -0.470786 0)
(2.34329 -0.464927 0)
(2.36191 -0.457835 0)
(2.37798 -0.460589 0)
(2.39137 -0.459197 0)
(2.39598 -0.466349 0)
(2.40099 -0.455302 0)
(2.41348 -0.448069 0)
(2.42192 -0.43288 0)
(2.41626 -0.394094 0)
(2.36382 -0.274079 0)
(2.30314 -0.108091 0)
(2.23247 0.0490331 0)
(2.19582 0.0910323 0)
(2.19285 0.100677 0)
(2.19893 0.102879 0)
(2.21758 0.115699 0)
(2.22801 0.123263 0)
(2.23761 0.119688 0)
(2.25597 0.109178 0)
(2.27591 0.107894 0)
(2.29776 0.113486 0)
(2.31403 0.123561 0)
(2.31822 0.127689 0)
(2.31531 0.118704 0)
(2.32297 0.111329 0)
(2.34057 0.110268 0)
(2.35797 0.111272 0)
(2.3734 0.112972 0)
(2.38914 0.115503 0)
(2.4053 0.118241 0)
(2.41879 0.119522 0)
(2.42647 0.119343 0)
(2.42936 0.119109 0)
(2.43452 0.118733 0)
(2.44558 0.116456 0)
(2.459 0.112451 0)
(2.47128 0.110429 0)
(2.4803 0.109666 0)
(2.48774 0.110312 0)
(2.49698 0.114674 0)
(2.50164 0.116301 0)
(2.5109 0.109011 0)
(2.51196 0.10194 0)
(2.50048 0.07155 0)
(2.47186 0.0149266 0)
(2.42371 -0.0667649 0)
(2.36647 -0.160931 0)
(2.34416 -0.228024 0)
(2.35521 -0.242043 0)
(2.33315 -0.832707 0)
(2.32722 -0.833469 0)
(2.3206 -0.837386 0)
(2.32062 -0.833978 0)
(2.32559 -0.831272 0)
(2.3314 -0.826128 0)
(2.34041 -0.823016 0)
(2.35847 -0.814704 0)
(2.39097 -0.795167 0)
(2.42604 -0.763892 0)
(2.46691 -0.712489 0)
(2.4533 -0.567891 0)
(2.32018 -0.251599 0)
(2.18235 0.0880645 0)
(2.10872 0.315632 0)
(2.09319 0.391713 0)
(2.12164 0.395158 0)
(2.1532 0.394784 0)
(2.18618 0.404476 0)
(2.22243 0.417628 0)
(2.25996 0.427698 0)
(2.29681 0.433432 0)
(2.33097 0.440458 0)
(2.36167 0.4539 0)
(2.39006 0.462797 0)
(2.41963 0.458754 0)
(2.44924 0.451008 0)
(2.47795 0.449203 0)
(2.50261 0.447762 0)
(2.52438 0.441119 0)
(2.54401 0.435875 0)
(2.56199 0.431205 0)
(2.57552 0.428545 0)
(2.59552 0.418515 0)
(2.62322 0.402474 0)
(2.6545 0.40165 0)
(2.68393 0.406955 0)
(2.70101 0.395351 0)
(2.70438 0.383124 0)
(2.6926 0.333288 0)
(2.65011 0.233755 0)
(2.54938 0.0232898 0)
(2.39401 -0.232304 0)
(2.31537 -0.371389 0)
(2.29295 -0.420861 0)
(2.30178 -0.415548 0)
(2.32367 -0.414737 0)
(2.34871 -0.40657 0)
(2.37226 -0.405419 0)
(2.38777 -0.411924 0)
(2.39086 -0.416285 0)
(2.39109 -0.422563 0)
(2.40738 -0.42272 0)
(2.42872 -0.41481 0)
(2.44323 -0.403873 0)
(2.45666 -0.404616 0)
(2.45121 -0.385602 0)
(2.42035 -0.303958 0)
(2.36784 -0.173861 0)
(2.25389 0.0191735 0)
(2.21869 0.099249 0)
(2.19168 0.1571 0)
(2.2015 0.163796 0)
(2.21727 0.155522 0)
(2.23528 0.150446 0)
(2.25541 0.138481 0)
(2.27714 0.136776 0)
(2.29789 0.144761 0)
(2.31027 0.153674 0)
(2.31217 0.152353 0)
(2.3085 0.139036 0)
(2.31348 0.130347 0)
(2.32916 0.131887 0)
(2.34734 0.136364 0)
(2.3646 0.139394 0)
(2.38211 0.141479 0)
(2.39924 0.143073 0)
(2.41348 0.143203 0)
(2.4219 0.14282 0)
(2.42571 0.14464 0)
(2.43086 0.149184 0)
(2.43906 0.149444 0)
(2.44902 0.143628 0)
(2.45871 0.139979 0)
(2.46666 0.133291 0)
(2.47477 0.132379 0)
(2.48284 0.13474 0)
(2.49339 0.13002 0)
(2.49027 0.111493 0)
(2.46819 0.0663457 0)
(2.43359 -0.0044139 0)
(2.37616 -0.0892574 0)
(2.33076 -0.145977 0)
(2.3081 -0.19554 0)
(2.31472 -0.21338 0)
(2.34001 -0.212593 0)
(2.33079 -0.844126 0)
(2.3266 -0.846706 0)
(2.3193 -0.845241 0)
(2.32046 -0.840574 0)
(2.32787 -0.837947 0)
(2.33768 -0.830646 0)
(2.35693 -0.81709 0)
(2.38607 -0.798163 0)
(2.43653 -0.755123 0)
(2.46687 -0.724561 0)
(2.53759 -0.645026 0)
(2.58651 -0.617375 0)
(2.56754 -0.496932 0)
(2.5148 -0.284421 0)
(2.3322 0.0965108 0)
(2.22817 0.329671 0)
(2.16906 0.467601 0)
(2.1771 0.484789 0)
(2.20819 0.499632 0)
(2.24376 0.510225 0)
(2.27794 0.518923 0)
(2.30894 0.523809 0)
(2.33808 0.530377 0)
(2.36695 0.544507 0)
(2.39633 0.554687 0)
(2.42549 0.551723 0)
(2.45182 0.53969 0)
(2.47415 0.534633 0)
(2.49252 0.526049 0)
(2.50659 0.51335 0)
(2.52436 0.501931 0)
(2.54837 0.49964 0)
(2.57673 0.492436 0)
(2.60708 0.480132 0)
(2.63324 0.462048 0)
(2.65292 0.462087 0)
(2.65583 0.465112 0)
(2.66443 0.438669 0)
(2.64453 0.363725 0)
(2.57007 0.205163 0)
(2.39031 -0.0847692 0)
(2.32756 -0.251238 0)
(2.25942 -0.361561 0)
(2.24438 -0.391418 0)
(2.26406 -0.388663 0)
(2.28825 -0.382307 0)
(2.31419 -0.371364 0)
(2.33883 -0.364059 0)
(2.35876 -0.361619 0)
(2.36985 -0.367508 0)
(2.37143 -0.374464 0)
(2.37487 -0.375105 0)
(2.39119 -0.369674 0)
(2.41676 -0.366002 0)
(2.44108 -0.360821 0)
(2.46401 -0.369415 0)
(2.4735 -0.37437 0)
(2.47732 -0.364262 0)
(2.45757 -0.305846 0)
(2.41501 -0.215287 0)
(2.3443 -0.0872793 0)
(2.25345 0.0596453 0)
(2.23093 0.130513 0)
(2.23974 0.161551 0)
(2.24598 0.166129 0)
(2.26379 0.16893 0)
(2.28185 0.169717 0)
(2.29235 0.171777 0)
(2.30047 0.175168 0)
(2.30631 0.172792 0)
(2.30809 0.163271 0)
(2.31139 0.156444 0)
(2.32437 0.158547 0)
(2.3417 0.163417 0)
(2.35904 0.165694 0)
(2.37732 0.166723 0)
(2.39617 0.16732 0)
(2.41425 0.167425 0)
(2.4279 0.168198 0)
(2.43387 0.173032 0)
(2.4318 0.179211 0)
(2.43004 0.175994 0)
(2.43696 0.166409 0)
(2.44237 0.15624 0)
(2.457 0.154583 0)
(2.46864 0.154201 0)
(2.47367 0.145457 0)
(2.46742 0.114167 0)
(2.43879 0.0461238 0)
(2.39049 -0.0453333 0)
(2.35614 -0.117577 0)
(2.31046 -0.150996 0)
(2.2847 -0.173631 0)
(2.29084 -0.189877 0)
(2.30953 -0.191632 0)
(2.33267 -0.184521 0)
(2.32987 -0.841652 0)
(2.33213 -0.843227 0)
(2.33145 -0.840992 0)
(2.33444 -0.838799 0)
(2.33865 -0.834775 0)
(2.35612 -0.822502 0)
(2.38912 -0.797727 0)
(2.42828 -0.767859 0)
(2.48942 -0.706568 0)
(2.54953 -0.629365 0)
(2.57486 -0.60031 0)
(2.6272 -0.545797 0)
(2.65176 -0.508744 0)
(2.68526 -0.396753 0)
(2.66281 -0.23355 0)
(2.473 0.130416 0)
(2.32704 0.410485 0)
(2.22362 0.590974 0)
(2.21694 0.623289 0)
(2.24979 0.623224 0)
(2.28662 0.615337 0)
(2.31694 0.60946 0)
(2.3432 0.614582 0)
(2.36857 0.627035 0)
(2.39544 0.634478 0)
(2.4208 0.625583 0)
(2.44305 0.604224 0)
(2.46124 0.594644 0)
(2.48124 0.590513 0)
(2.50209 0.585207 0)
(2.52733 0.57373 0)
(2.54584 0.563913 0)
(2.56883 0.54733 0)
(2.58897 0.537827 0)
(2.60658 0.516163 0)
(2.62944 0.523391 0)
(2.61793 0.480777 0)
(2.5691 0.362267 0)
(2.44966 0.113131 0)
(2.31988 -0.134045 0)
(2.22955 -0.275994 0)
(2.21782 -0.328103 0)
(2.23045 -0.326872 0)
(2.25783 -0.334161 0)
(2.27971 -0.329699 0)
(2.29975 -0.327069 0)
(2.3243 -0.327003 0)
(2.34831 -0.326476 0)
(2.36664 -0.322762 0)
(2.37587 -0.324219 0)
(2.37415 -0.332333 0)
(2.3799 -0.336145 0)
(2.40066 -0.334652 0)
(2.42645 -0.330955 0)
(2.45146 -0.325941 0)
(2.4733 -0.330805 0)
(2.48811 -0.336367 0)
(2.48974 -0.3379 0)
(2.4927 -0.324001 0)
(2.48435 -0.289471 0)
(2.46394 -0.238158 0)
(2.40432 -0.126686 0)
(2.31288 0.0466593 0)
(2.28118 0.154774 0)
(2.26901 0.207272 0)
(2.26808 0.207953 0)
(2.27577 0.204501 0)
(2.28799 0.201673 0)
(2.29883 0.197987 0)
(2.30942 0.194813 0)
(2.31426 0.192119 0)
(2.31723 0.189797 0)
(2.3283 0.190938 0)
(2.34326 0.192598 0)
(2.3603 0.193278 0)
(2.37822 0.193232 0)
(2.39619 0.19261 0)
(2.41368 0.193081 0)
(2.42799 0.195311 0)
(2.43456 0.199074 0)
(2.42889 0.203105 0)
(2.42405 0.199299 0)
(2.42717 0.187074 0)
(2.43912 0.179707 0)
(2.447 0.173204 0)
(2.45102 0.154813 0)
(2.43867 0.113708 0)
(2.39434 0.0142262 0)
(2.3641 -0.0664668 0)
(2.3319 -0.125213 0)
(2.30934 -0.150761 0)
(2.29216 -0.162568 0)
(2.28107 -0.174778 0)
(2.29441 -0.172843 0)
(2.31188 -0.165638 0)
(2.33329 -0.156773 0)
(2.339 -0.838329 0)
(2.33873 -0.839033 0)
(2.34079 -0.838852 0)
(2.34434 -0.837722 0)
(2.35852 -0.827809 0)
(2.38683 -0.805631 0)
(2.42256 -0.774839 0)
(2.49603 -0.703908 0)
(2.55023 -0.6256 0)
(2.58024 -0.609116 0)
(2.6144 -0.550118 0)
(2.70699 -0.442573 0)
(2.75108 -0.362963 0)
(2.77496 -0.354898 0)
(2.80427 -0.286331 0)
(2.76583 -0.18741 0)
(2.6299 0.112651 0)
(2.42927 0.481373 0)
(2.29684 0.661292 0)
(2.27085 0.722265 0)
(2.29547 0.721478 0)
(2.32954 0.711446 0)
(2.35483 0.706615 0)
(2.37519 0.70622 0)
(2.39623 0.706189 0)
(2.41868 0.693145 0)
(2.43952 0.668744 0)
(2.45646 0.653122 0)
(2.47352 0.650542 0)
(2.49232 0.643333 0)
(2.50156 0.636639 0)
(2.52563 0.618898 0)
(2.55433 0.599405 0)
(2.57665 0.58663 0)
(2.59891 0.55448 0)
(2.58006 0.488303 0)
(2.49311 0.314192 0)
(2.3006 -0.0163121 0)
(2.23676 -0.183815 0)
(2.1843 -0.287227 0)
(2.17852 -0.302134 0)
(2.19345 -0.303394 0)
(2.21964 -0.298411 0)
(2.25212 -0.283169 0)
(2.27869 -0.276061 0)
(2.3052 -0.281142 0)
(2.33 -0.285629 0)
(2.35046 -0.284325 0)
(2.36325 -0.281688 0)
(2.36758 -0.285553 0)
(2.37182 -0.29425 0)
(2.38666 -0.298764 0)
(2.40836 -0.298179 0)
(2.43183 -0.29278 0)
(2.45343 -0.286705 0)
(2.47406 -0.28655 0)
(2.49238 -0.294469 0)
(2.50225 -0.296003 0)
(2.50732 -0.291693 0)
(2.50262 -0.281799 0)
(2.51473 -0.269215 0)
(2.50668 -0.235872 0)
(2.47362 -0.155217 0)
(2.38903 0.0138974 0)
(2.34388 0.117667 0)
(2.32152 0.169365 0)
(2.30546 0.210129 0)
(2.30091 0.213305 0)
(2.30681 0.214207 0)
(2.3174 0.218752 0)
(2.32207 0.226698 0)
(2.31926 0.225311 0)
(2.33166 0.220166 0)
(2.35031 0.218873 0)
(2.36896 0.218953 0)
(2.38769 0.220137 0)
(2.4053 0.220343 0)
(2.42235 0.221256 0)
(2.43745 0.221875 0)
(2.44225 0.223727 0)
(2.42543 0.222618 0)
(2.4212 0.214716 0)
(2.42808 0.207867 0)
(2.4316 0.198933 0)
(2.42314 0.167169 0)
(2.39516 0.100882 0)
(2.34752 -0.0124241 0)
(2.33469 -0.0859781 0)
(2.30671 -0.144149 0)
(2.29549 -0.156648 0)
(2.2859 -0.167127 0)
(2.28599 -0.172597 0)
(2.29657 -0.168691 0)
(2.31062 -0.157089 0)
(2.32297 -0.137435 0)
(2.34178 -0.129666 0)
(2.34194 -0.84135 0)
(2.34444 -0.845334 0)
(2.34922 -0.844887 0)
(2.36076 -0.836973 0)
(2.38559 -0.816047 0)
(2.4313 -0.77559 0)
(2.50687 -0.692447 0)
(2.55535 -0.64003 0)
(2.57812 -0.612689 0)
(2.67159 -0.510638 0)
(2.73827 -0.398933 0)
(2.76308 -0.332231 0)
(2.79013 -0.329499 0)
(2.80004 -0.299862 0)
(2.86285 -0.213957 0)
(2.89432 -0.158083 0)
(2.87041 -0.0343124 0)
(2.78786 0.180349 0)
(2.51257 0.559522 0)
(2.3838 0.745081 0)
(2.28445 0.80788 0)
(2.30453 0.8082 0)
(2.33823 0.796592 0)
(2.36475 0.776089 0)
(2.38007 0.767756 0)
(2.40393 0.748025 0)
(2.41993 0.724869 0)
(2.43517 0.70338 0)
(2.45352 0.69954 0)
(2.4761 0.693037 0)
(2.4858 0.683468 0)
(2.51936 0.654865 0)
(2.54604 0.639104 0)
(2.54846 0.590792 0)
(2.50622 0.46516 0)
(2.36941 0.196946 0)
(2.2323 -0.0673948 0)
(2.17252 -0.201325 0)
(2.15887 -0.243067 0)
(2.17216 -0.243268 0)
(2.1964 -0.246925 0)
(2.21594 -0.250391 0)
(2.23515 -0.250156 0)
(2.2659 -0.240967 0)
(2.29103 -0.237531 0)
(2.31353 -0.240491 0)
(2.3367 -0.243802 0)
(2.35753 -0.245145 0)
(2.36734 -0.245182 0)
(2.37029 -0.249435 0)
(2.38243 -0.256306 0)
(2.3998 -0.259698 0)
(2.41872 -0.260037 0)
(2.44011 -0.255581 0)
(2.463 -0.249515 0)
(2.48352 -0.247454 0)
(2.50149 -0.252931 0)
(2.51498 -0.259759 0)
(2.52134 -0.259969 0)
(2.52313 -0.248921 0)
(2.52939 -0.247032 0)
(2.53761 -0.244105 0)
(2.53582 -0.222031 0)
(2.51919 -0.166796 0)
(2.47252 -0.0652394 0)
(2.38628 0.0934008 0)
(2.35672 0.195005 0)
(2.31869 0.251547 0)
(2.31566 0.2456 0)
(2.32003 0.24639 0)
(2.32632 0.25675 0)
(2.32538 0.258241 0)
(2.33513 0.252776 0)
(2.3533 0.247519 0)
(2.37032 0.24658 0)
(2.38749 0.247846 0)
(2.40478 0.247331 0)
(2.42332 0.245797 0)
(2.44006 0.244354 0)
(2.44297 0.246721 0)
(2.42624 0.243772 0)
(2.42063 0.227938 0)
(2.41752 0.214805 0)
(2.40163 0.177331 0)
(2.35112 0.0839694 0)
(2.29898 -0.0247809 0)
(2.30085 -0.0780758 0)
(2.29723 -0.120708 0)
(2.29508 -0.126827 0)
(2.29319 -0.134958 0)
(2.29761 -0.147297 0)
(2.30296 -0.155316 0)
(2.31809 -0.147498 0)
(2.33184 -0.132945 0)
(2.33835 -0.114015 0)
(2.35177 -0.109791 0)
(2.34844 -0.848909 0)
(2.35417 -0.8474 0)
(2.35925 -0.842165 0)
(2.38216 -0.822441 0)
(2.44026 -0.770307 0)
(2.50922 -0.692711 0)
(2.545 -0.652381 0)
(2.61641 -0.572145 0)
(2.71899 -0.453121 0)
(2.76547 -0.360556 0)
(2.77871 -0.325358 0)
(2.7869 -0.303603 0)
(2.84692 -0.214161 0)
(2.90967 -0.117275 0)
(2.91296 -0.0515645 0)
(2.93297 -0.0561227 0)
(2.9452 -0.0175299 0)
(2.91566 0.081056 0)
(2.83311 0.233063 0)
(2.58906 0.574468 0)
(2.44193 0.767159 0)
(2.29547 0.849798 0)
(2.30572 0.853842 0)
(2.33298 0.843167 0)
(2.36352 0.82177 0)
(2.38746 0.796692 0)
(2.40849 0.766959 0)
(2.43032 0.737055 0)
(2.44817 0.721994 0)
(2.46637 0.721925 0)
(2.48091 0.711843 0)
(2.49929 0.678147 0)
(2.49127 0.600539 0)
(2.41254 0.41084 0)
(2.2264 0.0803269 0)
(2.15127 -0.0949985 0)
(2.13467 -0.212971 0)
(2.12735 -0.234969 0)
(2.14791 -0.232325 0)
(2.17739 -0.212108 0)
(2.1996 -0.192111 0)
(2.22547 -0.197267 0)
(2.25111 -0.209223 0)
(2.27782 -0.2048 0)
(2.30185 -0.196789 0)
(2.32519 -0.200609 0)
(2.34661 -0.209481 0)
(2.361 -0.216662 0)
(2.36424 -0.215987 0)
(2.37412 -0.212408 0)
(2.39394 -0.214897 0)
(2.41541 -0.218158 0)
(2.43666 -0.218407 0)
(2.4566 -0.213323 0)
(2.47207 -0.206248 0)
(2.48234 -0.208683 0)
(2.4887 -0.219623 0)
(2.49519 -0.222812 0)
(2.5073 -0.217842 0)
(2.5251 -0.216024 0)
(2.54005 -0.206304 0)
(2.54713 -0.213817 0)
(2.54884 -0.211036 0)
(2.56005 -0.195576 0)
(2.55801 -0.165124 0)
(2.53333 -0.102425 0)
(2.4455 0.0624917 0)
(2.39775 0.177234 0)
(2.36226 0.231632 0)
(2.3461 0.256505 0)
(2.33802 0.267976 0)
(2.33936 0.280474 0)
(2.34613 0.285111 0)
(2.36166 0.283016 0)
(2.38375 0.281204 0)
(2.4046 0.284269 0)
(2.424 0.284297 0)
(2.44099 0.27782 0)
(2.4485 0.271297 0)
(2.44302 0.271311 0)
(2.42454 0.241147 0)
(2.40765 0.212359 0)
(2.37292 0.156246 0)
(2.31617 0.0470805 0)
(2.27471 -0.0281561 0)
(2.26439 -0.0687205 0)
(2.27832 -0.107802 0)
(2.28168 -0.123848 0)
(2.28934 -0.126718 0)
(2.29769 -0.120277 0)
(2.31019 -0.124006 0)
(2.32389 -0.131884 0)
(2.33817 -0.129344 0)
(2.35126 -0.115033 0)
(2.357 -0.0980295 0)
(2.36505 -0.094913 0)
(2.35397 -0.848425 0)
(2.35838 -0.842762 0)
(2.38003 -0.822743 0)
(2.43991 -0.768075 0)
(2.50955 -0.698014 0)
(2.55802 -0.637927 0)
(2.65531 -0.506057 0)
(2.72014 -0.415583 0)
(2.76173 -0.390481 0)
(2.80121 -0.28566 0)
(2.82782 -0.180307 0)
(2.83688 -0.167355 0)
(2.86961 -0.111736 0)
(2.89099 -0.028654 0)
(2.90156 -0.0103554 0)
(2.9246 -0.0397427 0)
(2.91916 -0.0289733 0)
(2.90678 0.0220644 0)
(2.90534 0.0584124 0)
(2.84783 0.173742 0)
(2.65064 0.500796 0)
(2.45047 0.742073 0)
(2.32216 0.852219 0)
(2.32666 0.859007 0)
(2.3496 0.846287 0)
(2.37102 0.816048 0)
(2.39644 0.773217 0)
(2.42289 0.731539 0)
(2.43999 0.71377 0)
(2.45974 0.717814 0)
(2.45844 0.683291 0)
(2.42201 0.568457 0)
(2.29083 0.286037 0)
(2.1642 0.0214692 0)
(2.08702 -0.106783 0)
(2.09873 -0.152735 0)
(2.12124 -0.161959 0)
(2.15184 -0.182689 0)
(2.17216 -0.186547 0)
(2.19643 -0.163188 0)
(2.21588 -0.151101 0)
(2.23789 -0.158078 0)
(2.25911 -0.163918 0)
(2.28489 -0.159925 0)
(2.31234 -0.155589 0)
(2.33532 -0.161715 0)
(2.3471 -0.178207 0)
(2.35383 -0.189427 0)
(2.36326 -0.186675 0)
(2.37389 -0.1747 0)
(2.38755 -0.167639 0)
(2.40843 -0.166934 0)
(2.43268 -0.167758 0)
(2.45628 -0.167525 0)
(2.47739 -0.167459 0)
(2.4929 -0.170962 0)
(2.49563 -0.179043 0)
(2.49326 -0.184281 0)
(2.50853 -0.180353 0)
(2.52988 -0.180158 0)
(2.552 -0.176902 0)
(2.56287 -0.173538 0)
(2.55851 -0.176686 0)
(2.56718 -0.168086 0)
(2.58324 -0.160381 0)
(2.58551 -0.145454 0)
(2.56142 -0.0830658 0)
(2.50778 0.0330059 0)
(2.43418 0.167191 0)
(2.39027 0.240358 0)
(2.35343 0.286205 0)
(2.34777 0.308868 0)
(2.35329 0.3174 0)
(2.36568 0.321252 0)
(2.38073 0.315748 0)
(2.39799 0.313838 0)
(2.41837 0.309638 0)
(2.4305 0.299838 0)
(2.43376 0.292411 0)
(2.41698 0.250041 0)
(2.39656 0.188941 0)
(2.35691 0.10982 0)
(2.29692 -0.00284915 0)
(2.2703 -0.033056 0)
(2.25595 -0.0417745 0)
(2.26526 -0.0632067 0)
(2.27308 -0.0873154 0)
(2.28167 -0.104177 0)
(2.28626 -0.113161 0)
(2.29715 -0.10713 0)
(2.31153 -0.101522 0)
(2.32671 -0.101314 0)
(2.34187 -0.0990413 0)
(2.35595 -0.0909728 0)
(2.36527 -0.0819487 0)
(2.37377 -0.0798083 0)
(2.3555 -0.84431 0)
(2.37539 -0.825345 0)
(2.43305 -0.769292 0)
(2.50857 -0.689848 0)
(2.58089 -0.617287 0)
(2.68082 -0.459863 0)
(2.72734 -0.356018 0)
(2.75904 -0.348814 0)
(2.84409 -0.224145 0)
(2.85576 -0.0489212 0)
(2.83928 -0.0446271 0)
(2.85136 -0.026464 0)
(2.90703 0.0492828 0)
(2.90254 0.128672 0)
(2.91254 0.135809 0)
(2.93289 0.0938226 0)
(2.91355 0.0556391 0)
(2.91112 0.0545434 0)
(2.91087 0.0601464 0)
(2.90988 0.06353 0)
(2.86376 0.13397 0)
(2.66798 0.434347 0)
(2.45576 0.678059 0)
(2.35019 0.830542 0)
(2.32558 0.831713 0)
(2.34109 0.81479 0)
(2.36637 0.778229 0)
(2.39399 0.745902 0)
(2.4219 0.712409 0)
(2.42261 0.662943 0)
(2.37068 0.490645 0)
(2.20027 0.162412 0)
(2.08931 -0.0417962 0)
(2.05174 -0.136991 0)
(2.05302 -0.135834 0)
(2.08041 -0.137091 0)
(2.11504 -0.123175 0)
(2.15051 -0.123503 0)
(2.18461 -0.138504 0)
(2.20995 -0.133176 0)
(2.22923 -0.121846 0)
(2.24794 -0.120969 0)
(2.26637 -0.122076 0)
(2.28521 -0.119795 0)
(2.30179 -0.120961 0)
(2.31986 -0.131895 0)
(2.33518 -0.148893 0)
(2.34447 -0.15758 0)
(2.36149 -0.151113 0)
(2.38278 -0.14106 0)
(2.40223 -0.132569 0)
(2.42113 -0.128625 0)
(2.44169 -0.12978 0)
(2.46325 -0.12971 0)
(2.47861 -0.125638 0)
(2.47808 -0.133608 0)
(2.47596 -0.146267 0)
(2.48895 -0.149552 0)
(2.50925 -0.145159 0)
(2.53037 -0.14182 0)
(2.55224 -0.137878 0)
(2.57146 -0.139198 0)
(2.57839 -0.1425 0)
(2.57736 -0.129812 0)
(2.5833 -0.114375 0)
(2.58654 -0.120043 0)
(2.59098 -0.105756 0)
(2.58076 -0.0752892 0)
(2.54159 -0.00599441 0)
(2.47948 0.103194 0)
(2.39977 0.235928 0)
(2.38366 0.284548 0)
(2.38173 0.328795 0)
(2.38106 0.339245 0)
(2.38876 0.347642 0)
(2.39471 0.348913 0)
(2.41377 0.338189 0)
(2.40845 0.310777 0)
(2.39666 0.259616 0)
(2.35937 0.166759 0)
(2.3145 0.0441533 0)
(2.29901 -0.0296336 0)
(2.26556 -0.0859799 0)
(2.24585 -0.0795381 0)
(2.24692 -0.0613613 0)
(2.2584 -0.061693 0)
(2.26407 -0.0689477 0)
(2.2732 -0.0757697 0)
(2.28663 -0.0775507 0)
(2.30283 -0.0767687 0)
(2.31934 -0.0783314 0)
(2.33501 -0.0796102 0)
(2.34832 -0.0765045 0)
(2.36039 -0.0670674 0)
(2.36889 -0.0588563 0)
(2.37402 -0.0602089 0)
(2.36405 -0.835577 0)
(2.42205 -0.785411 0)
(2.5322 -0.6642 0)
(2.61015 -0.577651 0)
(2.6585 -0.4929 0)
(2.74472 -0.296744 0)
(2.79272 -0.223585 0)
(2.80922 -0.235688 0)
(2.83617 -0.111642 0)
(2.83636 -0.0283868 0)
(2.84308 -0.0210989 0)
(2.8977 0.00689763 0)
(2.91287 0.0411541 0)
(2.90477 0.0888161 0)
(2.9121 0.0910394 0)
(2.91135 0.0722228 0)
(2.90667 0.054359 0)
(2.90453 0.0491078 0)
(2.91568 0.0463304 0)
(2.91978 0.0399581 0)
(2.91868 0.0293349 0)
(2.87607 0.0889092 0)
(2.72455 0.318807 0)
(2.43055 0.680122 0)
(2.35437 0.743324 0)
(2.34683 0.772858 0)
(2.35322 0.764456 0)
(2.36069 0.730528 0)
(2.36066 0.650883 0)
(2.28052 0.410393 0)
(2.17009 0.13698 0)
(2.03675 -0.0529859 0)
(2.01024 -0.078827 0)
(2.01529 -0.0846923 0)
(2.05609 -0.0849682 0)
(2.08098 -0.0883073 0)
(2.1095 -0.0795015 0)
(2.13715 -0.0780492 0)
(2.1632 -0.0813072 0)
(2.18714 -0.0811718 0)
(2.21188 -0.0810599 0)
(2.23195 -0.0876651 0)
(2.24735 -0.0939109 0)
(2.2625 -0.0931055 0)
(2.28149 -0.0916579 0)
(2.30409 -0.0977561 0)
(2.32385 -0.110764 0)
(2.33951 -0.116936 0)
(2.35965 -0.106072 0)
(2.37973 -0.0919741 0)
(2.40003 -0.0841142 0)
(2.41731 -0.0854501 0)
(2.42887 -0.0908341 0)
(2.43853 -0.0943414 0)
(2.44817 -0.0943042 0)
(2.45751 -0.0984381 0)
(2.4681 -0.107929 0)
(2.48326 -0.110983 0)
(2.50194 -0.107943 0)
(2.52103 -0.103769 0)
(2.53844 -0.0965109 0)
(2.55443 -0.0909752 0)
(2.56822 -0.088801 0)
(2.57498 -0.0822817 0)
(2.57373 -0.0735909 0)
(2.57479 -0.0857403 0)
(2.57703 -0.0976581 0)
(2.5927 -0.0929475 0)
(2.59425 -0.0811116 0)
(2.57991 -0.0370166 0)
(2.53021 0.0624307 0)
(2.4537 0.208967 0)
(2.43975 0.299958 0)
(2.39964 0.371218 0)
(2.38331 0.380444 0)
(2.38244 0.36873 0)
(2.3724 0.321469 0)
(2.35993 0.261187 0)
(2.3224 0.166203 0)
(2.27222 0.0615305 0)
(2.26043 -0.0243685 0)
(2.25088 -0.0641913 0)
(2.24307 -0.0549435 0)
(2.24154 -0.038841 0)
(2.25381 -0.0362766 0)
(2.25911 -0.0450253 0)
(2.24801 -0.0592224 0)
(2.2549 -0.0568814 0)
(2.27165 -0.0482426 0)
(2.29144 -0.0470464 0)
(2.30973 -0.0498448 0)
(2.32519 -0.0540376 0)
(2.33794 -0.0528531 0)
(2.35042 -0.0471651 0)
(2.35986 -0.0440668 0)
(2.36413 -0.0447227 0)
(2.44788 -0.794228 0)
(2.59717 -0.649298 0)
(2.70234 -0.485203 0)
(2.78162 -0.334605 0)
(2.87252 -0.128225 0)
(2.91261 0.030819 0)
(2.95445 0.0858747 0)
(2.96809 0.128166 0)
(2.93555 0.176541 0)
(2.94019 0.168453 0)
(2.99808 0.117552 0)
(2.98547 0.078172 0)
(2.96819 0.0816002 0)
(2.95436 0.0833949 0)
(2.94537 0.0652885 0)
(2.94099 0.0407892 0)
(2.92702 0.0183728 0)
(2.9228 0.00246734 0)
(2.93879 -0.00560176 0)
(2.94103 -0.00593871 0)
(2.9415 -0.00806355 0)
(2.92898 -0.00729245 0)
(2.90776 0.0272942 0)
(2.6927 0.315182 0)
(2.53627 0.54472 0)
(2.38198 0.764335 0)
(2.30086 0.708673 0)
(2.20343 0.506925 0)
(2.07625 0.210296 0)
(1.91726 -0.0299053 0)
(1.87568 -0.12745 0)
(1.90813 -0.116632 0)
(1.96555 -0.0933627 0)
(2.01006 -0.0602901 0)
(2.04101 -0.0370809 0)
(2.07446 -0.042414 0)
(2.10581 -0.0451151 0)
(2.13469 -0.0429606 0)
(2.16138 -0.041027 0)
(2.1872 -0.0420731 0)
(2.21312 -0.0458344 0)
(2.23576 -0.0502575 0)
(2.25059 -0.0517622 0)
(2.26292 -0.0509362 0)
(2.28036 -0.0534968 0)
(2.30247 -0.0613317 0)
(2.32418 -0.0691197 0)
(2.34488 -0.0674867 0)
(2.36762 -0.0600234 0)
(2.39156 -0.0542663 0)
(2.41307 -0.052176 0)
(2.4275 -0.0512224 0)
(2.43431 -0.0466619 0)
(2.43661 -0.0419354 0)
(2.44119 -0.0479521 0)
(2.45381 -0.0602243 0)
(2.46988 -0.0662795 0)
(2.48754 -0.0666199 0)
(2.50642 -0.0646399 0)
(2.52559 -0.061826 0)
(2.54381 -0.0572524 0)
(2.5611 -0.0524893 0)
(2.57697 -0.0487555 0)
(2.58736 -0.0436229 0)
(2.58712 -0.036563 0)
(2.58183 -0.0375575 0)
(2.58428 -0.0509649 0)
(2.59017 -0.053975 0)
(2.61295 -0.0518869 0)
(2.61646 -0.0412186 0)
(2.61266 -0.0102552 0)
(2.57949 0.0653401 0)
(2.53377 0.18148 0)
(2.4689 0.319657 0)
(2.4231 0.361707 0)
(2.3632 0.318647 0)
(2.28356 0.221539 0)
(2.23325 0.108568 0)
(2.18545 0.0164632 0)
(2.16674 -0.0540457 0)
(2.17362 -0.0859236 0)
(2.1961 -0.0738357 0)
(2.21346 -0.053065 0)
(2.23494 -0.0285003 0)
(2.25324 -0.0226141 0)
(2.24963 -0.028594 0)
(2.23863 -0.0317663 0)
(2.2509 -0.0283124 0)
(2.26751 -0.0245066 0)
(2.29014 -0.0249489 0)
(2.30895 -0.0295675 0)
(2.32416 -0.031127 0)
(2.33861 -0.0289734 0)
(2.35048 -0.0236765 0)
(2.35758 -0.0231783 0)
(2.36064 -0.0262463 0)
(2.4279 -0.82029 0)
(2.5436 -0.789608 0)
(2.64243 -0.797726 0)
(2.74663 -0.656549 0)
(2.86375 -0.475118 0)
(2.94091 -0.354833 0)
(2.97235 -0.206362 0)
(2.98789 -0.122306 0)
(2.97483 -0.0498306 0)
(2.98313 0.0311087 0)
(3.00819 0.0496504 0)
(3.00645 0.0575691 0)
(2.97827 0.0644878 0)
(2.96967 0.0651212 0)
(2.96878 0.055458 0)
(2.96697 0.0361965 0)
(2.95657 0.0314803 0)
(2.95107 0.0275287 0)
(2.96349 0.0224522 0)
(2.96551 0.0202673 0)
(2.96303 0.011578 0)
(2.94594 -0.00069046 0)
(2.93318 -0.00177168 0)
(2.90162 0.0259338 0)
(2.75428 0.154269 0)
(2.46807 0.377515 0)
(2.24435 0.391015 0)
(2.03607 0.413552 0)
(1.88429 0.260388 0)
(1.8139 0.129918 0)
(1.84517 0.01148 0)
(1.925 -0.0314005 0)
(1.98329 -0.0390307 0)
(2.00848 -0.0264423 0)
(2.02667 -0.0212907 0)
(2.05455 -0.0242454 0)
(2.08496 -0.025625 0)
(2.11563 -0.0242658 0)
(2.14432 -0.0219476 0)
(2.1709 -0.0208912 0)
(2.19535 -0.0224755 0)
(2.21342 -0.025137 0)
(2.22493 -0.0266384 0)
(2.23846 -0.0259958 0)
(2.2597 -0.0263406 0)
(2.28436 -0.0292879 0)
(2.30706 -0.032037 0)
(2.32871 -0.031954 0)
(2.35143 -0.0288084 0)
(2.37458 -0.0256986 0)
(2.39446 -0.0249343 0)
(2.40728 -0.0271 0)
(2.41128 -0.0290281 0)
(2.40922 -0.028102 0)
(2.41528 -0.0279404 0)
(2.43332 -0.0310839 0)
(2.45295 -0.0330084 0)
(2.47191 -0.0327787 0)
(2.49105 -0.0310369 0)
(2.51075 -0.0286736 0)
(2.53016 -0.0263009 0)
(2.54827 -0.0242361 0)
(2.56335 -0.0242926 0)
(2.57159 -0.0241176 0)
(2.56938 -0.0253577 0)
(2.56097 -0.0303355 0)
(2.55742 -0.034579 0)
(2.56946 -0.0355786 0)
(2.59194 -0.035712 0)
(2.61183 -0.0345185 0)
(2.62452 -0.0288078 0)
(2.63077 -0.01416 0)
(2.5935 0.0299616 0)
(2.50042 0.0995439 0)
(2.40216 0.178881 0)
(2.29947 0.138088 0)
(2.21517 0.122824 0)
(2.15283 0.136015 0)
(2.11634 0.0947871 0)
(2.15171 0.0270595 0)
(2.17072 -0.0183608 0)
(2.18964 -0.0262121 0)
(2.21637 -0.0187744 0)
(2.23989 -0.0113477 0)
(2.2492 -0.0121306 0)
(2.23268 -0.0171482 0)
(2.22049 -0.0189849 0)
(2.23555 -0.0176204 0)
(2.25626 -0.015552 0)
(2.28006 -0.0152058 0)
(2.29668 -0.0163227 0)
(2.31002 -0.0163146 0)
(2.32293 -0.0137484 0)
(2.33618 -0.0108462 0)
(2.34498 -0.0113188 0)
(2.34919 -0.0134055 0)
)
;

boundaryField
{
    inlet
    {
        type            fixedValue;
        value           uniform (3 0 0);
    }
    outlet
    {
        type            inletOutlet;
        inletValue      uniform (3 0 0);
        value           nonuniform List<vector> 
32
(
(2.34181 0.0149115 0)
(2.35009 0.0321672 0)
(2.35087 0.0547787 0)
(2.3585 0.0771834 0)
(2.36676 0.0962427 0)
(2.3744 0.118362 0)
(2.36941 0.13419 0)
(2.36353 0.146552 0)
(2.35781 0.160149 0)
(2.34164 0.176337 0)
(2.33179 0.193313 0)
(2.34114 0.203042 0)
(2.37131 0.210223 0)
(2.44375 0.160963 0)
(2.52377 0.0773409 0)
(2.56738 0.0110356 0)
(2.57444 -0.011034 0)
(2.53596 -0.0739766 0)
(2.45823 -0.1726 0)
(2.39928 -0.228178 0)
(2.35521 -0.242043 0)
(2.34001 -0.212593 0)
(2.33267 -0.184521 0)
(2.33329 -0.156773 0)
(2.34178 -0.129666 0)
(2.35177 -0.109791 0)
(2.36505 -0.094913 0)
(2.37377 -0.0798083 0)
(2.37402 -0.0602089 0)
(2.36413 -0.0447227 0)
(2.36064 -0.0262463 0)
(2.34919 -0.0134055 0)
)
;
    }
    bottom
    {
        type            symmetryPlane;
    }
    top
    {
        type            symmetryPlane;
    }
    obstacle
    {
        type            slip;
    }
    defaultFaces
    {
        type            empty;
    }
}


// ************************************************************************* //
