/*--------------------------------*- C++ -*----------------------------------*\
  =========                 |
  \\      /  F ield         | OpenFOAM: The Open Source CFD Toolbox
   \\    /   O peration     | Website:  https://openfoam.org
    \\  /    A nd           | Version:  7
     \\/     M anipulation  |
\*---------------------------------------------------------------------------*/
FoamFile
{
    version     2.0;
    format      ascii;
    class       volVectorField;
    location    "1.4";
    object      U;
}
// * * * * * * * * * * * * * * * * * * * * * * * * * * * * * * * * * * * * * //

dimensions      [0 1 -1 0 0 0 0];

internalField   nonuniform List<vector> 
4608
(
(3 -1.52107e-16 0)
(3 -6.13814e-17 0)
(3 -2.24771e-17 0)
(3 6.18571e-16 0)
(3 7.65202e-16 0)
(3 3.956e-16 0)
(3 2.03803e-16 0)
(3 1.72725e-16 0)
(3 8.13344e-16 0)
(3 9.72954e-16 0)
(3 6.1491e-16 0)
(3 4.07251e-16 0)
(3 2.45771e-16 0)
(3 -2.05998e-16 0)
(3 -2.61271e-16 0)
(3 1.0985e-16 0)
(3 7.87439e-16 0)
(3 1.29723e-15 0)
(3 5.75493e-16 0)
(3 8.63331e-16 0)
(3 5.86975e-16 0)
(3 2.24159e-16 0)
(3 -4.54543e-16 0)
(3 -1.10185e-15 0)
(3 -6.05042e-17 0)
(3 -3.52092e-16 0)
(3 -1.4928e-16 0)
(3 2.95183e-16 0)
(3 5.43205e-16 0)
(3 3.23186e-16 0)
(3 2.71352e-16 0)
(3 4.87934e-16 0)
(3 9.82368e-16 0)
(3 1.28468e-15 0)
(3 1.58553e-15 0)
(3 6.17309e-16 0)
(3 6.16973e-16 0)
(3 8.7756e-16 0)
(3 5.73756e-16 0)
(3 8.03122e-16 0)
(3 1.6061e-15 0)
(3 1.93771e-15 0)
(3 -4.56145e-18 0)
(3 4.45731e-17 0)
(3 5.08674e-16 0)
(3 5.25261e-16 0)
(3 -1.25353e-16 0)
(3 -9.01087e-16 0)
(3 -1.39146e-17 0)
(3 -1.03744e-16 0)
(3 -2.36869e-16 0)
(3 -7.87575e-16 0)
(3 -8.57512e-16 0)
(3 -1.25059e-17 0)
(3 -8.87397e-17 0)
(3 -2.22532e-16 0)
(3 -1.76656e-16 0)
(3 -2.0553e-16 0)
(3 -3.14009e-16 0)
(3 -4.4889e-16 0)
(3 -4.53536e-16 0)
(3 -1.21288e-16 0)
(3 1.1677e-16 0)
(3 4.87041e-16 0)
(3 1.49245e-15 0)
(3 1.63172e-15 0)
(3 1.93571e-15 0)
(3 1.6052e-15 0)
(3 1.23444e-15 0)
(3 9.62182e-16 0)
(3 2.13594e-16 0)
(3 -8.24918e-16 0)
(3 1.31062e-16 0)
(3 3.84932e-16 0)
(3 -1.46056e-17 0)
(3 -4.7441e-16 0)
(3 -5.8604e-16 0)
(3 -1.29027e-16 0)
(3 -2.33923e-18 0)
(3 -9.10953e-17 0)
(3 -3.95529e-16 0)
(3 -8.64912e-16 0)
(3 -1.32567e-15 0)
(3 -7.49161e-16 0)
(3 -8.29062e-16 0)
(3 -1.0745e-15 0)
(3 -7.42451e-16 0)
(3 -3.03022e-16 0)
(3 -3.33622e-16 0)
(3 -3.15901e-16 0)
(3 -2.04928e-16 0)
(3 3.12929e-17 0)
(3 6.15091e-16 0)
(3 1.60011e-15 0)
(3 5.51168e-16 0)
(3 -4.07317e-16 0)
(3 2.8107e-17 0)
(3 2.47984e-16 0)
(3 1.82086e-16 0)
(3 -2.42301e-16 0)
(3 -4.12193e-16 0)
(3 -9.63173e-16 0)
(3 -6.14157e-16 0)
(3 -2.31353e-16 0)
(3 -1.0086e-16 0)
(3 1.28959e-16 0)
(3 5.06747e-16 0)
(3 -2.95488e-16 0)
(3 -5.45635e-16 0)
(3 -9.10945e-16 0)
(3 -1.24978e-15 0)
(3 -1.32243e-15 0)
(3 -5.22376e-16 0)
(3 -2.51876e-16 0)
(3 -4.85275e-16 0)
(3 -5.0072e-17 0)
(3 2.00654e-16 0)
(3 7.81433e-16 0)
(3 1.29958e-15 0)
(3 1.01958e-15 0)
(3 -3.189e-16 0)
(3 5.26982e-17 0)
(3 1.52976e-16 0)
(3 9.62427e-17 0)
(3 -8.24813e-16 0)
(3 -1.43928e-15 0)
(3 -1.94842e-15 0)
(3 -2.11604e-15 0)
(3 -1.1312e-15 0)
(3 -1.47636e-16 0)
(3 5.7353e-16 0)
(3 2.91276e-16 0)
(3 8.02722e-19 0)
(3 9.12852e-18 0)
(3 -7.14185e-17 0)
(3 -2.28466e-16 0)
(3 3.57139e-16 0)
(3 6.32502e-16 0)
(3 6.48759e-16 0)
(3 9.74482e-16 0)
(3 7.60441e-16 0)
(3 9.00506e-16 0)
(3 1.76625e-15 0)
(3 2.13521e-15 0)
(3 2.51828e-17 0)
(3 2.87102e-16 0)
(3 -1.35018e-16 0)
(3 3.8477e-17 0)
(3 -7.9793e-16 0)
(3 -1.16814e-15 0)
(3 -1.37897e-15 0)
(3 -1.09687e-15 0)
(3 -1.03575e-15 0)
(3 -4.21677e-16 0)
(3 -8.97724e-17 0)
(3 3.69169e-16 0)
(3 7.26991e-16 0)
(3 9.43315e-16 0)
(3 1.22143e-15 0)
(3 1.10542e-15 0)
(3 1.27842e-15 0)
(3 1.89868e-15 0)
(3 1.96035e-15 0)
(3 1.99713e-15 0)
(3 1.84128e-15 0)
(3 1.547e-15 0)
(3 1.79436e-15 0)
(3 1.32462e-15 0)
(3 1.93764e-17 0)
(3 3.13524e-16 0)
(3 5.53212e-17 0)
(3 -2.43383e-16 0)
(3 -2.93956e-16 0)
(3 -4.2641e-16 0)
(3 -2.04649e-17 0)
(3 -1.1992e-16 0)
(3 -4.45927e-16 0)
(3 -4.95635e-16 0)
(3 -5.61455e-16 0)
(3 -2.49191e-16 0)
(3 -3.42928e-16 0)
(3 -7.89669e-16 0)
(3 -7.4249e-16 0)
(3 -3.77593e-16 0)
(3 4.53216e-16 0)
(3 8.83093e-16 0)
(3 1.94799e-15 0)
(3 2.18207e-15 0)
(3 1.5866e-15 0)
(3 4.65854e-16 0)
(3 2.58033e-16 0)
(3 4.10735e-16 0)
(3 5.55518e-17 0)
(3 -1.20017e-16 0)
(3 3.71084e-17 0)
(3 -1.32113e-16 0)
(3 3.52705e-17 0)
(3 3.9794e-16 0)
(3 1.23131e-15 0)
(3 1.17458e-15 0)
(3 -2.15421e-17 0)
(3 -4.89976e-16 0)
(3 1.04897e-16 0)
(3 -1.27864e-16 0)
(3 -1.0303e-15 0)
(3 -1.8748e-15 0)
(3 -2.11098e-15 0)
(3 -1.70365e-15 0)
(3 -4.37035e-16 0)
(3 -5.3873e-16 0)
(3 -3.33458e-16 0)
(3 1.45498e-15 0)
(3 2.11916e-15 0)
(3 1.09991e-15 0)
(3 -6.44618e-16 0)
(3 -8.88176e-16 0)
(3 -3.03831e-17 0)
(3 -8.02561e-16 0)
(3 -5.59141e-16 0)
(3 -3.13251e-16 0)
(3 2.32076e-16 0)
(3 1.23951e-15 0)
(3 1.59175e-15 0)
(3 1.43566e-15 0)
(3 1.10777e-15 0)
(3 8.33818e-16 0)
(3 8.83595e-16 0)
(3 -2.28177e-16 0)
(3 -6.92049e-16 0)
(3 -5.1754e-16 0)
(3 -2.56974e-16 0)
(3 3.35594e-16 0)
(3 4.36636e-16 0)
(3 -2.36613e-16 0)
(3 -1.22442e-15 0)
(3 -4.99681e-16 0)
(3 7.60427e-16 0)
(3 1.04688e-16 0)
(3 -7.56055e-16 0)
(3 -7.62374e-16 0)
(3 -1.44494e-16 0)
(3 -1.79303e-16 0)
(3 -3.29525e-16 0)
(3 -1.07348e-16 0)
(3 3.38632e-16 0)
(3 4.39167e-16 0)
(3 3.38641e-16 0)
(3 4.63312e-16 0)
(3 9.24964e-16 0)
(3 1.21547e-15 0)
(3 5.86906e-16 0)
(3 -3.8284e-16 0)
(3 -3.58334e-16 0)
(3 2.07589e-16 0)
(3 4.68654e-16 0)
(3 1.61284e-16 0)
(3 -3.51879e-18 0)
(3 -1.35629e-15 0)
(3 -1.87627e-15 0)
(3 -2.21222e-15 0)
(3 -1.461e-15 0)
(3 -6.97512e-16 0)
(3 -2.4437e-16 0)
(3 7.85028e-17 0)
(3 3.41923e-16 0)
(3 3.06673e-16 0)
(3 3.14325e-16 0)
(3 7.73221e-16 0)
(3 7.67629e-16 0)
(3 7.6073e-16 0)
(3 9.45781e-16 0)
(3 9.72419e-16 0)
(3 9.86454e-16 0)
(3 8.4158e-16 0)
(3 1.20908e-16 0)
(3 2.05365e-17 0)
(3 3.91387e-16 0)
(3 5.82451e-16 0)
(3 7.11434e-16 0)
(3 1.12961e-16 0)
(3 -2.99001e-16 0)
(3 -5.40651e-16 0)
(3 -4.7556e-16 0)
(3 -1.53083e-15 0)
(3 -1.75699e-15 0)
(3 -7.0632e-16 0)
(3 1.56673e-16 0)
(3 1.02347e-16 0)
(3 1.06517e-16 0)
(3 2.45069e-18 0)
(3 5.26615e-16 0)
(3 7.34573e-16 0)
(3 1.00413e-15 0)
(3 5.83577e-16 0)
(3 2.80173e-16 0)
(3 -1.14759e-16 0)
(3 -1.30899e-17 0)
(3 4.38338e-16 0)
(3 2.83909e-16 0)
(3 4.81417e-16 0)
(3 1.72098e-15 0)
(3 1.37015e-15 0)
(3 9.54512e-16 0)
(3 6.92603e-16 0)
(3 -5.63893e-18 0)
(3 5.60193e-17 0)
(3 -4.58412e-17 0)
(3 -7.16773e-16 0)
(3 -1.45544e-15 0)
(3 -1.31671e-15 0)
(3 -3.77059e-16 0)
(3 3.43569e-16 0)
(3 -5.91548e-17 0)
(3 -1.8839e-16 0)
(3 -5.33628e-16 0)
(3 -6.36946e-16 0)
(3 -7.91964e-16 0)
(3 -1.50657e-15 0)
(3 -1.89012e-15 0)
(3 -1.3739e-15 0)
(3 5.20388e-18 0)
(3 1.28723e-16 0)
(3 1.48071e-16 0)
(3 9.50741e-17 0)
(3 -1.95564e-16 0)
(3 -4.89516e-16 0)
(3 -6.28207e-16 0)
(3 -1.85831e-16 0)
(3 -3.73168e-16 0)
(3 1.95314e-17 0)
(3 5.10101e-16 0)
(3 8.31564e-16 0)
(3 5.07899e-16 0)
(3 6.67759e-16 0)
(3 1.09634e-15 0)
(3 8.1707e-16 0)
(3 -8.85177e-17 0)
(3 -1.10273e-16 0)
(3 -4.3487e-16 0)
(3 -1.13744e-15 0)
(3 -1.25891e-15 0)
(3 -7.19602e-16 0)
(3 -6.70927e-16 0)
(3 -7.42721e-17 0)
(3 8.80331e-17 0)
(3 4.80995e-17 0)
(3 3.58061e-16 0)
(3 -2.27717e-16 0)
(3 -1.14948e-15 0)
(3 -1.66054e-15 0)
(3 -1.66028e-15 0)
(3 -6.47999e-16 0)
(3 7.77513e-16 0)
(3 1.72156e-15 0)
(3 1.60006e-15 0)
(3 1.45818e-15 0)
(3 1.45659e-15 0)
(3 1.42303e-15 0)
(3 1.2674e-15 0)
(3 1.44174e-16 0)
(3 -1.306e-16 0)
(3 2.22366e-16 0)
(3 6.36951e-16 0)
(3 3.33867e-16 0)
(3 -4.45613e-16 0)
(3 -2.41468e-16 0)
(3 -4.74981e-17 0)
(3 -1.34613e-16 0)
(3 -5.76949e-16 0)
(3 -1.45245e-16 0)
(3 -4.12488e-16 0)
(3 -7.5612e-16 0)
(3 -7.38622e-16 0)
(3 -6.40361e-16 0)
(3 -3.12871e-16 0)
(3 -4.04068e-16 0)
(3 -2.10247e-17 0)
(3 1.07809e-16 0)
(3 1.43315e-16 0)
(3 -2.70369e-17 0)
(3 2.12442e-16 0)
(3 -2.4309e-16 0)
(3 -4.48885e-16 0)
(3 1.21316e-16 0)
(3 -5.32313e-18 0)
(3 -1.46377e-16 0)
(3 -1.31824e-17 0)
(3 -3.50178e-17 0)
(3 -3.75193e-16 0)
(3 -3.04096e-16 0)
(3 2.6051e-16 0)
(3 -2.24733e-17 0)
(3 -4.19607e-16 0)
(3 -7.33979e-16 0)
(3 -1.18923e-15 0)
(3 -1.01656e-15 0)
(3 -8.30008e-16 0)
(3 -3.42905e-16 0)
(3 -5.91059e-16 0)
(3 -1.43091e-15 0)
(3 -2.04353e-15 0)
(3 -2.14619e-15 0)
(3 -1.72264e-15 0)
(3 -1.49208e-15 0)
(3 -9.15897e-16 0)
(3 -1.28754e-15 0)
(3 -1.16328e-15 0)
(3 -8.7461e-16 0)
(3 3.96885e-17 0)
(3 -1.95012e-16 0)
(3 -4.78327e-16 0)
(3 -3.21129e-16 0)
(3 3.59064e-16 0)
(3 2.88185e-16 0)
(3 8.41492e-17 0)
(3 -7.64634e-16 0)
(3 -1.5326e-15 0)
(3 -1.56314e-15 0)
(3 -1.29765e-15 0)
(3 -5.67171e-16 0)
(3 -2.25861e-16 0)
(3 -3.98937e-16 0)
(3 -7.64625e-16 0)
(3 -7.31122e-16 0)
(3 -1.45606e-15 0)
(3 -1.87103e-15 0)
(3 -1.73749e-15 0)
(3 -1.17723e-15 0)
(3 -6.05762e-16 0)
(3 -8.57137e-16 0)
(3 -1.34897e-15 0)
(3 -1.789e-15 0)
(3 -6.76572e-17 0)
(3 2.7417e-16 0)
(3 7.28609e-16 0)
(3 7.66657e-16 0)
(3 1.12635e-15 0)
(3 6.31768e-16 0)
(3 -1.13917e-15 0)
(3 -1.71295e-15 0)
(3 -1.87441e-15 0)
(3 -1.35203e-15 0)
(3 -8.13481e-16 0)
(3 -5.50771e-16 0)
(3 -3.42815e-16 0)
(3 -5.93979e-16 0)
(3 -5.50581e-16 0)
(3 -2.90113e-16 0)
(3 -4.25346e-16 0)
(3 -1.48794e-16 0)
(3 -2.00716e-16 0)
(3 2.5093e-16 0)
(3 8.1109e-16 0)
(3 3.89708e-16 0)
(3 -2.55102e-16 0)
(3 -9.54957e-16 0)
(3 -1.49523e-17 0)
(3 1.97247e-17 0)
(3 3.54333e-16 0)
(3 4.28047e-16 0)
(3 8.56027e-17 0)
(3 -2.85989e-16 0)
(3 -3.92395e-16 0)
(3 -4.18913e-16 0)
(3 -3.12417e-16 0)
(3 -5.00796e-16 0)
(3 -7.64064e-16 0)
(3 -5.87178e-16 0)
(3 -3.68597e-16 0)
(3 -2.40719e-16 0)
(3 -4.06393e-16 0)
(3 2.2277e-17 0)
(3 -4.76614e-17 0)
(3 -1.14731e-16 0)
(3 -6.23643e-16 0)
(3 -7.41752e-16 0)
(3 2.45426e-17 0)
(3 6.1941e-16 0)
(3 6.20942e-16 0)
(3 4.33131e-16 0)
(3 1.03776e-16 0)
(3 -3.31695e-16 0)
(3 -7.46454e-16 0)
(3 -3.37376e-16 0)
(3 -5.08881e-16 0)
(3 -9.50783e-16 0)
(3 -4.91427e-16 0)
(3 6.92925e-17 0)
(3 1.4779e-16 0)
(3 9.76027e-17 0)
(3 -2.71543e-16 0)
(3 3.28729e-17 0)
(3 5.49652e-16 0)
(3 7.55781e-16 0)
(3 8.43498e-16 0)
(3 9.92711e-16 0)
(3 -5.4881e-16 0)
(3 -1.44139e-15 0)
(3 -1.54427e-15 0)
(3 -2.06539e-15 0)
(3 -1.9952e-15 0)
(3 -8.09547e-16 0)
(3 9.89812e-17 0)
(3 1.32305e-15 0)
(3 3.33556e-17 0)
(3 2.26214e-16 0)
(3 8.26348e-17 0)
(3 2.38232e-16 0)
(3 1.05193e-16 0)
(3 -1.24727e-16 0)
(3 -4.68378e-16 0)
(3 -3.70487e-16 0)
(3 -2.06109e-17 0)
(3 3.54033e-17 0)
(3 4.24268e-16 0)
(3 3.18544e-16 0)
(3 -7.02669e-17 0)
(3 3.23459e-16 0)
(3 7.43252e-16 0)
(3 2.73475e-16 0)
(3 -1.12592e-15 0)
(3 -2.08819e-15 0)
(3 -1.42849e-15 0)
(3 -1.38414e-15 0)
(3 -1.18278e-15 0)
(3 -8.63906e-16 0)
(3 3.06249e-16 0)
(3 1.9678e-15 0)
(3 1.67421e-16 0)
(3 4.38519e-16 0)
(3 8.48799e-16 0)
(3 9.12304e-16 0)
(3 8.72158e-16 0)
(3 7.32013e-16 0)
(3 2.7888e-16 0)
(3 -2.79872e-16 0)
(3 -1.72456e-16 0)
(3 -3.19523e-16 0)
(3 2.23667e-17 0)
(3 -1.32655e-16 0)
(3 -1.04251e-15 0)
(3 -6.06758e-16 0)
(3 -4.33851e-16 0)
(3 -1.02495e-15 0)
(3 -5.98861e-16 0)
(3 -5.95325e-16 0)
(3 -5.79436e-16 0)
(3 -3.69878e-16 0)
(3 -6.18127e-16 0)
(3 -6.56618e-16 0)
(3 7.21777e-17 0)
(3 1.12276e-15 0)
(3 -3.16963e-17 0)
(3 1.21838e-16 0)
(3 3.32283e-16 0)
(3 1.33261e-16 0)
(3 -4.19184e-17 0)
(3 -1.48971e-17 0)
(3 -2.12731e-16 0)
(3 -4.24113e-16 0)
(3 -5.94998e-16 0)
(3 -5.58223e-16 0)
(3 -6.19209e-16 0)
(3 -2.75979e-16 0)
(3 -3.59673e-17 0)
(3 1.30918e-16 0)
(3 -5.58041e-17 0)
(3 -6.12674e-16 0)
(3 1.36847e-16 0)
(3 7.78763e-16 0)
(3 8.04692e-16 0)
(3 7.76356e-16 0)
(3 4.06252e-16 0)
(3 -5.0133e-17 0)
(3 -2.76428e-16 0)
(3 -8.12932e-16 0)
(3 -3.56051e-18 0)
(3 3.46271e-16 0)
(3 9.41222e-17 0)
(3 -6.39469e-17 0)
(3 -6.92459e-16 0)
(3 -9.46347e-16 0)
(3 -3.59282e-16 0)
(3 3.17773e-16 0)
(3 6.00481e-16 0)
(3 8.22865e-16 0)
(3 5.82148e-16 0)
(3 5.85298e-16 0)
(3 9.29733e-16 0)
(3 -8.37496e-17 0)
(3 -8.6956e-16 0)
(3 -1.11432e-15 0)
(3 6.97859e-16 0)
(3 1.9315e-15 0)
(3 1.96377e-15 0)
(3 1.82281e-15 0)
(3 1.58926e-15 0)
(3 1.08523e-15 0)
(3 -3.96214e-17 0)
(3 2.85832e-17 0)
(3 -1.60199e-17 0)
(3 -5.50673e-17 0)
(3 -4.33824e-16 0)
(3 -3.33513e-16 0)
(3 -2.74174e-16 0)
(3 -2.99656e-16 0)
(3 -2.6882e-16 0)
(3 2.35921e-16 0)
(3 1.19134e-15 0)
(3 2.38596e-15 0)
(3 2.27095e-15 0)
(3 1.69991e-15 0)
(3 1.261e-15 0)
(3 -7.74693e-16 0)
(3 -1.33723e-15 0)
(3 -1.12149e-15 0)
(3 1.81236e-16 0)
(3 4.29688e-16 0)
(3 3.99194e-16 0)
(3 3.2645e-16 0)
(3 5.0226e-16 0)
(3 5.60359e-16 0)
(3 3.02523e-17 0)
(3 -9.80347e-16 0)
(3 -3.73849e-17 0)
(3 -1.83946e-16 0)
(3 -5.47836e-17 0)
(3 -1.54997e-16 0)
(3 -6.84863e-16 0)
(3 -4.69594e-16 0)
(3 -5.35002e-16 0)
(3 -1.28415e-16 0)
(3 2.87776e-16 0)
(3 1.05692e-15 0)
(3 2.18069e-15 0)
(3 1.95525e-15 0)
(3 1.25319e-15 0)
(3 5.16815e-16 0)
(3 3.59267e-16 0)
(3 8.88196e-16 0)
(3 -7.12934e-17 0)
(3 -7.43518e-16 0)
(3 -7.03265e-16 0)
(3 -8.67163e-16 0)
(3 -9.33731e-16 0)
(3 -8.9075e-16 0)
(3 -3.33708e-16 0)
(3 -1.12774e-15 0)
(3 8.29959e-17 0)
(3 -1.54461e-16 0)
(3 3.45705e-16 0)
(3 4.10417e-16 0)
(3 2.59946e-16 0)
(3 -5.0138e-16 0)
(3 -8.11642e-17 0)
(3 1.7581e-16 0)
(3 -3.18835e-16 0)
(3 -4.76305e-16 0)
(3 6.4537e-16 0)
(3 1.64151e-15 0)
(3 2.13056e-15 0)
(3 2.48622e-15 0)
(3 2.81505e-15 0)
(3 2.46758e-15 0)
(3 1.09008e-15 0)
(3 1.07354e-15 0)
(3 8.95482e-16 0)
(3 8.56459e-16 0)
(3 3.82491e-16 0)
(3 -3.175e-17 0)
(3 8.06644e-16 0)
(3 1.72539e-16 0)
(3 -2.41773e-17 0)
(3 -3.49961e-16 0)
(3 -4.43075e-16 0)
(3 6.41545e-17 0)
(3 8.14396e-16 0)
(3 8.7158e-16 0)
(3 1.03617e-15 0)
(3 5.1636e-16 0)
(3 -4.60099e-16 0)
(3 -1.28833e-15 0)
(3 -1.30502e-15 0)
(3 7.68296e-16 0)
(3 2.59846e-15 0)
(3 3.93873e-15 0)
(3 4.19932e-15 0)
(3 2.03827e-15 0)
(3 1.70228e-15 0)
(3 1.78592e-15 0)
(3 1.55401e-15 0)
(3 2.0298e-15 0)
(3 1.8149e-15 0)
(3 1.03459e-15 0)
(3 5.35328e-16 0)
(3 -1.48936e-16 0)
(3 -6.85215e-17 0)
(3 -1.85989e-16 0)
(3 -3.5235e-16 0)
(3 -4.32666e-16 0)
(3 7.99666e-17 0)
(3 9.76176e-16 0)
(3 8.84329e-16 0)
(3 3.78501e-16 0)
(3 -1.55346e-16 0)
(3 -1.65158e-15 0)
(3 -1.45881e-15 0)
(3 -1.15659e-15 0)
(3 -5.82455e-16 0)
(3 8.98418e-16 0)
(3 1.44168e-15 0)
(3 7.59644e-16 0)
(3 -7.45126e-16 0)
(3 -5.26876e-16 0)
(3 1.87501e-16 0)
(3 3.20938e-16 0)
(3 5.70871e-16 0)
(3 5.13522e-16 0)
(3 -1.35315e-15 0)
(3 -9.87283e-16 0)
(3 1.0151e-16 0)
(3 -4.47007e-17 0)
(3 -1.87545e-16 0)
(3 -4.82414e-16 0)
(3 -2.36204e-16 0)
(3 2.87713e-16 0)
(3 2.53335e-17 0)
(3 -1.72198e-16 0)
(3 -7.30534e-16 0)
(3 -8.31411e-16 0)
(3 -7.48785e-16 0)
(3 -1.26007e-15 0)
(3 -1.98134e-15 0)
(3 -1.88768e-15 0)
(3 -1.67649e-15 0)
(3 -3.47875e-16 0)
(3 -5.80855e-16 0)
(3 -1.24377e-15 0)
(3 -1.66221e-15 0)
(3 -2.06196e-15 0)
(3 -1.66585e-15 0)
(3 -9.81349e-16 0)
(3 -1.41542e-15 0)
(3 -1.24413e-15 0)
(3 1.17638e-16 0)
(3 4.42357e-17 0)
(3 7.3117e-17 0)
(3 -1.39406e-17 0)
(3 -4.42978e-16 0)
(3 -2.53251e-16 0)
(3 -1.89217e-16 0)
(3 -2.0639e-16 0)
(3 -3.0629e-16 0)
(3 -9.46526e-17 0)
(3 -2.21879e-17 0)
(3 -5.21906e-16 0)
(3 -9.25689e-16 0)
(3 -1.09826e-15 0)
(3 -1.11221e-15 0)
(3 -8.49707e-17 0)
(3 1.69794e-16 0)
(3 -7.29935e-16 0)
(3 -1.85191e-15 0)
(3 -2.09181e-15 0)
(3 -1.69816e-15 0)
(3 -1.34422e-15 0)
(3 -1.20079e-15 0)
(3 -3.91202e-16 0)
(2.9318 0.0318529 0)
(2.84936 0.0575129 0)
(2.75802 0.137108 0)
(2.66188 0.251283 0)
(2.58616 0.338132 0)
(2.49702 0.446697 0)
(2.42105 0.546708 0)
(2.35218 0.628176 0)
(2.31239 0.721267 0)
(2.25768 0.796467 0)
(2.24816 0.857227 0)
(2.28569 0.883473 0)
(2.32757 0.899769 0)
(2.33502 0.88899 0)
(2.34362 0.879722 0)
(2.34583 0.868605 0)
(2.34852 0.85524 0)
(2.34978 0.850514 0)
(2.34546 0.850384 0)
(2.34026 0.850581 0)
(2.33673 0.850557 0)
(2.33701 0.849572 0)
(2.33899 0.848919 0)
(2.33874 0.84906 0)
(2.99846 0.0016129 0)
(2.99036 0.0119401 0)
(2.96248 0.0470301 0)
(2.89908 0.133977 0)
(2.8082 0.270533 0)
(2.67824 0.464195 0)
(2.52623 0.688452 0)
(2.39844 0.894958 0)
(2.21683 1.07565 0)
(2.16596 1.09796 0)
(2.13264 1.04194 0)
(2.20106 1.00186 0)
(2.24866 0.947103 0)
(2.29476 0.90157 0)
(2.33043 0.862129 0)
(2.3481 0.832541 0)
(2.35392 0.828043 0)
(2.36161 0.834502 0)
(2.35594 0.843158 0)
(2.35037 0.849038 0)
(2.34363 0.85098 0)
(2.33989 0.85169 0)
(2.34092 0.850186 0)
(2.34059 0.84918 0)
(3 5.493e-07 0)
(3.00003 1.38062e-05 0)
(3.00001 -8.4638e-05 0)
(2.99982 0.000196294 0)
(2.99866 0.00183313 0)
(2.99117 0.0127323 0)
(2.96506 0.0547347 0)
(2.90371 0.166594 0)
(2.75495 0.428963 0)
(2.61395 0.687848 0)
(2.43668 0.854014 0)
(2.33579 0.931814 0)
(2.29243 0.913738 0)
(2.30497 0.895579 0)
(2.31035 0.896635 0)
(2.33699 0.878082 0)
(2.35687 0.849151 0)
(2.36397 0.846366 0)
(2.36208 0.84764 0)
(2.358 0.848053 0)
(2.35131 0.849551 0)
(2.34748 0.851465 0)
(2.34683 0.850603 0)
(2.34556 0.849676 0)
(3 -2.30351e-10 0)
(3 -4.49679e-07 0)
(3 -1.25679e-06 0)
(3 -1.61719e-06 0)
(3.00001 -8.88919e-06 0)
(2.99999 2.3602e-05 0)
(3 -1.14935e-05 0)
(2.99943 0.00081023 0)
(2.98725 0.0216098 0)
(2.92054 0.141193 0)
(2.71365 0.45891 0)
(2.44279 0.781805 0)
(2.36458 0.869311 0)
(2.29786 0.945541 0)
(2.2839 0.946843 0)
(2.29968 0.923024 0)
(2.32646 0.884234 0)
(2.35008 0.852078 0)
(2.36013 0.84145 0)
(2.36262 0.836707 0)
(2.3622 0.838594 0)
(2.35981 0.842145 0)
(2.35636 0.846542 0)
(2.35213 0.848034 0)
(3 -7.21828e-11 0)
(3 1.44746e-09 0)
(3 -6.1284e-08 0)
(3 -1.50798e-07 0)
(3 -7.26269e-07 0)
(3 -6.74789e-07 0)
(3 -3.46587e-06 0)
(3 -5.17384e-06 0)
(3.00004 -7.97549e-05 0)
(2.99942 0.000761204 0)
(2.98347 0.0214304 0)
(2.86819 0.17015 0)
(2.69551 0.440728 0)
(2.35694 0.826827 0)
(2.33288 0.85776 0)
(2.30454 0.884466 0)
(2.30716 0.880329 0)
(2.31512 0.873496 0)
(2.34185 0.85858 0)
(2.35742 0.846568 0)
(2.36232 0.843066 0)
(2.36149 0.840517 0)
(2.35987 0.84248 0)
(2.35377 0.849354 0)
(3 -1.33578e-12 0)
(3 8.02236e-11 0)
(3 3.37641e-10 0)
(3 -1.43672e-09 0)
(3 -1.75498e-09 0)
(3 -3.44065e-08 0)
(3 -7.06553e-08 0)
(3 -3.23201e-07 0)
(3 -6.03726e-06 0)
(3 -5.68043e-06 0)
(3.00003 -6.56181e-05 0)
(2.99872 0.0017981 0)
(2.97616 0.0319926 0)
(2.78446 0.263155 0)
(2.6248 0.509223 0)
(2.36335 0.808128 0)
(2.25375 0.924854 0)
(2.27054 0.902312 0)
(2.30616 0.876426 0)
(2.32173 0.868674 0)
(2.33814 0.858317 0)
(2.34888 0.8488 0)
(2.35212 0.842485 0)
(2.35032 0.842232 0)
(3 8.00255e-15 0)
(3 -5.68137e-14 0)
(3 2.74037e-11 0)
(3 2.30746e-11 0)
(3 2.74505e-11 0)
(3 -8.04383e-11 0)
(3 -5.46734e-10 0)
(3 -7.30289e-10 0)
(3 -1.65228e-08 0)
(3 -2.9113e-07 0)
(3 -6.33867e-06 0)
(3.00001 -3.3483e-06 0)
(3 -4.62821e-05 0)
(2.99464 0.00766819 0)
(2.95532 0.0647996 0)
(2.7015 0.376966 0)
(2.50974 0.631807 0)
(2.39583 0.77917 0)
(2.30509 0.857142 0)
(2.29017 0.86961 0)
(2.30989 0.863396 0)
(2.32731 0.845545 0)
(2.33563 0.843073 0)
(2.34031 0.842525 0)
(3 2.82349e-15 0)
(3 4.78719e-15 0)
(3 4.71524e-14 0)
(3 1.89782e-12 0)
(3 4.40577e-12 0)
(3 3.56301e-12 0)
(3 2.19683e-12 0)
(3 2.67858e-12 0)
(3 1.08419e-10 0)
(3 -1.17927e-09 0)
(3 -1.02048e-08 0)
(3 -9.98465e-07 0)
(3 -2.91141e-06 0)
(3.00001 -1.87546e-05 0)
(2.99973 0.000384649 0)
(2.98281 0.0234744 0)
(2.90264 0.143303 0)
(2.59882 0.53477 0)
(2.37686 0.784879 0)
(2.34563 0.809741 0)
(2.31657 0.840003 0)
(2.31678 0.840952 0)
(2.32498 0.840948 0)
(2.33303 0.838353 0)
(3 -6.61013e-16 0)
(3 -1.66359e-16 0)
(3 -2.15557e-15 0)
(3 2.73406e-15 0)
(3 4.24045e-14 0)
(3 3.48692e-13 0)
(3 5.81096e-13 0)
(3 1.17515e-12 0)
(3 8.05273e-12 0)
(3 1.59073e-11 0)
(3 4.09004e-11 0)
(3 -1.90249e-08 0)
(3 -7.03264e-08 0)
(3 -3.24841e-06 0)
(3 -4.59298e-06 0)
(2.99998 2.50377e-05 0)
(2.99805 0.00347911 0)
(2.94131 0.0799651 0)
(2.78914 0.297388 0)
(2.51252 0.64528 0)
(2.31246 0.88936 0)
(2.29598 0.855537 0)
(2.31933 0.843696 0)
(2.32324 0.843449 0)
(3 -5.60446e-16 0)
(3 2.30507e-16 0)
(3 -1.03137e-15 0)
(3 -1.43106e-15 0)
(3 -5.98225e-16 0)
(3 2.42673e-15 0)
(3 1.94936e-14 0)
(3 1.13497e-13 0)
(3 2.38667e-13 0)
(3 3.41577e-12 0)
(3 4.36082e-12 0)
(3 8.89172e-11 0)
(3 -8.93872e-10 0)
(3 -3.31509e-08 0)
(3 -7.93491e-07 0)
(3 -6.93814e-07 0)
(3 -1.18366e-05 0)
(2.99931 0.00113475 0)
(2.98733 0.0235207 0)
(2.8626 0.195691 0)
(2.58743 0.558084 0)
(2.46995 0.712572 0)
(2.34741 0.835859 0)
(2.32121 0.856009 0)
(3 7.4636e-16 0)
(3 9.92746e-16 0)
(3 -6.34623e-16 0)
(3 -1.76477e-15 0)
(3 -1.87481e-15 0)
(3 -1.63577e-15 0)
(3 -2.3721e-15 0)
(3 1.89518e-15 0)
(3 1.01812e-14 0)
(3 4.42886e-14 0)
(3 3.45347e-13 0)
(3 1.68884e-11 0)
(3 1.64199e-11 0)
(3 2.04932e-10 0)
(3 -9.37069e-09 0)
(3 -7.53846e-08 0)
(3 -1.8181e-06 0)
(3 -5.13093e-06 0)
(2.99995 6.72147e-05 0)
(2.99377 0.0104809 0)
(2.93104 0.103112 0)
(2.73555 0.410337 0)
(2.42737 0.782994 0)
(2.38266 0.802127 0)
(3 2.84384e-16 0)
(3 -1.43522e-17 0)
(3 -9.48154e-16 0)
(3 -6.39216e-16 0)
(3 3.23716e-16 0)
(3 1.16544e-15 0)
(3 6.30228e-16 0)
(3 4.17139e-16 0)
(3 1.17002e-15 0)
(3 1.94832e-15 0)
(3 2.96318e-15 0)
(3 4.87877e-13 0)
(3 3.10564e-12 0)
(3 2.86245e-11 0)
(3 6.65784e-11 0)
(3 -1.7141e-09 0)
(3 -3.54156e-08 0)
(3 -1.38389e-06 0)
(3 -1.5587e-06 0)
(2.99999 2.74653e-06 0)
(2.99837 0.00351851 0)
(2.97129 0.048652 0)
(2.74775 0.359924 0)
(2.57344 0.609317 0)
(3 -9.26393e-16 0)
(3 -2.01663e-15 0)
(3 -8.12309e-16 0)
(3 7.5042e-16 0)
(3 1.22788e-15 0)
(3 1.03424e-15 0)
(3 1.30525e-15 0)
(3 2.23129e-15 0)
(3 2.51073e-15 0)
(3 2.63673e-15 0)
(3 2.23379e-15 0)
(3 9.15675e-16 0)
(3 4.18685e-14 0)
(3 1.05936e-12 0)
(3 1.52522e-11 0)
(3 1.08924e-11 0)
(3 -1.43345e-11 0)
(3 -3.1172e-08 0)
(3 -3.8099e-07 0)
(3 -5.01307e-07 0)
(3 1.10849e-07 0)
(2.99942 0.00112051 0)
(2.97542 0.0392767 0)
(2.85503 0.243008 0)
(3 4.55871e-16 0)
(3 3.93304e-16 0)
(3 6.38903e-16 0)
(3 1.00413e-15 0)
(3 4.00623e-16 0)
(3 -5.69795e-16 0)
(3 1.00758e-16 0)
(3 1.04592e-15 0)
(3 2.04495e-15 0)
(3 2.3411e-15 0)
(3 1.33709e-15 0)
(3 -6.28645e-16 0)
(3 -4.96419e-16 0)
(3 2.84678e-15 0)
(3 7.72205e-13 0)
(3 2.16897e-12 0)
(3 6.41371e-12 0)
(3 3.55563e-11 0)
(3 -1.74866e-08 0)
(3 -1.53033e-07 0)
(3 -1.8199e-07 0)
(3 -1.98223e-06 0)
(2.99956 0.000885007 0)
(2.99189 0.0161732 0)
(3 1.12799e-15 0)
(3 1.90294e-15 0)
(3 1.52563e-15 0)
(3 4.42242e-16 0)
(3 -3.4283e-16 0)
(3 5.63665e-16 0)
(3 1.24937e-15 0)
(3 1.22609e-15 0)
(3 8.30909e-16 0)
(3 2.62386e-16 0)
(3 5.73959e-16 0)
(3 7.39369e-16 0)
(3 8.46594e-16 0)
(3 2.09153e-15 0)
(3 6.11086e-15 0)
(3 1.37616e-13 0)
(3 1.73698e-12 0)
(3 6.17055e-12 0)
(3 -5.14323e-11 0)
(3 -1.28805e-08 0)
(3 -3.22805e-08 0)
(3 -6.05571e-07 0)
(3 9.32947e-06 0)
(2.99999 -1.61963e-05 0)
(3 4.68152e-16 0)
(3 1.61064e-15 0)
(3 1.94666e-15 0)
(3 8.97846e-16 0)
(3 9.89152e-16 0)
(3 2.38236e-15 0)
(3 2.42478e-15 0)
(3 2.80166e-15 0)
(3 1.79985e-15 0)
(3 4.92159e-16 0)
(3 1.30357e-15 0)
(3 2.96844e-15 0)
(3 3.6341e-15 0)
(3 3.62088e-15 0)
(3 2.6491e-15 0)
(3 4.89235e-15 0)
(3 2.59146e-14 0)
(3 7.55063e-13 0)
(3 3.12853e-13 0)
(3 -1.21547e-10 0)
(3 -3.01153e-09 0)
(3 -1.50761e-07 0)
(3 -1.07785e-07 0)
(3 -1.73802e-06 0)
(3 -3.52335e-16 0)
(3 1.37417e-16 0)
(3 3.8396e-16 0)
(3 1.04003e-15 0)
(3 1.83651e-15 0)
(3 2.28834e-15 0)
(3 2.76199e-15 0)
(3 3.30047e-15 0)
(3 1.47255e-15 0)
(3 6.60889e-16 0)
(3 4.16147e-16 0)
(3 1.50202e-15 0)
(3 2.51779e-15 0)
(3 2.35418e-15 0)
(3 2.241e-15 0)
(3 7.79148e-16 0)
(3 -5.43157e-14 0)
(3 -7.40463e-13 0)
(3 -4.29121e-13 0)
(3 9.52814e-11 0)
(3 2.64121e-09 0)
(3 1.53328e-07 0)
(3 7.28244e-08 0)
(3 1.70381e-06 0)
(3 -1.97733e-15 0)
(3 -1.69082e-15 0)
(3 -1.40237e-15 0)
(3 -5.89558e-16 0)
(3 -5.80607e-16 0)
(3 -5.55749e-16 0)
(3 1.0348e-15 0)
(3 2.45365e-15 0)
(3 2.56696e-15 0)
(3 2.02034e-15 0)
(3 1.27375e-15 0)
(3 4.57904e-16 0)
(3 -1.12667e-16 0)
(3 4.3884e-16 0)
(3 -2.49761e-15 0)
(3 -1.25241e-13 0)
(3 -1.77192e-12 0)
(3 -6.13617e-12 0)
(3 5.1267e-11 0)
(3 1.29287e-08 0)
(3 3.20171e-08 0)
(3 6.14723e-07 0)
(3 -9.27326e-06 0)
(2.99999 1.66116e-05 0)
(3 -1.53241e-15 0)
(3 -1.53637e-15 0)
(3 -1.60328e-15 0)
(3 -3.52444e-16 0)
(3 7.03597e-16 0)
(3 1.233e-15 0)
(3 1.36288e-15 0)
(3 9.75982e-16 0)
(3 1.15902e-15 0)
(3 8.24821e-16 0)
(3 -8.9568e-17 0)
(3 -1.13846e-15 0)
(3 -1.62871e-15 0)
(3 -2.85091e-15 0)
(3 -7.76662e-13 0)
(3 -2.16684e-12 0)
(3 -6.42912e-12 0)
(3 -3.55049e-11 0)
(3 1.74813e-08 0)
(3 1.53046e-07 0)
(3 1.82023e-07 0)
(3 1.98604e-06 0)
(2.99956 -0.000885554 0)
(2.9919 -0.0161598 0)
(3 1.12527e-16 0)
(3 -1.41723e-16 0)
(3 -4.91661e-17 0)
(3 -3.98794e-17 0)
(3 1.13055e-16 0)
(3 7.60145e-16 0)
(3 7.5395e-16 0)
(3 -1.49315e-15 0)
(3 -1.51136e-15 0)
(3 -1.34817e-15 0)
(3 -1.90966e-15 0)
(3 -2.53827e-15 0)
(3 -4.54829e-14 0)
(3 -1.06108e-12 0)
(3 -1.52538e-11 0)
(3 -1.08906e-11 0)
(3 1.4219e-11 0)
(3 3.11842e-08 0)
(3 3.80936e-07 0)
(3 5.01248e-07 0)
(3 -1.10197e-07 0)
(2.99942 -0.00112054 0)
(2.97541 -0.039277 0)
(2.85504 -0.242998 0)
(3 1.62867e-15 0)
(3 1.58437e-15 0)
(3 1.62942e-15 0)
(3 5.6367e-16 0)
(3 2.07888e-17 0)
(3 -4.62676e-17 0)
(3 -4.34492e-16 0)
(3 -1.91127e-15 0)
(3 -1.739e-15 0)
(3 -1.40588e-15 0)
(3 -2.94942e-15 0)
(3 -4.87772e-13 0)
(3 -3.10719e-12 0)
(3 -2.86251e-11 0)
(3 -6.65807e-11 0)
(3 1.71415e-09 0)
(3 3.54137e-08 0)
(3 1.38396e-06 0)
(3 1.55863e-06 0)
(2.99999 -2.7463e-06 0)
(2.99837 -0.0035185 0)
(2.97129 -0.0486522 0)
(2.74775 -0.359923 0)
(2.57344 -0.609319 0)
(3 1.15101e-15 0)
(3 1.0272e-15 0)
(3 9.64306e-16 0)
(3 3.09857e-16 0)
(3 -1.48322e-17 0)
(3 -7.61956e-16 0)
(3 4.84915e-16 0)
(3 -3.89955e-15 0)
(3 -4.97465e-15 0)
(3 -3.60486e-14 0)
(3 -3.36754e-13 0)
(3 -1.68866e-11 0)
(3 -1.64202e-11 0)
(3 -2.04936e-10 0)
(3 9.37055e-09 0)
(3 7.53843e-08 0)
(3 1.81808e-06 0)
(3 5.13107e-06 0)
(2.99995 -6.72166e-05 0)
(2.99377 -0.0104808 0)
(2.93104 -0.103113 0)
(2.73555 -0.410335 0)
(2.42737 -0.782993 0)
(2.38266 -0.802128 0)
(3 8.8507e-16 0)
(3 8.18943e-16 0)
(3 7.30811e-16 0)
(3 1.18541e-15 0)
(3 1.39519e-15 0)
(3 -1.65913e-15 0)
(3 -1.76379e-14 0)
(3 -1.11595e-13 0)
(3 -2.35641e-13 0)
(3 -3.41471e-12 0)
(3 -4.35739e-12 0)
(3 -8.89188e-11 0)
(3 8.93855e-10 0)
(3 3.31513e-08 0)
(3 7.93486e-07 0)
(3 6.9381e-07 0)
(3 1.18366e-05 0)
(2.99931 -0.00113475 0)
(2.98733 -0.0235206 0)
(2.8626 -0.195691 0)
(2.58743 -0.558084 0)
(2.46995 -0.712572 0)
(2.34741 -0.835858 0)
(2.32121 -0.856009 0)
(3 1.06074e-15 0)
(3 1.55442e-15 0)
(3 2.48051e-15 0)
(3 -1.16454e-15 0)
(3 -3.8897e-14 0)
(3 -3.46185e-13 0)
(3 -5.77872e-13 0)
(3 -1.17213e-12 0)
(3 -8.05269e-12 0)
(3 -1.5905e-11 0)
(3 -4.08964e-11 0)
(3 1.90248e-08 0)
(3 7.03263e-08 0)
(3 3.24843e-06 0)
(3 4.59296e-06 0)
(2.99998 -2.50377e-05 0)
(2.99805 -0.00347911 0)
(2.94131 -0.0799652 0)
(2.78914 -0.297387 0)
(2.51252 -0.645281 0)
(2.31246 -0.88936 0)
(2.29598 -0.855536 0)
(2.31934 -0.843696 0)
(2.32324 -0.84345 0)
(3 -8.82369e-16 0)
(3 -3.37079e-15 0)
(3 -4.63322e-14 0)
(3 -1.89539e-12 0)
(3 -4.40574e-12 0)
(3 -3.56522e-12 0)
(3 -2.19807e-12 0)
(3 -2.67963e-12 0)
(3 -1.08419e-10 0)
(3 1.17927e-09 0)
(3 1.02048e-08 0)
(3 9.98464e-07 0)
(3 2.91141e-06 0)
(3.00001 1.87546e-05 0)
(2.99973 -0.000384649 0)
(2.98281 -0.0234744 0)
(2.90264 -0.143303 0)
(2.59882 -0.53477 0)
(2.37686 -0.784878 0)
(2.34563 -0.809742 0)
(2.31657 -0.840003 0)
(2.31678 -0.840952 0)
(2.32498 -0.840948 0)
(2.33303 -0.838353 0)
(3 -7.1838e-15 0)
(3 5.89484e-14 0)
(3 -2.74022e-11 0)
(3 -2.30717e-11 0)
(3 -2.74523e-11 0)
(3 8.04363e-11 0)
(3 5.46735e-10 0)
(3 7.30292e-10 0)
(3 1.65228e-08 0)
(3 2.9113e-07 0)
(3 6.33867e-06 0)
(3.00001 3.3483e-06 0)
(3 4.62821e-05 0)
(2.99464 -0.00766819 0)
(2.95532 -0.0647996 0)
(2.7015 -0.376966 0)
(2.50974 -0.631807 0)
(2.39583 -0.77917 0)
(2.30509 -0.857142 0)
(2.29017 -0.86961 0)
(2.30989 -0.863396 0)
(2.32731 -0.845545 0)
(2.33563 -0.843073 0)
(2.34031 -0.842525 0)
(3 1.3351e-12 0)
(3 -8.02261e-11 0)
(3 -3.37643e-10 0)
(3 1.43672e-09 0)
(3 1.75498e-09 0)
(3 3.44065e-08 0)
(3 7.06553e-08 0)
(3 3.23201e-07 0)
(3 6.03726e-06 0)
(3 5.68043e-06 0)
(3.00003 6.56181e-05 0)
(2.99872 -0.0017981 0)
(2.97616 -0.0319926 0)
(2.78446 -0.263155 0)
(2.6248 -0.509223 0)
(2.36335 -0.808127 0)
(2.25375 -0.924854 0)
(2.27054 -0.902312 0)
(2.30616 -0.876426 0)
(2.32173 -0.868674 0)
(2.33814 -0.858317 0)
(2.34888 -0.8488 0)
(2.35212 -0.842485 0)
(2.35032 -0.842232 0)
(3 7.21824e-11 0)
(3 -1.44746e-09 0)
(3 6.1284e-08 0)
(3 1.50798e-07 0)
(3 7.26268e-07 0)
(3 6.74789e-07 0)
(3 3.46587e-06 0)
(3 5.17384e-06 0)
(3.00004 7.97549e-05 0)
(2.99942 -0.000761204 0)
(2.98347 -0.0214304 0)
(2.86819 -0.17015 0)
(2.69551 -0.440728 0)
(2.35694 -0.826827 0)
(2.33288 -0.85776 0)
(2.30454 -0.884466 0)
(2.30716 -0.880329 0)
(2.31512 -0.873496 0)
(2.34185 -0.85858 0)
(2.35742 -0.846568 0)
(2.36232 -0.843066 0)
(2.36149 -0.840517 0)
(2.35987 -0.84248 0)
(2.35377 -0.849354 0)
(3 2.30349e-10 0)
(3 4.4968e-07 0)
(3 1.25679e-06 0)
(3 1.61719e-06 0)
(3.00001 8.88919e-06 0)
(2.99999 -2.3602e-05 0)
(3 1.14935e-05 0)
(2.99943 -0.00081023 0)
(2.98725 -0.0216098 0)
(2.92054 -0.141193 0)
(2.71365 -0.45891 0)
(2.44279 -0.781805 0)
(2.36458 -0.869311 0)
(2.29786 -0.945541 0)
(2.2839 -0.946843 0)
(2.29968 -0.923024 0)
(2.32646 -0.884234 0)
(2.35008 -0.852078 0)
(2.36013 -0.84145 0)
(2.36262 -0.836707 0)
(2.3622 -0.838594 0)
(2.35981 -0.842145 0)
(2.35636 -0.846542 0)
(2.35213 -0.848034 0)
(3 -5.493e-07 0)
(3.00003 -1.38062e-05 0)
(3.00001 8.4638e-05 0)
(2.99982 -0.000196294 0)
(2.99866 -0.00183313 0)
(2.99117 -0.0127323 0)
(2.96506 -0.0547347 0)
(2.90371 -0.166594 0)
(2.75495 -0.428963 0)
(2.61395 -0.687848 0)
(2.43668 -0.854014 0)
(2.33579 -0.931814 0)
(2.29243 -0.913738 0)
(2.30497 -0.895579 0)
(2.31035 -0.896635 0)
(2.33699 -0.878082 0)
(2.35687 -0.849151 0)
(2.36397 -0.846366 0)
(2.36208 -0.84764 0)
(2.358 -0.848053 0)
(2.35131 -0.849551 0)
(2.34748 -0.851465 0)
(2.34683 -0.850603 0)
(2.34556 -0.849676 0)
(2.99846 -0.0016129 0)
(2.99036 -0.0119401 0)
(2.96248 -0.0470301 0)
(2.89908 -0.133977 0)
(2.8082 -0.270533 0)
(2.67824 -0.464195 0)
(2.52623 -0.688452 0)
(2.39844 -0.894958 0)
(2.21683 -1.07565 0)
(2.16596 -1.09796 0)
(2.13264 -1.04194 0)
(2.20106 -1.00186 0)
(2.24866 -0.947103 0)
(2.29476 -0.90157 0)
(2.33043 -0.862129 0)
(2.3481 -0.832541 0)
(2.35392 -0.828043 0)
(2.36161 -0.834502 0)
(2.35594 -0.843158 0)
(2.35037 -0.849038 0)
(2.34363 -0.85098 0)
(2.33989 -0.85169 0)
(2.34092 -0.850186 0)
(2.34059 -0.84918 0)
(2.9318 -0.0318529 0)
(2.84936 -0.0575129 0)
(2.75802 -0.137108 0)
(2.66188 -0.251283 0)
(2.58616 -0.338132 0)
(2.49702 -0.446697 0)
(2.42105 -0.546708 0)
(2.35218 -0.628176 0)
(2.31239 -0.721267 0)
(2.25768 -0.796467 0)
(2.24816 -0.857227 0)
(2.28569 -0.883473 0)
(2.32757 -0.899769 0)
(2.33502 -0.88899 0)
(2.34362 -0.879722 0)
(2.34583 -0.868605 0)
(2.34852 -0.85524 0)
(2.34978 -0.850514 0)
(2.34546 -0.850384 0)
(2.34026 -0.850581 0)
(2.33673 -0.850557 0)
(2.33701 -0.849572 0)
(2.33899 -0.848919 0)
(2.33874 -0.84906 0)
(2.42872 0.819458 0)
(2.54736 0.781906 0)
(2.62838 0.826492 0)
(2.74724 0.648855 0)
(2.86584 0.454853 0)
(2.94376 0.356843 0)
(2.97995 0.211529 0)
(2.99004 0.123898 0)
(2.97231 0.0433067 0)
(2.96918 -0.0415564 0)
(3.01281 -0.0719461 0)
(3.01472 -0.0568584 0)
(2.98572 -0.0575308 0)
(2.95636 -0.0652937 0)
(2.95548 -0.0541778 0)
(2.97418 -0.0359671 0)
(2.99197 -0.0241948 0)
(2.96043 -0.0223037 0)
(2.95186 -0.0227475 0)
(2.94351 -0.0206867 0)
(2.93873 -0.00685447 0)
(2.93925 0.0019272 0)
(2.9394 0.0032462 0)
(2.90733 -0.0320652 0)
(2.77179 -0.159113 0)
(2.47003 -0.35379 0)
(2.20662 -0.392742 0)
(2.00896 -0.417041 0)
(1.87423 -0.253563 0)
(1.81748 -0.115188 0)
(1.84854 -0.0142842 0)
(1.92949 0.0273579 0)
(1.97629 0.0336512 0)
(1.99893 0.0259534 0)
(2.02513 0.0228325 0)
(2.05633 0.0235259 0)
(2.09232 0.0240831 0)
(2.12575 0.0222358 0)
(2.15354 0.0216351 0)
(2.17571 0.0229414 0)
(2.19554 0.0239552 0)
(2.21789 0.0242976 0)
(2.24362 0.0256798 0)
(2.26856 0.0275847 0)
(2.29016 0.0277502 0)
(2.31029 0.0262439 0)
(2.33117 0.0254901 0)
(2.35264 0.026234 0)
(2.37305 0.027876 0)
(2.3914 0.0285471 0)
(2.40846 0.0279319 0)
(2.42521 0.0272981 0)
(2.44193 0.0270575 0)
(2.45881 0.0280654 0)
(2.47561 0.0295696 0)
(2.49198 0.0312227 0)
(2.508 0.0311218 0)
(2.52424 0.0309104 0)
(2.54074 0.0299496 0)
(2.55738 0.0291992 0)
(2.5739 0.0276578 0)
(2.5897 0.0266699 0)
(2.60326 0.0264612 0)
(2.61275 0.028163 0)
(2.61683 0.0310026 0)
(2.6181 0.0333305 0)
(2.62588 0.0334909 0)
(2.64318 0.0299906 0)
(2.66419 0.0273591 0)
(2.68717 0.0255926 0)
(2.70873 0.026252 0)
(2.72325 0.028985 0)
(2.72352 0.0350653 0)
(2.71884 0.0310845 0)
(2.72532 0.0260937 0)
(2.74066 0.0272308 0)
(2.75927 0.0254775 0)
(2.77244 0.0203832 0)
(2.7738 0.0085526 0)
(2.76444 -0.0169378 0)
(2.73525 -0.060662 0)
(2.69868 -0.108293 0)
(2.65732 -0.154155 0)
(2.61082 -0.183833 0)
(2.58288 -0.1582 0)
(2.56428 -0.16766 0)
(2.54827 -0.167197 0)
(2.5432 -0.147257 0)
(2.55832 -0.139319 0)
(2.55687 -0.0978064 0)
(2.57401 -0.0571321 0)
(2.57028 -0.0323228 0)
(2.56837 -0.00784685 0)
(2.56865 0.000129091 0)
(2.57786 0.00896416 0)
(2.60519 0.0167811 0)
(2.44942 0.792802 0)
(2.60067 0.643297 0)
(2.69744 0.492668 0)
(2.77521 0.340785 0)
(2.87232 0.120605 0)
(2.91485 -0.0309131 0)
(2.96141 -0.0877899 0)
(2.96761 -0.120219 0)
(2.9388 -0.153742 0)
(2.93213 -0.172359 0)
(2.99269 -0.15704 0)
(2.99951 -0.0947949 0)
(2.96599 -0.0684641 0)
(2.94904 -0.0691247 0)
(2.94026 -0.0701465 0)
(2.94373 -0.0506816 0)
(2.95239 -0.00982049 0)
(2.9443 0.005114 0)
(2.92678 0.00493087 0)
(2.91906 0.00284675 0)
(2.92089 0.00923647 0)
(2.92189 0.0118218 0)
(2.91356 -0.0214756 0)
(2.69449 -0.337365 0)
(2.55296 -0.539328 0)
(2.37821 -0.751298 0)
(2.288 -0.697935 0)
(2.19274 -0.506502 0)
(2.06103 -0.195074 0)
(1.92213 0.045055 0)
(1.87422 0.133157 0)
(1.90575 0.111045 0)
(1.96191 0.0858574 0)
(2.00646 0.051988 0)
(2.04072 0.0358372 0)
(2.08014 0.0416204 0)
(2.11473 0.0457167 0)
(2.14317 0.0444416 0)
(2.16806 0.0439962 0)
(2.1908 0.0478632 0)
(2.21247 0.0534913 0)
(2.23402 0.0549715 0)
(2.25765 0.0549352 0)
(2.28254 0.0560732 0)
(2.30538 0.0559789 0)
(2.32619 0.0537606 0)
(2.34698 0.052478 0)
(2.36848 0.054298 0)
(2.38917 0.058331 0)
(2.40767 0.060689 0)
(2.42454 0.0598288 0)
(2.44074 0.0573698 0)
(2.45702 0.0548728 0)
(2.47403 0.0543842 0)
(2.49173 0.0553787 0)
(2.50959 0.0576922 0)
(2.52711 0.0595907 0)
(2.54411 0.0624671 0)
(2.55973 0.0634768 0)
(2.57422 0.0618626 0)
(2.58894 0.0574473 0)
(2.60418 0.0539802 0)
(2.61865 0.0528398 0)
(2.62957 0.0531425 0)
(2.63642 0.0559656 0)
(2.64024 0.0598929 0)
(2.6461 0.0628132 0)
(2.66009 0.0590142 0)
(2.67953 0.0560076 0)
(2.70169 0.0526188 0)
(2.72295 0.0527652 0)
(2.73854 0.0553247 0)
(2.74107 0.0629116 0)
(2.74191 0.0527661 0)
(2.73705 0.0363377 0)
(2.75356 0.0231935 0)
(2.75689 0.010497 0)
(2.7555 -0.0228077 0)
(2.73727 -0.0862037 0)
(2.72695 -0.153584 0)
(2.69684 -0.264894 0)
(2.68289 -0.366727 0)
(2.6883 -0.36045 0)
(2.67369 -0.351879 0)
(2.64134 -0.322842 0)
(2.59946 -0.271632 0)
(2.57441 -0.206703 0)
(2.57104 -0.154129 0)
(2.58718 -0.0997033 0)
(2.5815 -0.0101979 0)
(2.5986 0.0439832 0)
(2.59745 0.0787684 0)
(2.59366 0.0851689 0)
(2.59077 0.0795951 0)
(2.59277 0.0566048 0)
(2.60657 0.0440511 0)
(2.36667 0.834456 0)
(2.42461 0.783656 0)
(2.52552 0.676787 0)
(2.6083 0.589342 0)
(2.67675 0.471663 0)
(2.74621 0.292478 0)
(2.78869 0.235911 0)
(2.80648 0.245577 0)
(2.83109 0.12419 0)
(2.83658 0.00630211 0)
(2.85384 -0.0127847 0)
(2.89081 -0.0117463 0)
(2.90015 -0.0338367 0)
(2.89929 -0.0541607 0)
(2.90504 -0.0890378 0)
(2.92111 -0.089961 0)
(2.92199 -0.0697512 0)
(2.92494 -0.0497288 0)
(2.91671 -0.0432936 0)
(2.90611 -0.0435581 0)
(2.90005 -0.0296125 0)
(2.86764 -0.0815971 0)
(2.74858 -0.298704 0)
(2.41624 -0.687177 0)
(2.33862 -0.743077 0)
(2.33925 -0.766008 0)
(2.3541 -0.759879 0)
(2.36741 -0.727473 0)
(2.36341 -0.635934 0)
(2.28344 -0.391834 0)
(2.16225 -0.125422 0)
(2.02494 0.0325133 0)
(2.00977 0.0708291 0)
(2.01474 0.084907 0)
(2.05921 0.0882073 0)
(2.0927 0.0887487 0)
(2.12033 0.0803982 0)
(2.14657 0.0778112 0)
(2.17098 0.0810473 0)
(2.1939 0.0875813 0)
(2.21662 0.0948081 0)
(2.23676 0.0961346 0)
(2.25516 0.0939644 0)
(2.27645 0.0935765 0)
(2.29954 0.0940459 0)
(2.32286 0.0936455 0)
(2.34585 0.092938 0)
(2.36779 0.0944583 0)
(2.3873 0.0989315 0)
(2.40369 0.101673 0)
(2.41904 0.100748 0)
(2.43476 0.09805 0)
(2.45109 0.0947706 0)
(2.46837 0.0928501 0)
(2.48661 0.0923698 0)
(2.50528 0.0937836 0)
(2.52365 0.0953031 0)
(2.54113 0.09885 0)
(2.5568 0.102919 0)
(2.57023 0.104175 0)
(2.58374 0.0993253 0)
(2.59675 0.0918844 0)
(2.60984 0.0882024 0)
(2.62193 0.0897578 0)
(2.63051 0.0942107 0)
(2.63749 0.0983534 0)
(2.64514 0.10015 0)
(2.65789 0.0978382 0)
(2.67595 0.0950474 0)
(2.69486 0.0877145 0)
(2.71078 0.0831382 0)
(2.72467 0.0883751 0)
(2.72944 0.0914768 0)
(2.72558 0.0830823 0)
(2.72809 0.054009 0)
(2.7298 0.0249972 0)
(2.71209 -0.0427421 0)
(2.69854 -0.106116 0)
(2.65407 -0.226226 0)
(2.64154 -0.311222 0)
(2.64733 -0.342763 0)
(2.65112 -0.38471 0)
(2.64451 -0.395993 0)
(2.64191 -0.393172 0)
(2.63692 -0.382822 0)
(2.6406 -0.357645 0)
(2.64601 -0.339282 0)
(2.65128 -0.311596 0)
(2.65555 -0.265597 0)
(2.66542 -0.201528 0)
(2.67728 -0.139201 0)
(2.68688 -0.0881959 0)
(2.68597 -0.0443064 0)
(2.68325 -0.0167606 0)
(2.67477 -0.00128682 0)
(2.66457 0.0252254 0)
(2.35577 0.843299 0)
(2.37607 0.825319 0)
(2.43446 0.771684 0)
(2.51023 0.695871 0)
(2.57925 0.624248 0)
(2.67776 0.467227 0)
(2.7285 0.3507 0)
(2.76625 0.335269 0)
(2.83825 0.246223 0)
(2.87058 0.0620858 0)
(2.84669 -0.00263924 0)
(2.85643 -0.00352569 0)
(2.9026 -0.0311149 0)
(2.91799 -0.0666671 0)
(2.90958 -0.0826662 0)
(2.90574 -0.0951931 0)
(2.92449 -0.0843644 0)
(2.92542 -0.0677551 0)
(2.91973 -0.0687276 0)
(2.90936 -0.0708084 0)
(2.85081 -0.148039 0)
(2.70558 -0.416646 0)
(2.4497 -0.694782 0)
(2.32817 -0.840258 0)
(2.30513 -0.830186 0)
(2.34 -0.803836 0)
(2.3667 -0.772066 0)
(2.40052 -0.747518 0)
(2.42934 -0.709314 0)
(2.42682 -0.653562 0)
(2.36511 -0.475858 0)
(2.19622 -0.171771 0)
(2.08082 0.0319706 0)
(2.04693 0.14042 0)
(2.05623 0.141997 0)
(2.09128 0.136932 0)
(2.12605 0.122152 0)
(2.15901 0.114972 0)
(2.19187 0.118833 0)
(2.22222 0.129147 0)
(2.24272 0.131813 0)
(2.26174 0.131869 0)
(2.27995 0.133833 0)
(2.2951 0.135667 0)
(2.31728 0.136711 0)
(2.34591 0.136819 0)
(2.37367 0.136008 0)
(2.39555 0.136681 0)
(2.41154 0.141075 0)
(2.42618 0.144992 0)
(2.44246 0.145314 0)
(2.45932 0.143855 0)
(2.47608 0.14163 0)
(2.4923 0.138853 0)
(2.50752 0.135044 0)
(2.52183 0.132995 0)
(2.53696 0.133346 0)
(2.55132 0.137139 0)
(2.56293 0.142593 0)
(2.57483 0.14403 0)
(2.58877 0.138206 0)
(2.60533 0.133265 0)
(2.61885 0.130376 0)
(2.62892 0.132244 0)
(2.63981 0.139086 0)
(2.65052 0.14399 0)
(2.65975 0.142399 0)
(2.66809 0.139795 0)
(2.67873 0.133258 0)
(2.69189 0.123536 0)
(2.70453 0.1168 0)
(2.71649 0.115924 0)
(2.71588 0.0947886 0)
(2.70966 0.047835 0)
(2.68564 -0.0385134 0)
(2.67008 -0.120637 0)
(2.63463 -0.208727 0)
(2.61437 -0.255583 0)
(2.62078 -0.27351 0)
(2.62859 -0.315681 0)
(2.62907 -0.350223 0)
(2.62508 -0.36957 0)
(2.62887 -0.377153 0)
(2.64043 -0.372875 0)
(2.64784 -0.365128 0)
(2.65273 -0.350357 0)
(2.66964 -0.340147 0)
(2.68575 -0.333675 0)
(2.69789 -0.32313 0)
(2.70253 -0.296291 0)
(2.70699 -0.261829 0)
(2.70597 -0.213765 0)
(2.70237 -0.156488 0)
(2.69992 -0.0936184 0)
(2.70752 -0.0611812 0)
(2.69994 0.0197535 0)
(2.35381 0.845877 0)
(2.3588 0.840517 0)
(2.38226 0.821203 0)
(2.44177 0.766284 0)
(2.50818 0.696582 0)
(2.55099 0.64185 0)
(2.64869 0.514813 0)
(2.71703 0.397871 0)
(2.76727 0.372479 0)
(2.76713 0.339935 0)
(2.83092 0.201126 0)
(2.84936 0.0932182 0)
(2.8799 0.0791369 0)
(2.90525 0.123781 0)
(2.91181 0.0660292 0)
(2.89373 -0.0157469 0)
(2.90207 -0.0201239 0)
(2.92402 -0.02813 0)
(2.92124 -0.0436647 0)
(2.84716 -0.168694 0)
(2.62372 -0.539402 0)
(2.48657 -0.738679 0)
(2.3314 -0.842894 0)
(2.32086 -0.861542 0)
(2.33816 -0.852782 0)
(2.36861 -0.821671 0)
(2.39301 -0.781936 0)
(2.41853 -0.752235 0)
(2.44957 -0.714504 0)
(2.46249 -0.705654 0)
(2.45825 -0.667912 0)
(2.42563 -0.559944 0)
(2.27652 -0.271411 0)
(2.1668 -0.0186133 0)
(2.09895 0.113334 0)
(2.10572 0.155108 0)
(2.12603 0.162697 0)
(2.16177 0.169234 0)
(2.19369 0.166232 0)
(2.21667 0.161411 0)
(2.237 0.154079 0)
(2.25558 0.154303 0)
(2.27631 0.16522 0)
(2.29891 0.176291 0)
(2.32071 0.178995 0)
(2.34258 0.175546 0)
(2.36522 0.174537 0)
(2.38716 0.177026 0)
(2.40744 0.179927 0)
(2.42526 0.180681 0)
(2.44024 0.179475 0)
(2.45374 0.177941 0)
(2.46705 0.17701 0)
(2.4811 0.176895 0)
(2.49959 0.175573 0)
(2.52124 0.173161 0)
(2.54134 0.17203 0)
(2.55698 0.175343 0)
(2.5711 0.179131 0)
(2.58407 0.178296 0)
(2.59805 0.17363 0)
(2.60373 0.168931 0)
(2.61389 0.167835 0)
(2.63637 0.17064 0)
(2.65621 0.175441 0)
(2.67144 0.180727 0)
(2.68542 0.174444 0)
(2.68853 0.170301 0)
(2.67929 0.1663 0)
(2.69574 0.148298 0)
(2.69851 0.128148 0)
(2.69009 0.0866395 0)
(2.6701 0.00238345 0)
(2.63461 -0.128733 0)
(2.61501 -0.218679 0)
(2.61972 -0.252099 0)
(2.59812 -0.287319 0)
(2.5846 -0.315123 0)
(2.58358 -0.32808 0)
(2.59508 -0.333197 0)
(2.61404 -0.335183 0)
(2.62482 -0.337462 0)
(2.6333 -0.337157 0)
(2.64473 -0.332646 0)
(2.65649 -0.326276 0)
(2.66803 -0.320574 0)
(2.67757 -0.312827 0)
(2.68893 -0.313217 0)
(2.70158 -0.318236 0)
(2.71673 -0.310469 0)
(2.7228 -0.303953 0)
(2.72253 -0.287868 0)
(2.72529 -0.266017 0)
(2.7324 -0.246398 0)
(2.73524 -0.216126 0)
(2.73939 -0.129728 0)
(2.34666 0.849741 0)
(2.35332 0.846603 0)
(2.35917 0.840546 0)
(2.3842 0.818754 0)
(2.44413 0.76154 0)
(2.4989 0.702569 0)
(2.53762 0.656938 0)
(2.64133 0.539015 0)
(2.7014 0.430224 0)
(2.73991 0.399908 0)
(2.74398 0.370622 0)
(2.80709 0.262945 0)
(2.84276 0.153141 0)
(2.88224 0.140756 0)
(2.92886 0.106782 0)
(2.91408 0.0531125 0)
(2.91314 -0.0311608 0)
(2.90399 -0.075686 0)
(2.84136 -0.193725 0)
(2.57558 -0.570374 0)
(2.42575 -0.790844 0)
(2.30002 -0.854123 0)
(2.31465 -0.851664 0)
(2.35212 -0.841337 0)
(2.36838 -0.826841 0)
(2.39319 -0.791739 0)
(2.40982 -0.778064 0)
(2.43269 -0.765557 0)
(2.45795 -0.733573 0)
(2.47255 -0.708546 0)
(2.4795 -0.704571 0)
(2.50176 -0.67345 0)
(2.48729 -0.598554 0)
(2.41464 -0.413169 0)
(2.22558 -0.0719558 0)
(2.15533 0.118548 0)
(2.12792 0.228517 0)
(2.13708 0.2332 0)
(2.1678 0.224089 0)
(2.19846 0.203802 0)
(2.22461 0.192207 0)
(2.25012 0.19086 0)
(2.27371 0.197393 0)
(2.29649 0.207668 0)
(2.31972 0.215041 0)
(2.34418 0.2181 0)
(2.36782 0.221559 0)
(2.38897 0.224162 0)
(2.40757 0.221729 0)
(2.42357 0.214308 0)
(2.43639 0.209737 0)
(2.45047 0.212963 0)
(2.46797 0.218649 0)
(2.48623 0.222627 0)
(2.50455 0.221508 0)
(2.52362 0.217951 0)
(2.54367 0.216382 0)
(2.56134 0.219059 0)
(2.57026 0.220152 0)
(2.57506 0.215318 0)
(2.58468 0.209078 0)
(2.605 0.206603 0)
(2.62688 0.210604 0)
(2.64095 0.2117 0)
(2.64907 0.210658 0)
(2.66043 0.214425 0)
(2.675 0.20826 0)
(2.68265 0.202951 0)
(2.67145 0.165364 0)
(2.6661 0.104896 0)
(2.65146 0.0410393 0)
(2.59651 -0.0737815 0)
(2.58436 -0.143591 0)
(2.58611 -0.218668 0)
(2.57243 -0.285712 0)
(2.57045 -0.295537 0)
(2.57073 -0.293933 0)
(2.57624 -0.287791 0)
(2.58457 -0.290485 0)
(2.59736 -0.295266 0)
(2.61515 -0.296995 0)
(2.63571 -0.293642 0)
(2.64707 -0.289685 0)
(2.64332 -0.290161 0)
(2.64678 -0.29115 0)
(2.66044 -0.289327 0)
(2.67888 -0.288415 0)
(2.69721 -0.289041 0)
(2.71019 -0.292277 0)
(2.71961 -0.286002 0)
(2.72722 -0.27325 0)
(2.72752 -0.272542 0)
(2.72634 -0.275229 0)
(2.74503 -0.275505 0)
(2.75572 -0.273913 0)
(2.76852 -0.241174 0)
(2.33983 0.844009 0)
(2.34194 0.847709 0)
(2.35042 0.845127 0)
(2.35888 0.838596 0)
(2.38361 0.818298 0)
(2.44125 0.764462 0)
(2.49312 0.712678 0)
(2.52906 0.667692 0)
(2.61931 0.558153 0)
(2.68203 0.46519 0)
(2.71317 0.438159 0)
(2.73429 0.384181 0)
(2.77856 0.293417 0)
(2.82213 0.248607 0)
(2.88092 0.199496 0)
(2.88947 0.127631 0)
(2.8579 0.0308621 0)
(2.76071 -0.156057 0)
(2.49142 -0.536374 0)
(2.37573 -0.744864 0)
(2.2783 -0.823233 0)
(2.29837 -0.819957 0)
(2.33812 -0.802543 0)
(2.36962 -0.786546 0)
(2.39714 -0.761642 0)
(2.41367 -0.739164 0)
(2.42295 -0.740805 0)
(2.43964 -0.732546 0)
(2.45952 -0.707575 0)
(2.47914 -0.679726 0)
(2.4893 -0.679137 0)
(2.51638 -0.65713 0)
(2.54054 -0.64405 0)
(2.53843 -0.599314 0)
(2.49224 -0.472832 0)
(2.35698 -0.19066 0)
(2.25185 0.0643591 0)
(2.17562 0.204275 0)
(2.15825 0.253852 0)
(2.18037 0.25057 0)
(2.20814 0.245496 0)
(2.24029 0.236299 0)
(2.27031 0.238798 0)
(2.29397 0.244094 0)
(2.31456 0.245132 0)
(2.33513 0.248358 0)
(2.35607 0.257595 0)
(2.37448 0.265331 0)
(2.39181 0.26262 0)
(2.41212 0.252463 0)
(2.43437 0.246272 0)
(2.45468 0.249747 0)
(2.4691 0.258906 0)
(2.4794 0.263652 0)
(2.4938 0.259104 0)
(2.51123 0.251701 0)
(2.52985 0.24857 0)
(2.55055 0.253918 0)
(2.57232 0.261914 0)
(2.58974 0.264452 0)
(2.59952 0.260071 0)
(2.60594 0.250399 0)
(2.61284 0.236122 0)
(2.6238 0.243517 0)
(2.63516 0.24678 0)
(2.655 0.237909 0)
(2.65556 0.214134 0)
(2.64751 0.156638 0)
(2.62052 0.0525569 0)
(2.58349 -0.0510303 0)
(2.54063 -0.1385 0)
(2.51048 -0.21057 0)
(2.51379 -0.252069 0)
(2.5285 -0.289169 0)
(2.53827 -0.297911 0)
(2.55036 -0.293685 0)
(2.56028 -0.27703 0)
(2.57049 -0.264555 0)
(2.58368 -0.264765 0)
(2.59654 -0.26577 0)
(2.61151 -0.264601 0)
(2.62357 -0.262919 0)
(2.62472 -0.261812 0)
(2.62689 -0.259699 0)
(2.64203 -0.261332 0)
(2.66379 -0.265263 0)
(2.68451 -0.269076 0)
(2.70444 -0.270383 0)
(2.7184 -0.26696 0)
(2.72309 -0.25706 0)
(2.71846 -0.249222 0)
(2.71395 -0.257342 0)
(2.71832 -0.261823 0)
(2.7391 -0.262161 0)
(2.75225 -0.262654 0)
(2.7722 -0.25625 0)
(2.33553 0.837127 0)
(2.33475 0.838314 0)
(2.33797 0.838549 0)
(2.3438 0.837592 0)
(2.35608 0.8322 0)
(2.38541 0.812045 0)
(2.43334 0.770687 0)
(2.48517 0.718483 0)
(2.5507 0.64251 0)
(2.59748 0.575497 0)
(2.63744 0.539686 0)
(2.69026 0.46644 0)
(2.74789 0.362742 0)
(2.7635 0.349288 0)
(2.79858 0.292454 0)
(2.7666 0.166052 0)
(2.64554 -0.12484 0)
(2.43602 -0.47975 0)
(2.30092 -0.662347 0)
(2.27118 -0.728683 0)
(2.29152 -0.73017 0)
(2.32546 -0.719375 0)
(2.357 -0.71358 0)
(2.38027 -0.714192 0)
(2.40388 -0.702463 0)
(2.42595 -0.687454 0)
(2.44496 -0.685879 0)
(2.46104 -0.680057 0)
(2.48093 -0.655522 0)
(2.49605 -0.636069 0)
(2.50837 -0.634924 0)
(2.53112 -0.61866 0)
(2.55354 -0.594846 0)
(2.56512 -0.584751 0)
(2.58585 -0.560688 0)
(2.56763 -0.490631 0)
(2.48886 -0.311996 0)
(2.32023 -0.00963556 0)
(2.24315 0.17154 0)
(2.17886 0.294189 0)
(2.19756 0.300026 0)
(2.22269 0.293323 0)
(2.25277 0.286451 0)
(2.27965 0.284615 0)
(2.30491 0.282502 0)
(2.32633 0.279949 0)
(2.34732 0.286207 0)
(2.36615 0.298743 0)
(2.3822 0.302257 0)
(2.39986 0.294196 0)
(2.41733 0.286902 0)
(2.43493 0.287715 0)
(2.45136 0.295178 0)
(2.46704 0.299811 0)
(2.48512 0.296031 0)
(2.50679 0.28891 0)
(2.5302 0.285936 0)
(2.55293 0.291443 0)
(2.5696 0.298747 0)
(2.5787 0.301693 0)
(2.58356 0.295265 0)
(2.59075 0.279565 0)
(2.59292 0.270288 0)
(2.61741 0.264701 0)
(2.61831 0.24589 0)
(2.61401 0.196969 0)
(2.58101 0.0892498 0)
(2.56167 -0.0209237 0)
(2.55034 -0.103851 0)
(2.49709 -0.183938 0)
(2.47853 -0.194608 0)
(2.48139 -0.206778 0)
(2.49939 -0.226717 0)
(2.51232 -0.240821 0)
(2.53207 -0.243622 0)
(2.55247 -0.239203 0)
(2.56294 -0.233035 0)
(2.56949 -0.233568 0)
(2.58224 -0.236989 0)
(2.596 -0.239727 0)
(2.605 -0.242088 0)
(2.60698 -0.238108 0)
(2.6087 -0.2286 0)
(2.62292 -0.228987 0)
(2.63823 -0.231773 0)
(2.65402 -0.23372 0)
(2.67268 -0.234364 0)
(2.69144 -0.233153 0)
(2.70889 -0.230218 0)
(2.71818 -0.226641 0)
(2.70873 -0.226715 0)
(2.70455 -0.234119 0)
(2.71385 -0.238032 0)
(2.73297 -0.236659 0)
(2.74673 -0.235785 0)
(2.76819 -0.233191 0)
(2.32716 0.841083 0)
(2.32638 0.837284 0)
(2.32876 0.836677 0)
(2.3344 0.834635 0)
(2.34202 0.832926 0)
(2.36132 0.825081 0)
(2.39354 0.801738 0)
(2.44158 0.757306 0)
(2.47326 0.721621 0)
(2.54235 0.648281 0)
(2.58964 0.595138 0)
(2.65585 0.520619 0)
(2.66773 0.503615 0)
(2.68604 0.404372 0)
(2.65586 0.256658 0)
(2.47934 -0.119454 0)
(2.35184 -0.405092 0)
(2.24016 -0.590489 0)
(2.22816 -0.626864 0)
(2.25537 -0.627975 0)
(2.28694 -0.621333 0)
(2.31492 -0.616866 0)
(2.34044 -0.619217 0)
(2.36395 -0.621651 0)
(2.39043 -0.615988 0)
(2.41866 -0.612474 0)
(2.44533 -0.6162 0)
(2.4651 -0.616782 0)
(2.48822 -0.59543 0)
(2.5048 -0.583809 0)
(2.52311 -0.579149 0)
(2.54042 -0.570936 0)
(2.56912 -0.543062 0)
(2.59076 -0.531861 0)
(2.61273 -0.512794 0)
(2.62699 -0.514755 0)
(2.61884 -0.475677 0)
(2.57245 -0.366979 0)
(2.46802 -0.143225 0)
(2.30298 0.147388 0)
(2.25153 0.257519 0)
(2.24305 0.3155 0)
(2.25517 0.317312 0)
(2.27979 0.32589 0)
(2.31273 0.325786 0)
(2.33721 0.321976 0)
(2.35204 0.322484 0)
(2.36538 0.333322 0)
(2.38009 0.337779 0)
(2.39674 0.331667 0)
(2.41503 0.330125 0)
(2.43422 0.337196 0)
(2.45111 0.34404 0)
(2.46596 0.344186 0)
(2.48139 0.335103 0)
(2.50122 0.324065 0)
(2.52361 0.319606 0)
(2.54668 0.3279 0)
(2.56477 0.337358 0)
(2.57349 0.34223 0)
(2.56866 0.326479 0)
(2.57505 0.30058 0)
(2.57592 0.270029 0)
(2.56914 0.22525 0)
(2.53431 0.118621 0)
(2.51378 0.00904808 0)
(2.50173 -0.0933288 0)
(2.47677 -0.18763 0)
(2.45924 -0.207947 0)
(2.44026 -0.223842 0)
(2.44253 -0.224891 0)
(2.46004 -0.220324 0)
(2.48029 -0.219577 0)
(2.50435 -0.219325 0)
(2.52466 -0.216058 0)
(2.53871 -0.203179 0)
(2.54829 -0.19641 0)
(2.56101 -0.203909 0)
(2.57732 -0.212005 0)
(2.59289 -0.21419 0)
(2.6022 -0.213213 0)
(2.59996 -0.205886 0)
(2.59836 -0.196639 0)
(2.61695 -0.196657 0)
(2.636 -0.199462 0)
(2.65455 -0.203566 0)
(2.67306 -0.20469 0)
(2.69039 -0.202861 0)
(2.70266 -0.20066 0)
(2.70578 -0.201611 0)
(2.69991 -0.203995 0)
(2.69954 -0.208507 0)
(2.71132 -0.209587 0)
(2.73352 -0.208987 0)
(2.74814 -0.208772 0)
(2.7723 -0.208113 0)
(2.31649 0.851131 0)
(2.31544 0.844983 0)
(2.31982 0.84161 0)
(2.32641 0.839834 0)
(2.33537 0.835157 0)
(2.34102 0.832667 0)
(2.36001 0.820863 0)
(2.3834 0.801761 0)
(2.43863 0.747095 0)
(2.46828 0.720805 0)
(2.53604 0.649765 0)
(2.59174 0.627154 0)
(2.56875 0.489358 0)
(2.51858 0.27289 0)
(2.33702 -0.0985954 0)
(2.23504 -0.334041 0)
(2.17386 -0.469617 0)
(2.18362 -0.484065 0)
(2.21484 -0.496898 0)
(2.24809 -0.507473 0)
(2.27935 -0.52039 0)
(2.30853 -0.530747 0)
(2.33575 -0.536519 0)
(2.36121 -0.538786 0)
(2.38793 -0.53592 0)
(2.41673 -0.534993 0)
(2.44527 -0.538271 0)
(2.47001 -0.54364 0)
(2.49781 -0.533705 0)
(2.5236 -0.525084 0)
(2.54214 -0.514771 0)
(2.54859 -0.504249 0)
(2.55689 -0.490354 0)
(2.57833 -0.483083 0)
(2.60932 -0.469699 0)
(2.63722 -0.461856 0)
(2.65402 -0.44351 0)
(2.66416 -0.426256 0)
(2.64527 -0.367324 0)
(2.57912 -0.215861 0)
(2.40801 0.0822817 0)
(2.32987 0.244705 0)
(2.29038 0.361529 0)
(2.27961 0.391591 0)
(2.29979 0.388227 0)
(2.32311 0.375955 0)
(2.34349 0.363566 0)
(2.3653 0.367751 0)
(2.3858 0.372511 0)
(2.40211 0.366284 0)
(2.41386 0.36234 0)
(2.42473 0.370269 0)
(2.4354 0.380986 0)
(2.4518 0.386203 0)
(2.47625 0.377674 0)
(2.49707 0.365726 0)
(2.51366 0.355437 0)
(2.5334 0.36321 0)
(2.55001 0.367392 0)
(2.55951 0.368736 0)
(2.54593 0.322568 0)
(2.52841 0.250316 0)
(2.50263 0.170969 0)
(2.44034 0.022883 0)
(2.43385 -0.0615049 0)
(2.45286 -0.105485 0)
(2.44851 -0.152748 0)
(2.44526 -0.162395 0)
(2.4368 -0.160532 0)
(2.43302 -0.169168 0)
(2.44253 -0.181915 0)
(2.46442 -0.185213 0)
(2.48433 -0.188617 0)
(2.50171 -0.190339 0)
(2.51741 -0.184535 0)
(2.53125 -0.172571 0)
(2.54523 -0.167219 0)
(2.55971 -0.175893 0)
(2.57205 -0.184884 0)
(2.58458 -0.187511 0)
(2.5935 -0.184886 0)
(2.5953 -0.176464 0)
(2.59577 -0.166226 0)
(2.60754 -0.163787 0)
(2.62811 -0.167942 0)
(2.64641 -0.170768 0)
(2.66368 -0.172489 0)
(2.68005 -0.172561 0)
(2.69486 -0.172743 0)
(2.70349 -0.177441 0)
(2.69971 -0.181932 0)
(2.7001 -0.185593 0)
(2.71524 -0.184523 0)
(2.73391 -0.178252 0)
(2.74659 -0.175327 0)
(2.76707 -0.175859 0)
(2.33527 0.818863 0)
(2.33193 0.822764 0)
(2.3289 0.83582 0)
(2.32837 0.839901 0)
(2.32965 0.837059 0)
(2.33205 0.833436 0)
(2.33857 0.830455 0)
(2.35484 0.818833 0)
(2.38264 0.796903 0)
(2.4204 0.76359 0)
(2.46822 0.703764 0)
(2.45586 0.568294 0)
(2.32216 0.241204 0)
(2.19393 -0.0951914 0)
(2.11293 -0.319394 0)
(2.09275 -0.392948 0)
(2.11437 -0.401469 0)
(2.14685 -0.400018 0)
(2.1819 -0.402745 0)
(2.21954 -0.412085 0)
(2.25749 -0.425469 0)
(2.29427 -0.437172 0)
(2.32808 -0.445249 0)
(2.35831 -0.449874 0)
(2.3857 -0.450136 0)
(2.41175 -0.447514 0)
(2.43509 -0.445091 0)
(2.45604 -0.447572 0)
(2.4837 -0.445661 0)
(2.52174 -0.443472 0)
(2.55814 -0.441388 0)
(2.5831 -0.433401 0)
(2.59342 -0.428801 0)
(2.60027 -0.422547 0)
(2.60971 -0.415255 0)
(2.63377 -0.396267 0)
(2.65834 -0.382327 0)
(2.67903 -0.383088 0)
(2.6932 -0.385964 0)
(2.69286 -0.335129 0)
(2.65749 -0.227642 0)
(2.55686 -0.0258823 0)
(2.43153 0.208957 0)
(2.36809 0.350812 0)
(2.32373 0.418112 0)
(2.33202 0.410076 0)
(2.35126 0.402974 0)
(2.37448 0.405831 0)
(2.39963 0.413281 0)
(2.41955 0.408828 0)
(2.42717 0.40071 0)
(2.42445 0.407839 0)
(2.43002 0.414438 0)
(2.44391 0.420169 0)
(2.47102 0.41317 0)
(2.49396 0.40666 0)
(2.51352 0.394645 0)
(2.53055 0.393795 0)
(2.53135 0.378255 0)
(2.51217 0.315147 0)
(2.47158 0.204557 0)
(2.41201 0.0649413 0)
(2.36224 -0.0644724 0)
(2.36313 -0.118147 0)
(2.38121 -0.171619 0)
(2.40002 -0.167613 0)
(2.41092 -0.167005 0)
(2.423 -0.166173 0)
(2.42623 -0.155151 0)
(2.43073 -0.141558 0)
(2.44569 -0.142145 0)
(2.46748 -0.14825 0)
(2.48694 -0.15382 0)
(2.5035 -0.156236 0)
(2.52058 -0.152731 0)
(2.53855 -0.14789 0)
(2.55545 -0.145201 0)
(2.5677 -0.148941 0)
(2.5763 -0.156878 0)
(2.58437 -0.160721 0)
(2.59064 -0.15615 0)
(2.59526 -0.147211 0)
(2.60397 -0.142599 0)
(2.61771 -0.140481 0)
(2.63318 -0.140579 0)
(2.64902 -0.141547 0)
(2.66584 -0.141945 0)
(2.68321 -0.14197 0)
(2.69864 -0.144678 0)
(2.70791 -0.151778 0)
(2.70831 -0.159032 0)
(2.70484 -0.162471 0)
(2.71785 -0.15738 0)
(2.73565 -0.148711 0)
(2.74855 -0.143607 0)
(2.77078 -0.14522 0)
(2.37934 0.802121 0)
(2.3327 0.862236 0)
(2.3202 0.872499 0)
(2.30948 0.855935 0)
(2.31305 0.832394 0)
(2.32514 0.825486 0)
(2.33069 0.82847 0)
(2.3471 0.823488 0)
(2.36753 0.822984 0)
(2.36275 0.754148 0)
(2.30437 0.563653 0)
(2.14554 0.208556 0)
(2.04208 -0.0519325 0)
(2.02738 -0.187429 0)
(2.03612 -0.231807 0)
(2.06945 -0.270449 0)
(2.1055 -0.299753 0)
(2.13795 -0.318482 0)
(2.17276 -0.330065 0)
(2.21115 -0.338132 0)
(2.25023 -0.346768 0)
(2.28824 -0.354302 0)
(2.32426 -0.360779 0)
(2.35896 -0.366711 0)
(2.39238 -0.37288 0)
(2.42564 -0.37525 0)
(2.45757 -0.373686 0)
(2.48514 -0.372842 0)
(2.50653 -0.370762 0)
(2.52639 -0.36328 0)
(2.55039 -0.3547 0)
(2.57537 -0.341861 0)
(2.59808 -0.341879 0)
(2.62117 -0.348662 0)
(2.6434 -0.352676 0)
(2.66859 -0.343936 0)
(2.69161 -0.331227 0)
(2.70698 -0.322695 0)
(2.72426 -0.316323 0)
(2.72532 -0.32012 0)
(2.73095 -0.290586 0)
(2.71869 -0.229537 0)
(2.66298 -0.0944524 0)
(2.53513 0.152534 0)
(2.43522 0.343258 0)
(2.38618 0.416965 0)
(2.37303 0.455866 0)
(2.37642 0.462012 0)
(2.39362 0.466621 0)
(2.40995 0.458814 0)
(2.42165 0.448438 0)
(2.43077 0.455535 0)
(2.44005 0.451442 0)
(2.44575 0.453109 0)
(2.46901 0.445294 0)
(2.4922 0.437839 0)
(2.49908 0.408504 0)
(2.49228 0.359002 0)
(2.4499 0.249088 0)
(2.41285 0.143625 0)
(2.36031 0.0113731 0)
(2.33713 -0.0759839 0)
(2.33583 -0.0839268 0)
(2.36192 -0.0972608 0)
(2.37717 -0.110101 0)
(2.40026 -0.11623 0)
(2.42385 -0.121908 0)
(2.43098 -0.13369 0)
(2.42639 -0.138136 0)
(2.43218 -0.126946 0)
(2.45107 -0.117881 0)
(2.47263 -0.117151 0)
(2.49242 -0.119136 0)
(2.50965 -0.119898 0)
(2.52692 -0.118845 0)
(2.54448 -0.117308 0)
(2.55957 -0.115201 0)
(2.57185 -0.11789 0)
(2.58265 -0.127394 0)
(2.59118 -0.134758 0)
(2.59872 -0.132547 0)
(2.60666 -0.124226 0)
(2.6182 -0.120011 0)
(2.63248 -0.120507 0)
(2.64644 -0.120319 0)
(2.66078 -0.116862 0)
(2.67608 -0.112346 0)
(2.68838 -0.108781 0)
(2.69606 -0.111603 0)
(2.69977 -0.120799 0)
(2.704 -0.131006 0)
(2.71162 -0.138984 0)
(2.72611 -0.136773 0)
(2.74512 -0.126521 0)
(2.75776 -0.115819 0)
(2.77588 -0.11435 0)
(2.61192 0.577382 0)
(2.41365 0.815957 0)
(2.34619 0.827433 0)
(2.3265 0.827154 0)
(2.3297 0.827195 0)
(2.33794 0.83937 0)
(2.33701 0.844734 0)
(2.33478 0.83511 0)
(2.30929 0.764898 0)
(2.16699 0.503444 0)
(1.96752 0.133121 0)
(1.89726 -0.0955236 0)
(1.90927 -0.181603 0)
(1.94079 -0.183972 0)
(1.98731 -0.183712 0)
(2.03499 -0.193584 0)
(2.08189 -0.218372 0)
(2.12777 -0.244184 0)
(2.17382 -0.259958 0)
(2.2184 -0.266969 0)
(2.25895 -0.272855 0)
(2.29544 -0.277975 0)
(2.32875 -0.283127 0)
(2.36031 -0.286509 0)
(2.39059 -0.28868 0)
(2.42091 -0.286467 0)
(2.45209 -0.280804 0)
(2.48519 -0.276282 0)
(2.521 -0.278252 0)
(2.55284 -0.283638 0)
(2.57905 -0.287944 0)
(2.59927 -0.276936 0)
(2.61604 -0.270106 0)
(2.62731 -0.269258 0)
(2.63752 -0.267752 0)
(2.6616 -0.260201 0)
(2.69573 -0.252668 0)
(2.72793 -0.255274 0)
(2.75459 -0.260892 0)
(2.76977 -0.263318 0)
(2.76925 -0.249411 0)
(2.75868 -0.243961 0)
(2.76743 -0.19636 0)
(2.74426 -0.113677 0)
(2.65577 0.0739408 0)
(2.5252 0.303794 0)
(2.48457 0.396407 0)
(2.43332 0.476155 0)
(2.42246 0.493486 0)
(2.41993 0.50026 0)
(2.42439 0.500541 0)
(2.42434 0.505376 0)
(2.44744 0.492979 0)
(2.46456 0.479345 0)
(2.46811 0.456279 0)
(2.45624 0.39589 0)
(2.41308 0.270642 0)
(2.38201 0.137343 0)
(2.34975 0.0166206 0)
(2.30258 -0.0751786 0)
(2.29853 -0.144643 0)
(2.3114 -0.147463 0)
(2.33074 -0.124547 0)
(2.35829 -0.0905786 0)
(2.37898 -0.081273 0)
(2.4008 -0.0827347 0)
(2.43 -0.0853571 0)
(2.44925 -0.0971557 0)
(2.44658 -0.116415 0)
(2.44875 -0.119769 0)
(2.47169 -0.110421 0)
(2.49462 -0.100807 0)
(2.51168 -0.0930508 0)
(2.5267 -0.0897565 0)
(2.54345 -0.0896101 0)
(2.56084 -0.089689 0)
(2.57574 -0.0901394 0)
(2.58822 -0.0945735 0)
(2.59814 -0.103548 0)
(2.6037 -0.110476 0)
(2.60729 -0.10835 0)
(2.61339 -0.0988772 0)
(2.62392 -0.0917045 0)
(2.63844 -0.0903629 0)
(2.65565 -0.0909628 0)
(2.67237 -0.0891019 0)
(2.68777 -0.087347 0)
(2.7017 -0.0844802 0)
(2.70763 -0.0816694 0)
(2.70476 -0.0919852 0)
(2.7115 -0.106884 0)
(2.72323 -0.114503 0)
(2.7382 -0.113443 0)
(2.75657 -0.10244 0)
(2.76964 -0.0874221 0)
(2.78844 -0.0859508 0)
(2.90245 0.177263 0)
(2.59949 0.584281 0)
(2.45111 0.742319 0)
(2.36873 0.807653 0)
(2.35357 0.844098 0)
(2.33936 0.857647 0)
(2.3117 0.828071 0)
(2.22069 0.684748 0)
(2.07206 0.386903 0)
(1.91531 0.120485 0)
(1.86259 0.0130274 0)
(1.86594 -0.0243953 0)
(1.90203 -0.0788676 0)
(1.94706 -0.112819 0)
(1.98722 -0.130587 0)
(2.02959 -0.144906 0)
(2.07768 -0.156073 0)
(2.12861 -0.16533 0)
(2.17815 -0.172379 0)
(2.22255 -0.177523 0)
(2.26168 -0.185629 0)
(2.29853 -0.195976 0)
(2.33649 -0.206114 0)
(2.37549 -0.212426 0)
(2.41279 -0.216648 0)
(2.44753 -0.216322 0)
(2.47993 -0.209582 0)
(2.50784 -0.197615 0)
(2.53001 -0.187783 0)
(2.54981 -0.189287 0)
(2.57272 -0.194301 0)
(2.60567 -0.194333 0)
(2.64036 -0.205441 0)
(2.66406 -0.215632 0)
(2.68226 -0.205752 0)
(2.69886 -0.188465 0)
(2.71392 -0.175964 0)
(2.7294 -0.183826 0)
(2.7386 -0.192869 0)
(2.75601 -0.189226 0)
(2.77801 -0.182937 0)
(2.80184 -0.173926 0)
(2.80952 -0.171495 0)
(2.81574 -0.149911 0)
(2.80376 -0.100311 0)
(2.76336 0.00159412 0)
(2.63071 0.254778 0)
(2.55956 0.410016 0)
(2.48811 0.504623 0)
(2.47802 0.523649 0)
(2.46136 0.546066 0)
(2.44058 0.545164 0)
(2.43697 0.512674 0)
(2.43869 0.463767 0)
(2.39779 0.349068 0)
(2.34815 0.20593 0)
(2.32302 0.0668297 0)
(2.33256 -0.0065948 0)
(2.31845 -0.0402804 0)
(2.31682 -0.0435787 0)
(2.32252 -0.0669824 0)
(2.33472 -0.0864747 0)
(2.35783 -0.0731019 0)
(2.37509 -0.0554762 0)
(2.39121 -0.0615686 0)
(2.40873 -0.0660088 0)
(2.42593 -0.063669 0)
(2.44204 -0.0610821 0)
(2.45563 -0.0724567 0)
(2.46713 -0.0868231 0)
(2.48325 -0.0844443 0)
(2.50081 -0.0706673 0)
(2.51493 -0.0600726 0)
(2.53096 -0.0585903 0)
(2.5467 -0.0613487 0)
(2.56212 -0.0618017 0)
(2.57669 -0.0610253 0)
(2.58963 -0.0638058 0)
(2.59986 -0.0712729 0)
(2.60586 -0.079154 0)
(2.6096 -0.0799579 0)
(2.6201 -0.0739473 0)
(2.63603 -0.0681882 0)
(2.65202 -0.0624312 0)
(2.66676 -0.0576047 0)
(2.67951 -0.0570752 0)
(2.68768 -0.0582847 0)
(2.69328 -0.0599198 0)
(2.698 -0.061442 0)
(2.70685 -0.0660955 0)
(2.72044 -0.0761274 0)
(2.73209 -0.0817793 0)
(2.74866 -0.0827338 0)
(2.7681 -0.0791055 0)
(2.78361 -0.0630412 0)
(2.80197 -0.0547059 0)
(2.99135 0.0175908 0)
(2.91633 0.139298 0)
(2.69651 0.474444 0)
(2.53974 0.70749 0)
(2.40943 0.843182 0)
(2.28624 0.756523 0)
(2.10678 0.503748 0)
(1.98076 0.220209 0)
(1.82821 -0.0306147 0)
(1.81066 -0.0770241 0)
(1.82959 -0.0517879 0)
(1.85293 -0.0254154 0)
(1.89279 -0.0288536 0)
(1.95329 -0.0586413 0)
(2.00766 -0.0923446 0)
(2.05747 -0.104643 0)
(2.10928 -0.103684 0)
(2.16024 -0.101559 0)
(2.20838 -0.102671 0)
(2.25257 -0.106599 0)
(2.29248 -0.113225 0)
(2.32773 -0.120203 0)
(2.36042 -0.127095 0)
(2.39454 -0.131229 0)
(2.43173 -0.133565 0)
(2.47028 -0.133386 0)
(2.50841 -0.131134 0)
(2.54423 -0.127801 0)
(2.57302 -0.123113 0)
(2.5921 -0.118709 0)
(2.60224 -0.118742 0)
(2.59342 -0.125081 0)
(2.61222 -0.123588 0)
(2.65987 -0.122917 0)
(2.69682 -0.115261 0)
(2.73045 -0.107495 0)
(2.75106 -0.106279 0)
(2.75787 -0.112266 0)
(2.74187 -0.11418 0)
(2.74172 -0.112326 0)
(2.7838 -0.113342 0)
(2.817 -0.111253 0)
(2.84285 -0.108339 0)
(2.85274 -0.101876 0)
(2.84924 -0.101633 0)
(2.83577 -0.0521943 0)
(2.80836 -0.00276633 0)
(2.71237 0.20272 0)
(2.67483 0.349715 0)
(2.59143 0.499742 0)
(2.53084 0.560693 0)
(2.41437 0.485433 0)
(2.33283 0.32886 0)
(2.34946 0.246915 0)
(2.29906 0.119199 0)
(2.25227 -0.0034272 0)
(2.26457 -0.0917929 0)
(2.28608 -0.102712 0)
(2.3017 -0.0903957 0)
(2.32016 -0.0584819 0)
(2.33438 -0.0501124 0)
(2.35503 -0.0484613 0)
(2.38124 -0.0449505 0)
(2.39836 -0.0329096 0)
(2.41186 -0.0366529 0)
(2.42061 -0.0488891 0)
(2.4364 -0.0373407 0)
(2.45034 -0.0327275 0)
(2.46837 -0.0391756 0)
(2.48693 -0.0505928 0)
(2.50079 -0.0549353 0)
(2.51361 -0.0463762 0)
(2.52793 -0.0390882 0)
(2.54398 -0.0379686 0)
(2.55875 -0.0412409 0)
(2.57273 -0.0413063 0)
(2.5866 -0.0379635 0)
(2.59794 -0.0362871 0)
(2.60629 -0.0404418 0)
(2.61177 -0.0492239 0)
(2.61691 -0.0524915 0)
(2.6291 -0.0465619 0)
(2.6456 -0.0400284 0)
(2.66326 -0.0354878 0)
(2.68014 -0.0340114 0)
(2.69301 -0.0332089 0)
(2.69238 -0.0312571 0)
(2.6865 -0.0334536 0)
(2.69822 -0.038881 0)
(2.71238 -0.0419809 0)
(2.72883 -0.0457596 0)
(2.7425 -0.0498401 0)
(2.75741 -0.0503699 0)
(2.77572 -0.0462057 0)
(2.79222 -0.0344818 0)
(2.81616 -0.0323373 0)
(2.99979 0.000289032 0)
(2.99436 0.00982797 0)
(2.93552 0.0787498 0)
(2.71812 0.297943 0)
(2.40254 0.430222 0)
(2.20303 0.347612 0)
(2.03438 0.223353 0)
(1.9682 0.118624 0)
(1.85215 0.0299009 0)
(1.84861 -0.0145646 0)
(1.87648 -0.0243332 0)
(1.88103 -0.0136086 0)
(1.90306 -0.00950261 0)
(1.94876 -0.0158138 0)
(2.0111 -0.025776 0)
(2.07441 -0.0320158 0)
(2.13143 -0.0330187 0)
(2.18023 -0.0319606 0)
(2.22244 -0.0310788 0)
(2.26026 -0.0314988 0)
(2.29557 -0.0340038 0)
(2.33083 -0.037652 0)
(2.36871 -0.0414595 0)
(2.40912 -0.0438163 0)
(2.45039 -0.0450028 0)
(2.48956 -0.0447476 0)
(2.52418 -0.0432812 0)
(2.55226 -0.0408749 0)
(2.57094 -0.0396531 0)
(2.5814 -0.0417347 0)
(2.5893 -0.04406 0)
(2.61395 -0.0488936 0)
(2.64325 -0.0457937 0)
(2.66758 -0.0418552 0)
(2.68843 -0.0437034 0)
(2.70696 -0.0438543 0)
(2.72049 -0.0450685 0)
(2.72269 -0.0452164 0)
(2.73487 -0.0416904 0)
(2.76055 -0.0399799 0)
(2.78023 -0.0399565 0)
(2.79915 -0.0431071 0)
(2.81719 -0.0425535 0)
(2.82891 -0.0429242 0)
(2.82899 -0.037872 0)
(2.82103 -0.030694 0)
(2.82883 -0.0178485 0)
(2.81972 0.00280026 0)
(2.781 0.0739629 0)
(2.65893 0.199397 0)
(2.52621 0.326136 0)
(2.37756 0.234817 0)
(2.31731 0.0872031 0)
(2.31305 0.0897142 0)
(2.28235 0.0973656 0)
(2.27952 0.0515632 0)
(2.28801 -0.0108627 0)
(2.29785 -0.0506607 0)
(2.32429 -0.0399247 0)
(2.34658 -0.00431831 0)
(2.36029 -0.00632984 0)
(2.36705 -0.019653 0)
(2.38105 -0.0148871 0)
(2.3997 -0.00924913 0)
(2.42019 -0.0129921 0)
(2.42929 -0.0197992 0)
(2.43323 -0.0172069 0)
(2.44338 -0.0116197 0)
(2.46181 -0.0153829 0)
(2.48158 -0.0168814 0)
(2.50091 -0.0147501 0)
(2.52062 -0.0107994 0)
(2.53472 -0.00886093 0)
(2.54147 -0.0139154 0)
(2.55191 -0.0192933 0)
(2.56528 -0.0194086 0)
(2.57828 -0.0146813 0)
(2.58781 -0.0103641 0)
(2.59413 -0.0118252 0)
(2.5986 -0.0187556 0)
(2.60586 -0.0221306 0)
(2.62042 -0.0200295 0)
(2.63863 -0.0163888 0)
(2.65699 -0.0121481 0)
(2.6727 -0.0100382 0)
(2.68271 -0.0111838 0)
(2.68103 -0.0157463 0)
(2.67409 -0.0190631 0)
(2.6846 -0.0156661 0)
(2.70163 -0.0143271 0)
(2.71797 -0.0152634 0)
(2.73328 -0.0172553 0)
(2.74845 -0.021347 0)
(2.76619 -0.0209244 0)
(2.78469 -0.0150214 0)
(2.80788 -0.0117562 0)
(2.99978 -0.000290665 0)
(2.99437 -0.00982275 0)
(2.93569 -0.0783888 0)
(2.71775 -0.29964 0)
(2.40176 -0.429296 0)
(2.20324 -0.345987 0)
(2.03509 -0.223882 0)
(1.96802 -0.119495 0)
(1.85205 -0.0299755 0)
(1.84846 0.0150187 0)
(1.87643 0.0243721 0)
(1.88105 0.0132148 0)
(1.90305 0.00928335 0)
(1.94881 0.0157371 0)
(2.01122 0.0257827 0)
(2.07458 0.0320311 0)
(2.13155 0.0330181 0)
(2.18017 0.0320043 0)
(2.22215 0.0312162 0)
(2.25983 0.0316879 0)
(2.2952 0.0341407 0)
(2.33062 0.0377253 0)
(2.36862 0.0413968 0)
(2.40919 0.0438369 0)
(2.45072 0.044904 0)
(2.49016 0.0445716 0)
(2.52491 0.0429726 0)
(2.55273 0.0406143 0)
(2.57075 0.0405003 0)
(2.58067 0.0426831 0)
(2.58864 0.0446585 0)
(2.61414 0.0494489 0)
(2.64494 0.0467115 0)
(2.67018 0.0415645 0)
(2.68984 0.0439744 0)
(2.70727 0.0438395 0)
(2.72045 0.0452197 0)
(2.72216 0.0441914 0)
(2.73246 0.0401265 0)
(2.75519 0.0398166 0)
(2.77521 0.0412577 0)
(2.79734 0.0434984 0)
(2.81702 0.0435721 0)
(2.82927 0.0430148 0)
(2.82931 0.0381653 0)
(2.82145 0.0309258 0)
(2.82966 0.0180247 0)
(2.8232 0.00435514 0)
(2.76344 -0.0999322 0)
(2.64693 -0.244888 0)
(2.50876 -0.202027 0)
(2.43063 -0.195058 0)
(2.35724 -0.225301 0)
(2.25511 -0.146908 0)
(2.25831 -0.0253277 0)
(2.29672 0.0089754 0)
(2.30195 0.00640671 0)
(2.31441 0.00781152 0)
(2.3318 0.0315744 0)
(2.33223 0.0471243 0)
(2.34936 0.0274812 0)
(2.3587 0.0015308 0)
(2.37386 0.00136273 0)
(2.39587 0.00932829 0)
(2.41761 0.0138764 0)
(2.43172 0.0137055 0)
(2.43571 0.0201717 0)
(2.44082 0.0231492 0)
(2.45839 0.0167254 0)
(2.47509 0.0123809 0)
(2.49241 0.0113516 0)
(2.5112 0.01443 0)
(2.5274 0.0182742 0)
(2.5416 0.0153179 0)
(2.55449 0.0102667 0)
(2.56687 0.0110188 0)
(2.5781 0.0180253 0)
(2.58669 0.0248577 0)
(2.59389 0.0250624 0)
(2.60065 0.0191124 0)
(2.60977 0.0138222 0)
(2.62349 0.0122251 0)
(2.64058 0.0142015 0)
(2.65816 0.0182214 0)
(2.67316 0.0195236 0)
(2.68175 0.0141583 0)
(2.67948 0.00638374 0)
(2.67304 0.00839283 0)
(2.68504 0.0179432 0)
(2.70404 0.0223951 0)
(2.72144 0.0228066 0)
(2.73709 0.021223 0)
(2.75263 0.01483 0)
(2.76737 0.00956356 0)
(2.78394 0.00994911 0)
(2.80522 0.0128487 0)
(2.99133 -0.0176163 0)
(2.91643 -0.139176 0)
(2.69666 -0.474295 0)
(2.53931 -0.708171 0)
(2.40894 -0.842837 0)
(2.28632 -0.756054 0)
(2.10768 -0.50429 0)
(1.98066 -0.220551 0)
(1.82777 0.0307791 0)
(1.81047 0.0772044 0)
(1.82957 0.0518559 0)
(1.8529 0.0253635 0)
(1.8928 0.0288475 0)
(1.9533 0.0586892 0)
(2.00763 0.0924634 0)
(2.05744 0.104769 0)
(2.10925 0.103758 0)
(2.16024 0.101612 0)
(2.20846 0.10269 0)
(2.25273 0.106564 0)
(2.29268 0.113135 0)
(2.32791 0.12015 0)
(2.36049 0.126995 0)
(2.39435 0.131212 0)
(2.43119 0.133337 0)
(2.46938 0.133178 0)
(2.50728 0.131366 0)
(2.54329 0.128245 0)
(2.5723 0.122975 0)
(2.59211 0.118635 0)
(2.60316 0.118489 0)
(2.59541 0.124726 0)
(2.61133 0.123341 0)
(2.65886 0.123118 0)
(2.69611 0.115756 0)
(2.73069 0.107803 0)
(2.75176 0.106721 0)
(2.75744 0.112285 0)
(2.7378 0.113654 0)
(2.74588 0.112617 0)
(2.78609 0.112487 0)
(2.81873 0.110307 0)
(2.84306 0.108542 0)
(2.85254 0.101842 0)
(2.8498 0.101837 0)
(2.83521 0.051079 0)
(2.80844 -0.000543068 0)
(2.73656 -0.162824 0)
(2.61081 -0.420608 0)
(2.59229 -0.492404 0)
(2.53563 -0.523883 0)
(2.47434 -0.473688 0)
(2.39246 -0.387939 0)
(2.26899 -0.239894 0)
(2.23936 -0.0760168 0)
(2.28823 0.0241899 0)
(2.30323 0.07468 0)
(2.30229 0.0759181 0)
(2.29572 0.0801503 0)
(2.30401 0.0719743 0)
(2.3364 0.0517362 0)
(2.35675 0.0308634 0)
(2.37718 0.0309802 0)
(2.39837 0.0383651 0)
(2.42132 0.042069 0)
(2.43823 0.0404994 0)
(2.4421 0.041474 0)
(2.44733 0.0450153 0)
(2.4607 0.0438512 0)
(2.47859 0.0429507 0)
(2.49729 0.0437694 0)
(2.51446 0.0444636 0)
(2.53129 0.0434215 0)
(2.54828 0.0392433 0)
(2.56338 0.0337256 0)
(2.57618 0.0343838 0)
(2.58667 0.0418916 0)
(2.5958 0.048109 0)
(2.60497 0.0486226 0)
(2.61379 0.045227 0)
(2.62338 0.0420634 0)
(2.63506 0.0396503 0)
(2.6495 0.0395272 0)
(2.66634 0.041643 0)
(2.68227 0.0438439 0)
(2.69026 0.0393412 0)
(2.68165 0.0247086 0)
(2.68282 0.0240932 0)
(2.69939 0.0367452 0)
(2.71544 0.0472597 0)
(2.73395 0.05113 0)
(2.74948 0.0500824 0)
(2.76388 0.0438561 0)
(2.77766 0.0351483 0)
(2.79151 0.0304845 0)
(2.81037 0.0348766 0)
(2.90234 -0.177356 0)
(2.59958 -0.584134 0)
(2.45119 -0.742295 0)
(2.36867 -0.807698 0)
(2.35351 -0.84403 0)
(2.33937 -0.8576 0)
(2.31179 -0.828139 0)
(2.22072 -0.68492 0)
(2.0719 -0.386793 0)
(1.91531 -0.120342 0)
(1.86262 -0.0129793 0)
(1.86596 0.0243998 0)
(1.90204 0.0788866 0)
(1.94708 0.112912 0)
(1.98724 0.130639 0)
(2.02961 0.144928 0)
(2.07769 0.156071 0)
(2.12862 0.165302 0)
(2.17815 0.172321 0)
(2.22254 0.177427 0)
(2.26165 0.185522 0)
(2.29845 0.195912 0)
(2.33638 0.206055 0)
(2.37538 0.21251 0)
(2.41279 0.216655 0)
(2.44765 0.216485 0)
(2.48011 0.210136 0)
(2.50817 0.198013 0)
(2.53092 0.187203 0)
(2.55067 0.18866 0)
(2.5727 0.193858 0)
(2.60535 0.194132 0)
(2.63975 0.204947 0)
(2.66392 0.216037 0)
(2.68243 0.206039 0)
(2.69935 0.188269 0)
(2.71435 0.176184 0)
(2.72917 0.1843 0)
(2.73908 0.192859 0)
(2.75704 0.189466 0)
(2.77922 0.181632 0)
(2.80204 0.172994 0)
(2.80891 0.171911 0)
(2.81593 0.149211 0)
(2.80456 0.102972 0)
(2.75293 -0.0170297 0)
(2.64398 -0.233701 0)
(2.57835 -0.386219 0)
(2.47732 -0.527017 0)
(2.46196 -0.541609 0)
(2.45704 -0.540986 0)
(2.44941 -0.54365 0)
(2.44397 -0.508403 0)
(2.42562 -0.461379 0)
(2.38234 -0.34123 0)
(2.35201 -0.18138 0)
(2.35535 -0.0813079 0)
(2.33224 -0.00311349 0)
(2.30784 0.0373648 0)
(2.3066 0.0492375 0)
(2.32255 0.066775 0)
(2.33374 0.0774872 0)
(2.3544 0.0720939 0)
(2.37838 0.0648277 0)
(2.40068 0.0655669 0)
(2.41473 0.0665498 0)
(2.42547 0.066803 0)
(2.43693 0.0688292 0)
(2.45037 0.0728159 0)
(2.46743 0.0731791 0)
(2.48509 0.0734684 0)
(2.50098 0.0725161 0)
(2.51774 0.0677161 0)
(2.53526 0.0605255 0)
(2.55206 0.0545923 0)
(2.56602 0.0571988 0)
(2.57638 0.0666577 0)
(2.58619 0.0731769 0)
(2.59749 0.0737584 0)
(2.60761 0.0708714 0)
(2.61553 0.0684741 0)
(2.62491 0.0680342 0)
(2.63821 0.0699195 0)
(2.65362 0.0700603 0)
(2.66816 0.066551 0)
(2.67688 0.0615096 0)
(2.68015 0.0547579 0)
(2.6856 0.0549657 0)
(2.69615 0.0613782 0)
(2.70953 0.0713087 0)
(2.72212 0.0788905 0)
(2.73829 0.0796018 0)
(2.75455 0.0763722 0)
(2.76874 0.0674837 0)
(2.77858 0.0573735 0)
(2.79377 0.0594677 0)
(2.61188 -0.577407 0)
(2.41366 -0.815943 0)
(2.34621 -0.827424 0)
(2.3265 -0.82714 0)
(2.3297 -0.827195 0)
(2.33794 -0.839384 0)
(2.337 -0.844744 0)
(2.33477 -0.835113 0)
(2.30925 -0.764836 0)
(2.16704 -0.503388 0)
(1.96755 -0.133075 0)
(1.89731 0.0956105 0)
(1.90926 0.181654 0)
(1.94079 0.184014 0)
(1.98733 0.183702 0)
(2.035 0.19355 0)
(2.08188 0.218324 0)
(2.12775 0.244132 0)
(2.17381 0.259913 0)
(2.2184 0.266911 0)
(2.25895 0.272808 0)
(2.29543 0.277951 0)
(2.32877 0.283114 0)
(2.36034 0.286656 0)
(2.39068 0.288761 0)
(2.42102 0.286542 0)
(2.45215 0.280909 0)
(2.48525 0.276043 0)
(2.52103 0.277685 0)
(2.55287 0.283175 0)
(2.57929 0.287826 0)
(2.59943 0.277243 0)
(2.61605 0.27017 0)
(2.6272 0.269278 0)
(2.63761 0.267533 0)
(2.66183 0.259801 0)
(2.69585 0.252427 0)
(2.72799 0.25512 0)
(2.75524 0.261789 0)
(2.77055 0.264106 0)
(2.76923 0.249084 0)
(2.75811 0.243573 0)
(2.76701 0.196428 0)
(2.74463 0.112963 0)
(2.66063 -0.0667878 0)
(2.51779 -0.322178 0)
(2.47787 -0.394217 0)
(2.4393 -0.466237 0)
(2.42834 -0.49501 0)
(2.42231 -0.505084 0)
(2.42292 -0.500363 0)
(2.42255 -0.503438 0)
(2.4435 -0.490239 0)
(2.46099 -0.477649 0)
(2.46755 -0.451615 0)
(2.46065 -0.393824 0)
(2.4264 -0.281086 0)
(2.38064 -0.149459 0)
(2.3363 -0.0184106 0)
(2.30473 0.0734686 0)
(2.30718 0.141327 0)
(2.31233 0.141347 0)
(2.33094 0.124214 0)
(2.35946 0.0950724 0)
(2.38418 0.085159 0)
(2.40741 0.0838601 0)
(2.42961 0.0891555 0)
(2.43967 0.103832 0)
(2.44077 0.11035 0)
(2.45405 0.106686 0)
(2.47409 0.106641 0)
(2.49263 0.106554 0)
(2.51131 0.100383 0)
(2.52879 0.0901193 0)
(2.54574 0.0843134 0)
(2.56031 0.0897054 0)
(2.56941 0.0982489 0)
(2.57913 0.101275 0)
(2.5921 0.100435 0)
(2.60372 0.0994129 0)
(2.61189 0.100444 0)
(2.61931 0.100417 0)
(2.62706 0.0982323 0)
(2.63753 0.0962117 0)
(2.65272 0.0938125 0)
(2.66948 0.0884741 0)
(2.68429 0.0838206 0)
(2.69771 0.0806043 0)
(2.70746 0.0843129 0)
(2.70963 0.0994946 0)
(2.71426 0.110297 0)
(2.72762 0.111873 0)
(2.74351 0.108328 0)
(2.75846 0.0998964 0)
(2.76893 0.0926869 0)
(2.78693 0.0915083 0)
(2.37933 -0.802125 0)
(2.3327 -0.86223 0)
(2.3202 -0.872495 0)
(2.30949 -0.855931 0)
(2.31305 -0.832393 0)
(2.32514 -0.825488 0)
(2.33069 -0.828471 0)
(2.3471 -0.823488 0)
(2.36753 -0.822985 0)
(2.36276 -0.754145 0)
(2.3044 -0.563686 0)
(2.14557 -0.208562 0)
(2.0421 0.0519335 0)
(2.02742 0.187383 0)
(2.03615 0.231713 0)
(2.06947 0.270394 0)
(2.10547 0.299713 0)
(2.1379 0.318444 0)
(2.17271 0.330034 0)
(2.21112 0.338097 0)
(2.25021 0.346766 0)
(2.28824 0.354319 0)
(2.32427 0.360829 0)
(2.35897 0.366848 0)
(2.39242 0.372896 0)
(2.42567 0.375261 0)
(2.4576 0.373733 0)
(2.48528 0.372665 0)
(2.5067 0.370534 0)
(2.52627 0.363262 0)
(2.5499 0.354749 0)
(2.575 0.341673 0)
(2.59792 0.34182 0)
(2.62116 0.348583 0)
(2.64347 0.35253 0)
(2.66862 0.343812 0)
(2.6915 0.331047 0)
(2.70709 0.322628 0)
(2.72422 0.316978 0)
(2.72514 0.320873 0)
(2.73091 0.29058 0)
(2.71869 0.229693 0)
(2.65971 0.0917674 0)
(2.54373 -0.14612 0)
(2.434 -0.345293 0)
(2.38475 -0.424238 0)
(2.36714 -0.456572 0)
(2.37669 -0.458027 0)
(2.39677 -0.463665 0)
(2.41191 -0.460985 0)
(2.4213 -0.449772 0)
(2.42891 -0.45625 0)
(2.43887 -0.450835 0)
(2.4458 -0.451831 0)
(2.46918 -0.443775 0)
(2.49357 -0.436308 0)
(2.49911 -0.409987 0)
(2.4897 -0.361161 0)
(2.44972 -0.254202 0)
(2.41237 -0.141678 0)
(2.35777 -0.0005992 0)
(2.34243 0.0756565 0)
(2.34073 0.0893002 0)
(2.36685 0.0996335 0)
(2.38155 0.103837 0)
(2.40232 0.113117 0)
(2.42166 0.123246 0)
(2.42775 0.135156 0)
(2.42524 0.132571 0)
(2.43147 0.1191 0)
(2.44861 0.118592 0)
(2.47005 0.123955 0)
(2.49198 0.123789 0)
(2.5124 0.116788 0)
(2.53047 0.113197 0)
(2.5444 0.11914 0)
(2.55394 0.124207 0)
(2.56493 0.123375 0)
(2.57894 0.123594 0)
(2.59295 0.126425 0)
(2.6039 0.129607 0)
(2.61078 0.1306 0)
(2.61599 0.127244 0)
(2.62493 0.121688 0)
(2.63942 0.116774 0)
(2.65701 0.112106 0)
(2.67385 0.108619 0)
(2.68624 0.108858 0)
(2.69485 0.118484 0)
(2.69993 0.130016 0)
(2.70376 0.134847 0)
(2.7149 0.136409 0)
(2.73041 0.134329 0)
(2.74611 0.127603 0)
(2.75699 0.121371 0)
(2.7753 0.118382 0)
(2.33527 -0.818864 0)
(2.33193 -0.822765 0)
(2.3289 -0.83582 0)
(2.32837 -0.839899 0)
(2.32965 -0.837058 0)
(2.33205 -0.833435 0)
(2.33857 -0.830454 0)
(2.35484 -0.818834 0)
(2.38264 -0.796904 0)
(2.42041 -0.763585 0)
(2.46823 -0.703776 0)
(2.45586 -0.568315 0)
(2.32218 -0.241254 0)
(2.19393 0.0951543 0)
(2.11292 0.319326 0)
(2.09273 0.392905 0)
(2.11433 0.401439 0)
(2.14682 0.400013 0)
(2.18188 0.402747 0)
(2.21954 0.412087 0)
(2.2575 0.42551 0)
(2.29429 0.437217 0)
(2.3281 0.445318 0)
(2.35833 0.449963 0)
(2.38577 0.450109 0)
(2.4118 0.447493 0)
(2.43513 0.445098 0)
(2.45604 0.447415 0)
(2.48351 0.445549 0)
(2.52147 0.443573 0)
(2.55803 0.441461 0)
(2.5831 0.433277 0)
(2.59337 0.428765 0)
(2.60024 0.422465 0)
(2.60976 0.415106 0)
(2.63369 0.396239 0)
(2.65822 0.382347 0)
(2.67888 0.383344 0)
(2.69268 0.38636 0)
(2.69317 0.335521 0)
(2.65749 0.227585 0)
(2.55819 0.0275991 0)
(2.42297 -0.216891 0)
(2.37588 -0.345762 0)
(2.32548 -0.414261 0)
(2.33053 -0.413692 0)
(2.34876 -0.407632 0)
(2.37247 -0.405795 0)
(2.39998 -0.41146 0)
(2.42126 -0.409752 0)
(2.42865 -0.402189 0)
(2.42433 -0.408381 0)
(2.42997 -0.413296 0)
(2.44528 -0.419771 0)
(2.47185 -0.412743 0)
(2.49292 -0.40722 0)
(2.51185 -0.395246 0)
(2.52941 -0.393168 0)
(2.53081 -0.377277 0)
(2.51153 -0.314416 0)
(2.47297 -0.204531 0)
(2.41247 -0.0562211 0)
(2.36594 0.0779419 0)
(2.3663 0.117391 0)
(2.38511 0.166853 0)
(2.39885 0.16551 0)
(2.40805 0.164436 0)
(2.42161 0.162979 0)
(2.42572 0.151571 0)
(2.42851 0.138296 0)
(2.44404 0.143624 0)
(2.46807 0.155575 0)
(2.49035 0.158054 0)
(2.50858 0.15048 0)
(2.52052 0.143288 0)
(2.53202 0.146032 0)
(2.54597 0.149574 0)
(2.56158 0.151501 0)
(2.57657 0.154739 0)
(2.58905 0.15837 0)
(2.59699 0.158712 0)
(2.59896 0.154603 0)
(2.59995 0.146791 0)
(2.60884 0.139177 0)
(2.62615 0.13717 0)
(2.64633 0.137241 0)
(2.66744 0.139478 0)
(2.687 0.143705 0)
(2.70161 0.150169 0)
(2.71129 0.157856 0)
(2.71258 0.162523 0)
(2.70889 0.159338 0)
(2.718 0.155095 0)
(2.73294 0.151133 0)
(2.74676 0.148336 0)
(2.77122 0.147175 0)
(2.31649 -0.851131 0)
(2.31544 -0.844983 0)
(2.31982 -0.84161 0)
(2.32641 -0.839833 0)
(2.33537 -0.835157 0)
(2.34102 -0.832667 0)
(2.36001 -0.820862 0)
(2.3834 -0.801761 0)
(2.43863 -0.747095 0)
(2.46828 -0.720803 0)
(2.53604 -0.649769 0)
(2.59173 -0.627156 0)
(2.56875 -0.489354 0)
(2.51859 -0.272922 0)
(2.33699 0.0985649 0)
(2.23497 0.334055 0)
(2.17384 0.469629 0)
(2.18362 0.484074 0)
(2.21485 0.496911 0)
(2.2481 0.507488 0)
(2.27937 0.520433 0)
(2.30855 0.530774 0)
(2.33577 0.536552 0)
(2.36123 0.538813 0)
(2.38795 0.535855 0)
(2.41672 0.534942 0)
(2.44525 0.538269 0)
(2.47 0.543574 0)
(2.49776 0.53365 0)
(2.52352 0.525141 0)
(2.54212 0.514815 0)
(2.54858 0.504211 0)
(2.55686 0.490393 0)
(2.57839 0.48302 0)
(2.60935 0.469618 0)
(2.63714 0.461868 0)
(2.65392 0.443614 0)
(2.66404 0.426503 0)
(2.645 0.367475 0)
(2.57934 0.216197 0)
(2.41003 -0.0793715 0)
(2.32717 -0.248637 0)
(2.28864 -0.363921 0)
(2.28085 -0.388943 0)
(2.301 -0.385155 0)
(2.32409 -0.375529 0)
(2.34439 -0.363664 0)
(2.36556 -0.366366 0)
(2.38565 -0.372071 0)
(2.40204 -0.367124 0)
(2.414 -0.363198 0)
(2.42493 -0.37074 0)
(2.43536 -0.380791 0)
(2.45139 -0.38602 0)
(2.47687 -0.378123 0)
(2.49881 -0.36697 0)
(2.51537 -0.355842 0)
(2.53438 -0.362749 0)
(2.55038 -0.367126 0)
(2.55874 -0.368845 0)
(2.54699 -0.32244 0)
(2.53028 -0.253006 0)
(2.50278 -0.170923 0)
(2.44524 -0.0347098 0)
(2.42967 0.0609315 0)
(2.44528 0.104534 0)
(2.44475 0.153087 0)
(2.44418 0.160089 0)
(2.43533 0.162443 0)
(2.43173 0.16912 0)
(2.44408 0.184496 0)
(2.46554 0.19127 0)
(2.48703 0.189302 0)
(2.50415 0.183846 0)
(2.51444 0.176849 0)
(2.52488 0.172439 0)
(2.54037 0.172399 0)
(2.55849 0.178309 0)
(2.57318 0.184519 0)
(2.58599 0.185968 0)
(2.59647 0.185545 0)
(2.59714 0.182187 0)
(2.59201 0.171312 0)
(2.60443 0.166005 0)
(2.62345 0.166079 0)
(2.64265 0.167376 0)
(2.66299 0.170171 0)
(2.68175 0.174257 0)
(2.6983 0.178156 0)
(2.70967 0.181164 0)
(2.70596 0.179973 0)
(2.69895 0.176792 0)
(2.70998 0.17827 0)
(2.72688 0.179693 0)
(2.74344 0.179731 0)
(2.76943 0.179162 0)
(2.32716 -0.841084 0)
(2.32638 -0.837284 0)
(2.32876 -0.836677 0)
(2.3344 -0.834635 0)
(2.34202 -0.832926 0)
(2.36132 -0.825081 0)
(2.39354 -0.801737 0)
(2.44158 -0.757306 0)
(2.47326 -0.721621 0)
(2.54235 -0.648279 0)
(2.58963 -0.595141 0)
(2.65585 -0.520618 0)
(2.66773 -0.503616 0)
(2.68604 -0.404364 0)
(2.65585 -0.25665 0)
(2.47929 0.119507 0)
(2.35185 0.40513 0)
(2.24017 0.590509 0)
(2.22817 0.626884 0)
(2.25538 0.627993 0)
(2.28696 0.62136 0)
(2.31495 0.616865 0)
(2.34046 0.619222 0)
(2.36396 0.621655 0)
(2.39044 0.615924 0)
(2.41864 0.612423 0)
(2.44529 0.616201 0)
(2.46508 0.616728 0)
(2.48817 0.595348 0)
(2.50472 0.58384 0)
(2.52307 0.579214 0)
(2.54048 0.570934 0)
(2.56919 0.54308 0)
(2.59088 0.531823 0)
(2.61281 0.51277 0)
(2.62695 0.514823 0)
(2.61878 0.475739 0)
(2.57263 0.367402 0)
(2.46662 0.142329 0)
(2.30369 -0.146464 0)
(2.2532 -0.256256 0)
(2.24268 -0.316184 0)
(2.2546 -0.317935 0)
(2.27988 -0.3264 0)
(2.31293 -0.324848 0)
(2.33768 -0.321307 0)
(2.35222 -0.321944 0)
(2.36503 -0.33235 0)
(2.37994 -0.33748 0)
(2.39668 -0.332109 0)
(2.41457 -0.330416 0)
(2.43331 -0.33682 0)
(2.45015 -0.344344 0)
(2.4651 -0.344848 0)
(2.48084 -0.335168 0)
(2.50095 -0.323918 0)
(2.52372 -0.319314 0)
(2.54706 -0.327571 0)
(2.56495 -0.337232 0)
(2.57387 -0.34246 0)
(2.56909 -0.327358 0)
(2.57495 -0.302792 0)
(2.57565 -0.27174 0)
(2.57053 -0.229048 0)
(2.53495 -0.127245 0)
(2.50211 -0.00378564 0)
(2.51143 0.0884058 0)
(2.47845 0.182432 0)
(2.45545 0.208631 0)
(2.43513 0.227743 0)
(2.44298 0.227968 0)
(2.46083 0.223542 0)
(2.48225 0.221379 0)
(2.50401 0.218508 0)
(2.52221 0.20943 0)
(2.53504 0.199645 0)
(2.54839 0.197414 0)
(2.5638 0.205259 0)
(2.57988 0.213206 0)
(2.59496 0.214272 0)
(2.60349 0.210489 0)
(2.59945 0.204579 0)
(2.60092 0.199991 0)
(2.61849 0.199275 0)
(2.63526 0.199981 0)
(2.65436 0.201365 0)
(2.67389 0.203684 0)
(2.69241 0.205399 0)
(2.70872 0.206284 0)
(2.71624 0.205962 0)
(2.70566 0.202333 0)
(2.69774 0.20188 0)
(2.70816 0.2047 0)
(2.72324 0.208069 0)
(2.74011 0.20959 0)
(2.76547 0.208674 0)
(2.33553 -0.837127 0)
(2.33475 -0.838314 0)
(2.33797 -0.838549 0)
(2.3438 -0.837592 0)
(2.35608 -0.832201 0)
(2.38541 -0.812046 0)
(2.43334 -0.770686 0)
(2.48517 -0.718483 0)
(2.5507 -0.64251 0)
(2.59748 -0.575496 0)
(2.63744 -0.539687 0)
(2.69026 -0.466438 0)
(2.74789 -0.362743 0)
(2.7635 -0.349292 0)
(2.79858 -0.292442 0)
(2.76659 -0.166036 0)
(2.64554 0.124884 0)
(2.43605 0.479775 0)
(2.30093 0.662374 0)
(2.27119 0.728691 0)
(2.29153 0.730176 0)
(2.32547 0.719359 0)
(2.357 0.713571 0)
(2.38026 0.714181 0)
(2.40388 0.702396 0)
(2.42592 0.687406 0)
(2.44492 0.685886 0)
(2.46104 0.680038 0)
(2.48091 0.655495 0)
(2.49601 0.636113 0)
(2.50838 0.634968 0)
(2.53122 0.618653 0)
(2.55359 0.594887 0)
(2.56516 0.584769 0)
(2.58587 0.560721 0)
(2.56759 0.490764 0)
(2.48867 0.311735 0)
(2.32133 0.0106784 0)
(2.24175 -0.172489 0)
(2.17872 -0.294434 0)
(2.19771 -0.299783 0)
(2.22296 -0.293345 0)
(2.25281 -0.286787 0)
(2.27977 -0.284571 0)
(2.30493 -0.282269 0)
(2.32631 -0.2797 0)
(2.34726 -0.285798 0)
(2.36627 -0.298216 0)
(2.38247 -0.302294 0)
(2.40004 -0.294765 0)
(2.41733 -0.28728 0)
(2.43476 -0.287652 0)
(2.45106 -0.295351 0)
(2.46674 -0.299735 0)
(2.48521 -0.295589 0)
(2.50698 -0.288657 0)
(2.53036 -0.28596 0)
(2.5528 -0.291365 0)
(2.56947 -0.298699 0)
(2.57889 -0.302832 0)
(2.58385 -0.296627 0)
(2.59067 -0.280252 0)
(2.59246 -0.270795 0)
(2.61762 -0.265297 0)
(2.61829 -0.247078 0)
(2.61202 -0.196904 0)
(2.58584 -0.0889576 0)
(2.55515 0.0339701 0)
(2.55728 0.106368 0)
(2.49935 0.178687 0)
(2.47637 0.196724 0)
(2.48299 0.207955 0)
(2.49764 0.228915 0)
(2.51121 0.243858 0)
(2.52813 0.246732 0)
(2.54436 0.240911 0)
(2.56104 0.234474 0)
(2.57605 0.235504 0)
(2.58847 0.238333 0)
(2.59911 0.238614 0)
(2.60615 0.235998 0)
(2.60308 0.232881 0)
(2.60228 0.230893 0)
(2.62135 0.229843 0)
(2.63908 0.230769 0)
(2.65671 0.231314 0)
(2.6733 0.233369 0)
(2.68941 0.235183 0)
(2.70546 0.234951 0)
(2.71874 0.232215 0)
(2.7137 0.226989 0)
(2.70435 0.226172 0)
(2.71655 0.231708 0)
(2.73138 0.236483 0)
(2.74613 0.238544 0)
(2.77024 0.235645 0)
(2.33983 -0.844009 0)
(2.34194 -0.847709 0)
(2.35042 -0.845127 0)
(2.35888 -0.838596 0)
(2.38361 -0.818298 0)
(2.44125 -0.764462 0)
(2.49312 -0.712678 0)
(2.52906 -0.667692 0)
(2.61931 -0.558154 0)
(2.68203 -0.465189 0)
(2.71317 -0.438159 0)
(2.73429 -0.38418 0)
(2.77856 -0.293416 0)
(2.82213 -0.248612 0)
(2.88092 -0.199493 0)
(2.88947 -0.127627 0)
(2.8579 -0.0308585 0)
(2.76072 0.156071 0)
(2.49143 0.536382 0)
(2.37574 0.744862 0)
(2.2783 0.823221 0)
(2.29837 0.819942 0)
(2.33812 0.802528 0)
(2.3696 0.786538 0)
(2.39713 0.7616 0)
(2.41364 0.739152 0)
(2.42291 0.740823 0)
(2.43962 0.732557 0)
(2.45952 0.707566 0)
(2.47914 0.679747 0)
(2.48933 0.679162 0)
(2.51641 0.657152 0)
(2.54056 0.64411 0)
(2.53844 0.599312 0)
(2.49238 0.473047 0)
(2.35637 0.189987 0)
(2.25252 -0.0638158 0)
(2.17584 -0.204016 0)
(2.15813 -0.254243 0)
(2.18032 -0.250775 0)
(2.20815 -0.245429 0)
(2.24048 -0.23617 0)
(2.27039 -0.238988 0)
(2.29382 -0.243963 0)
(2.31438 -0.244931 0)
(2.33511 -0.248352 0)
(2.35617 -0.257687 0)
(2.37472 -0.265365 0)
(2.39201 -0.262859 0)
(2.41213 -0.252695 0)
(2.43411 -0.246096 0)
(2.45435 -0.249361 0)
(2.46896 -0.258607 0)
(2.47938 -0.263215 0)
(2.49371 -0.258527 0)
(2.51109 -0.25136 0)
(2.52991 -0.248781 0)
(2.55094 -0.254579 0)
(2.57318 -0.262812 0)
(2.59031 -0.265544 0)
(2.59922 -0.259891 0)
(2.60531 -0.249509 0)
(2.613 -0.236206 0)
(2.62438 -0.24354 0)
(2.63543 -0.247241 0)
(2.65513 -0.238367 0)
(2.65562 -0.214365 0)
(2.64494 -0.153982 0)
(2.62789 -0.0567146 0)
(2.57941 0.0593057 0)
(2.53584 0.138493 0)
(2.51642 0.190764 0)
(2.51518 0.250124 0)
(2.5255 0.288 0)
(2.53234 0.292772 0)
(2.54403 0.293149 0)
(2.55854 0.282517 0)
(2.57309 0.270654 0)
(2.58849 0.268001 0)
(2.60032 0.265456 0)
(2.61047 0.258595 0)
(2.61778 0.258321 0)
(2.61979 0.263804 0)
(2.63003 0.259836 0)
(2.64545 0.257044 0)
(2.66606 0.259593 0)
(2.68567 0.264966 0)
(2.70268 0.269124 0)
(2.71836 0.270073 0)
(2.7254 0.264164 0)
(2.71697 0.254468 0)
(2.70968 0.249034 0)
(2.72367 0.254242 0)
(2.7408 0.260078 0)
(2.75508 0.262429 0)
(2.77815 0.258583 0)
(2.34666 -0.849741 0)
(2.35332 -0.846603 0)
(2.35917 -0.840546 0)
(2.3842 -0.818754 0)
(2.44413 -0.76154 0)
(2.4989 -0.702569 0)
(2.53762 -0.656938 0)
(2.64133 -0.539015 0)
(2.7014 -0.430224 0)
(2.73991 -0.399908 0)
(2.74398 -0.370622 0)
(2.80709 -0.262945 0)
(2.84276 -0.153141 0)
(2.88224 -0.140757 0)
(2.92886 -0.106782 0)
(2.91408 -0.05311 0)
(2.91314 0.0311614 0)
(2.90399 0.0756826 0)
(2.84136 0.193723 0)
(2.5756 0.570349 0)
(2.42576 0.790807 0)
(2.30001 0.854106 0)
(2.31464 0.851656 0)
(2.35211 0.841336 0)
(2.36837 0.826817 0)
(2.39318 0.791722 0)
(2.4098 0.778084 0)
(2.4327 0.765561 0)
(2.45797 0.733566 0)
(2.47255 0.708582 0)
(2.47952 0.704616 0)
(2.50177 0.67349 0)
(2.4873 0.598594 0)
(2.41462 0.413146 0)
(2.22565 0.0719916 0)
(2.15537 -0.118674 0)
(2.12782 -0.228289 0)
(2.13695 -0.233059 0)
(2.16784 -0.224119 0)
(2.19852 -0.204007 0)
(2.22465 -0.192214 0)
(2.25008 -0.190798 0)
(2.27357 -0.197445 0)
(2.29628 -0.207586 0)
(2.31968 -0.215034 0)
(2.34424 -0.21825 0)
(2.36787 -0.221717 0)
(2.38903 -0.224293 0)
(2.4076 -0.221909 0)
(2.42352 -0.21443 0)
(2.43616 -0.209616 0)
(2.45018 -0.212604 0)
(2.46787 -0.218098 0)
(2.48627 -0.222136 0)
(2.50446 -0.22131 0)
(2.52314 -0.217965 0)
(2.54297 -0.216406 0)
(2.56092 -0.218944 0)
(2.56986 -0.220353 0)
(2.57442 -0.215439 0)
(2.58449 -0.208873 0)
(2.60528 -0.206263 0)
(2.62731 -0.210547 0)
(2.6415 -0.21183 0)
(2.64936 -0.210504 0)
(2.6605 -0.215124 0)
(2.67492 -0.20931 0)
(2.6818 -0.203576 0)
(2.67195 -0.165632 0)
(2.6665 -0.107249 0)
(2.65029 -0.0434588 0)
(2.59716 0.0678264 0)
(2.56774 0.166387 0)
(2.58952 0.213764 0)
(2.584 0.268579 0)
(2.57571 0.289887 0)
(2.57031 0.294507 0)
(2.57485 0.29218 0)
(2.58567 0.294634 0)
(2.59858 0.296481 0)
(2.61338 0.294534 0)
(2.63179 0.29248 0)
(2.64793 0.29153 0)
(2.65297 0.288558 0)
(2.6562 0.287552 0)
(2.66698 0.288364 0)
(2.68207 0.291221 0)
(2.69905 0.289687 0)
(2.71324 0.286948 0)
(2.72111 0.287129 0)
(2.72106 0.282252 0)
(2.72073 0.269113 0)
(2.72485 0.273249 0)
(2.74504 0.274554 0)
(2.76206 0.273698 0)
(2.77538 0.243368 0)
(2.35381 -0.845877 0)
(2.3588 -0.840517 0)
(2.38226 -0.821203 0)
(2.44177 -0.766284 0)
(2.50818 -0.696582 0)
(2.55099 -0.64185 0)
(2.64869 -0.514813 0)
(2.71703 -0.397871 0)
(2.76727 -0.372479 0)
(2.76713 -0.339934 0)
(2.83092 -0.201126 0)
(2.84936 -0.0932182 0)
(2.8799 -0.0791368 0)
(2.90525 -0.123781 0)
(2.91181 -0.0660293 0)
(2.89373 0.0157474 0)
(2.90207 0.0201239 0)
(2.92402 0.0281291 0)
(2.92124 0.0436615 0)
(2.84716 0.168686 0)
(2.62374 0.53935 0)
(2.48655 0.738653 0)
(2.33139 0.842895 0)
(2.32085 0.861547 0)
(2.33816 0.852782 0)
(2.36861 0.821674 0)
(2.393 0.781956 0)
(2.41855 0.75224 0)
(2.44958 0.714507 0)
(2.4625 0.705703 0)
(2.45825 0.667924 0)
(2.42564 0.559986 0)
(2.27643 0.271287 0)
(2.16695 0.0188413 0)
(2.09907 -0.113384 0)
(2.10563 -0.155266 0)
(2.12589 -0.162922 0)
(2.16159 -0.169311 0)
(2.19362 -0.166228 0)
(2.21675 -0.161489 0)
(2.23707 -0.154033 0)
(2.25561 -0.154339 0)
(2.27627 -0.165365 0)
(2.29879 -0.176321 0)
(2.32063 -0.178952 0)
(2.34259 -0.175515 0)
(2.36533 -0.174585 0)
(2.3874 -0.177087 0)
(2.40772 -0.180027 0)
(2.42542 -0.180785 0)
(2.44019 -0.179423 0)
(2.45366 -0.177728 0)
(2.46703 -0.17658 0)
(2.48105 -0.176569 0)
(2.49988 -0.175522 0)
(2.5224 -0.17318 0)
(2.54304 -0.171893 0)
(2.55785 -0.175468 0)
(2.57076 -0.179343 0)
(2.58342 -0.178225 0)
(2.59773 -0.173374 0)
(2.60389 -0.168695 0)
(2.61398 -0.167854 0)
(2.63636 -0.170418 0)
(2.65627 -0.175255 0)
(2.67142 -0.181302 0)
(2.68545 -0.17501 0)
(2.68864 -0.170212 0)
(2.67917 -0.166365 0)
(2.69555 -0.148852 0)
(2.69828 -0.128458 0)
(2.69001 -0.0867508 0)
(2.6669 -0.00371278 0)
(2.64129 0.125798 0)
(2.61746 0.23975 0)
(2.61836 0.257144 0)
(2.59644 0.286391 0)
(2.5887 0.301359 0)
(2.58602 0.326827 0)
(2.59327 0.335891 0)
(2.60807 0.336311 0)
(2.62334 0.337946 0)
(2.63591 0.338656 0)
(2.6479 0.33157 0)
(2.65988 0.330211 0)
(2.66957 0.333628 0)
(2.68158 0.32661 0)
(2.69379 0.313336 0)
(2.70523 0.31 0)
(2.71685 0.312791 0)
(2.7192 0.311704 0)
(2.72371 0.292472 0)
(2.72607 0.270666 0)
(2.73373 0.245913 0)
(2.73931 0.215063 0)
(2.74496 0.132229 0)
(2.35577 -0.843299 0)
(2.37607 -0.825319 0)
(2.43446 -0.771684 0)
(2.51023 -0.695871 0)
(2.57925 -0.624248 0)
(2.67776 -0.467226 0)
(2.7285 -0.3507 0)
(2.76625 -0.335269 0)
(2.83825 -0.246223 0)
(2.87058 -0.0620857 0)
(2.84669 0.00263911 0)
(2.85643 0.00352577 0)
(2.9026 0.031115 0)
(2.91799 0.066667 0)
(2.90958 0.0826661 0)
(2.90574 0.0951933 0)
(2.92449 0.0843646 0)
(2.92542 0.0677547 0)
(2.91973 0.0687272 0)
(2.90936 0.0708065 0)
(2.85082 0.148028 0)
(2.70557 0.416636 0)
(2.44967 0.694786 0)
(2.32818 0.840266 0)
(2.30513 0.830193 0)
(2.34002 0.803839 0)
(2.3667 0.772087 0)
(2.40054 0.747524 0)
(2.42935 0.709326 0)
(2.42682 0.653562 0)
(2.36517 0.475922 0)
(2.19613 0.171663 0)
(2.08081 -0.0320055 0)
(2.04695 -0.140357 0)
(2.05625 -0.141951 0)
(2.09128 -0.137015 0)
(2.12607 -0.12218 0)
(2.15902 -0.114904 0)
(2.19192 -0.118781 0)
(2.22228 -0.129089 0)
(2.24276 -0.131744 0)
(2.26175 -0.131911 0)
(2.2799 -0.133919 0)
(2.295 -0.135642 0)
(2.31723 -0.136618 0)
(2.34593 -0.136735 0)
(2.37373 -0.135969 0)
(2.39563 -0.136644 0)
(2.41161 -0.141127 0)
(2.42622 -0.145099 0)
(2.44246 -0.145351 0)
(2.4593 -0.143824 0)
(2.47609 -0.141551 0)
(2.49237 -0.138737 0)
(2.50749 -0.134772 0)
(2.52144 -0.132796 0)
(2.53649 -0.133342 0)
(2.55124 -0.137189 0)
(2.56308 -0.142206 0)
(2.57479 -0.143885 0)
(2.58865 -0.138098 0)
(2.60516 -0.132931 0)
(2.61875 -0.130281 0)
(2.6289 -0.132051 0)
(2.63984 -0.138893 0)
(2.65045 -0.144407 0)
(2.65958 -0.142305 0)
(2.66817 -0.139337 0)
(2.67899 -0.133413 0)
(2.69212 -0.123738 0)
(2.7046 -0.116745 0)
(2.71679 -0.115308 0)
(2.71528 -0.0939645 0)
(2.70954 -0.0452662 0)
(2.6902 0.035412 0)
(2.66156 0.135901 0)
(2.64663 0.19584 0)
(2.60956 0.259959 0)
(2.61055 0.285691 0)
(2.61743 0.316366 0)
(2.63331 0.346078 0)
(2.63424 0.35849 0)
(2.63773 0.3633 0)
(2.64764 0.367074 0)
(2.65016 0.371187 0)
(2.65057 0.3609 0)
(2.66703 0.3492 0)
(2.68513 0.33748 0)
(2.69583 0.31963 0)
(2.70758 0.296239 0)
(2.70719 0.257207 0)
(2.7077 0.208019 0)
(2.70904 0.154142 0)
(2.70761 0.100175 0)
(2.70834 0.0614077 0)
(2.70054 -0.022383 0)
(2.36667 -0.834456 0)
(2.42461 -0.783656 0)
(2.52552 -0.676787 0)
(2.6083 -0.589342 0)
(2.67675 -0.471663 0)
(2.74621 -0.292478 0)
(2.78869 -0.235911 0)
(2.80648 -0.245577 0)
(2.83109 -0.12419 0)
(2.83658 -0.0063021 0)
(2.85384 0.0127846 0)
(2.89081 0.0117463 0)
(2.90015 0.0338367 0)
(2.89929 0.0541607 0)
(2.90504 0.0890377 0)
(2.92111 0.0899611 0)
(2.92199 0.0697514 0)
(2.92494 0.0497286 0)
(2.91671 0.0432935 0)
(2.90611 0.0435573 0)
(2.90005 0.0296117 0)
(2.86764 0.0815986 0)
(2.74856 0.29872 0)
(2.41624 0.687188 0)
(2.3386 0.74311 0)
(2.33926 0.766016 0)
(2.35413 0.75987 0)
(2.36742 0.727464 0)
(2.36341 0.635953 0)
(2.28341 0.391812 0)
(2.16231 0.125448 0)
(2.02493 -0.0325759 0)
(2.00972 -0.070868 0)
(2.01472 -0.0848839 0)
(2.05922 -0.0881902 0)
(2.09271 -0.0887825 0)
(2.12032 -0.0803656 0)
(2.14654 -0.0777339 0)
(2.171 -0.0810104 0)
(2.19393 -0.0875398 0)
(2.21665 -0.0947605 0)
(2.23676 -0.0961509 0)
(2.25512 -0.0939769 0)
(2.2764 -0.0935194 0)
(2.29952 -0.0939616 0)
(2.32287 -0.0935976 0)
(2.34589 -0.0929692 0)
(2.36782 -0.0945151 0)
(2.38733 -0.0990174 0)
(2.40371 -0.101764 0)
(2.41908 -0.100845 0)
(2.43485 -0.0981968 0)
(2.4512 -0.094873 0)
(2.46849 -0.0929017 0)
(2.48673 -0.0924314 0)
(2.5054 -0.0939691 0)
(2.52367 -0.0954625 0)
(2.54096 -0.0988235 0)
(2.55678 -0.102727 0)
(2.5704 -0.10415 0)
(2.58393 -0.0993658 0)
(2.59686 -0.0917738 0)
(2.60983 -0.0881243 0)
(2.62185 -0.0896626 0)
(2.63042 -0.0940614 0)
(2.63739 -0.098438 0)
(2.64507 -0.0999301 0)
(2.65792 -0.0975419 0)
(2.67603 -0.0950303 0)
(2.695 -0.0875388 0)
(2.71083 -0.0831301 0)
(2.72468 -0.0879726 0)
(2.72944 -0.0913653 0)
(2.72607 -0.0829173 0)
(2.72778 -0.0531751 0)
(2.72999 -0.0253281 0)
(2.71373 0.0438931 0)
(2.69507 0.108637 0)
(2.66106 0.202183 0)
(2.63389 0.314071 0)
(2.64796 0.351206 0)
(2.64763 0.394128 0)
(2.64434 0.401798 0)
(2.64252 0.39706 0)
(2.63789 0.388359 0)
(2.64029 0.359897 0)
(2.64415 0.336124 0)
(2.65166 0.306145 0)
(2.65865 0.269543 0)
(2.66859 0.213704 0)
(2.67885 0.146257 0)
(2.68241 0.0807206 0)
(2.68967 0.047528 0)
(2.68382 0.0210916 0)
(2.67066 0.00176899 0)
(2.66259 -0.0306987 0)
(2.44942 -0.792802 0)
(2.60067 -0.643297 0)
(2.69744 -0.492668 0)
(2.77521 -0.340785 0)
(2.87232 -0.120604 0)
(2.91485 0.0309131 0)
(2.96141 0.0877899 0)
(2.96761 0.120219 0)
(2.9388 0.153742 0)
(2.93213 0.172359 0)
(2.99269 0.15704 0)
(2.99951 0.0947949 0)
(2.96599 0.0684641 0)
(2.94904 0.0691247 0)
(2.94026 0.0701465 0)
(2.94373 0.0506818 0)
(2.95239 0.00982048 0)
(2.9443 -0.00511408 0)
(2.92678 -0.00493093 0)
(2.91905 -0.00284689 0)
(2.92089 -0.00923649 0)
(2.92189 -0.0118214 0)
(2.91356 0.0214818 0)
(2.69448 0.337385 0)
(2.55296 0.539335 0)
(2.37823 0.751317 0)
(2.28801 0.697942 0)
(2.19274 0.506502 0)
(2.06104 0.195082 0)
(1.92211 -0.0450722 0)
(1.87423 -0.133137 0)
(1.90573 -0.111062 0)
(1.96188 -0.0858873 0)
(2.00645 -0.0519835 0)
(2.04073 -0.0358302 0)
(2.08016 -0.0416301 0)
(2.11473 -0.0456869 0)
(2.14319 -0.044406 0)
(2.16808 -0.0439844 0)
(2.1908 -0.0478414 0)
(2.21247 -0.0534741 0)
(2.23402 -0.0549815 0)
(2.25764 -0.0549421 0)
(2.28253 -0.0560485 0)
(2.30537 -0.0559443 0)
(2.32618 -0.0537459 0)
(2.34696 -0.0525176 0)
(2.36844 -0.0543416 0)
(2.38913 -0.0583652 0)
(2.40766 -0.0607335 0)
(2.42459 -0.0599177 0)
(2.44085 -0.0575096 0)
(2.45713 -0.0549817 0)
(2.4741 -0.0545047 0)
(2.49172 -0.0555365 0)
(2.50946 -0.0578223 0)
(2.52688 -0.0595335 0)
(2.54394 -0.0623934 0)
(2.5598 -0.0634311 0)
(2.57443 -0.0618701 0)
(2.58914 -0.0574332 0)
(2.60429 -0.0538586 0)
(2.61866 -0.0527974 0)
(2.62946 -0.0531365 0)
(2.63623 -0.0558827 0)
(2.64009 -0.0598101 0)
(2.64606 -0.0624757 0)
(2.66006 -0.0588009 0)
(2.67952 -0.0557939 0)
(2.70165 -0.0522429 0)
(2.72297 -0.0527407 0)
(2.73851 -0.0551286 0)
(2.74107 -0.0628347 0)
(2.74206 -0.0525446 0)
(2.7368 -0.0368855 0)
(2.75366 -0.0228097 0)
(2.75736 -0.0115858 0)
(2.755 0.0231455 0)
(2.73833 0.084013 0)
(2.71807 0.164624 0)
(2.70948 0.246825 0)
(2.68188 0.353903 0)
(2.68039 0.379056 0)
(2.66615 0.363348 0)
(2.63645 0.327635 0)
(2.60278 0.280198 0)
(2.57528 0.206593 0)
(2.57483 0.15302 0)
(2.5868 0.096518 0)
(2.58671 0.0172033 0)
(2.6037 -0.0388611 0)
(2.59422 -0.0801003 0)
(2.59107 -0.0809095 0)
(2.58693 -0.0727984 0)
(2.58674 -0.055141 0)
(2.60341 -0.0484813 0)
(2.42872 -0.819458 0)
(2.54736 -0.781906 0)
(2.62838 -0.826492 0)
(2.74724 -0.648855 0)
(2.86584 -0.454853 0)
(2.94376 -0.356843 0)
(2.97995 -0.211529 0)
(2.99004 -0.123898 0)
(2.97231 -0.0433067 0)
(2.96918 0.0415563 0)
(3.01281 0.0719462 0)
(3.01472 0.0568584 0)
(2.98572 0.0575309 0)
(2.95636 0.0652936 0)
(2.95548 0.0541777 0)
(2.97418 0.0359672 0)
(2.99197 0.0241948 0)
(2.96043 0.0223038 0)
(2.95186 0.0227475 0)
(2.94351 0.0206868 0)
(2.93873 0.00685442 0)
(2.93925 -0.00192707 0)
(2.9394 -0.00324587 0)
(2.90733 0.0320671 0)
(2.77179 0.15912 0)
(2.47004 0.353803 0)
(2.20662 0.392737 0)
(2.00896 0.417034 0)
(1.87423 0.253563 0)
(1.81747 0.115186 0)
(1.84854 0.0142806 0)
(1.92948 -0.0273647 0)
(1.97628 -0.0336651 0)
(1.99893 -0.0259355 0)
(2.02515 -0.02284 0)
(2.05635 -0.0235357 0)
(2.09233 -0.0240799 0)
(2.12576 -0.0222324 0)
(2.15355 -0.0216367 0)
(2.17571 -0.0229371 0)
(2.19553 -0.0239501 0)
(2.21788 -0.0243037 0)
(2.24361 -0.0256949 0)
(2.26854 -0.0275856 0)
(2.29014 -0.0277422 0)
(2.31026 -0.0262418 0)
(2.33114 -0.0255102 0)
(2.35259 -0.0262418 0)
(2.37301 -0.0278667 0)
(2.39141 -0.0285396 0)
(2.40853 -0.0279479 0)
(2.4253 -0.0273485 0)
(2.44198 -0.0271022 0)
(2.45878 -0.0281262 0)
(2.47548 -0.0296356 0)
(2.49177 -0.031254 0)
(2.50783 -0.0310602 0)
(2.52423 -0.0308986 0)
(2.54087 -0.0299236 0)
(2.55757 -0.02919 0)
(2.57407 -0.0276655 0)
(2.58977 -0.0266465 0)
(2.60323 -0.026478 0)
(2.6126 -0.0281872 0)
(2.61669 -0.0309229 0)
(2.61809 -0.0332813 0)
(2.626 -0.0333469 0)
(2.64322 -0.0299804 0)
(2.66422 -0.0273015 0)
(2.68715 -0.025431 0)
(2.70878 -0.0262502 0)
(2.72327 -0.0289368 0)
(2.72355 -0.0351293 0)
(2.71893 -0.0308497 0)
(2.72523 -0.0260965 0)
(2.74068 -0.0272001 0)
(2.7594 -0.0254867 0)
(2.77226 -0.0203623 0)
(2.77385 -0.00849821 0)
(2.76358 0.0176736 0)
(2.73688 0.0601855 0)
(2.69437 0.113274 0)
(2.65752 0.149417 0)
(2.61637 0.180958 0)
(2.58046 0.159002 0)
(2.55729 0.154916 0)
(2.54055 0.168909 0)
(2.54018 0.151137 0)
(2.55776 0.14349 0)
(2.56466 0.0995429 0)
(2.57538 0.0594291 0)
(2.56894 0.0335842 0)
(2.56455 0.00970654 0)
(2.56375 0.00224054 0)
(2.57365 -0.0104973 0)
(2.60185 -0.0188205 0)
)
;

boundaryField
{
    inlet
    {
        type            fixedValue;
        value           uniform (3 0 0);
    }
    outlet
    {
        type            inletOutlet;
        inletValue      uniform (3 0 0);
        value           nonuniform List<vector> 
32
(
(2.60519 0.0167811 0)
(2.60657 0.0440511 0)
(2.66457 0.0252254 0)
(2.69994 0.0197535 0)
(2.73939 -0.129728 0)
(2.76852 -0.241174 0)
(2.7722 -0.25625 0)
(2.76819 -0.233191 0)
(2.7723 -0.208113 0)
(2.76707 -0.175859 0)
(2.77078 -0.14522 0)
(2.77588 -0.11435 0)
(2.78844 -0.0859508 0)
(2.80197 -0.0547059 0)
(2.81616 -0.0323373 0)
(2.80788 -0.0117562 0)
(2.80522 0.0128487 0)
(2.81037 0.0348766 0)
(2.79377 0.0594677 0)
(2.78693 0.0915083 0)
(2.7753 0.118382 0)
(2.77122 0.147175 0)
(2.76943 0.179162 0)
(2.76547 0.208674 0)
(2.77024 0.235645 0)
(2.77815 0.258583 0)
(2.77538 0.243368 0)
(2.74496 0.132229 0)
(2.70054 -0.022383 0)
(2.66259 -0.0306987 0)
(2.60341 -0.0484813 0)
(2.60185 -0.0188205 0)
)
;
    }
    bottom
    {
        type            symmetryPlane;
    }
    top
    {
        type            symmetryPlane;
    }
    obstacle
    {
        type            slip;
    }
    defaultFaces
    {
        type            empty;
    }
}


// ************************************************************************* //
