/*--------------------------------*- C++ -*----------------------------------*\
  =========                 |
  \\      /  F ield         | OpenFOAM: The Open Source CFD Toolbox
   \\    /   O peration     | Website:  https://openfoam.org
    \\  /    A nd           | Version:  7
     \\/     M anipulation  |
\*---------------------------------------------------------------------------*/
FoamFile
{
    version     2.0;
    format      ascii;
    class       volVectorField;
    location    "3.4";
    object      U;
}
// * * * * * * * * * * * * * * * * * * * * * * * * * * * * * * * * * * * * * //

dimensions      [0 1 -1 0 0 0 0];

internalField   nonuniform List<vector> 
4608
(
(3 8.36793e-17 0)
(3 -3.32583e-17 0)
(3 -6.41535e-17 0)
(3 -2.67283e-16 0)
(3 3.35429e-16 0)
(3 7.88121e-16 0)
(3 1.11464e-16 0)
(3 -6.49274e-16 0)
(3 -8.1246e-16 0)
(3 -9.09006e-16 0)
(3 -8.75402e-16 0)
(3 -3.79446e-16 0)
(3 -2.94321e-16 0)
(3 -8.37746e-17 0)
(3 -3.8123e-16 0)
(3 5.03361e-16 0)
(3 9.21422e-16 0)
(3 9.2814e-16 0)
(3 1.09541e-15 0)
(3 9.50069e-16 0)
(3 9.46556e-16 0)
(3 1.02453e-15 0)
(3 1.44292e-15 0)
(3 5.4147e-16 0)
(3 5.76364e-17 0)
(3 -1.83688e-16 0)
(3 -3.91041e-16 0)
(3 -6.91311e-16 0)
(3 -1.05349e-16 0)
(3 5.03642e-16 0)
(3 1.15609e-16 0)
(3 -2.04203e-16 0)
(3 2.42918e-17 0)
(3 -6.31499e-17 0)
(3 -2.02621e-16 0)
(3 2.26011e-16 0)
(3 3.08606e-16 0)
(3 1.1184e-16 0)
(3 -5.24451e-16 0)
(3 -5.15352e-17 0)
(3 1.61376e-15 0)
(3 1.83206e-15 0)
(3 1.62421e-15 0)
(3 1.28832e-15 0)
(3 7.6142e-16 0)
(3 1.95657e-16 0)
(3 2.97057e-16 0)
(3 -1.55974e-15 0)
(3 1.05515e-16 0)
(3 3.78076e-16 0)
(3 2.29464e-16 0)
(3 6.91899e-17 0)
(3 -8.91442e-17 0)
(3 -6.27329e-17 0)
(3 1.74641e-16 0)
(3 1.23826e-15 0)
(3 1.56419e-15 0)
(3 1.77583e-15 0)
(3 1.71798e-15 0)
(3 8.64831e-16 0)
(3 7.12173e-16 0)
(3 5.48174e-16 0)
(3 4.44928e-16 0)
(3 8.52624e-16 0)
(3 1.27235e-15 0)
(3 8.54462e-16 0)
(3 2.58286e-16 0)
(3 2.23251e-16 0)
(3 4.02432e-16 0)
(3 7.90483e-16 0)
(3 1.74274e-16 0)
(3 -2.16175e-15 0)
(3 2.82815e-17 0)
(3 5.88181e-17 0)
(3 1.04612e-16 0)
(3 3.96164e-18 0)
(3 4.59362e-16 0)
(3 5.97969e-16 0)
(3 8.7312e-16 0)
(3 1.07279e-15 0)
(3 1.44748e-15 0)
(3 1.82121e-15 0)
(3 1.63367e-15 0)
(3 4.42703e-16 0)
(3 -1.18832e-16 0)
(3 -2.28771e-16 0)
(3 7.48258e-16 0)
(3 1.4428e-15 0)
(3 1.90067e-15 0)
(3 1.78068e-15 0)
(3 1.12422e-15 0)
(3 -1.04997e-16 0)
(3 -6.65354e-16 0)
(3 9.13409e-17 0)
(3 -2.79426e-16 0)
(3 -6.05276e-16 0)
(3 -2.82334e-16 0)
(3 -4.08883e-16 0)
(3 -4.55307e-16 0)
(3 -6.82461e-16 0)
(3 -2.01428e-16 0)
(3 1.05545e-16 0)
(3 2.98619e-16 0)
(3 3.20373e-16 0)
(3 4.4358e-16 0)
(3 1.01393e-15 0)
(3 1.23225e-15 0)
(3 1.6625e-15 0)
(3 1.59146e-15 0)
(3 5.93393e-16 0)
(3 8.15492e-16 0)
(3 1.09189e-15 0)
(3 1.25709e-15 0)
(3 9.38468e-16 0)
(3 3.73495e-16 0)
(3 -5.85708e-16 0)
(3 -1.10026e-15 0)
(3 -8.45453e-16 0)
(3 -6.35649e-16 0)
(3 2.67786e-16 0)
(3 -4.95752e-17 0)
(3 -3.18275e-16 0)
(3 -1.63139e-16 0)
(3 9.89572e-17 0)
(3 6.20601e-16 0)
(3 5.41416e-16 0)
(3 4.06012e-16 0)
(3 1.48896e-16 0)
(3 -4.16639e-16 0)
(3 -8.25324e-16 0)
(3 -5.43847e-16 0)
(3 -1.32177e-16 0)
(3 -1.00201e-18 0)
(3 9.61613e-16 0)
(3 1.40445e-15 0)
(3 1.48257e-15 0)
(3 1.00045e-15 0)
(3 8.20934e-16 0)
(3 5.37583e-16 0)
(3 7.01492e-16 0)
(3 7.59067e-16 0)
(3 7.496e-16 0)
(3 1.25116e-15 0)
(3 1.96204e-15 0)
(3 1.08257e-16 0)
(3 3.50894e-17 0)
(3 1.71863e-16 0)
(3 7.2221e-16 0)
(3 1.27588e-15 0)
(3 1.06984e-15 0)
(3 5.30772e-16 0)
(3 5.16787e-16 0)
(3 -4.4476e-16 0)
(3 -2.29394e-15 0)
(3 -2.89199e-15 0)
(3 -1.75565e-15 0)
(3 -1.22396e-15 0)
(3 6.52003e-16 0)
(3 1.17512e-15 0)
(3 1.09932e-15 0)
(3 5.66499e-17 0)
(3 2.338e-16 0)
(3 5.21718e-16 0)
(3 1.54653e-15 0)
(3 1.53252e-15 0)
(3 1.61345e-15 0)
(3 1.77123e-15 0)
(3 1.80193e-15 0)
(3 5.30185e-17 0)
(3 1.81606e-16 0)
(3 1.93637e-16 0)
(3 -4.31383e-17 0)
(3 1.10314e-17 0)
(3 -9.24097e-16 0)
(3 -9.43861e-16 0)
(3 -2.1293e-16 0)
(3 -1.05395e-15 0)
(3 -2.7182e-15 0)
(3 -2.59334e-15 0)
(3 -1.5717e-15 0)
(3 -5.65891e-16 0)
(3 -3.63659e-16 0)
(3 -5.85698e-16 0)
(3 -1.56332e-15 0)
(3 -8.91941e-16 0)
(3 -1.67594e-17 0)
(3 6.78615e-16 0)
(3 1.67859e-15 0)
(3 2.05436e-15 0)
(3 2.43496e-15 0)
(3 2.19612e-15 0)
(3 2.28266e-15 0)
(3 -5.67027e-18 0)
(3 -1.07053e-16 0)
(3 -1.50825e-16 0)
(3 -4.64178e-16 0)
(3 -6.23916e-16 0)
(3 -9.36911e-16 0)
(3 -1.33639e-15 0)
(3 -1.4451e-15 0)
(3 -1.7374e-15 0)
(3 -1.77862e-15 0)
(3 -1.18673e-15 0)
(3 -1.44925e-15 0)
(3 -1.6993e-15 0)
(3 -2.08517e-15 0)
(3 -2.3915e-15 0)
(3 -1.85566e-15 0)
(3 1.61194e-16 0)
(3 5.33015e-16 0)
(3 1.68729e-15 0)
(3 2.51084e-15 0)
(3 2.84005e-15 0)
(3 2.6395e-15 0)
(3 2.00561e-15 0)
(3 1.51591e-15 0)
(3 -1.24821e-16 0)
(3 9.30386e-17 0)
(3 3.88555e-16 0)
(3 3.05965e-16 0)
(3 -2.05196e-16 0)
(3 -1.04767e-16 0)
(3 -4.1596e-16 0)
(3 -7.72074e-16 0)
(3 -6.83584e-16 0)
(3 -5.52469e-16 0)
(3 -4.27792e-16 0)
(3 -2.08514e-15 0)
(3 -2.43654e-15 0)
(3 -2.39952e-15 0)
(3 -2.0729e-15 0)
(3 -1.00727e-15 0)
(3 4.68578e-16 0)
(3 1.17352e-15 0)
(3 1.7814e-15 0)
(3 2.08546e-15 0)
(3 2.91698e-15 0)
(3 2.35834e-15 0)
(3 8.27402e-16 0)
(3 6.83909e-16 0)
(3 4.31493e-17 0)
(3 2.80333e-16 0)
(3 5.27335e-16 0)
(3 3.34304e-16 0)
(3 2.12869e-16 0)
(3 3.20769e-16 0)
(3 2.082e-16 0)
(3 -1.75116e-16 0)
(3 -2.44384e-16 0)
(3 -2.30845e-16 0)
(3 -4.89091e-16 0)
(3 -1.68492e-15 0)
(3 -2.23527e-15 0)
(3 -2.3272e-15 0)
(3 -1.78483e-15 0)
(3 -9.97366e-16 0)
(3 -4.23782e-17 0)
(3 1.60136e-15 0)
(3 2.5479e-15 0)
(3 2.73566e-15 0)
(3 2.70663e-15 0)
(3 1.52174e-15 0)
(3 6.26328e-16 0)
(3 4.59314e-16 0)
(3 1.29472e-17 0)
(3 -1.28218e-16 0)
(3 -6.52235e-16 0)
(3 -7.76974e-16 0)
(3 -6.02094e-16 0)
(3 -3.18956e-16 0)
(3 -1.52666e-16 0)
(3 -1.81656e-17 0)
(3 -7.69405e-17 0)
(3 -3.2604e-16 0)
(3 -1.66157e-16 0)
(3 3.17214e-16 0)
(3 -2.40291e-16 0)
(3 -7.11799e-16 0)
(3 -1.30303e-15 0)
(3 -1.38016e-15 0)
(3 -4.82544e-16 0)
(3 -1.27027e-16 0)
(3 6.15552e-16 0)
(3 1.54055e-15 0)
(3 2.04295e-15 0)
(3 4.57982e-16 0)
(3 -1.31589e-16 0)
(3 -2.14372e-17 0)
(3 8.00799e-18 0)
(3 -1.15333e-16 0)
(3 -9.07703e-17 0)
(3 -2.27495e-17 0)
(3 -2.01646e-16 0)
(3 -6.89623e-16 0)
(3 -6.3299e-16 0)
(3 8.22241e-18 0)
(3 2.32965e-16 0)
(3 4.93024e-16 0)
(3 1.13699e-15 0)
(3 9.29877e-16 0)
(3 5.67621e-16 0)
(3 2.24873e-16 0)
(3 -7.19339e-16 0)
(3 -1.22584e-15 0)
(3 -9.86614e-16 0)
(3 -1.08899e-15 0)
(3 -1.14501e-15 0)
(3 -1.20923e-15 0)
(3 -1.27559e-15 0)
(3 -8.16034e-17 0)
(3 2.71346e-16 0)
(3 -2.397e-16 0)
(3 1.51817e-16 0)
(3 3.37542e-16 0)
(3 7.56475e-16 0)
(3 8.47884e-16 0)
(3 6.78162e-16 0)
(3 1.88746e-16 0)
(3 -1.57051e-17 0)
(3 -2.91303e-16 0)
(3 -6.37422e-17 0)
(3 1.20331e-15 0)
(3 1.57765e-15 0)
(3 1.1756e-15 0)
(3 6.09839e-17 0)
(3 -4.97823e-16 0)
(3 -6.18445e-16 0)
(3 -9.5959e-16 0)
(3 -1.05387e-15 0)
(3 -1.1105e-15 0)
(3 -1.9108e-15 0)
(3 -2.46231e-15 0)
(3 -2.09806e-15 0)
(3 7.7407e-16 0)
(3 1.44648e-15 0)
(3 1.61093e-15 0)
(3 3.60713e-17 0)
(3 6.60591e-17 0)
(3 1.65539e-16 0)
(3 1.14275e-16 0)
(3 2.13092e-16 0)
(3 5.38404e-16 0)
(3 3.05829e-16 0)
(3 -1.66304e-16 0)
(3 -1.20379e-16 0)
(3 5.43821e-16 0)
(3 6.81529e-16 0)
(3 1.31907e-15 0)
(3 1.40207e-15 0)
(3 5.78965e-16 0)
(3 3.35314e-16 0)
(3 1.60022e-17 0)
(3 -7.10516e-16 0)
(3 -2.16574e-15 0)
(3 -2.35295e-15 0)
(3 -3.03956e-15 0)
(3 -2.87432e-15 0)
(3 -1.60732e-15 0)
(3 -5.08465e-16 0)
(3 1.38624e-15 0)
(3 -6.86707e-17 0)
(3 -1.50774e-16 0)
(3 -4.05842e-16 0)
(3 -1.05896e-16 0)
(3 1.56099e-16 0)
(3 -4.83627e-16 0)
(3 -1.24972e-15 0)
(3 -1.4537e-15 0)
(3 -1.5645e-15 0)
(3 -3.60358e-16 0)
(3 -4.79717e-17 0)
(3 1.6076e-16 0)
(3 4.56485e-16 0)
(3 4.18725e-16 0)
(3 3.62513e-16 0)
(3 2.49613e-16 0)
(3 -9.43839e-16 0)
(3 -2.49486e-15 0)
(3 -2.83558e-15 0)
(3 -3.20434e-15 0)
(3 -2.83192e-15 0)
(3 -2.25508e-15 0)
(3 -6.35892e-16 0)
(3 3.49841e-16 0)
(3 2.59833e-17 0)
(3 -2.37706e-16 0)
(3 -1.14419e-15 0)
(3 -1.09396e-15 0)
(3 -9.0211e-16 0)
(3 -9.31544e-16 0)
(3 -1.05112e-15 0)
(3 -1.04696e-15 0)
(3 -1.40291e-16 0)
(3 4.50172e-16 0)
(3 4.31003e-16 0)
(3 -9.63489e-16 0)
(3 -9.27896e-16 0)
(3 -5.53707e-16 0)
(3 -1.1327e-15 0)
(3 -1.63194e-15 0)
(3 -1.75035e-15 0)
(3 -1.69026e-15 0)
(3 -1.3505e-15 0)
(3 -1.21553e-15 0)
(3 -3.88763e-16 0)
(3 -3.431e-16 0)
(3 -3.03983e-16 0)
(3 -3.11098e-16 0)
(3 -1.96033e-17 0)
(3 -3.05666e-16 0)
(3 -3.82612e-16 0)
(3 -4.39244e-16 0)
(3 -5.88602e-16 0)
(3 -5.13961e-16 0)
(3 6.48213e-18 0)
(3 -3.98251e-16 0)
(3 4.96713e-16 0)
(3 5.69548e-16 0)
(3 6.0599e-17 0)
(3 -1.07731e-15 0)
(3 -1.21154e-15 0)
(3 -1.53694e-15 0)
(3 -2.01251e-15 0)
(3 -1.88735e-15 0)
(3 -1.12108e-15 0)
(3 -2.47242e-16 0)
(3 1.01414e-15 0)
(3 1.47946e-15 0)
(3 8.86639e-16 0)
(3 2.87261e-16 0)
(3 -1.30519e-15 0)
(3 -2.45416e-15 0)
(3 -4.33216e-17 0)
(3 1.09471e-16 0)
(3 4.70811e-16 0)
(3 6.17781e-16 0)
(3 6.67152e-16 0)
(3 -1.76539e-17 0)
(3 7.52476e-17 0)
(3 7.17741e-16 0)
(3 9.53662e-16 0)
(3 9.36645e-16 0)
(3 4.23395e-16 0)
(3 -4.69672e-17 0)
(3 -3.85604e-16 0)
(3 -1.14889e-15 0)
(3 -1.55427e-15 0)
(3 -1.20892e-15 0)
(3 -1.04125e-16 0)
(3 7.38538e-16 0)
(3 1.71342e-15 0)
(3 2.50621e-15 0)
(3 1.83889e-15 0)
(3 5.27186e-16 0)
(3 -1.41904e-15 0)
(3 -4.27325e-15 0)
(3 -6.50403e-17 0)
(3 1.65916e-16 0)
(3 6.39797e-16 0)
(3 4.92367e-16 0)
(3 2.31274e-17 0)
(3 8.06361e-16 0)
(3 1.31782e-15 0)
(3 2.14416e-15 0)
(3 9.3359e-16 0)
(3 -6.37217e-17 0)
(3 2.33267e-16 0)
(3 8.7737e-16 0)
(3 1.02204e-15 0)
(3 1.26432e-15 0)
(3 1.03845e-15 0)
(3 3.9759e-16 0)
(3 -3.82094e-17 0)
(3 6.45482e-16 0)
(3 6.00466e-16 0)
(3 1.30767e-15 0)
(3 1.09843e-15 0)
(3 -3.803e-16 0)
(3 -2.24715e-15 0)
(3 -4.42232e-15 0)
(3 9.87787e-18 0)
(3 6.24861e-17 0)
(3 -1.54606e-16 0)
(3 -5.21751e-16 0)
(3 -7.8852e-16 0)
(3 7.7233e-16 0)
(3 1.50172e-15 0)
(3 7.36186e-16 0)
(3 1.20592e-16 0)
(3 1.2642e-16 0)
(3 3.64758e-16 0)
(3 1.22769e-15 0)
(3 1.43294e-15 0)
(3 1.43606e-15 0)
(3 1.61313e-15 0)
(3 1.26091e-15 0)
(3 6.90947e-16 0)
(3 7.15816e-16 0)
(3 1.41512e-16 0)
(3 2.67232e-16 0)
(3 9.12587e-16 0)
(3 -1.36609e-15 0)
(3 -2.58727e-15 0)
(3 -3.04131e-15 0)
(3 3.2195e-16 0)
(3 3.08454e-16 0)
(3 -4.55133e-17 0)
(3 -2.12984e-16 0)
(3 8.04822e-17 0)
(3 5.01343e-16 0)
(3 3.40301e-16 0)
(3 -7.94534e-17 0)
(3 1.07334e-16 0)
(3 6.29395e-16 0)
(3 1.00666e-15 0)
(3 1.15141e-15 0)
(3 6.51173e-16 0)
(3 3.83189e-16 0)
(3 1.13218e-15 0)
(3 2.88724e-15 0)
(3 3.60972e-15 0)
(3 3.03535e-15 0)
(3 2.78839e-15 0)
(3 2.64597e-15 0)
(3 1.12275e-15 0)
(3 -4.31703e-16 0)
(3 -1.07274e-15 0)
(3 -1.38511e-15 0)
(3 -1.45873e-17 0)
(3 -1.09369e-16 0)
(3 5.5443e-16 0)
(3 7.72424e-16 0)
(3 4.81675e-16 0)
(3 2.97209e-16 0)
(3 -2.21166e-16 0)
(3 -8.67521e-16 0)
(3 -1.35756e-15 0)
(3 -1.49203e-15 0)
(3 -1.19684e-15 0)
(3 -1.3247e-15 0)
(3 -1.2808e-15 0)
(3 -5.92892e-16 0)
(3 9.3501e-16 0)
(3 1.79277e-15 0)
(3 1.94716e-15 0)
(3 1.34206e-15 0)
(3 1.10981e-15 0)
(3 6.38411e-16 0)
(3 2.19565e-16 0)
(3 6.5416e-16 0)
(3 3.08858e-16 0)
(3 5.49081e-16 0)
(3 -1.20815e-16 0)
(3 -6.97229e-17 0)
(3 1.8282e-16 0)
(3 2.98801e-16 0)
(3 3.02359e-16 0)
(3 2.80954e-16 0)
(3 3.11448e-16 0)
(3 3.28464e-16 0)
(3 9.12576e-17 0)
(3 -8.76106e-17 0)
(3 -5.69747e-17 0)
(3 -1.41106e-15 0)
(3 -1.9073e-15 0)
(3 -1.61119e-15 0)
(3 -4.21368e-16 0)
(3 -2.65716e-16 0)
(3 -9.34687e-17 0)
(3 4.78742e-16 0)
(3 1.46535e-16 0)
(3 -5.08131e-16 0)
(3 1.45748e-16 0)
(3 2.98648e-16 0)
(3 4.08964e-16 0)
(3 5.06034e-16 0)
(3 2.69066e-17 0)
(3 2.76505e-16 0)
(3 -1.83587e-16 0)
(3 -2.92079e-16 0)
(3 4.66842e-16 0)
(3 8.23527e-16 0)
(3 1.00552e-15 0)
(3 1.61099e-15 0)
(3 2.19849e-15 0)
(3 2.26528e-15 0)
(3 1.51952e-15 0)
(3 1.51732e-16 0)
(3 -4.45642e-16 0)
(3 -1.21631e-15 0)
(3 -1.36307e-15 0)
(3 -6.38591e-16 0)
(3 -1.13938e-16 0)
(3 7.20095e-16 0)
(3 9.05624e-16 0)
(3 -3.64089e-16 0)
(3 -3.45547e-16 0)
(3 5.75295e-16 0)
(3 3.4809e-16 0)
(3 1.32686e-16 0)
(3 -6.13245e-17 0)
(3 -2.19895e-16 0)
(3 -3.3871e-16 0)
(3 7.58189e-17 0)
(3 1.35709e-16 0)
(3 -5.02405e-16 0)
(3 -4.01859e-16 0)
(3 -1.07284e-16 0)
(3 -2.75706e-16 0)
(3 -4.61188e-16 0)
(3 -8.07505e-16 0)
(3 4.47122e-17 0)
(3 1.51336e-16 0)
(3 -6.79105e-16 0)
(3 -1.69919e-15 0)
(3 -1.18867e-15 0)
(3 -1.0029e-16 0)
(3 1.63349e-16 0)
(3 -5.24919e-16 0)
(3 -2.33939e-16 0)
(3 7.64184e-16 0)
(3 2.10108e-15 0)
(3 2.18362e-15 0)
(3 1.18292e-15 0)
(3 -9.69099e-17 0)
(3 -1.85801e-16 0)
(3 2.18564e-16 0)
(3 5.51211e-16 0)
(3 -5.30839e-16 0)
(3 -1.24618e-15 0)
(3 -1.25284e-15 0)
(3 -1.15566e-15 0)
(3 -7.38287e-16 0)
(3 -3.45246e-16 0)
(3 -2.19601e-16 0)
(3 8.2903e-16 0)
(3 1.22332e-15 0)
(3 8.17441e-16 0)
(3 4.23733e-16 0)
(3 4.08423e-16 0)
(3 9.64192e-16 0)
(3 1.06125e-15 0)
(3 1.19776e-16 0)
(3 -4.0647e-16 0)
(3 -1.80652e-16 0)
(3 7.33038e-16 0)
(3 1.97128e-15 0)
(3 1.8998e-15 0)
(3 -9.29792e-17 0)
(3 2.95873e-17 0)
(3 3.25374e-16 0)
(3 1.62159e-16 0)
(3 4.94893e-17 0)
(3 9.73095e-17 0)
(3 -1.72219e-16 0)
(3 -2.45691e-16 0)
(3 -2.65576e-16 0)
(3 -1.97178e-16 0)
(3 3.1483e-16 0)
(3 1.75798e-15 0)
(3 2.91548e-15 0)
(3 2.93921e-15 0)
(3 2.61327e-15 0)
(3 1.247e-15 0)
(3 1.34991e-15 0)
(3 2.76001e-15 0)
(3 2.85956e-15 0)
(3 -2.57017e-16 0)
(3 -7.61693e-16 0)
(3 -8.95687e-17 0)
(3 6.09843e-16 0)
(3 1.90854e-15 0)
(3 -1.2257e-16 0)
(3 -1.48224e-16 0)
(3 -4.55995e-16 0)
(3 -6.65436e-16 0)
(3 3.30615e-16 0)
(3 4.3341e-16 0)
(3 -4.45511e-16 0)
(3 -1.18143e-15 0)
(3 -1.08783e-15 0)
(3 -8.24751e-16 0)
(3 -3.66236e-17 0)
(3 4.91401e-16 0)
(3 1.43857e-15 0)
(3 1.49548e-15 0)
(3 1.8345e-15 0)
(3 4.69047e-16 0)
(3 1.22024e-16 0)
(3 4.98464e-16 0)
(3 2.98981e-16 0)
(3 -3.31897e-16 0)
(3 -6.37615e-16 0)
(3 -2.86708e-16 0)
(3 2.96113e-16 0)
(3 8.48349e-16 0)
(3 6.77485e-17 0)
(3 -8.33766e-17 0)
(3 -3.81005e-16 0)
(3 -5.49833e-16 0)
(3 -3.81622e-16 0)
(3 -2.90462e-16 0)
(3 -6.16558e-16 0)
(3 -1.23473e-15 0)
(3 -9.68445e-16 0)
(3 -7.55366e-16 0)
(3 -6.12335e-16 0)
(3 -8.91541e-16 0)
(3 -1.32872e-15 0)
(3 -1.25879e-15 0)
(3 -1.15047e-15 0)
(3 -4.65656e-16 0)
(3 -1.12663e-15 0)
(3 -2.02944e-15 0)
(3 -3.05235e-15 0)
(3 -1.5139e-15 0)
(3 -8.19723e-16 0)
(3 -6.2323e-16 0)
(3 -8.26824e-17 0)
(3 8.30939e-16 0)
(3 2.24557e-16 0)
(3 2.14059e-16 0)
(3 -9.29604e-17 0)
(3 -5.11412e-16 0)
(3 -2.29342e-16 0)
(3 -3.65078e-16 0)
(3 -5.25487e-16 0)
(3 -2.28996e-16 0)
(3 -1.08491e-15 0)
(3 -9.50035e-16 0)
(3 -1.13619e-15 0)
(3 -1.86586e-15 0)
(3 -1.98902e-15 0)
(3 -1.41921e-15 0)
(3 -9.3956e-16 0)
(3 -1.00528e-15 0)
(3 -1.08073e-15 0)
(3 -2.15223e-15 0)
(3 -3.52444e-15 0)
(3 -2.33503e-15 0)
(3 -9.64628e-16 0)
(3 -8.87827e-16 0)
(3 4.78495e-17 0)
(3 1.87526e-15 0)
(3 5.32988e-17 0)
(3 1.33564e-16 0)
(3 6.07089e-18 0)
(3 -2.99186e-17 0)
(3 1.35499e-16 0)
(3 -4.5815e-16 0)
(3 -5.39236e-16 0)
(3 -4.23365e-16 0)
(3 -5.58363e-16 0)
(3 -5.86946e-16 0)
(3 -5.60751e-16 0)
(3 -5.98737e-16 0)
(3 -5.12643e-16 0)
(3 -5.13096e-16 0)
(3 -3.95084e-16 0)
(3 -4.32704e-16 0)
(3 -6.09051e-16 0)
(3 -1.08308e-15 0)
(3 -2.0732e-15 0)
(3 -2.34532e-15 0)
(3 -1.1259e-15 0)
(3 -3.3278e-16 0)
(3 2.65805e-16 0)
(3 7.27046e-16 0)
(2.93268 0.0213947 0)
(2.84495 0.0752433 0)
(2.76132 0.131515 0)
(2.66272 0.247262 0)
(2.57711 0.347408 0)
(2.51031 0.437042 0)
(2.41513 0.550098 0)
(2.35275 0.628164 0)
(2.31159 0.724333 0)
(2.25785 0.795219 0)
(2.24887 0.854394 0)
(2.28321 0.885471 0)
(2.32814 0.894096 0)
(2.33644 0.891127 0)
(2.3437 0.880487 0)
(2.34542 0.869495 0)
(2.34523 0.857044 0)
(2.34632 0.84867 0)
(2.34819 0.84886 0)
(2.3445 0.84933 0)
(2.33999 0.850595 0)
(2.3359 0.850683 0)
(2.33401 0.849974 0)
(2.33673 0.849486 0)
(2.99862 0.0013776 0)
(2.98944 0.0128071 0)
(2.9627 0.0480212 0)
(2.90089 0.13147 0)
(2.80333 0.274867 0)
(2.68804 0.457171 0)
(2.51822 0.693315 0)
(2.39982 0.893719 0)
(2.21506 1.07784 0)
(2.17164 1.09531 0)
(2.14002 1.04075 0)
(2.18421 1.00007 0)
(2.25795 0.950187 0)
(2.29776 0.899212 0)
(2.32898 0.858033 0)
(2.34836 0.838275 0)
(2.35298 0.832941 0)
(2.35954 0.833563 0)
(2.35866 0.836955 0)
(2.35451 0.843635 0)
(2.34799 0.84869 0)
(2.34087 0.851404 0)
(2.33747 0.852963 0)
(2.3375 0.85186 0)
(3 -1.84245e-06 0)
(3 9.91615e-06 0)
(3.00003 -4.06209e-05 0)
(2.99987 9.94006e-05 0)
(2.99862 0.00191108 0)
(2.99162 0.0118703 0)
(2.96354 0.0568251 0)
(2.90613 0.164624 0)
(2.75582 0.426412 0)
(2.60529 0.69664 0)
(2.44563 0.845908 0)
(2.33779 0.93569 0)
(2.28881 0.914001 0)
(2.30057 0.896764 0)
(2.31614 0.885519 0)
(2.34223 0.878042 0)
(2.35054 0.860634 0)
(2.3606 0.841839 0)
(2.36345 0.8398 0)
(2.36176 0.841434 0)
(2.35631 0.844948 0)
(2.3493 0.848687 0)
(2.3459 0.851576 0)
(2.34352 0.850885 0)
(3 -6.42722e-11 0)
(3 -1.08664e-07 0)
(3 -1.61832e-06 0)
(3 -1.64935e-06 0)
(3.00001 -8.9746e-06 0)
(2.99999 2.23955e-05 0)
(2.99999 -4.14996e-06 0)
(2.99941 0.000931369 0)
(2.98795 0.019718 0)
(2.90688 0.157574 0)
(2.75919 0.418853 0)
(2.4153 0.815443 0)
(2.35059 0.87591 0)
(2.29196 0.941954 0)
(2.2941 0.940868 0)
(2.30814 0.920663 0)
(2.32845 0.887524 0)
(2.34181 0.856781 0)
(2.35747 0.842198 0)
(2.36407 0.835982 0)
(2.36355 0.837884 0)
(2.36155 0.841604 0)
(2.35738 0.84495 0)
(2.35279 0.848238 0)
(3 -1.48649e-11 0)
(3 -2.85633e-09 0)
(3 -9.78079e-09 0)
(3 -9.75139e-08 0)
(3 -7.6896e-07 0)
(3 -7.47193e-07 0)
(3 -1.78621e-06 0)
(3 -3.37043e-06 0)
(3.00004 -9.11052e-05 0)
(2.99936 0.000842177 0)
(2.98553 0.0199373 0)
(2.85734 0.183393 0)
(2.70783 0.431344 0)
(2.37187 0.802098 0)
(2.30811 0.885514 0)
(2.30489 0.887512 0)
(2.31037 0.882587 0)
(2.31511 0.877655 0)
(2.33254 0.865921 0)
(2.35172 0.852006 0)
(2.35847 0.849969 0)
(2.36041 0.845866 0)
(2.35945 0.844997 0)
(2.35417 0.850662 0)
(3 -8.46215e-13 0)
(3 2.44774e-11 0)
(3 2.13164e-10 0)
(3 -4.70434e-10 0)
(3 -2.18139e-09 0)
(3 -5.03808e-08 0)
(3 -5.45603e-08 0)
(3 -2.73274e-07 0)
(3 -6.33323e-06 0)
(3 -5.97015e-06 0)
(3.00003 -7.555e-05 0)
(2.99847 0.00221172 0)
(2.97852 0.0307539 0)
(2.79253 0.252432 0)
(2.56807 0.54285 0)
(2.41663 0.757679 0)
(2.27278 0.911237 0)
(2.27464 0.908282 0)
(2.29901 0.883739 0)
(2.31706 0.864597 0)
(2.33311 0.858575 0)
(2.34386 0.852573 0)
(2.35037 0.844127 0)
(2.35214 0.841487 0)
(3 9.03561e-16 0)
(3 3.96357e-13 0)
(3 2.7458e-11 0)
(3 2.62866e-11 0)
(3 3.15165e-11 0)
(3 -4.12369e-11 0)
(3 -6.74603e-10 0)
(3 -5.03858e-10 0)
(3 -2.57759e-08 0)
(3 -3.77287e-07 0)
(3 -7.18544e-06 0)
(3 -4.76789e-06 0)
(3.00001 -4.63959e-05 0)
(2.99436 0.00785142 0)
(2.94892 0.0669835 0)
(2.73188 0.346871 0)
(2.44474 0.697684 0)
(2.39807 0.773439 0)
(2.32749 0.838784 0)
(2.31394 0.851466 0)
(2.31464 0.850785 0)
(2.32723 0.844686 0)
(2.3374 0.836271 0)
(2.34294 0.838881 0)
(3 2.94362e-15 0)
(3 -1.06183e-14 0)
(3 9.29249e-14 0)
(3 2.0185e-12 0)
(3 6.11527e-12 0)
(3 5.71024e-12 0)
(3 3.22185e-12 0)
(3 2.42731e-12 0)
(3 1.58828e-10 0)
(3 -1.87582e-10 0)
(3 -3.38174e-08 0)
(3 -5.76213e-07 0)
(3 -2.84994e-06 0)
(3.00001 -2.40165e-05 0)
(2.99973 0.0004318 0)
(2.98425 0.0211733 0)
(2.88046 0.154771 0)
(2.65261 0.480197 0)
(2.3506 0.833928 0)
(2.32945 0.829965 0)
(2.31035 0.840339 0)
(2.30631 0.841779 0)
(2.31897 0.838129 0)
(2.33358 0.837079 0)
(3 2.73489e-15 0)
(3 2.55859e-15 0)
(3 1.69544e-15 0)
(3 6.95635e-15 0)
(3 6.19598e-14 0)
(3 5.89243e-13 0)
(3 7.05401e-13 0)
(3 1.09721e-12 0)
(3 1.19706e-11 0)
(3 1.35807e-11 0)
(3 1.55103e-10 0)
(3 -1.32984e-08 0)
(3 -3.07623e-08 0)
(3 -2.8975e-06 0)
(3 -5.03096e-06 0)
(2.99999 1.16073e-05 0)
(2.99778 0.003824 0)
(2.95037 0.0694711 0)
(2.74451 0.342447 0)
(2.57285 0.599726 0)
(2.3231 0.866078 0)
(2.28018 0.876567 0)
(2.30037 0.847965 0)
(2.32218 0.843161 0)
(3 5.28009e-16 0)
(3 4.16025e-16 0)
(3 -6.9476e-16 0)
(3 -2.49185e-16 0)
(3 3.14772e-16 0)
(3 7.88004e-15 0)
(3 2.20809e-14 0)
(3 8.51786e-14 0)
(3 2.24708e-13 0)
(3 2.64704e-12 0)
(3 8.67112e-12 0)
(3 3.78993e-11 0)
(3 7.39764e-11 0)
(3 -2.27174e-08 0)
(3 -9.49597e-07 0)
(3 -8.45446e-07 0)
(3 -9.67345e-06 0)
(2.99942 0.000864651 0)
(2.98296 0.0278761 0)
(2.88816 0.181003 0)
(2.56543 0.592582 0)
(2.45183 0.720514 0)
(2.36153 0.802964 0)
(2.3379 0.846632 0)
(3 7.21437e-16 0)
(3 9.14971e-16 0)
(3 -2.42488e-16 0)
(3 1.00276e-15 0)
(3 2.82322e-15 0)
(3 4.31191e-15 0)
(3 3.41932e-15 0)
(3 4.32753e-15 0)
(3 6.54004e-15 0)
(3 2.57998e-14 0)
(3 2.48483e-13 0)
(3 1.09392e-11 0)
(3 1.63272e-11 0)
(3 1.17574e-10 0)
(3 -1.6196e-08 0)
(3 -1.07087e-07 0)
(3 -1.35495e-06 0)
(3 -5.97671e-06 0)
(2.99993 0.000121311 0)
(2.99526 0.00821863 0)
(2.91463 0.124025 0)
(2.75892 0.386451 0)
(2.43112 0.758622 0)
(2.35231 0.860755 0)
(3 5.0044e-16 0)
(3 8.23704e-16 0)
(3 9.28698e-16 0)
(3 1.62875e-15 0)
(3 3.07649e-15 0)
(3 3.69946e-15 0)
(3 2.10319e-15 0)
(3 -1.76856e-15 0)
(3 -2.81177e-15 0)
(3 -2.98881e-15 0)
(3 1.23167e-15 0)
(3 4.19517e-13 0)
(3 3.20293e-12 0)
(3 1.28889e-11 0)
(3 1.03688e-10 0)
(3 -1.97875e-09 0)
(3 -2.13532e-08 0)
(3 -1.67571e-06 0)
(3 -1.47265e-06 0)
(2.99999 -7.30065e-07 0)
(2.99787 0.00398399 0)
(2.96971 0.0565562 0)
(2.77959 0.324484 0)
(2.52248 0.653862 0)
(3 -1.21383e-15 0)
(3 -2.86333e-16 0)
(3 1.84007e-15 0)
(3 2.75703e-15 0)
(3 2.94066e-15 0)
(3 2.2218e-15 0)
(3 1.73279e-15 0)
(3 1.14084e-15 0)
(3 2.42115e-16 0)
(3 -9.34939e-16 0)
(3 -1.14515e-15 0)
(3 -6.39068e-16 0)
(3 5.52669e-14 0)
(3 1.08666e-12 0)
(3 1.97311e-11 0)
(3 2.53955e-11 0)
(3 -8.72215e-11 0)
(3 -3.83963e-08 0)
(3 -5.21584e-07 0)
(3 -4.64565e-07 0)
(3 -1.21754e-06 0)
(2.99947 0.000973582 0)
(2.97435 0.0467622 0)
(2.88892 0.193814 0)
(3 1.57023e-16 0)
(3 -1.96419e-16 0)
(3 9.77042e-16 0)
(3 1.25772e-15 0)
(3 -6.85305e-17 0)
(3 -1.09485e-15 0)
(3 -1.00743e-15 0)
(3 1.2434e-15 0)
(3 1.75848e-15 0)
(3 1.60903e-15 0)
(3 5.52937e-16 0)
(3 -3.68798e-16 0)
(3 -2.92868e-16 0)
(3 5.02434e-15 0)
(3 5.58007e-13 0)
(3 5.53004e-12 0)
(3 3.52624e-12 0)
(3 2.9473e-11 0)
(3 -2.05532e-08 0)
(3 -9.7779e-08 0)
(3 -5.67543e-07 0)
(3 -2.23093e-06 0)
(2.99952 0.00102871 0)
(2.99543 0.013279 0)
(3 1.61065e-15 0)
(3 1.19184e-15 0)
(3 7.01002e-16 0)
(3 -6.17826e-16 0)
(3 -2.61713e-15 0)
(3 -2.47795e-15 0)
(3 -2.43332e-15 0)
(3 -1.36861e-15 0)
(3 -7.36451e-16 0)
(3 -2.77219e-16 0)
(3 -8.7654e-16 0)
(3 -1.66936e-15 0)
(3 3.40548e-16 0)
(3 1.07397e-15 0)
(3 4.5564e-15 0)
(3 9.87833e-14 0)
(3 1.35953e-12 0)
(3 9.59135e-12 0)
(3 -2.86765e-11 0)
(3 -4.15547e-09 0)
(3 -9.03558e-08 0)
(3 -5.13608e-07 0)
(3 7.25712e-06 0)
(3 -4.63446e-05 0)
(3 6.18917e-16 0)
(3 9.66448e-17 0)
(3 -9.15173e-16 0)
(3 -1.6965e-15 0)
(3 -1.46421e-15 0)
(3 -1.639e-15 0)
(3 -2.06124e-15 0)
(3 -1.56838e-15 0)
(3 -7.62575e-16 0)
(3 -1.07287e-15 0)
(3 -1.13075e-15 0)
(3 -1.99519e-15 0)
(3 -1.65508e-15 0)
(3 -1.27478e-15 0)
(3 -8.48773e-16 0)
(3 5.75239e-16 0)
(3 4.78388e-14 0)
(3 3.39829e-12 0)
(3 2.677e-12 0)
(3 -1.00885e-11 0)
(3 -4.97469e-09 0)
(3 -3.70779e-08 0)
(3 -6.63982e-08 0)
(3 -1.08184e-05 0)
(3 -7.76575e-16 0)
(3 -1.27945e-15 0)
(3 -1.51086e-15 0)
(3 -1.6289e-15 0)
(3 -6.02187e-16 0)
(3 -6.86137e-16 0)
(3 -6.79242e-16 0)
(3 1.59437e-16 0)
(3 6.74946e-16 0)
(3 1.82844e-15 0)
(3 2.19085e-15 0)
(3 1.63262e-15 0)
(3 -1.45435e-15 0)
(3 -2.57797e-15 0)
(3 -2.65997e-15 0)
(3 -1.97212e-15 0)
(3 -5.79056e-14 0)
(3 -1.37764e-12 0)
(3 -1.08189e-12 0)
(3 1.96119e-10 0)
(3 8.01874e-10 0)
(3 7.26884e-08 0)
(3 1.25165e-06 0)
(3 -1.73077e-06 0)
(3 -1.88453e-15 0)
(3 -1.53239e-15 0)
(3 -4.13644e-16 0)
(3 3.36797e-16 0)
(3 -3.18527e-16 0)
(3 -5.99088e-16 0)
(3 1.38384e-16 0)
(3 3.88542e-16 0)
(3 6.79213e-16 0)
(3 2.07081e-15 0)
(3 1.96234e-15 0)
(3 2.23389e-15 0)
(3 1.52535e-15 0)
(3 -2.35462e-16 0)
(3 -4.06826e-15 0)
(3 -7.74291e-14 0)
(3 -1.38349e-12 0)
(3 -3.79023e-12 0)
(3 5.06399e-11 0)
(3 8.8414e-09 0)
(3 8.38773e-08 0)
(3 6.96719e-08 0)
(3 4.39366e-06 0)
(2.99997 -4.56654e-05 0)
(3 -4.40362e-15 0)
(3 -3.44292e-15 0)
(3 -2.23348e-15 0)
(3 -1.54974e-15 0)
(3 -1.1427e-15 0)
(3 -4.44562e-16 0)
(3 -1.75459e-16 0)
(3 1.04624e-16 0)
(3 4.72882e-16 0)
(3 2.84637e-16 0)
(3 -1.86122e-16 0)
(3 6.19328e-16 0)
(3 1.30933e-15 0)
(3 -2.44449e-15 0)
(3 -6.26508e-13 0)
(3 -4.22358e-12 0)
(3 -4.6402e-12 0)
(3 -5.15677e-12 0)
(3 2.28021e-08 0)
(3 1.09379e-07 0)
(3 4.59793e-07 0)
(3 7.2689e-07 0)
(2.99968 -0.000669615 0)
(2.98952 -0.0193626 0)
(3 -4.54254e-15 0)
(3 -4.52045e-15 0)
(3 -3.93044e-15 0)
(3 -3.769e-15 0)
(3 -2.84176e-15 0)
(3 -1.96448e-15 0)
(3 -2.61713e-15 0)
(3 -1.92523e-15 0)
(3 -5.51762e-16 0)
(3 -4.03799e-17 0)
(3 -4.24142e-16 0)
(3 -1.93377e-17 0)
(3 -5.57135e-14 0)
(3 -9.38884e-13 0)
(3 -1.92905e-11 0)
(3 -1.49116e-11 0)
(3 1.80286e-11 0)
(3 3.56452e-08 0)
(3 4.87129e-07 0)
(3 3.84214e-07 0)
(3 5.21645e-06 0)
(2.99938 -0.00130197 0)
(2.9789 -0.0352628 0)
(2.83679 -0.24994 0)
(3 -3.23177e-15 0)
(3 -3.71241e-15 0)
(3 -3.35182e-15 0)
(3 -3.47553e-15 0)
(3 -3.56252e-15 0)
(3 -3.01534e-15 0)
(3 -2.21177e-15 0)
(3 -2.53121e-15 0)
(3 -1.72688e-15 0)
(3 -8.21473e-16 0)
(3 -1.75108e-15 0)
(3 -4.68428e-13 0)
(3 -3.33419e-12 0)
(3 -1.25785e-11 0)
(3 -1.02606e-10 0)
(3 1.98194e-09 0)
(3 2.29941e-08 0)
(3 1.42479e-06 0)
(3 1.40331e-06 0)
(3 6.34713e-06 0)
(2.99776 -0.00440947 0)
(2.97352 -0.0531795 0)
(2.7671 -0.343449 0)
(2.52561 -0.655881 0)
(3 -1.61613e-15 0)
(3 -9.14533e-16 0)
(3 -1.69937e-15 0)
(3 -1.55934e-15 0)
(3 -2.45927e-15 0)
(3 -2.35743e-15 0)
(3 -1.49468e-15 0)
(3 -2.35058e-15 0)
(3 -7.86412e-15 0)
(3 -2.78547e-14 0)
(3 -2.59751e-13 0)
(3 -1.14619e-11 0)
(3 -1.60973e-11 0)
(3 -1.04813e-10 0)
(3 1.81264e-08 0)
(3 1.02549e-07 0)
(3 1.57251e-06 0)
(3 5.23413e-06 0)
(2.99994 -0.00011013 0)
(2.99514 -0.00835309 0)
(2.91359 -0.12537 0)
(2.7743 -0.383742 0)
(2.41388 -0.789641 0)
(2.3482 -0.848284 0)
(3 1.45243e-16 0)
(3 -8.51792e-16 0)
(3 -1.27004e-15 0)
(3 -1.13316e-15 0)
(3 -8.41e-16 0)
(3 -6.71127e-15 0)
(3 -1.76093e-14 0)
(3 -8.42995e-14 0)
(3 -2.17809e-13 0)
(3 -2.72137e-12 0)
(3 -7.97754e-12 0)
(3 -4.86057e-11 0)
(3 -4.5213e-11 0)
(3 2.1722e-08 0)
(3 9.57338e-07 0)
(3 8.64623e-07 0)
(3 9.8048e-06 0)
(2.99942 -0.000881326 0)
(2.98291 -0.0276 0)
(2.8884 -0.181687 0)
(2.56386 -0.592202 0)
(2.45869 -0.721573 0)
(2.35713 -0.807736 0)
(2.33079 -0.844363 0)
(3 6.39582e-16 0)
(3 -3.22415e-16 0)
(3 -1.84627e-15 0)
(3 -8.83126e-15 0)
(3 -6.48724e-14 0)
(3 -5.93021e-13 0)
(3 -7.09499e-13 0)
(3 -1.10085e-12 0)
(3 -1.21466e-11 0)
(3 -1.33853e-11 0)
(3 -1.56652e-10 0)
(3 1.28295e-08 0)
(3 3.32407e-08 0)
(3 2.8029e-06 0)
(3 4.97972e-06 0)
(2.99999 -1.04211e-05 0)
(2.99778 -0.00386898 0)
(2.95086 -0.0686875 0)
(2.74152 -0.345867 0)
(2.57653 -0.598292 0)
(2.32528 -0.860791 0)
(2.28168 -0.879022 0)
(2.29592 -0.852163 0)
(2.32029 -0.842299 0)
(3 -1.20324e-15 0)
(3 1.20112e-14 0)
(3 -9.10111e-14 0)
(3 -2.01445e-12 0)
(3 -6.11575e-12 0)
(3 -5.71479e-12 0)
(3 -3.23113e-12 0)
(3 -2.42691e-12 0)
(3 -1.58925e-10 0)
(3 1.81913e-10 0)
(3 3.42619e-08 0)
(3 5.73272e-07 0)
(3 2.88999e-06 0)
(3.00001 2.3588e-05 0)
(2.99974 -0.000426518 0)
(2.98418 -0.0212999 0)
(2.88107 -0.154099 0)
(2.65264 -0.481041 0)
(2.34961 -0.836039 0)
(2.3303 -0.829148 0)
(2.31199 -0.839224 0)
(2.3067 -0.842229 0)
(2.31674 -0.839752 0)
(2.33208 -0.835795 0)
(3 3.1091e-16 0)
(3 -3.93165e-13 0)
(3 -2.7456e-11 0)
(3 -2.62934e-11 0)
(3 -3.15487e-11 0)
(3 4.23306e-11 0)
(3 6.70216e-10 0)
(3 5.0072e-10 0)
(3 2.57302e-08 0)
(3 3.77353e-07 0)
(3 7.1978e-06 0)
(3 4.7827e-06 0)
(3.00001 4.65976e-05 0)
(2.99436 -0.00786769 0)
(2.94901 -0.0668433 0)
(2.73149 -0.347331 0)
(2.44517 -0.696818 0)
(2.39841 -0.774232 0)
(2.32697 -0.839185 0)
(2.31379 -0.851256 0)
(2.31499 -0.850395 0)
(2.32732 -0.844748 0)
(2.33744 -0.837008 0)
(2.34217 -0.838183 0)
(3 8.47685e-13 0)
(3 -2.4354e-11 0)
(3 -2.12785e-10 0)
(3 4.65541e-10 0)
(3 2.1849e-09 0)
(3 5.03612e-08 0)
(3 5.46248e-08 0)
(3 2.73276e-07 0)
(3 6.33232e-06 0)
(3 5.9686e-06 0)
(3.00003 7.5625e-05 0)
(2.99847 -0.00221148 0)
(2.97851 -0.0307651 0)
(2.79261 -0.252348 0)
(2.56771 -0.543149 0)
(2.41691 -0.757554 0)
(2.27287 -0.91085 0)
(2.2747 -0.908141 0)
(2.29883 -0.884075 0)
(2.31701 -0.864615 0)
(2.33301 -0.858223 0)
(2.344 -0.852669 0)
(2.35017 -0.844161 0)
(2.35201 -0.84135 0)
(3 1.48298e-11 0)
(3 2.85656e-09 0)
(3 9.69606e-09 0)
(3 9.74071e-08 0)
(3 7.69024e-07 0)
(3 7.47319e-07 0)
(3 1.78747e-06 0)
(3 3.37113e-06 0)
(3.00004 9.10906e-05 0)
(2.99936 -0.000842622 0)
(2.98554 -0.0199311 0)
(2.85734 -0.183396 0)
(2.70787 -0.431328 0)
(2.37192 -0.802063 0)
(2.308 -0.885654 0)
(2.30488 -0.887479 0)
(2.31044 -0.882503 0)
(2.31508 -0.877689 0)
(2.33246 -0.866072 0)
(2.35159 -0.852052 0)
(2.35852 -0.849509 0)
(2.36042 -0.845795 0)
(2.35937 -0.845072 0)
(2.3541 -0.850852 0)
(3 6.40486e-11 0)
(3 1.08522e-07 0)
(3 1.62056e-06 0)
(3 1.6505e-06 0)
(3.00001 8.97592e-06 0)
(2.99999 -2.23912e-05 0)
(2.99999 4.29864e-06 0)
(2.99941 -0.000931871 0)
(2.98795 -0.019715 0)
(2.90688 -0.157568 0)
(2.75912 -0.418886 0)
(2.41535 -0.815366 0)
(2.35062 -0.875892 0)
(2.29195 -0.94198 0)
(2.29409 -0.940931 0)
(2.30806 -0.920724 0)
(2.32869 -0.887334 0)
(2.34173 -0.856833 0)
(2.35734 -0.842384 0)
(2.36399 -0.835977 0)
(2.36358 -0.837773 0)
(2.36158 -0.84157 0)
(2.35739 -0.845062 0)
(2.35278 -0.848322 0)
(3 1.84529e-06 0)
(3 -9.91827e-06 0)
(3.00003 4.07287e-05 0)
(2.99987 -9.94275e-05 0)
(2.99862 -0.00191173 0)
(2.99163 -0.0118686 0)
(2.96354 -0.0568186 0)
(2.90611 -0.16465 0)
(2.75585 -0.426386 0)
(2.60532 -0.696598 0)
(2.4456 -0.845946 0)
(2.33778 -0.935689 0)
(2.28884 -0.913982 0)
(2.30057 -0.896774 0)
(2.31614 -0.885512 0)
(2.34212 -0.878156 0)
(2.35059 -0.860514 0)
(2.36083 -0.841837 0)
(2.36337 -0.839854 0)
(2.36163 -0.841427 0)
(2.35627 -0.844913 0)
(2.34932 -0.848677 0)
(2.34593 -0.85164 0)
(2.34353 -0.850919 0)
(2.99862 -0.00137734 0)
(2.98944 -0.0128086 0)
(2.9627 -0.0480192 0)
(2.90089 -0.131463 0)
(2.80331 -0.274886 0)
(2.68805 -0.457174 0)
(2.51824 -0.693295 0)
(2.39978 -0.893731 0)
(2.21504 -1.07784 0)
(2.17166 -1.09531 0)
(2.1401 -1.04076 0)
(2.18411 -1.00006 0)
(2.25798 -0.950197 0)
(2.29783 -0.899193 0)
(2.32888 -0.858082 0)
(2.34839 -0.838322 0)
(2.35299 -0.832847 0)
(2.35959 -0.833525 0)
(2.35865 -0.836959 0)
(2.35446 -0.843651 0)
(2.34801 -0.848667 0)
(2.34087 -0.851388 0)
(2.33748 -0.853013 0)
(2.33748 -0.851901 0)
(2.93269 -0.0213774 0)
(2.84494 -0.0752977 0)
(2.76135 -0.131439 0)
(2.66272 -0.24729 0)
(2.57708 -0.347469 0)
(2.51037 -0.436993 0)
(2.41512 -0.550094 0)
(2.35275 -0.62817 0)
(2.31157 -0.724342 0)
(2.25784 -0.795229 0)
(2.24889 -0.854372 0)
(2.28318 -0.885521 0)
(2.32815 -0.894033 0)
(2.33647 -0.891137 0)
(2.34372 -0.880482 0)
(2.34544 -0.869519 0)
(2.34522 -0.857011 0)
(2.34634 -0.848654 0)
(2.3482 -0.848858 0)
(2.34447 -0.84933 0)
(2.33997 -0.850581 0)
(2.3359 -0.850683 0)
(2.33402 -0.849988 0)
(2.33672 -0.849489 0)
(2.43151 0.815987 0)
(2.53564 0.817281 0)
(2.63367 0.778499 0)
(2.7757 0.595986 0)
(2.86124 0.506539 0)
(2.94125 0.370597 0)
(2.95092 0.211201 0)
(2.9714 0.144094 0)
(2.97751 0.0422577 0)
(3.00912 -0.0311208 0)
(3.01163 -0.0552837 0)
(2.99191 -0.068934 0)
(2.97501 -0.0698458 0)
(2.97292 -0.0646095 0)
(2.97005 -0.0438655 0)
(2.962 -0.0374608 0)
(2.9512 -0.0338805 0)
(2.96292 -0.0282654 0)
(2.96878 -0.0236625 0)
(2.96637 -0.0191336 0)
(2.95308 -0.0084739 0)
(2.93613 0.00276195 0)
(2.93247 0.00307899 0)
(2.90308 -0.0258453 0)
(2.7639 -0.150164 0)
(2.4741 -0.367231 0)
(2.23642 -0.392111 0)
(2.03042 -0.417506 0)
(1.88357 -0.26483 0)
(1.8169 -0.128177 0)
(1.84625 -0.00791517 0)
(1.923 0.0347424 0)
(1.9804 0.0397734 0)
(2.00693 0.0244052 0)
(2.02907 0.0220625 0)
(2.0575 0.0247093 0)
(2.08765 0.0247277 0)
(2.11882 0.0234219 0)
(2.14698 0.0219911 0)
(2.17124 0.0213312 0)
(2.1923 0.0227799 0)
(2.20711 0.0253315 0)
(2.21908 0.0269829 0)
(2.23702 0.0269859 0)
(2.26142 0.0280365 0)
(2.28638 0.0302728 0)
(2.3095 0.0315493 0)
(2.33235 0.0300479 0)
(2.35597 0.0267651 0)
(2.37839 0.0246457 0)
(2.39494 0.0254112 0)
(2.40173 0.0274078 0)
(2.39786 0.0287539 0)
(2.39733 0.0294053 0)
(2.4142 0.029963 0)
(2.43672 0.0320982 0)
(2.45834 0.0329372 0)
(2.47896 0.0321628 0)
(2.49956 0.0285577 0)
(2.52085 0.0255593 0)
(2.54007 0.0225973 0)
(2.55294 0.0227113 0)
(2.55629 0.0258192 0)
(2.55335 0.0281244 0)
(2.55322 0.0263464 0)
(2.56151 0.0289456 0)
(2.57024 0.0367648 0)
(2.57859 0.0360504 0)
(2.5979 0.0304169 0)
(2.61901 0.0297767 0)
(2.63198 0.0254718 0)
(2.63103 0.00951972 0)
(2.58852 -0.034455 0)
(2.49155 -0.104952 0)
(2.38313 -0.170501 0)
(2.28399 -0.137702 0)
(2.21189 -0.132709 0)
(2.1639 -0.137592 0)
(2.12886 -0.0862443 0)
(2.15788 -0.0147512 0)
(2.16659 0.0210278 0)
(2.18518 0.0235202 0)
(2.21617 0.0159231 0)
(2.24072 0.0126704 0)
(2.24597 0.0143104 0)
(2.23361 0.0186929 0)
(2.22417 0.0194802 0)
(2.23882 0.0177767 0)
(2.2568 0.0157155 0)
(2.27675 0.0147071 0)
(2.29288 0.0153325 0)
(2.3075 0.0156555 0)
(2.32193 0.0146829 0)
(2.33625 0.0131989 0)
(2.34636 0.0123191 0)
(2.35714 0.0128462 0)
(2.45033 0.791468 0)
(2.59208 0.650734 0)
(2.69434 0.505737 0)
(2.80117 0.309541 0)
(2.87408 0.101359 0)
(2.91565 -0.00329376 0)
(2.94458 -0.0588256 0)
(2.94296 -0.153459 0)
(2.93403 -0.180819 0)
(2.9747 -0.142709 0)
(2.99964 -0.0984346 0)
(2.9792 -0.103306 0)
(2.96156 -0.109613 0)
(2.9528 -0.0864481 0)
(2.9493 -0.051033 0)
(2.93751 -0.0339619 0)
(2.92066 -0.017848 0)
(2.93405 -0.00525499 0)
(2.94337 0.00362355 0)
(2.94049 0.00585868 0)
(2.93391 0.0118845 0)
(2.92473 0.0101444 0)
(2.9049 -0.0266568 0)
(2.68885 -0.318425 0)
(2.54334 -0.532924 0)
(2.38267 -0.757826 0)
(2.29895 -0.702805 0)
(2.20704 -0.510998 0)
(2.07784 -0.2174 0)
(1.92065 0.02515 0)
(1.8769 0.130807 0)
(1.90523 0.123607 0)
(1.96089 0.0978106 0)
(2.00599 0.0591305 0)
(2.03955 0.0345146 0)
(2.07579 0.0399343 0)
(2.10889 0.0411893 0)
(2.13892 0.0397212 0)
(2.16554 0.0399729 0)
(2.18936 0.0422808 0)
(2.21192 0.0463188 0)
(2.2307 0.0510504 0)
(2.24372 0.0533098 0)
(2.25908 0.0541072 0)
(2.27982 0.0577936 0)
(2.3036 0.0644116 0)
(2.32563 0.0678973 0)
(2.34822 0.0627552 0)
(2.37232 0.0559444 0)
(2.39617 0.0522663 0)
(2.41482 0.0513718 0)
(2.4237 0.0475017 0)
(2.42429 0.0415665 0)
(2.42459 0.0459761 0)
(2.43601 0.0561598 0)
(2.45414 0.0635793 0)
(2.47432 0.0664432 0)
(2.49468 0.0670368 0)
(2.51521 0.0627556 0)
(2.53465 0.0575496 0)
(2.55193 0.0512918 0)
(2.56491 0.0490958 0)
(2.57056 0.0499253 0)
(2.57006 0.0494315 0)
(2.57136 0.04511 0)
(2.58111 0.0508771 0)
(2.59312 0.0614876 0)
(2.59986 0.0636442 0)
(2.6201 0.0499514 0)
(2.62179 0.0400969 0)
(2.61544 0.00704218 0)
(2.57399 -0.0819204 0)
(2.52655 -0.184916 0)
(2.46629 -0.311467 0)
(2.41758 -0.360763 0)
(2.35417 -0.31888 0)
(2.28223 -0.229088 0)
(2.23318 -0.111391 0)
(2.19094 -0.013114 0)
(2.17643 0.0660483 0)
(2.17899 0.0919017 0)
(2.19146 0.0770394 0)
(2.20899 0.0478712 0)
(2.2303 0.0297597 0)
(2.24798 0.0253585 0)
(2.25086 0.0235425 0)
(2.24484 0.027608 0)
(2.25635 0.0259505 0)
(2.27449 0.0263821 0)
(2.29302 0.0290173 0)
(2.3067 0.0344877 0)
(2.3179 0.034749 0)
(2.33094 0.0317815 0)
(2.34485 0.0281812 0)
(2.35563 0.0240191 0)
(2.36802 0.0226158 0)
(2.36323 0.836 0)
(2.4287 0.779199 0)
(2.53111 0.668761 0)
(2.58827 0.604111 0)
(2.67758 0.449339 0)
(2.75413 0.289659 0)
(2.79065 0.27928 0)
(2.81302 0.203625 0)
(2.82472 0.0745983 0)
(2.82992 0.0680838 0)
(2.86222 0.0344846 0)
(2.9008 -0.0128234 0)
(2.89639 -0.08082 0)
(2.90176 -0.0884554 0)
(2.91134 -0.0696845 0)
(2.90707 -0.0564308 0)
(2.89951 -0.0545569 0)
(2.91297 -0.0588353 0)
(2.92062 -0.0477768 0)
(2.92098 -0.0407085 0)
(2.91835 -0.027182 0)
(2.8736 -0.090848 0)
(2.7375 -0.312199 0)
(2.41696 -0.692321 0)
(2.34535 -0.743988 0)
(2.34554 -0.768012 0)
(2.35869 -0.759729 0)
(2.37035 -0.727155 0)
(2.36912 -0.650936 0)
(2.28358 -0.411408 0)
(2.17371 -0.134811 0)
(2.03551 0.0574621 0)
(2.0032 0.0801915 0)
(2.0084 0.0851905 0)
(2.05235 0.0862665 0)
(2.0828 0.0876052 0)
(2.11371 0.0770886 0)
(2.14146 0.0750825 0)
(2.168 0.078906 0)
(2.19114 0.0801941 0)
(2.21251 0.0818984 0)
(2.22849 0.0905157 0)
(2.24224 0.0952912 0)
(2.25874 0.0934907 0)
(2.28094 0.0943083 0)
(2.30492 0.103308 0)
(2.32398 0.114645 0)
(2.34198 0.113425 0)
(2.3632 0.0998857 0)
(2.38375 0.0876336 0)
(2.40296 0.0834321 0)
(2.41626 0.0874715 0)
(2.42399 0.0930666 0)
(2.43234 0.0957733 0)
(2.44116 0.0956903 0)
(2.45352 0.101698 0)
(2.47043 0.108192 0)
(2.48944 0.110073 0)
(2.51043 0.106444 0)
(2.52843 0.10058 0)
(2.54207 0.0907477 0)
(2.55328 0.0862008 0)
(2.56038 0.0893893 0)
(2.56218 0.0888001 0)
(2.56577 0.0802472 0)
(2.5782 0.0872515 0)
(2.58566 0.10146 0)
(2.59753 0.0965135 0)
(2.59865 0.0815013 0)
(2.58198 0.0313593 0)
(2.52925 -0.0697951 0)
(2.46614 -0.197007 0)
(2.4044 -0.31874 0)
(2.38255 -0.386121 0)
(2.38509 -0.387376 0)
(2.38409 -0.369804 0)
(2.37635 -0.324842 0)
(2.36017 -0.259791 0)
(2.32776 -0.159787 0)
(2.28307 -0.0511236 0)
(2.27226 0.0397488 0)
(2.24557 0.058294 0)
(2.2389 0.0464856 0)
(2.23841 0.0346222 0)
(2.25364 0.0381391 0)
(2.26005 0.042443 0)
(2.25877 0.0548403 0)
(2.26728 0.0521343 0)
(2.28129 0.0507334 0)
(2.29788 0.0564104 0)
(2.3097 0.0624058 0)
(2.32067 0.0601744 0)
(2.33125 0.0524637 0)
(2.34315 0.0454856 0)
(2.35491 0.042046 0)
(2.3665 0.0418689 0)
(2.3554 0.844195 0)
(2.37625 0.824595 0)
(2.43269 0.769697 0)
(2.50253 0.701366 0)
(2.59436 0.594326 0)
(2.67531 0.451346 0)
(2.71398 0.415605 0)
(2.7789 0.342911 0)
(2.84275 0.140348 0)
(2.83308 0.0881675 0)
(2.82496 0.0944323 0)
(2.88844 0.00481858 0)
(2.8975 -0.10149 0)
(2.89567 -0.128712 0)
(2.92097 -0.103617 0)
(2.91773 -0.0630515 0)
(2.9109 -0.0579201 0)
(2.91325 -0.0627323 0)
(2.91479 -0.0675282 0)
(2.91535 -0.0653126 0)
(2.86272 -0.138183 0)
(2.68948 -0.434063 0)
(2.46179 -0.690916 0)
(2.34453 -0.836497 0)
(2.31519 -0.830364 0)
(2.34014 -0.80691 0)
(2.36559 -0.772369 0)
(2.39787 -0.741736 0)
(2.42659 -0.71192 0)
(2.42538 -0.666731 0)
(2.37091 -0.49357 0)
(2.20301 -0.167306 0)
(2.08521 0.0387958 0)
(2.04621 0.140048 0)
(2.04792 0.143452 0)
(2.07976 0.141062 0)
(2.1181 0.124357 0)
(2.15386 0.123602 0)
(2.18781 0.136031 0)
(2.21143 0.12903 0)
(2.2298 0.120261 0)
(2.24696 0.121448 0)
(2.26405 0.122209 0)
(2.28092 0.121303 0)
(2.29904 0.126103 0)
(2.31977 0.139672 0)
(2.33524 0.155181 0)
(2.34659 0.158544 0)
(2.36554 0.14899 0)
(2.3855 0.137776 0)
(2.40493 0.129484 0)
(2.42451 0.127407 0)
(2.44589 0.129286 0)
(2.46328 0.127642 0)
(2.46687 0.128732 0)
(2.46559 0.140029 0)
(2.47809 0.149018 0)
(2.49642 0.150826 0)
(2.5153 0.143952 0)
(2.5349 0.141204 0)
(2.5536 0.138868 0)
(2.5636 0.134596 0)
(2.5638 0.134881 0)
(2.56701 0.130836 0)
(2.57783 0.120173 0)
(2.5858 0.126995 0)
(2.59361 0.116761 0)
(2.58424 0.0851449 0)
(2.54477 0.00975016 0)
(2.4868 -0.103204 0)
(2.40342 -0.231411 0)
(2.37505 -0.288254 0)
(2.37032 -0.333065 0)
(2.36774 -0.348475 0)
(2.38292 -0.352401 0)
(2.40166 -0.343322 0)
(2.41668 -0.330297 0)
(2.41386 -0.305568 0)
(2.40262 -0.25327 0)
(2.36602 -0.159899 0)
(2.32248 -0.0426695 0)
(2.29547 0.0285134 0)
(2.25133 0.0741269 0)
(2.23674 0.0712924 0)
(2.2441 0.0667328 0)
(2.25744 0.0698031 0)
(2.27424 0.067354 0)
(2.2881 0.0628198 0)
(2.30053 0.0670128 0)
(2.31313 0.0797312 0)
(2.32262 0.0880312 0)
(2.33397 0.0856105 0)
(2.34456 0.0763957 0)
(2.35347 0.0677843 0)
(2.36082 0.0641953 0)
(2.36738 0.0619865 0)
(2.35397 0.848109 0)
(2.3583 0.842684 0)
(2.38174 0.821966 0)
(2.44103 0.766914 0)
(2.49835 0.709727 0)
(2.57159 0.619245 0)
(2.66315 0.499719 0)
(2.71562 0.449609 0)
(2.75213 0.383142 0)
(2.80108 0.249792 0)
(2.82818 0.198842 0)
(2.83921 0.178513 0)
(2.8787 0.0880219 0)
(2.88819 0.0269551 0)
(2.91045 0.0391942 0)
(2.91876 0.0602516 0)
(2.91211 0.0101829 0)
(2.91105 -0.0384057 0)
(2.91172 -0.0583394 0)
(2.85867 -0.159197 0)
(2.6289 -0.526953 0)
(2.48075 -0.734887 0)
(2.33314 -0.842898 0)
(2.32805 -0.859042 0)
(2.3439 -0.850937 0)
(2.36863 -0.818501 0)
(2.39105 -0.773493 0)
(2.41871 -0.733508 0)
(2.43949 -0.713181 0)
(2.46072 -0.716109 0)
(2.46046 -0.689027 0)
(2.42155 -0.569208 0)
(2.29775 -0.296465 0)
(2.15783 -0.0188374 0)
(2.08089 0.118909 0)
(2.09868 0.159333 0)
(2.12046 0.165754 0)
(2.15107 0.184484 0)
(2.17376 0.18537 0)
(2.19661 0.161053 0)
(2.21404 0.147689 0)
(2.23529 0.15481 0)
(2.25763 0.160255 0)
(2.28496 0.157582 0)
(2.31269 0.15757 0)
(2.33434 0.168852 0)
(2.34436 0.186567 0)
(2.34945 0.191996 0)
(2.3584 0.180234 0)
(2.37087 0.16788 0)
(2.38994 0.165042 0)
(2.41485 0.166058 0)
(2.43903 0.16791 0)
(2.46049 0.16911 0)
(2.47787 0.169423 0)
(2.48556 0.173382 0)
(2.48347 0.182473 0)
(2.49093 0.185106 0)
(2.51268 0.179444 0)
(2.53392 0.177851 0)
(2.54919 0.172193 0)
(2.55224 0.175232 0)
(2.55876 0.177979 0)
(2.57905 0.169073 0)
(2.59675 0.150116 0)
(2.5938 0.13556 0)
(2.56532 0.0816625 0)
(2.51362 -0.0321499 0)
(2.43595 -0.172903 0)
(2.39429 -0.238575 0)
(2.35686 -0.275297 0)
(2.34259 -0.308182 0)
(2.34332 -0.322995 0)
(2.35584 -0.324147 0)
(2.37464 -0.31704 0)
(2.39738 -0.305388 0)
(2.419 -0.298768 0)
(2.43343 -0.295707 0)
(2.44106 -0.295148 0)
(2.41783 -0.250906 0)
(2.39446 -0.19122 0)
(2.35442 -0.125383 0)
(2.28635 -0.0235098 0)
(2.2476 0.0370163 0)
(2.24414 0.0495113 0)
(2.26685 0.0816229 0)
(2.27491 0.097578 0)
(2.29334 0.0980965 0)
(2.30137 0.101126 0)
(2.30602 0.106266 0)
(2.31412 0.10592 0)
(2.32518 0.103252 0)
(2.33626 0.0955921 0)
(2.34461 0.0855953 0)
(2.3501 0.0808405 0)
(2.35819 0.0801941 0)
(2.34842 0.849227 0)
(2.35397 0.847421 0)
(2.35941 0.842188 0)
(2.38371 0.821516 0)
(2.44451 0.762863 0)
(2.49767 0.706808 0)
(2.53839 0.660235 0)
(2.64868 0.547203 0)
(2.72263 0.431137 0)
(2.7444 0.385292 0)
(2.7584 0.361639 0)
(2.80352 0.289832 0)
(2.87981 0.182954 0)
(2.90462 0.104243 0)
(2.90985 0.0667976 0)
(2.93795 0.0790421 0)
(2.94072 -8.17482e-06 0)
(2.91785 -0.0908068 0)
(2.83856 -0.224393 0)
(2.59392 -0.558324 0)
(2.43687 -0.774263 0)
(2.2938 -0.849242 0)
(2.30664 -0.851904 0)
(2.33886 -0.842963 0)
(2.36615 -0.824099 0)
(2.39107 -0.791812 0)
(2.40627 -0.766205 0)
(2.42862 -0.737893 0)
(2.44716 -0.722123 0)
(2.46589 -0.722493 0)
(2.4853 -0.714485 0)
(2.50279 -0.681799 0)
(2.49262 -0.601847 0)
(2.40592 -0.405719 0)
(2.22573 -0.0797893 0)
(2.15273 0.0997315 0)
(2.13554 0.209549 0)
(2.12929 0.238764 0)
(2.14929 0.23671 0)
(2.17745 0.211965 0)
(2.19754 0.188692 0)
(2.22357 0.194611 0)
(2.25087 0.204455 0)
(2.27829 0.198692 0)
(2.30327 0.194543 0)
(2.32717 0.201792 0)
(2.3455 0.213348 0)
(2.35318 0.220467 0)
(2.35963 0.216945 0)
(2.37518 0.213698 0)
(2.39507 0.215477 0)
(2.41577 0.216575 0)
(2.4359 0.213664 0)
(2.45325 0.208456 0)
(2.46756 0.207943 0)
(2.47932 0.213312 0)
(2.489 0.220725 0)
(2.49973 0.22492 0)
(2.51469 0.221431 0)
(2.52905 0.218252 0)
(2.53732 0.21005 0)
(2.53471 0.208722 0)
(2.55181 0.205496 0)
(2.56202 0.195684 0)
(2.56228 0.162145 0)
(2.53635 0.0961469 0)
(2.44495 -0.0711348 0)
(2.41244 -0.173093 0)
(2.36425 -0.239048 0)
(2.3474 -0.251646 0)
(2.33626 -0.266695 0)
(2.3324 -0.287373 0)
(2.33708 -0.290233 0)
(2.35608 -0.28144 0)
(2.37964 -0.278177 0)
(2.40282 -0.271044 0)
(2.42201 -0.270979 0)
(2.44076 -0.273471 0)
(2.45223 -0.275328 0)
(2.44377 -0.274755 0)
(2.41673 -0.245065 0)
(2.40015 -0.218661 0)
(2.36674 -0.165732 0)
(2.30434 -0.0537593 0)
(2.27033 0.0254927 0)
(2.27157 0.0898353 0)
(2.28329 0.129403 0)
(2.28514 0.131258 0)
(2.29193 0.128003 0)
(2.29941 0.119541 0)
(2.30869 0.122707 0)
(2.31698 0.127098 0)
(2.32571 0.118085 0)
(2.33066 0.102285 0)
(2.33534 0.0941296 0)
(2.35409 0.0976546 0)
(2.34163 0.842512 0)
(2.34393 0.845967 0)
(2.34858 0.845222 0)
(2.36036 0.836951 0)
(2.38364 0.816991 0)
(2.43734 0.769549 0)
(2.50451 0.69351 0)
(2.54022 0.662372 0)
(2.58553 0.600358 0)
(2.68712 0.485608 0)
(2.72889 0.393518 0)
(2.76066 0.358965 0)
(2.77201 0.355045 0)
(2.81302 0.284377 0)
(2.87508 0.191132 0)
(2.90923 0.151772 0)
(2.8737 0.0177472 0)
(2.78738 -0.186451 0)
(2.51112 -0.549203 0)
(2.38237 -0.739747 0)
(2.28062 -0.810421 0)
(2.2981 -0.81167 0)
(2.33176 -0.798722 0)
(2.36475 -0.777651 0)
(2.3868 -0.763566 0)
(2.40571 -0.743949 0)
(2.41591 -0.728617 0)
(2.43208 -0.705704 0)
(2.45037 -0.698907 0)
(2.47436 -0.694204 0)
(2.49247 -0.685717 0)
(2.52677 -0.654972 0)
(2.54971 -0.639381 0)
(2.54806 -0.587387 0)
(2.50792 -0.467562 0)
(2.35081 -0.179144 0)
(2.2605 0.048903 0)
(2.16611 0.207229 0)
(2.14837 0.250765 0)
(2.16877 0.244627 0)
(2.19432 0.245804 0)
(2.21257 0.248217 0)
(2.23378 0.244324 0)
(2.26943 0.23997 0)
(2.29601 0.237818 0)
(2.32079 0.240474 0)
(2.34458 0.243406 0)
(2.36083 0.245586 0)
(2.36012 0.250054 0)
(2.3641 0.25305 0)
(2.3786 0.255027 0)
(2.39706 0.255994 0)
(2.41991 0.255754 0)
(2.44671 0.251629 0)
(2.46964 0.246818 0)
(2.48983 0.245795 0)
(2.50651 0.254126 0)
(2.51661 0.262534 0)
(2.51876 0.260631 0)
(2.52086 0.249014 0)
(2.52507 0.24935 0)
(2.53535 0.24137 0)
(2.53697 0.219336 0)
(2.51853 0.169102 0)
(2.46138 0.0555506 0)
(2.39083 -0.0876054 0)
(2.35747 -0.193914 0)
(2.32151 -0.254264 0)
(2.31641 -0.253603 0)
(2.31774 -0.255646 0)
(2.31752 -0.262452 0)
(2.31472 -0.261526 0)
(2.33487 -0.254851 0)
(2.35412 -0.245077 0)
(2.37114 -0.237939 0)
(2.39146 -0.238063 0)
(2.41167 -0.241696 0)
(2.42727 -0.245941 0)
(2.43677 -0.251666 0)
(2.43359 -0.254028 0)
(2.4165 -0.245232 0)
(2.41582 -0.228152 0)
(2.41383 -0.213795 0)
(2.39676 -0.169933 0)
(2.35274 -0.0784197 0)
(2.31211 0.021645 0)
(2.32199 0.094149 0)
(2.29909 0.133927 0)
(2.29526 0.131681 0)
(2.292 0.131222 0)
(2.29438 0.138679 0)
(2.29844 0.144561 0)
(2.30782 0.135921 0)
(2.31764 0.121697 0)
(2.32728 0.111571 0)
(2.35164 0.115178 0)
(2.33845 0.838828 0)
(2.3379 0.839356 0)
(2.34008 0.838959 0)
(2.34374 0.837399 0)
(2.35788 0.827088 0)
(2.38314 0.808485 0)
(2.4283 0.771767 0)
(2.49738 0.693224 0)
(2.5413 0.645217 0)
(2.56053 0.620139 0)
(2.6435 0.530856 0)
(2.71119 0.422254 0)
(2.74531 0.36757 0)
(2.76218 0.379788 0)
(2.79042 0.304153 0)
(2.75749 0.188882 0)
(2.63307 -0.124207 0)
(2.43341 -0.485161 0)
(2.29724 -0.663094 0)
(2.27136 -0.721181 0)
(2.29332 -0.7214 0)
(2.32482 -0.710926 0)
(2.35053 -0.706176 0)
(2.37477 -0.70783 0)
(2.40042 -0.703038 0)
(2.42184 -0.68937 0)
(2.43794 -0.671199 0)
(2.45306 -0.653136 0)
(2.47081 -0.64644 0)
(2.48709 -0.648803 0)
(2.50185 -0.643041 0)
(2.53404 -0.621116 0)
(2.56114 -0.596237 0)
(2.58109 -0.584947 0)
(2.60335 -0.554029 0)
(2.58095 -0.493052 0)
(2.48792 -0.303277 0)
(2.30044 0.0151355 0)
(2.23942 0.176423 0)
(2.18452 0.280092 0)
(2.17516 0.301024 0)
(2.19091 0.303887 0)
(2.2197 0.297915 0)
(2.25394 0.283847 0)
(2.28131 0.276235 0)
(2.30869 0.280667 0)
(2.33463 0.283776 0)
(2.35425 0.284247 0)
(2.36029 0.285791 0)
(2.35722 0.290677 0)
(2.36692 0.293828 0)
(2.38833 0.293336 0)
(2.41209 0.292215 0)
(2.4354 0.287012 0)
(2.45783 0.284204 0)
(2.47897 0.28647 0)
(2.49692 0.297471 0)
(2.50516 0.297625 0)
(2.50585 0.29083 0)
(2.49989 0.282416 0)
(2.51296 0.269798 0)
(2.50683 0.231303 0)
(2.47627 0.155573 0)
(2.38814 -0.00104696 0)
(2.33495 -0.116142 0)
(2.3205 -0.167853 0)
(2.30575 -0.20694 0)
(2.3007 -0.214263 0)
(2.30786 -0.218025 0)
(2.31505 -0.228066 0)
(2.3071 -0.232951 0)
(2.31533 -0.223669 0)
(2.33378 -0.220916 0)
(2.35405 -0.213158 0)
(2.3742 -0.211036 0)
(2.39579 -0.211534 0)
(2.41303 -0.211329 0)
(2.4256 -0.214078 0)
(2.43291 -0.221631 0)
(2.42998 -0.231695 0)
(2.41356 -0.228173 0)
(2.42127 -0.2132 0)
(2.42924 -0.209098 0)
(2.43343 -0.194163 0)
(2.42911 -0.163137 0)
(2.39883 -0.0937085 0)
(2.361 0.0159805 0)
(2.34988 0.104117 0)
(2.30733 0.155063 0)
(2.29305 0.161121 0)
(2.27786 0.165927 0)
(2.27697 0.16328 0)
(2.29339 0.155675 0)
(2.31159 0.14488 0)
(2.32418 0.132532 0)
(2.35078 0.134152 0)
(2.3305 0.84422 0)
(2.33085 0.843015 0)
(2.3306 0.840034 0)
(2.33398 0.837602 0)
(2.3388 0.833372 0)
(2.35695 0.82131 0)
(2.38793 0.801103 0)
(2.433 0.763956 0)
(2.49227 0.700789 0)
(2.54283 0.632482 0)
(2.56581 0.614884 0)
(2.6274 0.540189 0)
(2.65804 0.500901 0)
(2.69067 0.386327 0)
(2.65904 0.231074 0)
(2.46476 -0.128284 0)
(2.32424 -0.406059 0)
(2.22219 -0.590481 0)
(2.21721 -0.622725 0)
(2.25068 -0.623411 0)
(2.28701 -0.615415 0)
(2.31652 -0.610391 0)
(2.34318 -0.616942 0)
(2.36902 -0.626636 0)
(2.39618 -0.627241 0)
(2.41974 -0.618772 0)
(2.44019 -0.603929 0)
(2.45904 -0.593093 0)
(2.48197 -0.586386 0)
(2.50345 -0.589776 0)
(2.52958 -0.581264 0)
(2.54706 -0.564519 0)
(2.56529 -0.545241 0)
(2.58679 -0.541065 0)
(2.61032 -0.522769 0)
(2.63185 -0.52796 0)
(2.61284 -0.473908 0)
(2.56727 -0.356878 0)
(2.44511 -0.101644 0)
(2.32155 0.132438 0)
(2.23151 0.266087 0)
(2.22083 0.325795 0)
(2.23241 0.327226 0)
(2.26086 0.334074 0)
(2.28416 0.329855 0)
(2.30598 0.328124 0)
(2.33018 0.326106 0)
(2.3504 0.325759 0)
(2.36306 0.325425 0)
(2.36259 0.329521 0)
(2.36254 0.33154 0)
(2.38129 0.330099 0)
(2.40754 0.330156 0)
(2.43505 0.329634 0)
(2.4583 0.330322 0)
(2.47726 0.336046 0)
(2.48875 0.336306 0)
(2.48727 0.33364 0)
(2.48823 0.320071 0)
(2.48284 0.290079 0)
(2.46199 0.236912 0)
(2.40052 0.117572 0)
(2.31834 -0.0421708 0)
(2.28097 -0.14119 0)
(2.26342 -0.207308 0)
(2.26672 -0.210064 0)
(2.2763 -0.205179 0)
(2.28991 -0.20108 0)
(2.30097 -0.196479 0)
(2.30457 -0.195876 0)
(2.30491 -0.201152 0)
(2.31448 -0.19628 0)
(2.33141 -0.189841 0)
(2.34845 -0.186782 0)
(2.36812 -0.186903 0)
(2.3884 -0.185825 0)
(2.4058 -0.183211 0)
(2.41723 -0.183455 0)
(2.42119 -0.190395 0)
(2.4185 -0.203143 0)
(2.41494 -0.211186 0)
(2.42718 -0.204952 0)
(2.4367 -0.192836 0)
(2.44606 -0.179214 0)
(2.45369 -0.170909 0)
(2.45629 -0.153543 0)
(2.43705 -0.102829 0)
(2.40225 -0.00389751 0)
(2.37507 0.0678307 0)
(2.32398 0.123557 0)
(2.29712 0.141963 0)
(2.27191 0.159128 0)
(2.2841 0.172426 0)
(2.30384 0.171385 0)
(2.3214 0.162425 0)
(2.3458 0.159889 0)
(2.32644 0.849983 0)
(2.32139 0.84791 0)
(2.31888 0.842049 0)
(2.32289 0.838919 0)
(2.3313 0.836292 0)
(2.33866 0.831251 0)
(2.3593 0.817645 0)
(2.38567 0.80026 0)
(2.43394 0.756104 0)
(2.47058 0.721546 0)
(2.53795 0.64056 0)
(2.585 0.615393 0)
(2.56954 0.507082 0)
(2.51454 0.285951 0)
(2.33062 -0.0959067 0)
(2.22522 -0.325943 0)
(2.1684 -0.464912 0)
(2.17598 -0.485479 0)
(2.20779 -0.501185 0)
(2.24321 -0.510868 0)
(2.27642 -0.517242 0)
(2.3074 -0.523125 0)
(2.33851 -0.533668 0)
(2.36963 -0.54816 0)
(2.4004 -0.554798 0)
(2.42782 -0.551284 0)
(2.45018 -0.538029 0)
(2.46725 -0.523707 0)
(2.48223 -0.51239 0)
(2.49888 -0.515366 0)
(2.52782 -0.508839 0)
(2.55972 -0.496563 0)
(2.58561 -0.488024 0)
(2.61362 -0.48427 0)
(2.63832 -0.472291 0)
(2.65025 -0.464718 0)
(2.64567 -0.467413 0)
(2.65322 -0.437699 0)
(2.63831 -0.362829 0)
(2.57234 -0.206824 0)
(2.39734 0.0800964 0)
(2.30914 0.262264 0)
(2.26015 0.371587 0)
(2.25585 0.391529 0)
(2.27298 0.389716 0)
(2.29638 0.381645 0)
(2.32125 0.368891 0)
(2.34152 0.364319 0)
(2.35711 0.364883 0)
(2.36111 0.371782 0)
(2.36056 0.371715 0)
(2.37469 0.366922 0)
(2.39845 0.365738 0)
(2.42746 0.369489 0)
(2.45099 0.373542 0)
(2.46872 0.379595 0)
(2.47104 0.375766 0)
(2.47016 0.356119 0)
(2.45516 0.301295 0)
(2.412 0.215566 0)
(2.33889 0.0856361 0)
(2.25083 -0.0797659 0)
(2.23738 -0.12162 0)
(2.24269 -0.151206 0)
(2.24825 -0.163624 0)
(2.26272 -0.173111 0)
(2.28195 -0.172572 0)
(2.29397 -0.172271 0)
(2.29695 -0.171771 0)
(2.28874 -0.169517 0)
(2.29307 -0.166382 0)
(2.31009 -0.163068 0)
(2.32808 -0.161257 0)
(2.34796 -0.163227 0)
(2.36784 -0.165102 0)
(2.38803 -0.16442 0)
(2.40593 -0.160791 0)
(2.41599 -0.157431 0)
(2.41394 -0.161339 0)
(2.40913 -0.173839 0)
(2.41597 -0.180238 0)
(2.43111 -0.177212 0)
(2.4469 -0.17269 0)
(2.45871 -0.16096 0)
(2.46426 -0.15356 0)
(2.4738 -0.152786 0)
(2.47236 -0.142354 0)
(2.464 -0.108798 0)
(2.43756 -0.0466655 0)
(2.38763 0.0317742 0)
(2.34109 0.096926 0)
(2.28798 0.147254 0)
(2.28338 0.185713 0)
(2.30272 0.198871 0)
(2.32591 0.196181 0)
(2.34233 0.191318 0)
(2.32649 0.835298 0)
(2.32507 0.82991 0)
(2.32595 0.827209 0)
(2.32919 0.828955 0)
(2.33512 0.829067 0)
(2.33605 0.830378 0)
(2.34167 0.827854 0)
(2.35667 0.817155 0)
(2.38765 0.795078 0)
(2.42332 0.765263 0)
(2.46644 0.709824 0)
(2.4533 0.567177 0)
(2.32069 0.252969 0)
(2.1852 -0.0871508 0)
(2.10758 -0.313909 0)
(2.09208 -0.389031 0)
(2.11965 -0.392852 0)
(2.15199 -0.395977 0)
(2.18618 -0.407059 0)
(2.22247 -0.419408 0)
(2.25955 -0.428037 0)
(2.29607 -0.434106 0)
(2.33041 -0.442803 0)
(2.36228 -0.455155 0)
(2.39304 -0.461307 0)
(2.42348 -0.459185 0)
(2.45174 -0.452953 0)
(2.47715 -0.445371 0)
(2.49849 -0.44182 0)
(2.51819 -0.443958 0)
(2.53676 -0.436904 0)
(2.55387 -0.421943 0)
(2.57216 -0.423347 0)
(2.60126 -0.420561 0)
(2.63615 -0.408588 0)
(2.66648 -0.405132 0)
(2.6862 -0.406658 0)
(2.69263 -0.396715 0)
(2.69613 -0.385772 0)
(2.69126 -0.33366 0)
(2.64885 -0.235329 0)
(2.54088 -0.0209647 0)
(2.38697 0.245254 0)
(2.33402 0.373516 0)
(2.29213 0.42415 0)
(2.30216 0.42047 0)
(2.32304 0.416328 0)
(2.34685 0.406035 0)
(2.37065 0.405015 0)
(2.38337 0.410894 0)
(2.38322 0.414729 0)
(2.39036 0.418231 0)
(2.40959 0.417686 0)
(2.43009 0.415826 0)
(2.44446 0.412493 0)
(2.4576 0.414666 0)
(2.44522 0.383388 0)
(2.41925 0.300035 0)
(2.35888 0.167855 0)
(2.25485 -0.00815166 0)
(2.21229 -0.0967488 0)
(2.19728 -0.169442 0)
(2.20177 -0.169098 0)
(2.22135 -0.153016 0)
(2.23828 -0.1446 0)
(2.25818 -0.140282 0)
(2.28254 -0.143168 0)
(2.30084 -0.143484 0)
(2.30417 -0.142727 0)
(2.29189 -0.141431 0)
(2.29555 -0.140269 0)
(2.31327 -0.137527 0)
(2.33212 -0.137766 0)
(2.35315 -0.140565 0)
(2.37266 -0.144038 0)
(2.3918 -0.145152 0)
(2.40895 -0.14218 0)
(2.41734 -0.137051 0)
(2.41112 -0.137046 0)
(2.40927 -0.143675 0)
(2.42302 -0.146516 0)
(2.43895 -0.145645 0)
(2.45522 -0.142389 0)
(2.469 -0.136825 0)
(2.47808 -0.132525 0)
(2.48283 -0.135543 0)
(2.48465 -0.141283 0)
(2.48748 -0.128205 0)
(2.48234 -0.111368 0)
(2.46201 -0.0713084 0)
(2.42238 -0.00237505 0)
(2.36469 0.0836088 0)
(2.3253 0.156898 0)
(2.32281 0.209442 0)
(2.33632 0.220686 0)
(2.34716 0.219012 0)
(2.39087 0.795273 0)
(2.33399 0.848009 0)
(2.33155 0.846009 0)
(2.33152 0.839082 0)
(2.33118 0.835993 0)
(2.33091 0.835544 0)
(2.33107 0.836276 0)
(2.34098 0.830567 0)
(2.36647 0.828821 0)
(2.35885 0.752765 0)
(2.30383 0.55445 0)
(2.15564 0.216295 0)
(2.04399 -0.0474371 0)
(2.02091 -0.198842 0)
(2.03023 -0.24263 0)
(2.06825 -0.272413 0)
(2.11138 -0.28969 0)
(2.14858 -0.310138 0)
(2.1822 -0.329444 0)
(2.2165 -0.339883 0)
(2.25331 -0.342433 0)
(2.29111 -0.344029 0)
(2.32784 -0.352694 0)
(2.36228 -0.367203 0)
(2.39517 -0.37785 0)
(2.42949 -0.37986 0)
(2.46289 -0.376571 0)
(2.49326 -0.368795 0)
(2.51964 -0.366757 0)
(2.54319 -0.37124 0)
(2.56559 -0.369127 0)
(2.58749 -0.360871 0)
(2.60622 -0.363389 0)
(2.6221 -0.357552 0)
(2.6391 -0.341462 0)
(2.65424 -0.336285 0)
(2.67446 -0.333162 0)
(2.69795 -0.331885 0)
(2.72229 -0.327286 0)
(2.72669 -0.318497 0)
(2.73366 -0.288391 0)
(2.72119 -0.233569 0)
(2.64905 -0.0835698 0)
(2.49581 0.192592 0)
(2.40018 0.372347 0)
(2.3377 0.456467 0)
(2.33216 0.462846 0)
(2.34616 0.456573 0)
(2.36492 0.453926 0)
(2.37498 0.459979 0)
(2.38356 0.461707 0)
(2.38812 0.464616 0)
(2.39971 0.452494 0)
(2.41439 0.448316 0)
(2.429 0.437437 0)
(2.42005 0.399383 0)
(2.35955 0.271676 0)
(2.29402 0.100642 0)
(2.2349 -0.0383251 0)
(2.19588 -0.0719755 0)
(2.19284 -0.0930252 0)
(2.19566 -0.109636 0)
(2.21046 -0.127841 0)
(2.23184 -0.121836 0)
(2.24732 -0.114785 0)
(2.26237 -0.113605 0)
(2.28049 -0.114948 0)
(2.29912 -0.115124 0)
(2.30983 -0.116619 0)
(2.30324 -0.117111 0)
(2.30283 -0.114452 0)
(2.32153 -0.113048 0)
(2.34045 -0.113066 0)
(2.35945 -0.113817 0)
(2.37833 -0.116374 0)
(2.39673 -0.119694 0)
(2.41418 -0.121405 0)
(2.42393 -0.1201 0)
(2.41975 -0.1176 0)
(2.41841 -0.114212 0)
(2.42642 -0.111948 0)
(2.44106 -0.109218 0)
(2.45875 -0.10584 0)
(2.47645 -0.105306 0)
(2.4919 -0.107534 0)
(2.50091 -0.112986 0)
(2.49904 -0.123195 0)
(2.49386 -0.119402 0)
(2.50342 -0.110048 0)
(2.50518 -0.10114 0)
(2.49404 -0.0679856 0)
(2.46467 -0.00732784 0)
(2.41294 0.0813349 0)
(2.38238 0.167408 0)
(2.36314 0.237711 0)
(2.36293 0.247336 0)
(2.55309 0.627891 0)
(2.38119 0.851411 0)
(2.35892 0.80507 0)
(2.35039 0.811887 0)
(2.34628 0.826123 0)
(2.33912 0.844172 0)
(2.33311 0.855259 0)
(2.32639 0.834487 0)
(2.30173 0.758283 0)
(2.16085 0.486909 0)
(1.97777 0.122047 0)
(1.90152 -0.0968887 0)
(1.92338 -0.178218 0)
(1.94574 -0.188614 0)
(1.98571 -0.191605 0)
(2.03464 -0.199912 0)
(2.08713 -0.215755 0)
(2.13633 -0.234454 0)
(2.1797 -0.251809 0)
(2.22063 -0.2645 0)
(2.26182 -0.269506 0)
(2.30194 -0.268806 0)
(2.33972 -0.27194 0)
(2.37644 -0.280131 0)
(2.41041 -0.287386 0)
(2.43984 -0.289714 0)
(2.46619 -0.287995 0)
(2.49261 -0.282598 0)
(2.51741 -0.282943 0)
(2.54007 -0.286239 0)
(2.56099 -0.279154 0)
(2.58335 -0.269535 0)
(2.61316 -0.274425 0)
(2.64449 -0.280379 0)
(2.67146 -0.277976 0)
(2.69271 -0.278101 0)
(2.70321 -0.272061 0)
(2.70576 -0.260935 0)
(2.71252 -0.252986 0)
(2.73146 -0.249115 0)
(2.76099 -0.236251 0)
(2.77791 -0.235457 0)
(2.76231 -0.192691 0)
(2.72059 -0.0944522 0)
(2.62235 0.109679 0)
(2.47364 0.355816 0)
(2.41828 0.451396 0)
(2.37218 0.498666 0)
(2.37544 0.500364 0)
(2.38804 0.5013 0)
(2.40893 0.504517 0)
(2.40037 0.508664 0)
(2.40362 0.484812 0)
(2.40026 0.457645 0)
(2.37559 0.389862 0)
(2.29024 0.22486 0)
(2.21176 0.0386242 0)
(2.18876 -0.0807744 0)
(2.17273 -0.128825 0)
(2.17167 -0.122847 0)
(2.17908 -0.108204 0)
(2.19698 -0.0947236 0)
(2.21931 -0.0919001 0)
(2.24525 -0.0917122 0)
(2.26671 -0.0873738 0)
(2.28322 -0.0914374 0)
(2.29757 -0.0959071 0)
(2.31152 -0.0980164 0)
(2.32094 -0.0977844 0)
(2.32026 -0.0948054 0)
(2.32144 -0.0932286 0)
(2.33791 -0.0911091 0)
(2.35746 -0.0888336 0)
(2.37612 -0.0883677 0)
(2.39486 -0.0901012 0)
(2.41258 -0.0951235 0)
(2.42822 -0.101517 0)
(2.43552 -0.104235 0)
(2.43278 -0.0986273 0)
(2.43551 -0.0930357 0)
(2.44535 -0.0918514 0)
(2.45883 -0.0882511 0)
(2.47541 -0.0818849 0)
(2.49122 -0.0787819 0)
(2.50526 -0.0812577 0)
(2.51343 -0.0888709 0)
(2.51108 -0.100314 0)
(2.50773 -0.10372 0)
(2.51369 -0.0947917 0)
(2.52372 -0.0921799 0)
(2.52874 -0.0818701 0)
(2.52866 -0.0538615 0)
(2.51593 -0.0113261 0)
(2.46208 0.0877212 0)
(2.44662 0.160452 0)
(2.40688 0.2298 0)
(2.8748 0.199536 0)
(2.62375 0.553734 0)
(2.49961 0.679906 0)
(2.38059 0.811176 0)
(2.34153 0.871947 0)
(2.32684 0.865289 0)
(2.30563 0.821787 0)
(2.22896 0.667368 0)
(2.07759 0.386633 0)
(1.90234 0.105069 0)
(1.86055 0.00367802 0)
(1.87134 -0.0331226 0)
(1.90921 -0.0724474 0)
(1.9543 -0.106956 0)
(1.99015 -0.140472 0)
(2.03059 -0.157093 0)
(2.08135 -0.162326 0)
(2.13563 -0.166194 0)
(2.18427 -0.173381 0)
(2.22581 -0.184023 0)
(2.26461 -0.191523 0)
(2.30368 -0.191142 0)
(2.34141 -0.190192 0)
(2.37619 -0.193943 0)
(2.41244 -0.198818 0)
(2.45229 -0.201717 0)
(2.49097 -0.205524 0)
(2.52376 -0.208129 0)
(2.54338 -0.209512 0)
(2.55072 -0.208242 0)
(2.56809 -0.20273 0)
(2.59535 -0.198725 0)
(2.62354 -0.196374 0)
(2.64311 -0.198394 0)
(2.66058 -0.194061 0)
(2.68679 -0.190681 0)
(2.71655 -0.192694 0)
(2.73706 -0.194174 0)
(2.75171 -0.192374 0)
(2.76077 -0.178067 0)
(2.75864 -0.177888 0)
(2.75403 -0.190285 0)
(2.7635 -0.178907 0)
(2.78732 -0.154545 0)
(2.78171 -0.0908609 0)
(2.72262 0.0500449 0)
(2.56678 0.318105 0)
(2.49337 0.464569 0)
(2.40602 0.549852 0)
(2.40207 0.556844 0)
(2.41123 0.560363 0)
(2.39123 0.513078 0)
(2.36517 0.440784 0)
(2.31058 0.311187 0)
(2.24768 0.166764 0)
(2.19603 0.0542565 0)
(2.16938 -0.0199648 0)
(2.17023 -0.0559586 0)
(2.1801 -0.0647279 0)
(2.19671 -0.072534 0)
(2.20651 -0.0767401 0)
(2.21605 -0.073468 0)
(2.23325 -0.0671263 0)
(2.25412 -0.0616446 0)
(2.27532 -0.0575594 0)
(2.29456 -0.0619407 0)
(2.30955 -0.0712609 0)
(2.32092 -0.0753148 0)
(2.33021 -0.0736741 0)
(2.33586 -0.0698681 0)
(2.33938 -0.0665474 0)
(2.34852 -0.0629764 0)
(2.36431 -0.0584304 0)
(2.38212 -0.0569415 0)
(2.40037 -0.0602233 0)
(2.41719 -0.0673595 0)
(2.43092 -0.0753703 0)
(2.44033 -0.0772622 0)
(2.44566 -0.070835 0)
(2.4452 -0.0616429 0)
(2.45074 -0.0595023 0)
(2.46893 -0.0592416 0)
(2.48529 -0.0564936 0)
(2.5023 -0.0547712 0)
(2.51598 -0.0575603 0)
(2.52217 -0.0665455 0)
(2.51763 -0.07713 0)
(2.51123 -0.07457 0)
(2.51727 -0.0653087 0)
(2.52911 -0.065892 0)
(2.53969 -0.0644395 0)
(2.55514 -0.0600301 0)
(2.55756 -0.0453192 0)
(2.54711 -0.0112063 0)
(2.52315 0.0553423 0)
(2.46528 0.174243 0)
(2.99124 0.017116 0)
(2.91755 0.141344 0)
(2.8242 0.35153 0)
(2.4809 0.762334 0)
(2.37314 0.905945 0)
(2.19551 0.681008 0)
(2.17265 0.48934 0)
(2.06574 0.242136 0)
(1.82852 0.0262535 0)
(1.78606 -0.0807665 0)
(1.81029 -0.066401 0)
(1.85187 -0.031592 0)
(1.89572 -0.027702 0)
(1.95796 -0.0520523 0)
(2.00934 -0.0929442 0)
(2.05458 -0.112668 0)
(2.10683 -0.11221 0)
(2.15963 -0.107941 0)
(2.20789 -0.108366 0)
(2.24902 -0.117156 0)
(2.2884 -0.124693 0)
(2.32774 -0.128326 0)
(2.36195 -0.12733 0)
(2.39296 -0.117945 0)
(2.42146 -0.11328 0)
(2.44982 -0.111924 0)
(2.47895 -0.117152 0)
(2.51009 -0.121072 0)
(2.54585 -0.125025 0)
(2.57434 -0.126796 0)
(2.59482 -0.119265 0)
(2.61839 -0.121149 0)
(2.63998 -0.124898 0)
(2.66089 -0.126723 0)
(2.68123 -0.121582 0)
(2.69844 -0.114173 0)
(2.71167 -0.115277 0)
(2.72601 -0.121553 0)
(2.7425 -0.119926 0)
(2.75636 -0.106356 0)
(2.76569 -0.103343 0)
(2.76826 -0.100095 0)
(2.7773 -0.10773 0)
(2.80392 -0.0966572 0)
(2.82785 -0.0839243 0)
(2.82522 -0.0464873 0)
(2.78925 0.0387565 0)
(2.64756 0.290571 0)
(2.56117 0.454724 0)
(2.47456 0.55095 0)
(2.42589 0.528481 0)
(2.34083 0.41969 0)
(2.205 0.205481 0)
(2.16074 0.0357709 0)
(2.16042 -0.0356739 0)
(2.1544 -0.0695495 0)
(2.15621 -0.0662984 0)
(2.16634 -0.0599635 0)
(2.19207 -0.0431988 0)
(2.21328 -0.0334578 0)
(2.2353 -0.0431894 0)
(2.24819 -0.0564413 0)
(2.261 -0.0532802 0)
(2.27534 -0.0375713 0)
(2.28654 -0.0279891 0)
(2.3036 -0.0353941 0)
(2.32086 -0.0475563 0)
(2.33447 -0.0511299 0)
(2.34474 -0.0482143 0)
(2.35334 -0.0484439 0)
(2.35868 -0.0499833 0)
(2.36567 -0.0459807 0)
(2.37937 -0.0369998 0)
(2.39337 -0.0311398 0)
(2.41019 -0.0349334 0)
(2.42566 -0.0426474 0)
(2.43869 -0.0473452 0)
(2.44856 -0.0462517 0)
(2.45793 -0.0455489 0)
(2.46535 -0.0446809 0)
(2.47033 -0.0386063 0)
(2.477 -0.0339259 0)
(2.48687 -0.0317143 0)
(2.49736 -0.029739 0)
(2.50582 -0.0351856 0)
(2.51073 -0.0423222 0)
(2.51405 -0.0490091 0)
(2.51987 -0.0478869 0)
(2.52777 -0.0400964 0)
(2.54152 -0.0421556 0)
(2.55385 -0.0434932 0)
(2.56026 -0.0420054 0)
(2.57224 -0.040361 0)
(2.58422 -0.0334843 0)
(2.57917 -0.00750267 0)
(2.54136 0.0740259 0)
(2.99985 0.000260785 0)
(2.99669 0.00892233 0)
(2.99207 -0.00437371 0)
(2.694 0.372367 0)
(2.40447 0.614749 0)
(2.12354 0.188633 0)
(2.07976 0.0821853 0)
(1.97565 0.125968 0)
(1.82293 0.0867075 0)
(1.82166 -0.00702595 0)
(1.84479 -0.0409798 0)
(1.8789 -0.0248217 0)
(1.90348 0.00170424 0)
(1.9461 0.000181027 0)
(2.00829 -0.0183227 0)
(2.07153 -0.0353448 0)
(2.12756 -0.0366605 0)
(2.16766 -0.0350951 0)
(2.20252 -0.0332465 0)
(2.24072 -0.0368016 0)
(2.27506 -0.0406548 0)
(2.30515 -0.040598 0)
(2.3518 -0.0373569 0)
(2.39989 -0.0358689 0)
(2.4444 -0.0360903 0)
(2.47793 -0.0368127 0)
(2.50694 -0.0432623 0)
(2.52909 -0.0438909 0)
(2.54308 -0.0360677 0)
(2.56183 -0.037298 0)
(2.57789 -0.0370729 0)
(2.5915 -0.0361053 0)
(2.63157 -0.0376489 0)
(2.66589 -0.0411577 0)
(2.69858 -0.0418379 0)
(2.72443 -0.0423465 0)
(2.74174 -0.0469943 0)
(2.74951 -0.0530898 0)
(2.75323 -0.0425596 0)
(2.75606 -0.0286541 0)
(2.76321 -0.0315513 0)
(2.78803 -0.0357516 0)
(2.80765 -0.0435381 0)
(2.8305 -0.0367746 0)
(2.85647 -0.024422 0)
(2.87519 -0.01825 0)
(2.84545 -0.00329978 0)
(2.80616 0.036391 0)
(2.68649 0.182102 0)
(2.50375 0.211958 0)
(2.38665 0.21634 0)
(2.29566 0.224501 0)
(2.19085 0.120886 0)
(2.15921 0.0205657 0)
(2.16277 0.00565135 0)
(2.16961 0.000233544 0)
(2.19008 -0.0170926 0)
(2.19335 -0.0318709 0)
(2.20077 -0.0236412 0)
(2.21196 -0.00798203 0)
(2.22821 -0.00791447 0)
(2.25113 -0.0184956 0)
(2.27276 -0.0199232 0)
(2.2872 -0.00751485 0)
(2.29264 0.000277817 0)
(2.30062 -0.00713093 0)
(2.31096 -0.0207319 0)
(2.32324 -0.0239764 0)
(2.3385 -0.0186244 0)
(2.35271 -0.0163859 0)
(2.36532 -0.0186828 0)
(2.37612 -0.0169952 0)
(2.38382 -0.0112904 0)
(2.39064 -0.00679691 0)
(2.4012 -0.00703729 0)
(2.41509 -0.0146072 0)
(2.42651 -0.0200947 0)
(2.43889 -0.0193039 0)
(2.45126 -0.0149773 0)
(2.4634 -0.010896 0)
(2.47585 -0.0123139 0)
(2.48492 -0.0135248 0)
(2.48869 -0.0104129 0)
(2.49333 -0.00543126 0)
(2.50272 -0.00649949 0)
(2.51238 -0.0119807 0)
(2.51929 -0.0143811 0)
(2.52659 -0.0144279 0)
(2.52644 -0.017004 0)
(2.52831 -0.0173981 0)
(2.54574 -0.0150922 0)
(2.56344 -0.0165798 0)
(2.58198 -0.0167808 0)
(2.59887 -0.0153751 0)
(2.60024 -0.00634585 0)
(2.57987 0.0103559 0)
(2.99989 -0.000182599 0)
(2.99824 -0.00312019 0)
(2.92359 -0.136941 0)
(2.72442 -0.241678 0)
(2.47322 -0.236686 0)
(2.31422 -0.432257 0)
(1.96706 -0.29223 0)
(1.89148 -0.0568248 0)
(1.84675 0.0235176 0)
(1.84876 0.00819751 0)
(1.86903 -0.00650264 0)
(1.8888 0.00553519 0)
(1.9085 0.0283351 0)
(1.94587 0.0417439 0)
(1.99736 0.0398996 0)
(2.05055 0.0273441 0)
(2.09978 0.0269555 0)
(2.15369 0.0334645 0)
(2.2081 0.0321661 0)
(2.25867 0.0287854 0)
(2.3041 0.0286597 0)
(2.34058 0.038607 0)
(2.36142 0.0438934 0)
(2.38661 0.0356694 0)
(2.41865 0.0327106 0)
(2.44645 0.0372889 0)
(2.47006 0.0428872 0)
(2.51027 0.0452964 0)
(2.55135 0.0409266 0)
(2.5881 0.0318184 0)
(2.61044 0.0337436 0)
(2.62801 0.0474608 0)
(2.63599 0.0491154 0)
(2.653 0.0383444 0)
(2.67469 0.0333936 0)
(2.69007 0.0255186 0)
(2.69978 0.0319003 0)
(2.72938 0.038091 0)
(2.75681 0.0375487 0)
(2.78211 0.0349749 0)
(2.79904 0.039571 0)
(2.79603 0.0379559 0)
(2.79426 0.0195375 0)
(2.80897 0.0216194 0)
(2.8288 0.0392173 0)
(2.85107 0.0389239 0)
(2.84501 0.0177032 0)
(2.8158 -0.0284088 0)
(2.71064 -0.110522 0)
(2.52672 -0.330563 0)
(2.35059 -0.283614 0)
(2.26586 -0.134282 0)
(2.22915 -0.104086 0)
(2.16743 -0.0702061 0)
(2.15897 -0.0193249 0)
(2.15786 0.0342534 0)
(2.17592 0.0395689 0)
(2.18884 0.0116868 0)
(2.20151 0.00342837 0)
(2.22013 0.0085003 0)
(2.23833 0.0149423 0)
(2.26147 0.0124395 0)
(2.28375 0.0121963 0)
(2.29484 0.0166702 0)
(2.29607 0.0183721 0)
(2.2955 0.0122711 0)
(2.3072 0.00708587 0)
(2.32799 0.00866748 0)
(2.34579 0.0124931 0)
(2.36129 0.0148902 0)
(2.37475 0.0126611 0)
(2.38737 0.00861293 0)
(2.39587 0.00915471 0)
(2.39604 0.0158819 0)
(2.39856 0.0192686 0)
(2.41187 0.0165305 0)
(2.42903 0.0153118 0)
(2.4424 0.0137643 0)
(2.45619 0.0130704 0)
(2.47178 0.0135195 0)
(2.48593 0.01148 0)
(2.48921 0.0105178 0)
(2.48909 0.0132515 0)
(2.49268 0.0194751 0)
(2.4983 0.0216695 0)
(2.50551 0.0182034 0)
(2.51339 0.0147167 0)
(2.51824 0.0125437 0)
(2.52071 0.00866084 0)
(2.52934 0.0111465 0)
(2.54225 0.0130533 0)
(2.55777 0.00884952 0)
(2.57071 0.00705318 0)
(2.58701 0.00886804 0)
(2.5928 0.00699155 0)
(2.57774 -0.0131653 0)
(2.9938 -0.0149998 0)
(2.94425 -0.107943 0)
(2.63969 -0.528388 0)
(2.51985 -0.686058 0)
(2.4185 -0.787082 0)
(2.36625 -0.787195 0)
(2.08428 -0.51722 0)
(1.90227 -0.190309 0)
(1.85431 0.0275906 0)
(1.83857 0.0617335 0)
(1.84498 0.0384159 0)
(1.86006 0.0280055 0)
(1.89685 0.0376809 0)
(1.94907 0.0696072 0)
(1.99748 0.0908014 0)
(2.04834 0.0929725 0)
(2.10057 0.0967519 0)
(2.15331 0.103528 0)
(2.20293 0.102559 0)
(2.24757 0.100722 0)
(2.28729 0.111188 0)
(2.32615 0.129565 0)
(2.3691 0.133035 0)
(2.40538 0.126889 0)
(2.43382 0.122171 0)
(2.46342 0.12304 0)
(2.49535 0.130421 0)
(2.52368 0.135019 0)
(2.54711 0.124343 0)
(2.563 0.110291 0)
(2.57868 0.110335 0)
(2.59992 0.122634 0)
(2.62544 0.126858 0)
(2.64691 0.117701 0)
(2.66638 0.113486 0)
(2.69306 0.112843 0)
(2.71929 0.119581 0)
(2.73644 0.122055 0)
(2.74367 0.11419 0)
(2.75107 0.105368 0)
(2.76267 0.111566 0)
(2.77906 0.115001 0)
(2.79877 0.102153 0)
(2.80807 0.104668 0)
(2.82643 0.0991028 0)
(2.82016 0.0668006 0)
(2.77553 -0.0411267 0)
(2.66701 -0.254191 0)
(2.58789 -0.418782 0)
(2.48581 -0.59374 0)
(2.3871 -0.539862 0)
(2.30023 -0.383151 0)
(2.25377 -0.213742 0)
(2.19796 -0.07079 0)
(2.13135 0.052354 0)
(2.13267 0.0979075 0)
(2.13799 0.0819054 0)
(2.16592 0.0442543 0)
(2.18756 0.0299993 0)
(2.21859 0.040007 0)
(2.24443 0.0571408 0)
(2.26122 0.0528428 0)
(2.27114 0.0456718 0)
(2.27886 0.0395508 0)
(2.28716 0.0340884 0)
(2.29986 0.0322081 0)
(2.31391 0.0348162 0)
(2.32404 0.0387293 0)
(2.33574 0.0441058 0)
(2.34961 0.0471679 0)
(2.36371 0.0456077 0)
(2.37686 0.0408102 0)
(2.38855 0.0369404 0)
(2.40063 0.036687 0)
(2.41046 0.039775 0)
(2.41728 0.0427315 0)
(2.42042 0.0414374 0)
(2.43016 0.0402831 0)
(2.44554 0.0419525 0)
(2.46159 0.0433298 0)
(2.47604 0.0413344 0)
(2.48754 0.038082 0)
(2.49557 0.0394583 0)
(2.49987 0.0440224 0)
(2.50436 0.0445553 0)
(2.51004 0.044532 0)
(2.51361 0.0419044 0)
(2.51707 0.0387819 0)
(2.52662 0.0346609 0)
(2.53972 0.0356907 0)
(2.55354 0.0372053 0)
(2.56307 0.0407524 0)
(2.57184 0.0345296 0)
(2.57679 0.0286245 0)
(2.57209 0.0043138 0)
(2.5343 -0.0820747 0)
(2.90202 -0.173046 0)
(2.67378 -0.507434 0)
(2.41292 -0.804659 0)
(2.34392 -0.827447 0)
(2.3486 -0.842774 0)
(2.34562 -0.839494 0)
(2.31354 -0.80283 0)
(2.2242 -0.663418 0)
(2.06899 -0.367774 0)
(1.91881 -0.107737 0)
(1.87188 -0.0103074 0)
(1.87244 0.0228207 0)
(1.90824 0.0853656 0)
(1.94668 0.116816 0)
(1.98178 0.11993 0)
(2.02398 0.132677 0)
(2.0732 0.149443 0)
(2.12969 0.163887 0)
(2.18638 0.174305 0)
(2.23685 0.183908 0)
(2.2808 0.195556 0)
(2.31805 0.206504 0)
(2.34931 0.210168 0)
(2.37667 0.208341 0)
(2.40545 0.206205 0)
(2.4385 0.206772 0)
(2.47327 0.204801 0)
(2.50526 0.200529 0)
(2.53016 0.19675 0)
(2.55612 0.194427 0)
(2.58804 0.200185 0)
(2.61979 0.205604 0)
(2.64918 0.20464 0)
(2.67344 0.196002 0)
(2.68363 0.193705 0)
(2.68691 0.198511 0)
(2.69705 0.207162 0)
(2.70977 0.204747 0)
(2.71175 0.19615 0)
(2.72615 0.178489 0)
(2.76272 0.173258 0)
(2.79428 0.171537 0)
(2.8268 0.158024 0)
(2.82137 0.130652 0)
(2.79268 0.0812024 0)
(2.71229 -0.0520611 0)
(2.55685 -0.322365 0)
(2.4663 -0.485373 0)
(2.41607 -0.540118 0)
(2.41104 -0.558829 0)
(2.41178 -0.554444 0)
(2.39878 -0.517552 0)
(2.37842 -0.445379 0)
(2.31533 -0.30787 0)
(2.23786 -0.155505 0)
(2.18669 -0.0154351 0)
(2.15452 0.0198127 0)
(2.16551 0.0369767 0)
(2.17815 0.0536738 0)
(2.20115 0.0834558 0)
(2.2225 0.0886705 0)
(2.23472 0.0711418 0)
(2.23975 0.0570512 0)
(2.25155 0.0523956 0)
(2.26847 0.0543347 0)
(2.28399 0.0555116 0)
(2.2981 0.0578418 0)
(2.31411 0.0637918 0)
(2.32875 0.071153 0)
(2.34154 0.0771323 0)
(2.35353 0.0765708 0)
(2.36385 0.0677174 0)
(2.37287 0.058334 0)
(2.38418 0.0579225 0)
(2.39617 0.063479 0)
(2.40753 0.0682888 0)
(2.41811 0.0697677 0)
(2.42704 0.0706881 0)
(2.43719 0.0696034 0)
(2.44976 0.0666188 0)
(2.46282 0.0625994 0)
(2.4751 0.0606947 0)
(2.48476 0.0647781 0)
(2.49038 0.0720784 0)
(2.49271 0.0737855 0)
(2.49386 0.0664348 0)
(2.49688 0.0588276 0)
(2.50583 0.0599371 0)
(2.5187 0.0608065 0)
(2.53467 0.0620419 0)
(2.55069 0.0607291 0)
(2.56228 0.0558256 0)
(2.5579 0.0441796 0)
(2.54419 0.0154961 0)
(2.51332 -0.0418955 0)
(2.44576 -0.162488 0)
(2.59253 -0.577493 0)
(2.44222 -0.779908 0)
(2.36104 -0.847971 0)
(2.32475 -0.840658 0)
(2.31853 -0.837124 0)
(2.32018 -0.832958 0)
(2.33046 -0.834124 0)
(2.332 -0.825354 0)
(2.31016 -0.760189 0)
(2.17097 -0.507219 0)
(1.98213 -0.139558 0)
(1.90799 0.0910047 0)
(1.90605 0.176779 0)
(1.94181 0.178109 0)
(1.98897 0.176124 0)
(2.03474 0.191026 0)
(2.08499 0.220625 0)
(2.13643 0.24768 0)
(2.18641 0.264018 0)
(2.2329 0.271164 0)
(2.2724 0.276139 0)
(2.30447 0.283142 0)
(2.33265 0.287162 0)
(2.36328 0.286775 0)
(2.39807 0.2862 0)
(2.43328 0.286479 0)
(2.46592 0.282094 0)
(2.49525 0.279925 0)
(2.52161 0.279869 0)
(2.54321 0.271166 0)
(2.56223 0.265948 0)
(2.58829 0.271045 0)
(2.61549 0.277682 0)
(2.63885 0.281206 0)
(2.66303 0.282865 0)
(2.67816 0.277303 0)
(2.6749 0.275496 0)
(2.68702 0.269371 0)
(2.7208 0.256167 0)
(2.75035 0.250146 0)
(2.76862 0.243331 0)
(2.78235 0.224896 0)
(2.77654 0.204979 0)
(2.7258 0.103593 0)
(2.62276 -0.104513 0)
(2.45676 -0.358759 0)
(2.41606 -0.463636 0)
(2.36988 -0.510298 0)
(2.37438 -0.504766 0)
(2.39285 -0.495358 0)
(2.4093 -0.49851 0)
(2.41338 -0.503438 0)
(2.41894 -0.499786 0)
(2.40204 -0.454576 0)
(2.36488 -0.361072 0)
(2.3023 -0.212859 0)
(2.20095 -0.016882 0)
(2.16097 0.0643251 0)
(2.16606 0.115378 0)
(2.17845 0.120369 0)
(2.19839 0.115342 0)
(2.21711 0.101254 0)
(2.22973 0.0905892 0)
(2.24598 0.0914394 0)
(2.26272 0.0964367 0)
(2.27807 0.0934262 0)
(2.28942 0.0874181 0)
(2.29986 0.086488 0)
(2.31272 0.0909541 0)
(2.32597 0.0961551 0)
(2.33803 0.0948784 0)
(2.34694 0.0892066 0)
(2.35812 0.0878468 0)
(2.37417 0.0911171 0)
(2.39102 0.093902 0)
(2.40688 0.0962415 0)
(2.41706 0.0986932 0)
(2.41973 0.0968458 0)
(2.42542 0.0913749 0)
(2.43812 0.0887422 0)
(2.45392 0.0884255 0)
(2.46913 0.0904573 0)
(2.48206 0.0956924 0)
(2.48934 0.102913 0)
(2.48491 0.105005 0)
(2.47731 0.0987793 0)
(2.49372 0.0918592 0)
(2.5084 0.0894346 0)
(2.52447 0.0865877 0)
(2.5415 0.0812789 0)
(2.54718 0.0736574 0)
(2.54443 0.0567046 0)
(2.51985 0.0097782 0)
(2.48169 -0.0574752 0)
(2.42414 -0.133443 0)
(2.36356 -0.216213 0)
(2.395 -0.768242 0)
(2.35513 -0.833189 0)
(2.33999 -0.850907 0)
(2.32552 -0.8573 0)
(2.31777 -0.852058 0)
(2.31391 -0.84072 0)
(2.32476 -0.830816 0)
(2.33839 -0.819365 0)
(2.3681 -0.820125 0)
(2.36438 -0.755751 0)
(2.30888 -0.565475 0)
(2.14531 -0.209551 0)
(2.04158 0.0452693 0)
(2.02441 0.170294 0)
(2.03609 0.23011 0)
(2.06563 0.275355 0)
(2.1027 0.306594 0)
(2.14154 0.324536 0)
(2.18323 0.332427 0)
(2.22559 0.338671 0)
(2.26421 0.348447 0)
(2.29716 0.360419 0)
(2.32814 0.365687 0)
(2.36017 0.364456 0)
(2.39244 0.363207 0)
(2.4234 0.364312 0)
(2.45239 0.360655 0)
(2.47837 0.359819 0)
(2.50315 0.364022 0)
(2.53478 0.359465 0)
(2.57032 0.357567 0)
(2.60175 0.364925 0)
(2.6273 0.373946 0)
(2.64183 0.366102 0)
(2.64022 0.344266 0)
(2.64671 0.334829 0)
(2.67083 0.339658 0)
(2.69318 0.338543 0)
(2.71042 0.316433 0)
(2.71186 0.310339 0)
(2.73708 0.286682 0)
(2.72738 0.225027 0)
(2.65211 0.0851839 0)
(2.48784 -0.185188 0)
(2.4174 -0.344415 0)
(2.33568 -0.462169 0)
(2.31807 -0.483864 0)
(2.33194 -0.477228 0)
(2.35693 -0.465538 0)
(2.37771 -0.447581 0)
(2.39562 -0.446684 0)
(2.41045 -0.459119 0)
(2.42384 -0.461247 0)
(2.42407 -0.455006 0)
(2.42609 -0.431151 0)
(2.41204 -0.376715 0)
(2.3654 -0.271463 0)
(2.27405 -0.110718 0)
(2.21836 -0.00297306 0)
(2.2046 0.0616695 0)
(2.21107 0.106923 0)
(2.20911 0.121076 0)
(2.21728 0.123921 0)
(2.22652 0.124636 0)
(2.23601 0.123004 0)
(2.25345 0.114863 0)
(2.26928 0.110746 0)
(2.28496 0.109807 0)
(2.30064 0.111413 0)
(2.31517 0.113354 0)
(2.32673 0.113552 0)
(2.3354 0.113154 0)
(2.34433 0.113162 0)
(2.3564 0.114651 0)
(2.37275 0.11727 0)
(2.38921 0.120939 0)
(2.40083 0.123883 0)
(2.40817 0.121361 0)
(2.41537 0.115258 0)
(2.42689 0.112067 0)
(2.44188 0.11278 0)
(2.45782 0.116506 0)
(2.47187 0.122799 0)
(2.48001 0.129519 0)
(2.47436 0.1304 0)
(2.46783 0.121215 0)
(2.48081 0.112252 0)
(2.49739 0.1116 0)
(2.50701 0.108424 0)
(2.51587 0.0973285 0)
(2.51259 0.0656938 0)
(2.4866 -0.00982528 0)
(2.45155 -0.0918115 0)
(2.40319 -0.163827 0)
(2.34768 -0.188037 0)
(2.32766 -0.209817 0)
(2.33039 -0.827899 0)
(2.33053 -0.823914 0)
(2.33203 -0.825724 0)
(2.33215 -0.837139 0)
(2.32962 -0.839301 0)
(2.33152 -0.836365 0)
(2.33834 -0.828423 0)
(2.35501 -0.816164 0)
(2.38977 -0.793077 0)
(2.42475 -0.767154 0)
(2.46706 -0.709537 0)
(2.45226 -0.567081 0)
(2.327 -0.258031 0)
(2.18037 0.0883949 0)
(2.09974 0.314953 0)
(2.08509 0.399868 0)
(2.11464 0.412 0)
(2.15783 0.409749 0)
(2.19795 0.406065 0)
(2.23384 0.411243 0)
(2.26587 0.424762 0)
(2.29488 0.437824 0)
(2.32401 0.439821 0)
(2.35319 0.435132 0)
(2.38128 0.434075 0)
(2.4088 0.440944 0)
(2.43821 0.444649 0)
(2.46979 0.450317 0)
(2.50082 0.456335 0)
(2.53105 0.448485 0)
(2.55474 0.434656 0)
(2.5749 0.431077 0)
(2.59427 0.435157 0)
(2.61284 0.431109 0)
(2.63253 0.416471 0)
(2.64982 0.402803 0)
(2.66214 0.402398 0)
(2.66286 0.393036 0)
(2.68678 0.370195 0)
(2.68899 0.33471 0)
(2.65252 0.231628 0)
(2.55376 0.0163676 0)
(2.39168 -0.244079 0)
(2.32577 -0.355988 0)
(2.29646 -0.408213 0)
(2.30143 -0.411113 0)
(2.31398 -0.417949 0)
(2.33825 -0.418211 0)
(2.36592 -0.412234 0)
(2.38415 -0.402273 0)
(2.39415 -0.400168 0)
(2.4019 -0.411398 0)
(2.41359 -0.418059 0)
(2.42879 -0.416611 0)
(2.43813 -0.411228 0)
(2.44237 -0.407462 0)
(2.43371 -0.366708 0)
(2.41089 -0.305606 0)
(2.34177 -0.179159 0)
(2.25599 -0.0150716 0)
(2.22985 0.111281 0)
(2.21178 0.164889 0)
(2.21406 0.161195 0)
(2.22057 0.157554 0)
(2.23077 0.151761 0)
(2.24713 0.145708 0)
(2.26656 0.143704 0)
(2.28415 0.139973 0)
(2.29688 0.134768 0)
(2.30856 0.132247 0)
(2.32127 0.133445 0)
(2.33321 0.136985 0)
(2.34431 0.141467 0)
(2.35615 0.146635 0)
(2.36802 0.149544 0)
(2.3783 0.149051 0)
(2.38681 0.146563 0)
(2.3945 0.142756 0)
(2.40393 0.13922 0)
(2.41702 0.137723 0)
(2.4327 0.138953 0)
(2.45007 0.141544 0)
(2.46644 0.145766 0)
(2.47395 0.151004 0)
(2.46056 0.146762 0)
(2.46441 0.138336 0)
(2.47137 0.136168 0)
(2.4788 0.127496 0)
(2.48271 0.106406 0)
(2.46778 0.0642078 0)
(2.42626 -0.0405304 0)
(2.41821 -0.120202 0)
(2.37178 -0.179523 0)
(2.35203 -0.190891 0)
(2.32223 -0.195797 0)
(2.31416 -0.200488 0)
(2.32545 -0.844889 0)
(2.32706 -0.841839 0)
(2.32575 -0.840512 0)
(2.32414 -0.840416 0)
(2.32984 -0.839882 0)
(2.3382 -0.834524 0)
(2.35787 -0.818648 0)
(2.38403 -0.799167 0)
(2.43344 -0.754341 0)
(2.4703 -0.722189 0)
(2.53854 -0.640513 0)
(2.58457 -0.613034 0)
(2.56998 -0.505259 0)
(2.51586 -0.287846 0)
(2.31879 0.105431 0)
(2.22398 0.346799 0)
(2.16248 0.481645 0)
(2.18182 0.490575 0)
(2.21818 0.495118 0)
(2.25067 0.500153 0)
(2.2778 0.514479 0)
(2.3033 0.529115 0)
(2.33266 0.531704 0)
(2.36459 0.528728 0)
(2.39552 0.530568 0)
(2.42231 0.540309 0)
(2.44622 0.542328 0)
(2.46677 0.540181 0)
(2.48642 0.535027 0)
(2.51203 0.519977 0)
(2.54165 0.502925 0)
(2.57161 0.506222 0)
(2.59664 0.510654 0)
(2.6097 0.508721 0)
(2.61387 0.478738 0)
(2.61739 0.448875 0)
(2.62465 0.453053 0)
(2.65527 0.425606 0)
(2.64073 0.358625 0)
(2.5725 0.194301 0)
(2.41359 -0.0987306 0)
(2.33497 -0.253733 0)
(2.27205 -0.345685 0)
(2.25257 -0.375796 0)
(2.26234 -0.381063 0)
(2.28607 -0.377406 0)
(2.30661 -0.374456 0)
(2.3242 -0.37676 0)
(2.34494 -0.370177 0)
(2.36473 -0.361127 0)
(2.38296 -0.35821 0)
(2.3983 -0.367461 0)
(2.41086 -0.37408 0)
(2.42754 -0.379108 0)
(2.44442 -0.375764 0)
(2.45221 -0.371541 0)
(2.44489 -0.364544 0)
(2.45771 -0.344951 0)
(2.45169 -0.314871 0)
(2.4116 -0.226048 0)
(2.32551 -0.0445832 0)
(2.30456 0.0594567 0)
(2.26496 0.129475 0)
(2.24741 0.154384 0)
(2.2328 0.171344 0)
(2.23573 0.178463 0)
(2.25688 0.171685 0)
(2.27767 0.167318 0)
(2.29254 0.161944 0)
(2.30572 0.155783 0)
(2.32053 0.155044 0)
(2.33622 0.160164 0)
(2.34968 0.16715 0)
(2.35986 0.173717 0)
(2.36545 0.176566 0)
(2.36852 0.172758 0)
(2.37463 0.16729 0)
(2.3859 0.164922 0)
(2.40023 0.165085 0)
(2.41525 0.165023 0)
(2.43096 0.164926 0)
(2.44748 0.164589 0)
(2.46227 0.166528 0)
(2.46492 0.167756 0)
(2.45427 0.163729 0)
(2.45501 0.15508 0)
(2.45632 0.149087 0)
(2.44779 0.120712 0)
(2.41621 0.0534394 0)
(2.37214 -0.0432476 0)
(2.36784 -0.127595 0)
(2.3412 -0.190663 0)
(2.32687 -0.203464 0)
(2.31729 -0.203312 0)
(2.31515 -0.194806 0)
(2.31962 -0.182271 0)
(2.32869 -0.840154 0)
(2.33108 -0.840509 0)
(2.33131 -0.839274 0)
(2.33452 -0.837414 0)
(2.3385 -0.834876 0)
(2.35642 -0.823593 0)
(2.38694 -0.802773 0)
(2.43191 -0.764097 0)
(2.49179 -0.699508 0)
(2.54178 -0.633626 0)
(2.56464 -0.61575 0)
(2.62716 -0.538504 0)
(2.65754 -0.49843 0)
(2.69042 -0.382781 0)
(2.65524 -0.224692 0)
(2.46633 0.140556 0)
(2.33266 0.405558 0)
(2.23133 0.581338 0)
(2.22511 0.613695 0)
(2.25271 0.614771 0)
(2.28135 0.614257 0)
(2.3066 0.61769 0)
(2.33403 0.61495 0)
(2.36241 0.60904 0)
(2.39068 0.611289 0)
(2.41365 0.620478 0)
(2.4342 0.618143 0)
(2.45623 0.612158 0)
(2.48583 0.609729 0)
(2.52229 0.597003 0)
(2.54995 0.57451 0)
(2.56506 0.571738 0)
(2.57549 0.565029 0)
(2.57748 0.55665 0)
(2.5893 0.524402 0)
(2.60761 0.502529 0)
(2.60724 0.449888 0)
(2.57985 0.352437 0)
(2.43439 0.0789882 0)
(2.32579 -0.145343 0)
(2.25556 -0.268063 0)
(2.24295 -0.307628 0)
(2.23782 -0.310916 0)
(2.25071 -0.326064 0)
(2.26917 -0.333346 0)
(2.2935 -0.328501 0)
(2.31564 -0.327261 0)
(2.33415 -0.332329 0)
(2.35159 -0.331905 0)
(2.37 -0.327461 0)
(2.38862 -0.32405 0)
(2.40581 -0.327184 0)
(2.42153 -0.330621 0)
(2.43806 -0.331798 0)
(2.45311 -0.331122 0)
(2.46006 -0.330301 0)
(2.45991 -0.333196 0)
(2.46197 -0.324233 0)
(2.48602 -0.320097 0)
(2.4922 -0.303071 0)
(2.47611 -0.246373 0)
(2.41515 -0.100706 0)
(2.3616 0.0444146 0)
(2.28879 0.160296 0)
(2.24805 0.213903 0)
(2.23642 0.218127 0)
(2.25382 0.208156 0)
(2.27068 0.202419 0)
(2.28922 0.194401 0)
(2.30772 0.184253 0)
(2.32589 0.182301 0)
(2.34361 0.187634 0)
(2.35702 0.192952 0)
(2.36416 0.195434 0)
(2.36526 0.197357 0)
(2.36607 0.197284 0)
(2.37528 0.193998 0)
(2.38938 0.192576 0)
(2.4037 0.193333 0)
(2.41757 0.192447 0)
(2.43295 0.189556 0)
(2.44805 0.187209 0)
(2.46014 0.188659 0)
(2.46196 0.188289 0)
(2.45219 0.175308 0)
(2.44313 0.159568 0)
(2.42105 0.12959 0)
(2.37181 0.0486843 0)
(2.31857 -0.0409699 0)
(2.31616 -0.107724 0)
(2.31618 -0.169746 0)
(2.31454 -0.182536 0)
(2.31708 -0.182787 0)
(2.32376 -0.180046 0)
(2.33183 -0.175392 0)
(2.34057 -0.165634 0)
(2.33893 -0.837766 0)
(2.33845 -0.838382 0)
(2.34019 -0.838577 0)
(2.34389 -0.837668 0)
(2.35818 -0.827793 0)
(2.3832 -0.809112 0)
(2.42848 -0.771944 0)
(2.49731 -0.693003 0)
(2.54096 -0.646058 0)
(2.56 -0.62042 0)
(2.64475 -0.530512 0)
(2.7103 -0.42118 0)
(2.74314 -0.367604 0)
(2.76054 -0.378999 0)
(2.79003 -0.303537 0)
(2.75896 -0.187788 0)
(2.63823 0.12278 0)
(2.44543 0.466406 0)
(2.29771 0.647121 0)
(2.26748 0.715722 0)
(2.28417 0.721661 0)
(2.31417 0.716417 0)
(2.34405 0.707023 0)
(2.374 0.693584 0)
(2.39997 0.690982 0)
(2.42076 0.701737 0)
(2.44089 0.70048 0)
(2.46528 0.683368 0)
(2.48512 0.670049 0)
(2.50866 0.643941 0)
(2.52595 0.616016 0)
(2.53395 0.614112 0)
(2.55067 0.608786 0)
(2.56106 0.597763 0)
(2.57804 0.551608 0)
(2.56225 0.471402 0)
(2.4949 0.307069 0)
(2.3075 -0.0105198 0)
(2.22606 -0.182345 0)
(2.19769 -0.278367 0)
(2.20164 -0.280859 0)
(2.21887 -0.286641 0)
(2.23169 -0.287713 0)
(2.24269 -0.289822 0)
(2.26442 -0.289878 0)
(2.29019 -0.285047 0)
(2.31369 -0.284302 0)
(2.33398 -0.29176 0)
(2.35201 -0.296208 0)
(2.37273 -0.293252 0)
(2.3934 -0.286886 0)
(2.41098 -0.282305 0)
(2.42481 -0.283996 0)
(2.43815 -0.288233 0)
(2.45047 -0.293803 0)
(2.46034 -0.296853 0)
(2.46843 -0.296247 0)
(2.48028 -0.297509 0)
(2.4949 -0.293055 0)
(2.51167 -0.288511 0)
(2.52621 -0.27411 0)
(2.52609 -0.238828 0)
(2.48304 -0.139288 0)
(2.41471 -0.000174442 0)
(2.34532 0.116076 0)
(2.28706 0.182544 0)
(2.26729 0.213386 0)
(2.28175 0.224591 0)
(2.29618 0.227383 0)
(2.31661 0.222671 0)
(2.33744 0.217037 0)
(2.35642 0.216946 0)
(2.36926 0.218385 0)
(2.37296 0.217772 0)
(2.3708 0.219437 0)
(2.37011 0.220982 0)
(2.37863 0.22043 0)
(2.39423 0.222083 0)
(2.41138 0.224438 0)
(2.42943 0.224193 0)
(2.44376 0.217033 0)
(2.45329 0.211606 0)
(2.45852 0.211354 0)
(2.45277 0.190498 0)
(2.43573 0.149034 0)
(2.40738 0.105304 0)
(2.34012 0.0171081 0)
(2.28488 -0.045623 0)
(2.27223 -0.0803679 0)
(2.2885 -0.136786 0)
(2.29318 -0.170486 0)
(2.30464 -0.172011 0)
(2.31921 -0.164068 0)
(2.33483 -0.156722 0)
(2.34865 -0.153265 0)
(2.36186 -0.148124 0)
(2.34163 -0.84127 0)
(2.34398 -0.845307 0)
(2.34885 -0.844908 0)
(2.36077 -0.836982 0)
(2.38397 -0.817023 0)
(2.43783 -0.769203 0)
(2.50462 -0.693853 0)
(2.53973 -0.662955 0)
(2.58702 -0.599605 0)
(2.68765 -0.485106 0)
(2.72894 -0.39415 0)
(2.76011 -0.361172 0)
(2.77016 -0.355652 0)
(2.81377 -0.283315 0)
(2.87518 -0.188348 0)
(2.91185 -0.152809 0)
(2.87475 -0.0190454 0)
(2.79234 0.173716 0)
(2.50645 0.534762 0)
(2.36483 0.737282 0)
(2.27441 0.816218 0)
(2.29688 0.813331 0)
(2.33185 0.798711 0)
(2.36785 0.768952 0)
(2.38932 0.756338 0)
(2.40757 0.760364 0)
(2.42779 0.749989 0)
(2.44923 0.721366 0)
(2.45658 0.708119 0)
(2.47638 0.682402 0)
(2.49529 0.660706 0)
(2.51504 0.646577 0)
(2.54265 0.649075 0)
(2.53158 0.582627 0)
(2.49724 0.464908 0)
(2.34331 0.16978 0)
(2.22469 -0.0800254 0)
(2.17091 -0.168824 0)
(2.17188 -0.215469 0)
(2.18342 -0.225384 0)
(2.20848 -0.245453 0)
(2.22095 -0.250833 0)
(2.23789 -0.245791 0)
(2.25839 -0.249977 0)
(2.27987 -0.253094 0)
(2.30238 -0.248341 0)
(2.32359 -0.24363 0)
(2.34279 -0.247946 0)
(2.359 -0.254924 0)
(2.37819 -0.254321 0)
(2.40339 -0.248973 0)
(2.42547 -0.245286 0)
(2.44066 -0.248459 0)
(2.44955 -0.255396 0)
(2.45557 -0.260085 0)
(2.46215 -0.259748 0)
(2.47477 -0.257386 0)
(2.48916 -0.256122 0)
(2.50544 -0.260389 0)
(2.5256 -0.250823 0)
(2.54718 -0.24458 0)
(2.56118 -0.242956 0)
(2.5528 -0.225671 0)
(2.52738 -0.162922 0)
(2.47651 -0.0601294 0)
(2.38209 0.075685 0)
(2.31681 0.183518 0)
(2.29372 0.269891 0)
(2.30447 0.27291 0)
(2.3159 0.268348 0)
(2.33294 0.258108 0)
(2.34871 0.248904 0)
(2.36275 0.24497 0)
(2.37315 0.241942 0)
(2.37858 0.242759 0)
(2.38196 0.244626 0)
(2.38844 0.248189 0)
(2.39847 0.252901 0)
(2.41014 0.252609 0)
(2.4236 0.246395 0)
(2.4359 0.239638 0)
(2.44786 0.231075 0)
(2.4435 0.204759 0)
(2.41925 0.141607 0)
(2.37829 0.0431241 0)
(2.33018 -0.0330925 0)
(2.29296 -0.0667109 0)
(2.25469 -0.0821114 0)
(2.26449 -0.1035 0)
(2.28103 -0.129337 0)
(2.2892 -0.142934 0)
(2.30184 -0.142971 0)
(2.31957 -0.136968 0)
(2.3388 -0.129827 0)
(2.35513 -0.129036 0)
(2.37591 -0.128355 0)
(2.34807 -0.849218 0)
(2.35398 -0.847601 0)
(2.35938 -0.842341 0)
(2.38386 -0.821492 0)
(2.44455 -0.762655 0)
(2.49674 -0.707989 0)
(2.53903 -0.659961 0)
(2.65013 -0.5453 0)
(2.72228 -0.430949 0)
(2.74319 -0.38814 0)
(2.75807 -0.363011 0)
(2.80516 -0.288585 0)
(2.88014 -0.182293 0)
(2.90383 -0.103784 0)
(2.90926 -0.0669203 0)
(2.93816 -0.0791554 0)
(2.94058 0.000511454 0)
(2.91778 0.0894891 0)
(2.83013 0.228559 0)
(2.58945 0.552711 0)
(2.43114 0.772982 0)
(2.30334 0.867269 0)
(2.31489 0.86224 0)
(2.34 0.839497 0)
(2.37258 0.804807 0)
(2.3943 0.79966 0)
(2.4172 0.788112 0)
(2.43311 0.762633 0)
(2.44 0.742965 0)
(2.46616 0.708617 0)
(2.48146 0.684811 0)
(2.49918 0.651832 0)
(2.48603 0.585927 0)
(2.40663 0.398043 0)
(2.23983 0.0755534 0)
(2.13262 -0.144226 0)
(2.11628 -0.228415 0)
(2.13334 -0.207364 0)
(2.16529 -0.193856 0)
(2.19575 -0.19496 0)
(2.21364 -0.207468 0)
(2.22575 -0.206976 0)
(2.24688 -0.208566 0)
(2.27468 -0.22011 0)
(2.29827 -0.223728 0)
(2.32144 -0.218003 0)
(2.34011 -0.208172 0)
(2.35264 -0.205126 0)
(2.36662 -0.210847 0)
(2.38867 -0.212535 0)
(2.41277 -0.210243 0)
(2.43591 -0.207954 0)
(2.452 -0.212957 0)
(2.45682 -0.222848 0)
(2.45107 -0.228748 0)
(2.45689 -0.222913 0)
(2.4783 -0.213525 0)
(2.4983 -0.212752 0)
(2.51819 -0.213344 0)
(2.53965 -0.212432 0)
(2.55908 -0.211081 0)
(2.57823 -0.209236 0)
(2.58651 -0.206895 0)
(2.57239 -0.204095 0)
(2.55384 -0.164701 0)
(2.51678 -0.0967719 0)
(2.44045 0.0350316 0)
(2.3645 0.18558 0)
(2.36139 0.249579 0)
(2.34338 0.2841 0)
(2.34512 0.284233 0)
(2.3532 0.279479 0)
(2.36702 0.273789 0)
(2.38069 0.269654 0)
(2.38929 0.267953 0)
(2.3967 0.269147 0)
(2.40226 0.275995 0)
(2.40343 0.282664 0)
(2.41233 0.277473 0)
(2.42467 0.272842 0)
(2.42939 0.256049 0)
(2.42344 0.218522 0)
(2.39336 0.139288 0)
(2.3418 0.00631509 0)
(2.32122 -0.0795028 0)
(2.27577 -0.123756 0)
(2.26658 -0.122914 0)
(2.25895 -0.122689 0)
(2.26435 -0.116413 0)
(2.27873 -0.113264 0)
(2.29657 -0.109902 0)
(2.31289 -0.104635 0)
(2.33202 -0.101618 0)
(2.35063 -0.10462 0)
(2.36456 -0.108902 0)
(2.38524 -0.109587 0)
(2.35389 -0.848114 0)
(2.35825 -0.842688 0)
(2.38185 -0.821901 0)
(2.44096 -0.766962 0)
(2.49778 -0.710075 0)
(2.5728 -0.618125 0)
(2.66337 -0.49986 0)
(2.71497 -0.451447 0)
(2.75159 -0.382545 0)
(2.8014 -0.248478 0)
(2.82863 -0.199852 0)
(2.83924 -0.179226 0)
(2.87867 -0.0877645 0)
(2.88805 -0.0267955 0)
(2.91067 -0.0395589 0)
(2.91856 -0.0599635 0)
(2.91205 -0.00894382 0)
(2.91092 0.0390975 0)
(2.9103 0.0603761 0)
(2.85087 0.171464 0)
(2.67932 0.477447 0)
(2.41322 0.803287 0)
(2.33185 0.866333 0)
(2.3372 0.855772 0)
(2.35367 0.827853 0)
(2.37518 0.804814 0)
(2.40701 0.777471 0)
(2.41859 0.760756 0)
(2.43133 0.732736 0)
(2.44901 0.705676 0)
(2.45207 0.659407 0)
(2.42892 0.564087 0)
(2.27516 0.269951 0)
(2.15434 -5.45772e-05 0)
(2.10315 -0.107853 0)
(2.10443 -0.154204 0)
(2.12349 -0.156478 0)
(2.15674 -0.155281 0)
(2.18506 -0.154809 0)
(2.20008 -0.169466 0)
(2.20933 -0.172292 0)
(2.2276 -0.166993 0)
(2.24981 -0.166896 0)
(2.27488 -0.174521 0)
(2.29782 -0.180848 0)
(2.32268 -0.176848 0)
(2.34543 -0.168725 0)
(2.36128 -0.165092 0)
(2.37274 -0.166846 0)
(2.38652 -0.172036 0)
(2.40481 -0.174375 0)
(2.42099 -0.172942 0)
(2.4352 -0.177445 0)
(2.44861 -0.188943 0)
(2.45675 -0.199518 0)
(2.46352 -0.188656 0)
(2.47397 -0.167539 0)
(2.48943 -0.159852 0)
(2.5106 -0.160019 0)
(2.53207 -0.164286 0)
(2.54911 -0.170779 0)
(2.56144 -0.173518 0)
(2.56968 -0.178186 0)
(2.56725 -0.18702 0)
(2.57831 -0.178651 0)
(2.57567 -0.153936 0)
(2.55637 -0.095259 0)
(2.50674 0.0117249 0)
(2.42675 0.17625 0)
(2.39838 0.261402 0)
(2.35418 0.320119 0)
(2.35027 0.32469 0)
(2.35947 0.314142 0)
(2.37352 0.302904 0)
(2.38437 0.29774 0)
(2.39737 0.299134 0)
(2.40956 0.307275 0)
(2.40969 0.30899 0)
(2.41401 0.294777 0)
(2.41293 0.270117 0)
(2.3984 0.22724 0)
(2.34882 0.135661 0)
(2.29593 0.0115428 0)
(2.29589 -0.0594547 0)
(2.27836 -0.0958551 0)
(2.27531 -0.0931872 0)
(2.27732 -0.0924712 0)
(2.28478 -0.101026 0)
(2.28375 -0.102996 0)
(2.28654 -0.0908816 0)
(2.29735 -0.07819 0)
(2.3112 -0.0719661 0)
(2.32934 -0.0736522 0)
(2.34896 -0.0787532 0)
(2.3641 -0.083112 0)
(2.38094 -0.0858113 0)
(2.35539 -0.844225 0)
(2.37626 -0.824532 0)
(2.43251 -0.769895 0)
(2.50242 -0.701602 0)
(2.59515 -0.592679 0)
(2.67461 -0.452639 0)
(2.71344 -0.418305 0)
(2.78087 -0.339964 0)
(2.84142 -0.138074 0)
(2.832 -0.0916367 0)
(2.82584 -0.095745 0)
(2.88981 -0.00269242 0)
(2.89646 0.102981 0)
(2.89545 0.128013 0)
(2.92085 0.101914 0)
(2.9174 0.0627015 0)
(2.91097 0.0584309 0)
(2.91325 0.0632848 0)
(2.91462 0.0682537 0)
(2.91475 0.0669962 0)
(2.86693 0.140312 0)
(2.70113 0.411672 0)
(2.38978 0.778734 0)
(2.35391 0.794961 0)
(2.34794 0.800171 0)
(2.35665 0.794119 0)
(2.38292 0.774844 0)
(2.40049 0.756095 0)
(2.41535 0.720868 0)
(2.41124 0.657221 0)
(2.36173 0.485341 0)
(2.20309 0.176108 0)
(2.07834 -0.0399321 0)
(2.04549 -0.149788 0)
(2.06072 -0.136197 0)
(2.09542 -0.120519 0)
(2.13141 -0.113213 0)
(2.16461 -0.112661 0)
(2.19306 -0.120975 0)
(2.20589 -0.138616 0)
(2.20724 -0.140341 0)
(2.22356 -0.130188 0)
(2.24983 -0.127704 0)
(2.27912 -0.131394 0)
(2.30577 -0.13499 0)
(2.32907 -0.130968 0)
(2.34963 -0.124068 0)
(2.36834 -0.123859 0)
(2.38268 -0.130137 0)
(2.3916 -0.135821 0)
(2.39672 -0.137017 0)
(2.40816 -0.136236 0)
(2.42392 -0.13997 0)
(2.4388 -0.149415 0)
(2.45303 -0.154991 0)
(2.47355 -0.147769 0)
(2.49121 -0.133618 0)
(2.50683 -0.123489 0)
(2.52232 -0.123262 0)
(2.53799 -0.128232 0)
(2.55032 -0.131088 0)
(2.5518 -0.133548 0)
(2.55254 -0.137931 0)
(2.56338 -0.150606 0)
(2.57891 -0.149562 0)
(2.59767 -0.144612 0)
(2.59868 -0.123411 0)
(2.59142 -0.0769988 0)
(2.5439 0.0214976 0)
(2.4886 0.138369 0)
(2.41336 0.259595 0)
(2.37069 0.31606 0)
(2.36398 0.326463 0)
(2.36996 0.323985 0)
(2.38805 0.325996 0)
(2.40566 0.321398 0)
(2.41471 0.328154 0)
(2.41 0.307828 0)
(2.3977 0.266025 0)
(2.37266 0.1979 0)
(2.31801 0.102803 0)
(2.26295 0.0201811 0)
(2.23755 -0.0600272 0)
(2.24606 -0.100454 0)
(2.25584 -0.1009 0)
(2.26644 -0.0944928 0)
(2.28186 -0.0806117 0)
(2.2966 -0.0848648 0)
(2.30367 -0.0927697 0)
(2.30516 -0.0739165 0)
(2.30859 -0.0534908 0)
(2.32113 -0.0503853 0)
(2.33532 -0.0548834 0)
(2.3502 -0.0610058 0)
(2.36041 -0.0679328 0)
(2.36666 -0.0735798 0)
(2.36318 -0.836034 0)
(2.42911 -0.77878 0)
(2.53072 -0.66954 0)
(2.58724 -0.604752 0)
(2.67898 -0.446544 0)
(2.75475 -0.290747 0)
(2.78983 -0.281746 0)
(2.81316 -0.200372 0)
(2.82415 -0.0748525 0)
(2.82958 -0.070688 0)
(2.86372 -0.0356783 0)
(2.9007 0.0157051 0)
(2.89495 0.0820568 0)
(2.90204 0.0878499 0)
(2.91123 0.068501 0)
(2.90688 0.0558708 0)
(2.89949 0.0548071 0)
(2.91324 0.0591674 0)
(2.92057 0.0487217 0)
(2.92057 0.0405522 0)
(2.91785 0.0280155 0)
(2.87076 0.0960567 0)
(2.7387 0.305813 0)
(2.42316 0.673902 0)
(2.3683 0.72341 0)
(2.35034 0.768088 0)
(2.35867 0.763531 0)
(2.36166 0.733811 0)
(2.35345 0.645634 0)
(2.27242 0.392178 0)
(2.15507 0.122626 0)
(2.03761 -0.0369393 0)
(2.01242 -0.0693398 0)
(2.02301 -0.0793058 0)
(2.06846 -0.0796422 0)
(2.09933 -0.070584 0)
(2.12056 -0.0793261 0)
(2.13948 -0.0836425 0)
(2.15868 -0.0873704 0)
(2.17971 -0.101858 0)
(2.19879 -0.109103 0)
(2.22133 -0.097753 0)
(2.24455 -0.0879519 0)
(2.27066 -0.0864809 0)
(2.29584 -0.0878416 0)
(2.31697 -0.0866125 0)
(2.3334 -0.0841607 0)
(2.34732 -0.0887981 0)
(2.35964 -0.0982404 0)
(2.36936 -0.102599 0)
(2.38228 -0.101514 0)
(2.39994 -0.100566 0)
(2.42032 -0.103173 0)
(2.43894 -0.107726 0)
(2.45595 -0.104176 0)
(2.47342 -0.0937627 0)
(2.49057 -0.0837269 0)
(2.50538 -0.0803347 0)
(2.5123 -0.083453 0)
(2.51489 -0.0906566 0)
(2.52065 -0.0989545 0)
(2.52816 -0.101499 0)
(2.54406 -0.104378 0)
(2.56296 -0.111731 0)
(2.58153 -0.111312 0)
(2.59967 -0.102031 0)
(2.61312 -0.0859139 0)
(2.6191 -0.0831278 0)
(2.60655 -0.0486786 0)
(2.57904 0.0192944 0)
(2.52839 0.10179 0)
(2.43945 0.228293 0)
(2.3882 0.310445 0)
(2.37476 0.332557 0)
(2.39467 0.357583 0)
(2.39745 0.345672 0)
(2.3882 0.309558 0)
(2.36536 0.235994 0)
(2.33132 0.13637 0)
(2.30991 0.0797708 0)
(2.26057 0.0278866 0)
(2.21212 -0.0086313 0)
(2.21653 -0.0500461 0)
(2.22423 -0.071919 0)
(2.24336 -0.0721335 0)
(2.26361 -0.0642873 0)
(2.27799 -0.0574961 0)
(2.28935 -0.0587666 0)
(2.2994 -0.0596638 0)
(2.30973 -0.0511228 0)
(2.31374 -0.0356545 0)
(2.31436 -0.0297366 0)
(2.32348 -0.0357585 0)
(2.33306 -0.0483233 0)
(2.3389 -0.0570676 0)
(2.35252 -0.0555392 0)
(2.45038 -0.79133 0)
(2.59167 -0.651237 0)
(2.69427 -0.506301 0)
(2.80256 -0.307386 0)
(2.87384 -0.101025 0)
(2.91549 0.000798177 0)
(2.94344 0.0591386 0)
(2.9418 0.154812 0)
(2.93498 0.180004 0)
(2.97657 0.14004 0)
(2.99968 0.0984293 0)
(2.97834 0.105855 0)
(2.96101 0.111192 0)
(2.95285 0.0855636 0)
(2.94973 0.0503753 0)
(2.93702 0.0336917 0)
(2.9206 0.0180662 0)
(2.93443 0.00542308 0)
(2.94333 -0.00322249 0)
(2.94041 -0.00617046 0)
(2.93339 -0.0122877 0)
(2.92402 -0.00967265 0)
(2.90554 0.0270717 0)
(2.7202 0.272363 0)
(2.55392 0.506864 0)
(2.37494 0.758832 0)
(2.29441 0.709545 0)
(2.20207 0.520449 0)
(2.07791 0.209688 0)
(1.90619 -0.0480559 0)
(1.86073 -0.142473 0)
(1.90703 -0.112696 0)
(1.96704 -0.0787218 0)
(2.02052 -0.049936 0)
(2.05534 -0.0318895 0)
(2.08482 -0.0284838 0)
(2.1089 -0.0346512 0)
(2.12641 -0.0413852 0)
(2.14689 -0.050305 0)
(2.16972 -0.0590057 0)
(2.1946 -0.058785 0)
(2.2229 -0.0540529 0)
(2.2532 -0.0530158 0)
(2.28155 -0.05497 0)
(2.30479 -0.0552426 0)
(2.32248 -0.050146 0)
(2.33587 -0.0423133 0)
(2.34687 -0.0415432 0)
(2.357 -0.0514551 0)
(2.36802 -0.0619897 0)
(2.38281 -0.0653131 0)
(2.40257 -0.0635476 0)
(2.42478 -0.0616228 0)
(2.44703 -0.0606967 0)
(2.46797 -0.0582365 0)
(2.487 -0.0548461 0)
(2.50295 -0.0516967 0)
(2.51427 -0.0479704 0)
(2.51761 -0.0401223 0)
(2.51227 -0.036509 0)
(2.51024 -0.0512495 0)
(2.52505 -0.0641694 0)
(2.54439 -0.0647359 0)
(2.56572 -0.0637134 0)
(2.58724 -0.0627663 0)
(2.60885 -0.0593338 0)
(2.62828 -0.0535038 0)
(2.64177 -0.0539952 0)
(2.64407 -0.0411007 0)
(2.61256 0.00145006 0)
(2.59214 0.02912 0)
(2.55308 0.0791996 0)
(2.47911 0.195409 0)
(2.42928 0.275622 0)
(2.40464 0.326681 0)
(2.35794 0.29467 0)
(2.30721 0.199236 0)
(2.28061 0.0790289 0)
(2.22171 -0.0300531 0)
(2.1875 -0.0526771 0)
(2.17102 -0.0371112 0)
(2.17604 -0.0345249 0)
(2.19056 -0.0470607 0)
(2.20315 -0.0445329 0)
(2.22509 -0.0391255 0)
(2.24453 -0.0308584 0)
(2.26594 -0.0274744 0)
(2.28343 -0.0302335 0)
(2.29661 -0.0302667 0)
(2.30917 -0.0243933 0)
(2.31686 -0.0163622 0)
(2.31228 -0.0111736 0)
(2.30513 -0.0166177 0)
(2.31661 -0.0274909 0)
(2.32926 -0.0310611 0)
(2.34721 -0.0345541 0)
(2.43164 -0.815998 0)
(2.53482 -0.818713 0)
(2.6343 -0.775484 0)
(2.77663 -0.594428 0)
(2.86118 -0.509816 0)
(2.93996 -0.36959 0)
(2.94961 -0.212658 0)
(2.97165 -0.144858 0)
(2.97863 -0.0416527 0)
(3.01014 0.0310136 0)
(3.01129 0.0559705 0)
(2.99104 0.0698547 0)
(2.97527 0.0697717 0)
(2.97331 0.063965 0)
(2.9699 0.0436024 0)
(2.96138 0.0376268 0)
(2.95113 0.0341231 0)
(2.96344 0.0283468 0)
(2.96894 0.0236493 0)
(2.96626 0.0188628 0)
(2.95213 0.00866491 0)
(2.936 -0.00255775 0)
(2.93302 -0.00341963 0)
(2.91006 0.0196818 0)
(2.76313 0.131734 0)
(2.4461 0.382066 0)
(2.23908 0.421037 0)
(2.04923 0.421972 0)
(1.89148 0.250676 0)
(1.8108 0.124731 0)
(1.83256 0.00915904 0)
(1.91353 -0.0269942 0)
(1.99063 -0.0276205 0)
(2.02636 -0.0312329 0)
(2.04273 -0.0266188 0)
(2.05929 -0.0213797 0)
(2.0804 -0.0201878 0)
(2.10207 -0.02298 0)
(2.12578 -0.0266348 0)
(2.15064 -0.027677 0)
(2.1783 -0.0260199 0)
(2.2095 -0.0243734 0)
(2.24098 -0.024716 0)
(2.26726 -0.0270387 0)
(2.28621 -0.0279464 0)
(2.30044 -0.025259 0)
(2.31219 -0.0219517 0)
(2.32223 -0.0233754 0)
(2.3322 -0.0296815 0)
(2.34386 -0.0338434 0)
(2.36185 -0.0322823 0)
(2.38494 -0.0294622 0)
(2.41016 -0.0281356 0)
(2.43452 -0.0292318 0)
(2.45469 -0.0296519 0)
(2.4704 -0.0280845 0)
(2.48264 -0.0262132 0)
(2.49179 -0.0250959 0)
(2.4945 -0.0254968 0)
(2.48544 -0.0289852 0)
(2.48512 -0.0326171 0)
(2.50639 -0.0337181 0)
(2.52758 -0.0328562 0)
(2.54997 -0.0313505 0)
(2.57262 -0.0305674 0)
(2.59316 -0.0278839 0)
(2.61309 -0.0250267 0)
(2.62832 -0.0244939 0)
(2.62627 -0.0269354 0)
(2.60994 -0.026598 0)
(2.60054 -0.0224783 0)
(2.59388 -0.0140136 0)
(2.55797 0.023522 0)
(2.47384 0.0843385 0)
(2.35316 0.122933 0)
(2.28726 0.167374 0)
(2.26566 0.17199 0)
(2.24069 0.0988107 0)
(2.17788 0.0612892 0)
(2.15466 0.0364416 0)
(2.15923 0.0196527 0)
(2.18896 -0.00462988 0)
(2.18872 -0.0201824 0)
(2.18728 -0.0230961 0)
(2.2059 -0.0222055 0)
(2.22573 -0.0177134 0)
(2.25062 -0.0131525 0)
(2.27152 -0.0142265 0)
(2.28681 -0.0155992 0)
(2.29873 -0.0139841 0)
(2.305 -0.0117127 0)
(2.29743 -0.0125707 0)
(2.28923 -0.0161938 0)
(2.3022 -0.0177989 0)
(2.31484 -0.0180989 0)
(2.3361 -0.017019 0)
)
;

boundaryField
{
    inlet
    {
        type            fixedValue;
        value           uniform (3 0 0);
    }
    outlet
    {
        type            inletOutlet;
        inletValue      uniform (3 0 0);
        value           nonuniform List<vector> 
32
(
(2.35714 0.0128462 0)
(2.36802 0.0226158 0)
(2.3665 0.0418689 0)
(2.36738 0.0619865 0)
(2.35819 0.0801941 0)
(2.35409 0.0976546 0)
(2.35164 0.115178 0)
(2.35078 0.134152 0)
(2.3458 0.159889 0)
(2.34233 0.191318 0)
(2.34716 0.219012 0)
(2.36293 0.247336 0)
(2.40688 0.2298 0)
(2.46528 0.174243 0)
(2.54136 0.0740259 0)
(2.57987 0.0103559 0)
(2.57774 -0.0131653 0)
(2.5343 -0.0820747 0)
(2.44576 -0.162488 0)
(2.36356 -0.216213 0)
(2.32766 -0.209817 0)
(2.31416 -0.200488 0)
(2.31962 -0.182271 0)
(2.34057 -0.165634 0)
(2.36186 -0.148124 0)
(2.37591 -0.128355 0)
(2.38524 -0.109587 0)
(2.38094 -0.0858113 0)
(2.36666 -0.0735798 0)
(2.35252 -0.0555392 0)
(2.34721 -0.0345541 0)
(2.3361 -0.017019 0)
)
;
    }
    bottom
    {
        type            symmetryPlane;
    }
    top
    {
        type            symmetryPlane;
    }
    obstacle
    {
        type            slip;
    }
    defaultFaces
    {
        type            empty;
    }
}


// ************************************************************************* //
