/*--------------------------------*- C++ -*----------------------------------*\
  =========                 |
  \\      /  F ield         | OpenFOAM: The Open Source CFD Toolbox
   \\    /   O peration     | Website:  https://openfoam.org
    \\  /    A nd           | Version:  7
     \\/     M anipulation  |
\*---------------------------------------------------------------------------*/
FoamFile
{
    version     2.0;
    format      ascii;
    class       volVectorField;
    location    "1.9";
    object      U;
}
// * * * * * * * * * * * * * * * * * * * * * * * * * * * * * * * * * * * * * //

dimensions      [0 1 -1 0 0 0 0];

internalField   nonuniform List<vector> 
4608
(
(3 -1.31433e-16 0)
(3 -1.39296e-16 0)
(3 9.24484e-17 0)
(3 2.71922e-16 0)
(3 4.04163e-16 0)
(3 1.55669e-16 0)
(3 -2.28295e-16 0)
(3 -5.03783e-16 0)
(3 -9.89213e-16 0)
(3 -6.85396e-16 0)
(3 -2.05965e-16 0)
(3 3.53699e-16 0)
(3 9.20536e-16 0)
(3 1.38161e-15 0)
(3 5.88967e-16 0)
(3 6.65281e-16 0)
(3 1.21941e-15 0)
(3 1.40563e-15 0)
(3 1.52023e-15 0)
(3 1.38482e-15 0)
(3 9.25493e-16 0)
(3 6.15758e-16 0)
(3 1.14497e-16 0)
(3 2.46161e-16 0)
(3 -4.86995e-17 0)
(3 2.87353e-17 0)
(3 9.70203e-17 0)
(3 2.75205e-16 0)
(3 2.14108e-16 0)
(3 3.4235e-16 0)
(3 4.22327e-17 0)
(3 -3.2943e-16 0)
(3 -9.31651e-16 0)
(3 -6.41437e-16 0)
(3 -4.58358e-16 0)
(3 2.41464e-16 0)
(3 8.18824e-16 0)
(3 9.74487e-16 0)
(3 3.19025e-16 0)
(3 2.28201e-16 0)
(3 3.69837e-16 0)
(3 5.37388e-16 0)
(3 6.18725e-16 0)
(3 -1.01939e-16 0)
(3 -5.04008e-16 0)
(3 -9.49391e-17 0)
(3 2.27648e-16 0)
(3 6.74786e-16 0)
(3 1.04432e-16 0)
(3 9.49329e-17 0)
(3 -1.08491e-16 0)
(3 -4.97841e-16 0)
(3 -6.54725e-16 0)
(3 -1.70535e-16 0)
(3 1.42382e-16 0)
(3 1.019e-16 0)
(3 -3.58145e-16 0)
(3 -1.52783e-16 0)
(3 -4.28987e-16 0)
(3 6.48159e-17 0)
(3 2.8935e-16 0)
(3 -1.20853e-16 0)
(3 2.17172e-16 0)
(3 -1.17897e-16 0)
(3 -1.43145e-15 0)
(3 -1.73147e-15 0)
(3 -2.22342e-15 0)
(3 -2.30991e-15 0)
(3 -2.2539e-15 0)
(3 -1.63e-15 0)
(3 -2.07409e-16 0)
(3 6.57968e-16 0)
(3 5.25466e-17 0)
(3 -4.48969e-17 0)
(3 -3.32064e-16 0)
(3 -9.65535e-16 0)
(3 -8.17937e-16 0)
(3 -8.17447e-16 0)
(3 -7.93368e-16 0)
(3 -1.26477e-15 0)
(3 -9.19544e-16 0)
(3 -8.59086e-16 0)
(3 -3.89642e-16 0)
(3 -1.18295e-16 0)
(3 -2.50193e-16 0)
(3 -8.56493e-16 0)
(3 -7.13118e-16 0)
(3 -9.13042e-16 0)
(3 -2.42114e-16 0)
(3 -8.39195e-17 0)
(3 5.94327e-17 0)
(3 3.95607e-17 0)
(3 -4.09459e-16 0)
(3 -5.52109e-16 0)
(3 -9.21976e-16 0)
(3 -6.77312e-16 0)
(3 -3.12622e-17 0)
(3 -2.05205e-16 0)
(3 -2.75643e-16 0)
(3 -2.77459e-16 0)
(3 1.42726e-16 0)
(3 -5.79759e-16 0)
(3 -1.15186e-15 0)
(3 -1.51175e-15 0)
(3 -1.5103e-15 0)
(3 -1.38347e-15 0)
(3 -9.73316e-16 0)
(3 -2.31502e-16 0)
(3 -3.0067e-16 0)
(3 -2.50671e-16 0)
(3 -4.11495e-16 0)
(3 -6.35706e-17 0)
(3 7.25218e-16 0)
(3 9.71174e-16 0)
(3 9.73252e-16 0)
(3 7.57775e-16 0)
(3 -2.13923e-16 0)
(3 -7.70821e-16 0)
(3 -4.76141e-16 0)
(3 -5.01399e-16 0)
(3 3.57846e-17 0)
(3 5.32901e-16 0)
(3 4.3896e-16 0)
(3 3.20171e-16 0)
(3 4.08127e-16 0)
(3 2.98272e-16 0)
(3 1.42181e-16 0)
(3 -9.81984e-17 0)
(3 -3.99194e-16 0)
(3 -2.22707e-16 0)
(3 -2.29113e-16 0)
(3 1.76083e-16 0)
(3 5.10925e-16 0)
(3 1.36252e-15 0)
(3 1.90614e-15 0)
(3 1.95004e-15 0)
(3 1.48369e-15 0)
(3 1.11231e-15 0)
(3 6.30398e-16 0)
(3 8.58158e-16 0)
(3 1.03916e-15 0)
(3 4.58694e-16 0)
(3 6.14026e-16 0)
(3 1.01945e-15 0)
(3 -3.8586e-17 0)
(3 5.81035e-17 0)
(3 2.22721e-16 0)
(3 3.00881e-16 0)
(3 2.75086e-17 0)
(3 -6.91049e-17 0)
(3 7.86488e-17 0)
(3 4.12493e-16 0)
(3 6.8261e-16 0)
(3 9.59264e-16 0)
(3 8.66709e-16 0)
(3 7.58396e-16 0)
(3 1.0735e-15 0)
(3 1.40103e-15 0)
(3 1.03523e-15 0)
(3 9.71719e-16 0)
(3 1.25603e-15 0)
(3 1.53919e-15 0)
(3 1.53314e-15 0)
(3 1.17303e-15 0)
(3 1.0077e-15 0)
(3 1.05774e-15 0)
(3 9.94555e-16 0)
(3 1.06771e-15 0)
(3 -1.14395e-16 0)
(3 -6.04231e-16 0)
(3 -3.18636e-16 0)
(3 3.7325e-17 0)
(3 2.25923e-16 0)
(3 1.09208e-16 0)
(3 -7.95312e-17 0)
(3 -6.0242e-17 0)
(3 4.05365e-16 0)
(3 4.10756e-16 0)
(3 3.6934e-16 0)
(3 -1.31743e-16 0)
(3 -1.8439e-16 0)
(3 -5.49719e-16 0)
(3 -6.15485e-16 0)
(3 -6.3369e-16 0)
(3 6.38327e-16 0)
(3 1.72658e-15 0)
(3 2.1501e-15 0)
(3 9.0987e-16 0)
(3 8.36095e-16 0)
(3 1.52605e-15 0)
(3 1.56262e-15 0)
(3 1.39979e-15 0)
(3 1.24225e-16 0)
(3 2.83834e-16 0)
(3 2.21696e-16 0)
(3 1.26472e-16 0)
(3 -2.71601e-17 0)
(3 1.7737e-17 0)
(3 8.37767e-18 0)
(3 -3.92717e-16 0)
(3 -5.45127e-16 0)
(3 -1.22222e-15 0)
(3 -1.32805e-15 0)
(3 -1.13928e-15 0)
(3 -1.30225e-15 0)
(3 -1.34787e-15 0)
(3 -8.45199e-16 0)
(3 -7.96354e-16 0)
(3 -7.92658e-16 0)
(3 -6.71845e-16 0)
(3 1.83254e-16 0)
(3 8.27029e-16 0)
(3 1.66505e-15 0)
(3 2.26005e-15 0)
(3 1.80379e-15 0)
(3 1.24085e-15 0)
(3 7.89069e-17 0)
(3 3.37147e-16 0)
(3 4.03831e-16 0)
(3 2.77438e-16 0)
(3 -9.86606e-17 0)
(3 -2.59419e-16 0)
(3 -2.15793e-16 0)
(3 -4.67127e-16 0)
(3 -1.09934e-15 0)
(3 -1.29052e-15 0)
(3 -1.18508e-15 0)
(3 -1.51091e-15 0)
(3 -1.94764e-15 0)
(3 -1.57706e-15 0)
(3 -7.91646e-16 0)
(3 4.02946e-17 0)
(3 -1.00885e-15 0)
(3 -1.57139e-15 0)
(3 -9.62475e-16 0)
(3 5.99528e-16 0)
(3 1.63601e-15 0)
(3 1.23977e-15 0)
(3 8.85217e-16 0)
(3 7.95108e-16 0)
(3 -1.58033e-17 0)
(3 -2.56808e-16 0)
(3 -1.92742e-16 0)
(3 1.77768e-16 0)
(3 3.42728e-16 0)
(3 1.95116e-16 0)
(3 1.81072e-17 0)
(3 -5.85145e-16 0)
(3 -9.94757e-16 0)
(3 -7.04089e-16 0)
(3 -4.14117e-16 0)
(3 -6.24143e-16 0)
(3 -9.38203e-16 0)
(3 -1.19782e-15 0)
(3 -9.76172e-16 0)
(3 -6.15338e-16 0)
(3 -3.96946e-16 0)
(3 -3.93231e-16 0)
(3 -7.30966e-17 0)
(3 -3.16144e-16 0)
(3 -1.12489e-15 0)
(3 -1.4313e-15 0)
(3 -1.06811e-15 0)
(3 1.68546e-16 0)
(3 -1.58252e-16 0)
(3 -5.11575e-17 0)
(3 2.44248e-16 0)
(3 4.32618e-16 0)
(3 5.98464e-16 0)
(3 5.92639e-16 0)
(3 5.22793e-16 0)
(3 6.03949e-16 0)
(3 6.66448e-16 0)
(3 -1.27974e-16 0)
(3 -3.33775e-16 0)
(3 -3.67551e-16 0)
(3 -3.5617e-16 0)
(3 -8.11933e-16 0)
(3 -1.17064e-15 0)
(3 -1.65661e-15 0)
(3 -1.46346e-15 0)
(3 -5.3739e-16 0)
(3 1.16165e-16 0)
(3 -9.33092e-16 0)
(3 -2.2887e-15 0)
(3 -2.41055e-15 0)
(3 -2.25282e-15 0)
(3 -1.78519e-15 0)
(3 2.37418e-16 0)
(3 4.91052e-16 0)
(3 4.53528e-16 0)
(3 2.30449e-16 0)
(3 7.38474e-17 0)
(3 -1.44838e-16 0)
(3 -1.48312e-16 0)
(3 7.29519e-16 0)
(3 8.15307e-16 0)
(3 -1.60945e-16 0)
(3 -7.80232e-16 0)
(3 -4.56953e-16 0)
(3 -2.34183e-16 0)
(3 -4.54813e-16 0)
(3 -5.29341e-16 0)
(3 -9.20506e-16 0)
(3 -6.7526e-16 0)
(3 -6.93805e-16 0)
(3 -9.12853e-16 0)
(3 -1.10204e-15 0)
(3 -7.24333e-16 0)
(3 -9.90007e-16 0)
(3 -1.60309e-15 0)
(3 -2.52411e-15 0)
(3 1.61146e-16 0)
(3 3.98149e-17 0)
(3 -1.51566e-16 0)
(3 -1.49911e-16 0)
(3 -1.69773e-16 0)
(3 -2.10278e-16 0)
(3 -9.16857e-17 0)
(3 -5.02725e-17 0)
(3 -2.03553e-16 0)
(3 3.73423e-16 0)
(3 -1.23727e-16 0)
(3 4.00345e-16 0)
(3 8.03641e-16 0)
(3 8.88739e-16 0)
(3 3.52213e-16 0)
(3 2.62558e-16 0)
(3 6.19029e-16 0)
(3 1.67438e-16 0)
(3 -5.19575e-16 0)
(3 -3.55432e-16 0)
(3 3.27882e-16 0)
(3 -2.66654e-16 0)
(3 -1.06353e-15 0)
(3 -2.30194e-15 0)
(3 -1.41235e-17 0)
(3 1.35802e-16 0)
(3 3.83456e-16 0)
(3 5.0232e-16 0)
(3 1.55247e-16 0)
(3 -1.4173e-17 0)
(3 5.43947e-16 0)
(3 3.00274e-16 0)
(3 2.11299e-17 0)
(3 3.99498e-16 0)
(3 8.453e-17 0)
(3 6.60598e-17 0)
(3 2.78074e-16 0)
(3 6.31551e-16 0)
(3 8.06315e-16 0)
(3 1.10581e-15 0)
(3 6.73791e-16 0)
(3 2.61545e-16 0)
(3 8.03899e-17 0)
(3 -6.19196e-17 0)
(3 -6.76505e-18 0)
(3 -1.26122e-16 0)
(3 -4.68481e-16 0)
(3 -4.65139e-16 0)
(3 -1.94162e-16 0)
(3 -3.77897e-16 0)
(3 -2.95964e-16 0)
(3 -5.9537e-17 0)
(3 9.60476e-17 0)
(3 -1.125e-16 0)
(3 -3.88739e-16 0)
(3 -6.03194e-16 0)
(3 -1.05461e-15 0)
(3 -1.0128e-15 0)
(3 -9.09888e-16 0)
(3 -1.05955e-15 0)
(3 -9.15468e-16 0)
(3 -3.81614e-17 0)
(3 8.66395e-16 0)
(3 9.12982e-16 0)
(3 1.56829e-16 0)
(3 -2.98251e-16 0)
(3 -9.56581e-17 0)
(3 3.08977e-16 0)
(3 6.09572e-16 0)
(3 9.4371e-16 0)
(3 9.19575e-16 0)
(3 1.04236e-15 0)
(3 -2.21128e-16 0)
(3 -8.60986e-16 0)
(3 -1.08341e-15 0)
(3 -9.20053e-16 0)
(3 -2.91846e-16 0)
(3 -1.19532e-16 0)
(3 -6.68365e-16 0)
(3 -7.31061e-16 0)
(3 -3.47375e-17 0)
(3 2.4963e-16 0)
(3 1.079e-17 0)
(3 -1.33653e-16 0)
(3 1.2896e-17 0)
(3 5.33337e-16 0)
(3 3.43848e-16 0)
(3 -8.68244e-16 0)
(3 -1.05277e-15 0)
(3 -4.45448e-16 0)
(3 -4.58282e-17 0)
(3 6.38981e-16 0)
(3 -1.30979e-16 0)
(3 1.90061e-16 0)
(3 1.60773e-15 0)
(3 2.94285e-15 0)
(3 6.70598e-18 0)
(3 2.43163e-16 0)
(3 3.49557e-17 0)
(3 -1.45023e-16 0)
(3 -2.65622e-16 0)
(3 -4.75997e-16 0)
(3 -2.98135e-16 0)
(3 -1.83722e-16 0)
(3 6.75379e-16 0)
(3 1.29133e-15 0)
(3 2.07733e-15 0)
(3 2.03254e-15 0)
(3 1.45788e-15 0)
(3 -3.93624e-16 0)
(3 -1.56969e-15 0)
(3 -1.50268e-15 0)
(3 -8.51815e-16 0)
(3 -4.23165e-16 0)
(3 -7.37338e-16 0)
(3 -4.7494e-16 0)
(3 8.19687e-17 0)
(3 1.04205e-15 0)
(3 2.63699e-15 0)
(3 4.31386e-15 0)
(3 6.03738e-17 0)
(3 1.83793e-16 0)
(3 -3.88442e-16 0)
(3 -4.33146e-16 0)
(3 -4.53987e-16 0)
(3 1.26554e-16 0)
(3 5.20017e-16 0)
(3 3.10886e-16 0)
(3 4.0574e-16 0)
(3 4.59079e-16 0)
(3 3.71604e-16 0)
(3 -2.50341e-16 0)
(3 -4.99958e-16 0)
(3 -1.10972e-15 0)
(3 -1.19933e-15 0)
(3 -3.63282e-16 0)
(3 -3.23304e-16 0)
(3 -9.68479e-16 0)
(3 -5.31952e-16 0)
(3 1.26007e-16 0)
(3 1.6528e-15 0)
(3 2.46507e-15 0)
(3 3.08571e-15 0)
(3 2.96082e-15 0)
(3 2.64315e-16 0)
(3 -4.1513e-17 0)
(3 -3.02115e-16 0)
(3 -1.03562e-15 0)
(3 1.87871e-17 0)
(3 6.45721e-16 0)
(3 1.04064e-15 0)
(3 1.01173e-15 0)
(3 4.3512e-16 0)
(3 -3.792e-16 0)
(3 -1.31685e-15 0)
(3 -1.37255e-15 0)
(3 -1.46727e-15 0)
(3 -1.53725e-15 0)
(3 -1.70135e-15 0)
(3 -8.36524e-16 0)
(3 -6.13576e-16 0)
(3 -5.1651e-16 0)
(3 3.62165e-17 0)
(3 3.36761e-16 0)
(3 1.05694e-15 0)
(3 2.22874e-15 0)
(3 1.80919e-15 0)
(3 8.46072e-16 0)
(3 6.8512e-17 0)
(3 6.3557e-16 0)
(3 1.1454e-15 0)
(3 9.90261e-16 0)
(3 1.38816e-15 0)
(3 1.652e-15 0)
(3 1.50633e-15 0)
(3 1.62296e-15 0)
(3 6.49375e-16 0)
(3 -2.37585e-17 0)
(3 -1.06045e-16 0)
(3 -5.03378e-16 0)
(3 -1.15295e-15 0)
(3 -1.25624e-15 0)
(3 -1.5698e-15 0)
(3 -6.56336e-16 0)
(3 -2.95396e-16 0)
(3 -2.45948e-16 0)
(3 -4.22751e-16 0)
(3 -6.11236e-16 0)
(3 -2.86022e-16 0)
(3 4.20416e-16 0)
(3 -5.03423e-16 0)
(3 -7.92012e-16 0)
(3 -1.93985e-16 0)
(3 4.44847e-16 0)
(3 1.30401e-15 0)
(3 1.67609e-15 0)
(3 1.33568e-15 0)
(3 1.13574e-15 0)
(3 9.42043e-16 0)
(3 8.09377e-16 0)
(3 1.02188e-15 0)
(3 5.64035e-16 0)
(3 7.05617e-16 0)
(3 -4.35391e-18 0)
(3 -4.01859e-16 0)
(3 6.89453e-16 0)
(3 1.14958e-15 0)
(3 5.06665e-16 0)
(3 -1.32158e-16 0)
(3 -4.59057e-17 0)
(3 -3.90375e-16 0)
(3 -1.16885e-15 0)
(3 -1.90718e-15 0)
(3 -2.63301e-15 0)
(3 -1.9561e-15 0)
(3 -1.78161e-15 0)
(3 -2.33772e-18 0)
(3 -9.4874e-17 0)
(3 7.18319e-18 0)
(3 4.63261e-17 0)
(3 -4.95101e-16 0)
(3 -1.03814e-15 0)
(3 -1.16515e-15 0)
(3 -7.69697e-16 0)
(3 -1.48253e-17 0)
(3 3.96973e-16 0)
(3 8.21278e-16 0)
(3 9.99932e-16 0)
(3 1.50352e-15 0)
(3 1.41803e-15 0)
(3 1.07335e-15 0)
(3 4.66037e-16 0)
(3 9.49353e-17 0)
(3 -2.1367e-18 0)
(3 -3.38175e-16 0)
(3 -2.20766e-15 0)
(3 -3.39407e-15 0)
(3 -2.85907e-15 0)
(3 -1.4736e-15 0)
(3 -5.07554e-16 0)
(3 -3.09485e-17 0)
(3 -3.95808e-16 0)
(3 -6.94577e-16 0)
(3 -8.17e-16 0)
(3 -6.67842e-16 0)
(3 -3.06344e-16 0)
(3 -8.46942e-17 0)
(3 -1.28482e-16 0)
(3 -2.0972e-16 0)
(3 5.75933e-16 0)
(3 1.40719e-15 0)
(3 1.93716e-15 0)
(3 2.16022e-15 0)
(3 1.59621e-15 0)
(3 1.35716e-15 0)
(3 1.55778e-15 0)
(3 5.20341e-16 0)
(3 -3.08651e-16 0)
(3 -1.06335e-15 0)
(3 -1.90696e-15 0)
(3 -2.46178e-15 0)
(3 -3.48226e-15 0)
(3 -3.19524e-15 0)
(3 -2.69477e-15 0)
(3 -1.07667e-16 0)
(3 -6.80532e-16 0)
(3 -9.57607e-16 0)
(3 -8.75835e-16 0)
(3 -3.24373e-16 0)
(3 -5.63936e-16 0)
(3 -6.59415e-16 0)
(3 -7.37651e-16 0)
(3 -7.53289e-16 0)
(3 -4.2613e-17 0)
(3 5.4321e-16 0)
(3 1.06452e-15 0)
(3 1.26746e-15 0)
(3 9.13397e-16 0)
(3 9.05256e-16 0)
(3 2.0322e-16 0)
(3 -8.1052e-16 0)
(3 -9.05257e-16 0)
(3 -6.48622e-16 0)
(3 -6.14183e-16 0)
(3 -1.19683e-15 0)
(3 -1.86345e-15 0)
(3 -2.18453e-15 0)
(3 -2.05484e-15 0)
(3 2.55176e-17 0)
(3 -2.50433e-16 0)
(3 -1.4401e-16 0)
(3 -7.26261e-17 0)
(3 -2.60585e-16 0)
(3 -9.43818e-16 0)
(3 -1.2853e-15 0)
(3 -1.64094e-15 0)
(3 -1.56643e-15 0)
(3 -1.81698e-15 0)
(3 -2.11243e-15 0)
(3 -1.41192e-15 0)
(3 -1.03644e-15 0)
(3 -9.66324e-16 0)
(3 -9.64504e-16 0)
(3 -5.32519e-16 0)
(3 -1.04848e-15 0)
(3 -1.60944e-15 0)
(3 -1.74216e-15 0)
(3 -2.52391e-16 0)
(3 3.13065e-16 0)
(3 2.28472e-16 0)
(3 -9.38634e-16 0)
(3 -1.47719e-15 0)
(3 3.50186e-16 0)
(3 7.33638e-16 0)
(3 1.02738e-15 0)
(3 8.03618e-16 0)
(3 3.19025e-16 0)
(3 9.32647e-17 0)
(3 -3.17258e-16 0)
(3 -6.43399e-16 0)
(3 -1.11256e-15 0)
(3 -1.87036e-15 0)
(3 -1.99928e-15 0)
(3 -1.28155e-15 0)
(3 -1.24658e-15 0)
(3 -8.13938e-16 0)
(3 -3.63631e-16 0)
(3 3.1862e-16 0)
(3 7.37187e-16 0)
(3 1.69106e-16 0)
(3 -7.23103e-16 0)
(3 -5.25567e-16 0)
(3 9.18125e-16 0)
(3 3.44442e-16 0)
(3 -7.36153e-16 0)
(3 -1.85779e-15 0)
(3 1.64812e-16 0)
(3 4.503e-16 0)
(3 5.22534e-16 0)
(3 5.32292e-16 0)
(3 4.4304e-16 0)
(3 5.35558e-17 0)
(3 9.13967e-17 0)
(3 -1.87883e-16 0)
(3 -7.40908e-16 0)
(3 -5.04089e-16 0)
(3 -4.10617e-16 0)
(3 -4.86742e-16 0)
(3 -5.22779e-16 0)
(3 -1.30407e-16 0)
(3 4.33705e-16 0)
(3 4.66494e-16 0)
(3 1.63209e-15 0)
(3 2.19529e-15 0)
(3 1.56537e-15 0)
(3 -1.30477e-17 0)
(3 -8.10704e-17 0)
(3 -4.02414e-16 0)
(3 -8.32703e-16 0)
(3 -1.07338e-15 0)
(3 -4.02905e-16 0)
(3 -1.59539e-16 0)
(3 -8.0036e-17 0)
(3 2.45199e-16 0)
(3 3.50416e-16 0)
(3 -4.6908e-16 0)
(3 -8.31275e-16 0)
(3 -1.12352e-15 0)
(3 -2.8118e-16 0)
(3 4.71504e-16 0)
(3 1.32679e-15 0)
(3 1.61686e-15 0)
(3 1.93066e-15 0)
(3 1.82844e-15 0)
(3 1.29188e-15 0)
(3 5.16764e-16 0)
(3 -1.51179e-16 0)
(3 3.96197e-17 0)
(3 5.54568e-16 0)
(3 5.26536e-16 0)
(3 -8.85952e-16 0)
(3 -8.37298e-16 0)
(3 7.00556e-16 0)
(3 1.61102e-16 0)
(3 -4.28623e-18 0)
(3 2.15974e-16 0)
(3 1.44925e-16 0)
(3 -2.81906e-17 0)
(3 -2.9928e-16 0)
(3 -4.29858e-16 0)
(3 -3.45317e-16 0)
(3 3.13221e-16 0)
(3 4.69727e-16 0)
(3 3.27428e-16 0)
(3 8.15129e-16 0)
(3 2.05081e-15 0)
(3 1.84386e-15 0)
(3 1.54678e-15 0)
(3 9.78699e-16 0)
(3 3.07214e-16 0)
(3 -1.02212e-15 0)
(3 -8.92729e-16 0)
(3 -5.7981e-16 0)
(3 5.96886e-17 0)
(3 -1.69092e-16 0)
(3 -5.88606e-16 0)
(3 -1.31287e-16 0)
(3 4.49373e-16 0)
(3 2.15863e-16 0)
(3 1.21787e-16 0)
(3 -1.61705e-16 0)
(3 -5.89853e-16 0)
(3 -1.02796e-15 0)
(3 -1.65631e-16 0)
(3 1.2195e-15 0)
(3 1.43557e-15 0)
(3 1.23697e-15 0)
(3 9.25632e-16 0)
(3 1.59106e-15 0)
(3 1.39548e-15 0)
(3 2.18462e-16 0)
(3 1.2189e-16 0)
(3 6.18549e-16 0)
(3 4.55311e-16 0)
(3 1.80064e-16 0)
(3 -3.69658e-16 0)
(3 -5.21201e-16 0)
(3 -6.71613e-16 0)
(3 -2.01397e-16 0)
(3 4.69767e-18 0)
(3 -5.76052e-16 0)
(3 -4.50413e-16 0)
(3 8.23433e-17 0)
(3 -1.17932e-16 0)
(3 -2.84464e-16 0)
(3 -5.75639e-16 0)
(3 -7.24684e-16 0)
(3 -1.59448e-16 0)
(3 2.97174e-16 0)
(3 7.39132e-16 0)
(3 1.21258e-15 0)
(3 1.51744e-15 0)
(3 1.83224e-15 0)
(3 1.422e-15 0)
(3 7.82051e-16 0)
(3 9.0541e-16 0)
(3 6.99007e-16 0)
(3 5.48522e-16 0)
(3 4.15258e-16 0)
(3 -1.99754e-16 0)
(3 -3.40683e-16 0)
(3 -8.02436e-16 0)
(3 -5.68701e-16 0)
(3 -3.51457e-16 0)
(3 -6.48201e-16 0)
(3 -7.63945e-16 0)
(2.93399 0.0103517 0)
(2.84363 0.0814698 0)
(2.75727 0.143383 0)
(2.67311 0.230379 0)
(2.56635 0.362988 0)
(2.51712 0.433678 0)
(2.41513 0.547031 0)
(2.35312 0.62864 0)
(2.3116 0.723904 0)
(2.25386 0.79843 0)
(2.24828 0.852217 0)
(2.28324 0.88618 0)
(2.32799 0.895041 0)
(2.33625 0.889178 0)
(2.34522 0.885141 0)
(2.34663 0.86683 0)
(2.34547 0.85916 0)
(2.34241 0.850653 0)
(2.34216 0.847162 0)
(2.34562 0.849049 0)
(2.34396 0.849195 0)
(2.34159 0.849363 0)
(2.33713 0.850508 0)
(2.33406 0.850231 0)
(2.99884 0.00110433 0)
(2.98902 0.0128258 0)
(2.96111 0.0506393 0)
(2.90438 0.128805 0)
(2.79807 0.278915 0)
(2.69309 0.454976 0)
(2.51713 0.693892 0)
(2.39941 0.895024 0)
(2.21823 1.07067 0)
(2.16203 1.10657 0)
(2.15198 1.03243 0)
(2.18503 0.995809 0)
(2.24777 0.950757 0)
(2.30024 0.902752 0)
(2.33439 0.853048 0)
(2.35211 0.828625 0)
(2.35303 0.83467 0)
(2.35517 0.837768 0)
(2.35519 0.838249 0)
(2.3544 0.840225 0)
(2.35294 0.843785 0)
(2.34686 0.846039 0)
(2.34144 0.84836 0)
(2.33729 0.850454 0)
(3 -5.02956e-06 0)
(2.99999 5.92934e-06 0)
(3.00001 5.62728e-05 0)
(2.99993 1.67822e-05 0)
(2.99854 0.00203254 0)
(2.99202 0.0114166 0)
(2.96356 0.0561575 0)
(2.90288 0.168961 0)
(2.76898 0.414243 0)
(2.58037 0.717476 0)
(2.46627 0.840156 0)
(2.33687 0.931152 0)
(2.29015 0.914476 0)
(2.29631 0.901102 0)
(2.3133 0.885363 0)
(2.34871 0.866644 0)
(2.35671 0.865455 0)
(2.35872 0.847852 0)
(2.36109 0.839762 0)
(2.3596 0.839501 0)
(2.3586 0.840164 0)
(2.35381 0.843398 0)
(2.34868 0.846045 0)
(2.3447 0.849373 0)
(3 -9.28583e-08 0)
(3 -6.40309e-08 0)
(3 -3.86687e-07 0)
(3 -1.30085e-06 0)
(3.00001 -9.21104e-06 0)
(2.99999 2.0484e-05 0)
(3.00003 -8.32071e-05 0)
(2.99929 0.00125145 0)
(2.98985 0.0172944 0)
(2.89376 0.173079 0)
(2.78529 0.406766 0)
(2.41975 0.807271 0)
(2.33402 0.889365 0)
(2.28179 0.945947 0)
(2.28815 0.947867 0)
(2.30735 0.924365 0)
(2.33642 0.885774 0)
(2.34725 0.860144 0)
(2.35354 0.84383 0)
(2.35814 0.839994 0)
(2.36008 0.842429 0)
(2.36036 0.84644 0)
(2.35807 0.848748 0)
(2.35304 0.850243 0)
(3 2.79272e-10 0)
(3 -2.41516e-09 0)
(3 -2.78174e-08 0)
(3 -7.88656e-08 0)
(3 -7.60912e-07 0)
(3 -7.74128e-07 0)
(3 -2.04867e-06 0)
(3 -1.97383e-06 0)
(3.00004 -8.45246e-05 0)
(2.99927 0.000962444 0)
(2.98767 0.0183659 0)
(2.85269 0.187247 0)
(2.67609 0.447745 0)
(2.43364 0.738923 0)
(2.29044 0.916633 0)
(2.28877 0.897174 0)
(2.30874 0.882377 0)
(2.32141 0.876767 0)
(2.3371 0.869273 0)
(2.34939 0.854361 0)
(2.35657 0.84822 0)
(2.35634 0.850354 0)
(2.35654 0.851239 0)
(2.35263 0.856073 0)
(3 4.87998e-12 0)
(3 3.54696e-13 0)
(3 4.89967e-11 0)
(3 -9.71896e-11 0)
(3 6.34336e-10 0)
(3 -6.8305e-08 0)
(3 -7.21386e-08 0)
(3 -2.02581e-07 0)
(3 -6.54667e-06 0)
(3 -6.28529e-06 0)
(3.00003 -6.84951e-05 0)
(2.9983 0.00224148 0)
(2.97527 0.0351862 0)
(2.82546 0.219821 0)
(2.51459 0.593705 0)
(2.42235 0.739146 0)
(2.29866 0.884163 0)
(2.28717 0.895375 0)
(2.30227 0.886837 0)
(2.32521 0.861234 0)
(2.33586 0.847807 0)
(2.34257 0.847603 0)
(2.34619 0.844118 0)
(2.34965 0.841635 0)
(3 -7.60911e-15 0)
(3 6.65708e-13 0)
(3 1.48845e-11 0)
(3 2.40153e-11 0)
(3 3.08036e-11 0)
(3 -5.92474e-11 0)
(3 -6.59778e-10 0)
(3 -1.35064e-09 0)
(3 -2.20125e-08 0)
(3 -4.36985e-07 0)
(3 -7.92689e-06 0)
(3 -4.89686e-06 0)
(3 -2.84742e-05 0)
(2.99537 0.00632749 0)
(2.93478 0.0803125 0)
(2.7807 0.306281 0)
(2.40999 0.734271 0)
(2.36828 0.796331 0)
(2.31797 0.845925 0)
(2.31687 0.844884 0)
(2.32356 0.843156 0)
(2.33241 0.839782 0)
(2.33731 0.83677 0)
(2.34222 0.83531 0)
(3 1.63143e-15 0)
(3 -7.26962e-15 0)
(3 1.09293e-13 0)
(3 1.91338e-12 0)
(3 7.1776e-12 0)
(3 7.34754e-12 0)
(3 6.41279e-12 0)
(3 2.51606e-12 0)
(3 7.10316e-11 0)
(3 -2.84806e-10 0)
(3 -3.83345e-08 0)
(3 -5.72301e-07 0)
(3 -2.12034e-06 0)
(3.00001 -2.64932e-05 0)
(2.99965 0.000622403 0)
(2.988 0.0172167 0)
(2.85669 0.180886 0)
(2.7025 0.436944 0)
(2.35207 0.821501 0)
(2.28474 0.876739 0)
(2.3073 0.85016 0)
(2.30907 0.84678 0)
(2.31335 0.843211 0)
(2.32451 0.840444 0)
(3 1.18075e-15 0)
(3 -2.54933e-15 0)
(3 -1.49648e-15 0)
(3 7.02559e-15 0)
(3 8.69925e-14 0)
(3 8.79553e-13 0)
(3 1.22028e-12 0)
(3 1.39453e-12 0)
(3 1.52393e-11 0)
(3 1.52669e-11 0)
(3 3.23627e-10 0)
(3 -5.72149e-09 0)
(3 -3.77633e-08 0)
(3 -3.33998e-06 0)
(3 -2.95202e-06 0)
(3 -2.27439e-05 0)
(2.99697 0.00513523 0)
(2.96522 0.0566467 0)
(2.72087 0.369895 0)
(2.5778 0.59492 0)
(2.384 0.791547 0)
(2.29846 0.872732 0)
(2.29242 0.862405 0)
(2.30493 0.847839 0)
(3 1.00429e-15 0)
(3 1.42371e-15 0)
(3 1.45229e-15 0)
(3 1.80468e-15 0)
(3 1.78965e-15 0)
(3 9.93257e-15 0)
(3 2.60972e-14 0)
(3 9.46594e-14 0)
(3 2.47964e-13 0)
(3 2.38075e-12 0)
(3 2.80122e-11 0)
(3 1.79831e-11 0)
(3 1.07241e-10 0)
(3 -2.30135e-08 0)
(3 -9.68744e-07 0)
(3 -1.21503e-06 0)
(3 -9.87574e-06 0)
(2.99959 0.000635252 0)
(2.9796 0.0307054 0)
(2.90445 0.174264 0)
(2.56417 0.594005 0)
(2.43051 0.760571 0)
(2.35123 0.80525 0)
(2.33596 0.829758 0)
(3 -5.28545e-17 0)
(3 3.29442e-16 0)
(3 7.61177e-16 0)
(3 1.4199e-15 0)
(3 1.67286e-15 0)
(3 1.16513e-15 0)
(3 9.50769e-16 0)
(3 2.1922e-15 0)
(3 2.85036e-15 0)
(3 9.4655e-15 0)
(3 4.40374e-13 0)
(3 2.72924e-12 0)
(3 1.89445e-11 0)
(3 8.45863e-11 0)
(3 -2.23742e-08 0)
(3 -1.11301e-07 0)
(3 -1.51322e-06 0)
(3 -4.98886e-06 0)
(2.9999 0.000192772 0)
(2.99622 0.00737757 0)
(2.90979 0.129673 0)
(2.75897 0.38484 0)
(2.46456 0.720618 0)
(2.32904 0.904888 0)
(3 -1.23842e-15 0)
(3 -9.57497e-16 0)
(3 -5.78917e-16 0)
(3 3.97995e-16 0)
(3 1.44799e-15 0)
(3 2.35555e-15 0)
(3 2.73391e-15 0)
(3 2.86778e-15 0)
(3 2.76314e-15 0)
(3 4.2672e-15 0)
(3 5.03197e-15 0)
(3 1.45909e-13 0)
(3 1.94892e-12 0)
(3 5.03705e-12 0)
(3 1.04424e-10 0)
(3 -2.53344e-09 0)
(3 -1.8112e-08 0)
(3 -1.36602e-06 0)
(3 -1.15375e-06 0)
(2.99999 -9.41799e-07 0)
(2.99746 0.00445097 0)
(2.96939 0.0608408 0)
(2.79611 0.316036 0)
(2.5075 0.696806 0)
(3 -2.57971e-15 0)
(3 -1.66563e-15 0)
(3 -4.45914e-16 0)
(3 -1.70347e-16 0)
(3 1.01346e-15 0)
(3 1.80543e-15 0)
(3 2.35977e-15 0)
(3 3.25464e-15 0)
(3 3.99781e-15 0)
(3 3.53514e-15 0)
(3 9.84297e-16 0)
(3 3.03385e-15 0)
(3 1.00492e-14 0)
(3 5.28878e-13 0)
(3 1.87023e-11 0)
(3 2.56279e-11 0)
(3 -4.44106e-11 0)
(3 -2.87689e-08 0)
(3 -5.86674e-07 0)
(3 -4.37158e-07 0)
(3 -5.26028e-06 0)
(2.99935 0.00133276 0)
(2.97994 0.0360561 0)
(2.84104 0.244244 0)
(3 -1.9891e-15 0)
(3 -1.617e-15 0)
(3 -3.0071e-16 0)
(3 6.29962e-16 0)
(3 5.39934e-16 0)
(3 5.93864e-16 0)
(3 8.96138e-16 0)
(3 1.57695e-15 0)
(3 2.25422e-15 0)
(3 1.96711e-15 0)
(3 7.98888e-16 0)
(3 -7.32786e-16 0)
(3 -7.59513e-16 0)
(3 4.5056e-15 0)
(3 8.66217e-13 0)
(3 7.30871e-12 0)
(3 6.09936e-12 0)
(3 -1.83884e-11 0)
(3 -2.36968e-08 0)
(3 -1.07615e-07 0)
(3 -2.79806e-07 0)
(3 -8.84335e-07 0)
(2.99965 0.000710949 0)
(2.99042 0.0177709 0)
(3 -8.01188e-16 0)
(3 -1.74714e-16 0)
(3 3.04069e-16 0)
(3 2.62447e-16 0)
(3 -2.56904e-16 0)
(3 6.97456e-17 0)
(3 -1.08956e-16 0)
(3 -5.19952e-16 0)
(3 3.9664e-16 0)
(3 1.16457e-15 0)
(3 1.11265e-15 0)
(3 2.71044e-16 0)
(3 3.57785e-16 0)
(3 1.26836e-15 0)
(3 5.22209e-15 0)
(3 2.20703e-13 0)
(3 1.3609e-12 0)
(3 2.16573e-12 0)
(3 -7.09442e-11 0)
(3 -6.00634e-09 0)
(3 -6.28377e-08 0)
(3 -2.15194e-07 0)
(3 1.85905e-06 0)
(3.00001 -3.75663e-05 0)
(3 8.58155e-16 0)
(3 1.11559e-15 0)
(3 1.3521e-15 0)
(3 1.24701e-15 0)
(3 1.4166e-15 0)
(3 8.51092e-16 0)
(3 -5.71281e-17 0)
(3 -3.86118e-16 0)
(3 -3.21049e-16 0)
(3 -5.76462e-16 0)
(3 -8.0057e-16 0)
(3 3.84477e-16 0)
(3 1.38673e-15 0)
(3 2.83764e-15 0)
(3 3.99185e-15 0)
(3 4.94965e-15 0)
(3 5.52051e-14 0)
(3 5.33738e-13 0)
(3 1.36342e-12 0)
(3 -1.29446e-10 0)
(3 -3.169e-09 0)
(3 -1.08814e-08 0)
(3 -5.25407e-07 0)
(3 -5.094e-07 0)
(3 2.98336e-15 0)
(3 1.59635e-15 0)
(3 2.08538e-15 0)
(3 2.25329e-15 0)
(3 1.94075e-15 0)
(3 4.53816e-16 0)
(3 3.18347e-17 0)
(3 -1.50263e-16 0)
(3 -4.21301e-16 0)
(3 -1.42407e-15 0)
(3 -2.57518e-15 0)
(3 -1.99384e-17 0)
(3 7.72228e-16 0)
(3 3.01174e-15 0)
(3 4.20806e-15 0)
(3 3.80504e-15 0)
(3 -3.16422e-14 0)
(3 -9.12309e-13 0)
(3 -3.69546e-13 0)
(3 7.28939e-11 0)
(3 2.67762e-09 0)
(3 1.23064e-07 0)
(3 3.34622e-08 0)
(3 -5.83691e-09 0)
(3 3.52932e-15 0)
(3 2.32373e-15 0)
(3 1.09974e-15 0)
(3 6.36332e-16 0)
(3 -3.52552e-16 0)
(3 -2.31691e-16 0)
(3 -2.16139e-17 0)
(3 -8.37935e-16 0)
(3 -1.35786e-15 0)
(3 -2.46259e-15 0)
(3 -2.2484e-15 0)
(3 -5.58968e-16 0)
(3 1.44284e-15 0)
(3 2.20579e-15 0)
(3 -1.58916e-16 0)
(3 -1.84424e-13 0)
(3 -1.27072e-12 0)
(3 -2.33087e-12 0)
(3 5.78944e-11 0)
(3 5.7304e-09 0)
(3 5.39741e-08 0)
(3 3.91925e-07 0)
(3 -1.30358e-05 0)
(2.99999 3.35461e-06 0)
(3 2.59165e-15 0)
(3 2.28436e-15 0)
(3 6.49399e-17 0)
(3 -7.15864e-16 0)
(3 -2.31385e-15 0)
(3 -2.32409e-15 0)
(3 -1.70652e-15 0)
(3 -1.60417e-15 0)
(3 -1.94033e-15 0)
(3 -1.70168e-15 0)
(3 -5.74589e-16 0)
(3 3.36838e-16 0)
(3 1.08548e-15 0)
(3 -4.55477e-15 0)
(3 -1.02901e-12 0)
(3 -6.81691e-12 0)
(3 -5.60183e-12 0)
(3 3.82761e-11 0)
(3 1.84579e-08 0)
(3 1.463e-07 0)
(3 1.8781e-07 0)
(3 1.96271e-06 0)
(2.99959 -0.000866855 0)
(2.99262 -0.0153824 0)
(3 9.57996e-16 0)
(3 7.7886e-16 0)
(3 -1.07409e-15 0)
(3 -2.20108e-15 0)
(3 -2.51853e-15 0)
(3 -3.08091e-15 0)
(3 -3.76112e-15 0)
(3 -1.98218e-15 0)
(3 -7.4278e-16 0)
(3 -7.28503e-16 0)
(3 4.52035e-16 0)
(3 -1.50861e-15 0)
(3 -9.17339e-15 0)
(3 -5.31776e-13 0)
(3 -1.97948e-11 0)
(3 -2.44657e-11 0)
(3 4.91195e-11 0)
(3 3.1114e-08 0)
(3 5.76107e-07 0)
(3 4.3931e-07 0)
(3 4.31342e-06 0)
(2.99937 -0.00123976 0)
(2.97802 -0.0397045 0)
(2.86292 -0.221803 0)
(3 -7.69301e-16 0)
(3 -7.07893e-16 0)
(3 -8.94718e-16 0)
(3 -4.26021e-16 0)
(3 2.03504e-16 0)
(3 5.01613e-16 0)
(3 -7.08408e-16 0)
(3 -7.64443e-16 0)
(3 -1.55299e-16 0)
(3 8.79211e-17 0)
(3 -5.59176e-16 0)
(3 -1.34331e-13 0)
(3 -1.91387e-12 0)
(3 -4.96698e-12 0)
(3 -1.05738e-10 0)
(3 2.54365e-09 0)
(3 1.78451e-08 0)
(3 1.40454e-06 0)
(3 1.19225e-06 0)
(2.99999 6.82447e-08 0)
(2.99747 -0.00439867 0)
(2.96887 -0.061052 0)
(2.79591 -0.315573 0)
(2.51315 -0.689584 0)
(3 -2.1227e-15 0)
(3 -1.57144e-15 0)
(3 -3.97485e-16 0)
(3 1.73705e-15 0)
(3 1.42704e-15 0)
(3 2.20177e-15 0)
(3 2.32598e-16 0)
(3 -1.97939e-15 0)
(3 -4.65037e-15 0)
(3 -1.26203e-14 0)
(3 -4.36599e-13 0)
(3 -2.77286e-12 0)
(3 -1.86383e-11 0)
(3 -8.5195e-11 0)
(3 2.2218e-08 0)
(3 1.12491e-07 0)
(3 1.49193e-06 0)
(3 5.06832e-06 0)
(2.9999 -0.00019314 0)
(2.99623 -0.0073753 0)
(2.90977 -0.129664 0)
(2.75456 -0.387106 0)
(2.47109 -0.714448 0)
(2.33102 -0.903528 0)
(3 -7.93631e-16 0)
(3 -1.02017e-15 0)
(3 -3.94993e-17 0)
(3 6.61607e-16 0)
(3 5.78586e-16 0)
(3 -6.97733e-15 0)
(3 -2.60661e-14 0)
(3 -9.89781e-14 0)
(3 -2.57157e-13 0)
(3 -2.37104e-12 0)
(3 -2.81467e-11 0)
(3 -1.76276e-11 0)
(3 -1.06575e-10 0)
(3 2.30755e-08 0)
(3 9.86201e-07 0)
(3 1.20097e-06 0)
(3 9.82094e-06 0)
(2.99958 -0.000634841 0)
(2.97965 -0.0306648 0)
(2.90502 -0.174312 0)
(2.56333 -0.595018 0)
(2.42979 -0.76021 0)
(2.35216 -0.804086 0)
(2.33673 -0.829652 0)
(3 -2.70405e-15 0)
(3 -3.08926e-16 0)
(3 2.73152e-16 0)
(3 -7.33984e-15 0)
(3 -8.50979e-14 0)
(3 -8.78577e-13 0)
(3 -1.22017e-12 0)
(3 -1.39082e-12 0)
(3 -1.52565e-11 0)
(3 -1.52624e-11 0)
(3 -3.24144e-10 0)
(3 5.7524e-09 0)
(3 3.78117e-08 0)
(3 3.31635e-06 0)
(3 3.032e-06 0)
(3 2.21231e-05 0)
(2.99697 -0.00511761 0)
(2.96506 -0.0567809 0)
(2.721 -0.369556 0)
(2.57963 -0.594397 0)
(2.38232 -0.793014 0)
(2.29727 -0.873341 0)
(2.29191 -0.86189 0)
(2.30551 -0.847468 0)
(3 -2.20262e-15 0)
(3 6.06929e-15 0)
(3 -1.10944e-13 0)
(3 -1.91521e-12 0)
(3 -7.18018e-12 0)
(3 -7.35349e-12 0)
(3 -6.41289e-12 0)
(3 -2.51585e-12 0)
(3 -7.26161e-11 0)
(3 2.90475e-10 0)
(3 3.82291e-08 0)
(3 5.72803e-07 0)
(3 2.11764e-06 0)
(3.00001 2.64865e-05 0)
(2.99965 -0.000622019 0)
(2.98799 -0.0172316 0)
(2.85678 -0.180742 0)
(2.70202 -0.43712 0)
(2.35192 -0.821422 0)
(2.28534 -0.875985 0)
(2.3075 -0.850488 0)
(2.30889 -0.847024 0)
(2.31305 -0.842956 0)
(2.32465 -0.84023 0)
(3 7.68098e-15 0)
(3 -6.63892e-13 0)
(3 -1.48848e-11 0)
(3 -2.40149e-11 0)
(3 -3.08059e-11 0)
(3 5.94327e-11 0)
(3 6.5929e-10 0)
(3 1.35075e-09 0)
(3 2.2012e-08 0)
(3 4.36976e-07 0)
(3 7.92662e-06 0)
(3 4.89657e-06 0)
(3 2.84117e-05 0)
(2.99537 -0.00632539 0)
(2.93477 -0.0803273 0)
(2.78072 -0.306265 0)
(2.41005 -0.734197 0)
(2.36809 -0.796458 0)
(2.31797 -0.845886 0)
(2.31694 -0.844802 0)
(2.32365 -0.843173 0)
(2.33231 -0.84001 0)
(2.33724 -0.836563 0)
(2.3423 -0.83523 0)
(3 -4.88073e-12 0)
(3 -3.54812e-13 0)
(3 -4.9009e-11 0)
(3 9.73364e-11 0)
(3 -6.34539e-10 0)
(3 6.83047e-08 0)
(3 7.21426e-08 0)
(3 2.02578e-07 0)
(3 6.54664e-06 0)
(3 6.28528e-06 0)
(3.00003 6.84931e-05 0)
(2.9983 -0.00224142 0)
(2.97527 -0.0351875 0)
(2.82547 -0.219813 0)
(2.51458 -0.593726 0)
(2.42236 -0.739131 0)
(2.29867 -0.884157 0)
(2.28716 -0.8954 0)
(2.30227 -0.886835 0)
(2.32523 -0.861191 0)
(2.33585 -0.847834 0)
(2.34259 -0.847591 0)
(2.34619 -0.844084 0)
(2.34964 -0.841646 0)
(3 -2.79273e-10 0)
(3 2.41514e-09 0)
(3 2.78176e-08 0)
(3 7.88661e-08 0)
(3 7.60908e-07 0)
(3 7.74126e-07 0)
(3 2.04954e-06 0)
(3 1.97308e-06 0)
(3.00004 8.45223e-05 0)
(2.99927 -0.000962447 0)
(2.98767 -0.018366 0)
(2.85269 -0.187246 0)
(2.67609 -0.447747 0)
(2.43364 -0.73892 0)
(2.29044 -0.916635 0)
(2.28877 -0.89717 0)
(2.30873 -0.882377 0)
(2.32142 -0.876774 0)
(2.3371 -0.869277 0)
(2.34941 -0.854334 0)
(2.35657 -0.848232 0)
(2.35634 -0.850368 0)
(2.35655 -0.851237 0)
(2.35262 -0.856054 0)
(3 9.28592e-08 0)
(3 6.40308e-08 0)
(3 3.86656e-07 0)
(3 1.30078e-06 0)
(3.00001 9.21103e-06 0)
(2.99999 -2.04839e-05 0)
(3.00003 8.32155e-05 0)
(2.99929 -0.00125148 0)
(2.98985 -0.0172942 0)
(2.89375 -0.17308 0)
(2.78529 -0.406766 0)
(2.41975 -0.807268 0)
(2.33402 -0.889367 0)
(2.28179 -0.945948 0)
(2.28814 -0.947867 0)
(2.30735 -0.924364 0)
(2.33642 -0.885773 0)
(2.34724 -0.86015 0)
(2.35354 -0.843829 0)
(2.35814 -0.839987 0)
(2.36008 -0.842433 0)
(2.36035 -0.846446 0)
(2.35807 -0.848749 0)
(2.35303 -0.850237 0)
(3 5.0295e-06 0)
(2.99999 -5.92711e-06 0)
(3.00001 -5.62825e-05 0)
(2.99993 -1.67759e-05 0)
(2.99854 -0.00203255 0)
(2.99202 -0.0114166 0)
(2.96356 -0.0561575 0)
(2.90288 -0.168962 0)
(2.76899 -0.41424 0)
(2.58037 -0.717478 0)
(2.46627 -0.840157 0)
(2.33687 -0.931151 0)
(2.29015 -0.914475 0)
(2.29631 -0.901102 0)
(2.3133 -0.885364 0)
(2.34871 -0.866642 0)
(2.35671 -0.865454 0)
(2.35872 -0.847854 0)
(2.36109 -0.839761 0)
(2.3596 -0.8395 0)
(2.3586 -0.840164 0)
(2.35381 -0.843399 0)
(2.34867 -0.846045 0)
(2.3447 -0.849369 0)
(2.99884 -0.00110433 0)
(2.98902 -0.0128258 0)
(2.96111 -0.0506394 0)
(2.90438 -0.128805 0)
(2.79807 -0.278916 0)
(2.69309 -0.454975 0)
(2.51713 -0.693893 0)
(2.39941 -0.895025 0)
(2.21823 -1.07067 0)
(2.16203 -1.10657 0)
(2.15198 -1.03243 0)
(2.18503 -0.995808 0)
(2.24777 -0.950756 0)
(2.30024 -0.902753 0)
(2.33439 -0.853048 0)
(2.35211 -0.828623 0)
(2.35303 -0.83467 0)
(2.35517 -0.837768 0)
(2.35519 -0.838249 0)
(2.3544 -0.840225 0)
(2.35294 -0.843785 0)
(2.34686 -0.846039 0)
(2.34144 -0.84836 0)
(2.33729 -0.850453 0)
(2.93399 -0.0103517 0)
(2.84363 -0.0814696 0)
(2.75727 -0.143384 0)
(2.67311 -0.230378 0)
(2.56635 -0.362989 0)
(2.51712 -0.433678 0)
(2.41513 -0.547031 0)
(2.35312 -0.62864 0)
(2.3116 -0.723904 0)
(2.25386 -0.79843 0)
(2.24828 -0.852217 0)
(2.28324 -0.88618 0)
(2.32799 -0.89504 0)
(2.33625 -0.889178 0)
(2.34522 -0.885141 0)
(2.34663 -0.86683 0)
(2.34547 -0.85916 0)
(2.34241 -0.850653 0)
(2.34216 -0.847162 0)
(2.34562 -0.849049 0)
(2.34396 -0.849196 0)
(2.34159 -0.849363 0)
(2.33713 -0.850508 0)
(2.33406 -0.850231 0)
(2.42453 0.818113 0)
(2.54049 0.79387 0)
(2.623 0.814081 0)
(2.7659 0.622105 0)
(2.8652 0.474762 0)
(2.93714 0.373826 0)
(2.95694 0.205001 0)
(2.98476 0.113886 0)
(2.99251 0.0341647 0)
(3.00827 -0.012474 0)
(2.99491 -0.0417083 0)
(2.97368 -0.0709638 0)
(2.97546 -0.0711599 0)
(2.9882 -0.0526674 0)
(2.98791 -0.04712 0)
(2.97603 -0.0363962 0)
(2.96023 -0.0351938 0)
(2.94207 -0.0348449 0)
(2.94296 -0.0274342 0)
(2.95711 -0.012317 0)
(2.9626 -0.0022752 0)
(2.95883 -7.68262e-05 0)
(2.94746 -0.00185367 0)
(2.91466 -0.0319636 0)
(2.77192 -0.143717 0)
(2.4361 -0.346694 0)
(2.19393 -0.40752 0)
(2.03262 -0.428699 0)
(1.8992 -0.24341 0)
(1.82963 -0.122483 0)
(1.84918 -0.0176008 0)
(1.91517 0.031182 0)
(1.96648 0.0246953 0)
(2.00866 0.025749 0)
(2.03852 0.0264581 0)
(2.06754 0.0263107 0)
(2.09518 0.0237586 0)
(2.11489 0.021182 0)
(2.12875 0.0221996 0)
(2.14698 0.0252453 0)
(2.17149 0.0268834 0)
(2.19984 0.0266462 0)
(2.22961 0.0261753 0)
(2.25689 0.0261632 0)
(2.27948 0.0272228 0)
(2.29851 0.0281568 0)
(2.31665 0.0282667 0)
(2.33464 0.0272928 0)
(2.351 0.0266723 0)
(2.36332 0.0265135 0)
(2.37205 0.0285787 0)
(2.38194 0.0312662 0)
(2.39801 0.0320813 0)
(2.41918 0.0307509 0)
(2.44216 0.0304692 0)
(2.46458 0.0297624 0)
(2.48436 0.0287384 0)
(2.49921 0.0268984 0)
(2.50722 0.023949 0)
(2.50641 0.0260196 0)
(2.49986 0.0316539 0)
(2.50815 0.0335715 0)
(2.52713 0.0311182 0)
(2.547 0.0298643 0)
(2.56847 0.0293082 0)
(2.5893 0.0286571 0)
(2.60794 0.0283571 0)
(2.62094 0.0286892 0)
(2.6224 0.0297421 0)
(2.6047 0.0282576 0)
(2.60443 0.0224378 0)
(2.60257 0.0163717 0)
(2.58276 -0.0103996 0)
(2.51341 -0.068602 0)
(2.4229 -0.124607 0)
(2.36834 -0.17482 0)
(2.34102 -0.163499 0)
(2.3196 -0.133734 0)
(2.25396 -0.0986522 0)
(2.22377 -0.0664167 0)
(2.19789 -0.0396309 0)
(2.21805 -0.002763 0)
(2.25495 0.0187802 0)
(2.28319 0.0242041 0)
(2.3029 0.0247187 0)
(2.32084 0.0188587 0)
(2.33816 0.00878171 0)
(2.35725 0.00766074 0)
(2.36245 0.0168684 0)
(2.35148 0.0218665 0)
(2.36019 0.0212206 0)
(2.37642 0.0189584 0)
(2.39363 0.0138266 0)
(2.41505 0.0132168 0)
(2.43148 0.0148589 0)
(2.44983 0.0147718 0)
(2.44609 0.793605 0)
(2.59473 0.645769 0)
(2.69087 0.500853 0)
(2.78719 0.327305 0)
(2.87663 0.102612 0)
(2.91337 -0.0151254 0)
(2.94945 -0.0602034 0)
(2.95609 -0.15358 0)
(2.92756 -0.203312 0)
(2.96056 -0.165835 0)
(2.98917 -0.113093 0)
(2.972 -0.0832619 0)
(2.96606 -0.0869975 0)
(2.96253 -0.0804724 0)
(2.95348 -0.0631438 0)
(2.94921 -0.0335867 0)
(2.94008 -0.0193621 0)
(2.9182 -0.0143933 0)
(2.9136 -0.000867287 0)
(2.92754 0.017513 0)
(2.94317 0.0243016 0)
(2.93902 0.0133781 0)
(2.91223 -0.0403296 0)
(2.70772 -0.329215 0)
(2.55626 -0.527059 0)
(2.37461 -0.751245 0)
(2.28994 -0.702065 0)
(2.19928 -0.510449 0)
(2.0762 -0.191514 0)
(1.92831 0.0482394 0)
(1.86585 0.141297 0)
(1.89461 0.119267 0)
(1.9538 0.0818956 0)
(2.00997 0.0415698 0)
(2.04947 0.0312407 0)
(2.08842 0.0366765 0)
(2.12128 0.0412008 0)
(2.14122 0.0415829 0)
(2.15162 0.0435405 0)
(2.16724 0.0521944 0)
(2.1894 0.0601706 0)
(2.21503 0.0602942 0)
(2.24267 0.057683 0)
(2.26947 0.0557314 0)
(2.29296 0.0552877 0)
(2.31389 0.0557475 0)
(2.33426 0.0569017 0)
(2.35385 0.0574099 0)
(2.37045 0.057123 0)
(2.38193 0.0550341 0)
(2.39008 0.0543355 0)
(2.40094 0.0571061 0)
(2.41728 0.0603605 0)
(2.43749 0.061604 0)
(2.45882 0.0620732 0)
(2.47991 0.0596344 0)
(2.50027 0.0570582 0)
(2.51815 0.0542444 0)
(2.52873 0.0486977 0)
(2.53025 0.0443183 0)
(2.52615 0.0507437 0)
(2.52807 0.06115 0)
(2.54303 0.0595446 0)
(2.56138 0.0577205 0)
(2.58232 0.0563071 0)
(2.60467 0.0560565 0)
(2.62378 0.055584 0)
(2.64059 0.0564791 0)
(2.64695 0.0481223 0)
(2.62154 0.0192189 0)
(2.59944 -0.01883 0)
(2.56993 -0.0553979 0)
(2.50968 -0.142645 0)
(2.45647 -0.246066 0)
(2.43634 -0.339692 0)
(2.41926 -0.338573 0)
(2.37683 -0.271406 0)
(2.34302 -0.172846 0)
(2.30715 -0.068414 0)
(2.27021 0.000426202 0)
(2.23574 0.0355181 0)
(2.23043 0.0507938 0)
(2.24285 0.0587757 0)
(2.28454 0.0612442 0)
(2.30721 0.0599297 0)
(2.33199 0.0492577 0)
(2.35143 0.0280452 0)
(2.36959 0.0207352 0)
(2.37765 0.0243658 0)
(2.36968 0.0290835 0)
(2.3744 0.032719 0)
(2.39027 0.0298404 0)
(2.40723 0.0239395 0)
(2.42734 0.0222691 0)
(2.44449 0.0247484 0)
(2.46635 0.0249529 0)
(2.3642 0.835585 0)
(2.42017 0.786578 0)
(2.53223 0.66503 0)
(2.60751 0.580966 0)
(2.66713 0.467801 0)
(2.74473 0.298453 0)
(2.79224 0.262876 0)
(2.81316 0.205749 0)
(2.82439 0.0722973 0)
(2.83212 0.0540456 0)
(2.85992 0.0524756 0)
(2.89922 -0.00405001 0)
(2.90825 -0.0432448 0)
(2.90214 -0.096973 0)
(2.90524 -0.0981423 0)
(2.91755 -0.076748 0)
(2.9171 -0.0585014 0)
(2.90531 -0.0540059 0)
(2.89664 -0.0454508 0)
(2.90176 -0.0365408 0)
(2.91142 -0.0158988 0)
(2.87849 -0.0788283 0)
(2.72114 -0.317856 0)
(2.40678 -0.709617 0)
(2.36305 -0.728488 0)
(2.35554 -0.75913 0)
(2.36569 -0.755218 0)
(2.36946 -0.731149 0)
(2.35578 -0.641176 0)
(2.28011 -0.401994 0)
(2.14789 -0.124708 0)
(2.01738 0.0430225 0)
(2.00122 0.072944 0)
(2.01744 0.0800392 0)
(2.06544 0.0836968 0)
(2.10175 0.0771576 0)
(2.12376 0.0759413 0)
(2.14178 0.0805978 0)
(2.15873 0.0854424 0)
(2.17737 0.0945162 0)
(2.19555 0.105982 0)
(2.21412 0.105634 0)
(2.23695 0.0994986 0)
(2.26066 0.0941003 0)
(2.28421 0.0922873 0)
(2.30766 0.0936594 0)
(2.33058 0.0957952 0)
(2.35146 0.0966811 0)
(2.36763 0.0962983 0)
(2.37726 0.0935793 0)
(2.38404 0.0905282 0)
(2.39582 0.0918335 0)
(2.41342 0.0957938 0)
(2.4335 0.0984133 0)
(2.45362 0.102123 0)
(2.4723 0.103304 0)
(2.48899 0.0971349 0)
(2.50409 0.0884546 0)
(2.51667 0.0852018 0)
(2.52312 0.0886139 0)
(2.52746 0.096059 0)
(2.53116 0.0984543 0)
(2.54008 0.101587 0)
(2.55725 0.100227 0)
(2.5761 0.0967426 0)
(2.59567 0.0910067 0)
(2.61536 0.0875389 0)
(2.62357 0.0890501 0)
(2.61886 0.071263 0)
(2.59094 0.00165594 0)
(2.54904 -0.0736591 0)
(2.468 -0.18217 0)
(2.40221 -0.276029 0)
(2.39431 -0.31375 0)
(2.41133 -0.365007 0)
(2.43021 -0.366998 0)
(2.42759 -0.342242 0)
(2.41864 -0.296299 0)
(2.39628 -0.221918 0)
(2.38393 -0.150743 0)
(2.35787 -0.0787743 0)
(2.31544 -0.0119442 0)
(2.30228 0.0292771 0)
(2.3221 0.065688 0)
(2.33275 0.0765211 0)
(2.34409 0.0738242 0)
(2.3628 0.0543741 0)
(2.37707 0.0392598 0)
(2.38393 0.0454244 0)
(2.38044 0.0574826 0)
(2.37937 0.0582783 0)
(2.39566 0.0498107 0)
(2.4119 0.0423029 0)
(2.43025 0.0399391 0)
(2.44879 0.0454333 0)
(2.47223 0.0491208 0)
(2.35597 0.845871 0)
(2.37664 0.825969 0)
(2.43298 0.769066 0)
(2.50101 0.701 0)
(2.59178 0.598656 0)
(2.68252 0.438484 0)
(2.72294 0.389918 0)
(2.76369 0.357565 0)
(2.84522 0.179945 0)
(2.84034 0.0603914 0)
(2.8496 0.0595801 0)
(2.88728 0.0452046 0)
(2.91164 -0.0337628 0)
(2.89405 -0.0980145 0)
(2.87879 -0.127292 0)
(2.91497 -0.114158 0)
(2.94025 -0.0776729 0)
(2.91779 -0.0665391 0)
(2.90769 -0.0645974 0)
(2.89879 -0.0665846 0)
(2.85438 -0.136698 0)
(2.70944 -0.37929 0)
(2.38791 -0.736801 0)
(2.3234 -0.848109 0)
(2.33341 -0.815374 0)
(2.35697 -0.79237 0)
(2.38521 -0.768016 0)
(2.40789 -0.749084 0)
(2.42185 -0.724133 0)
(2.41508 -0.656076 0)
(2.35607 -0.480557 0)
(2.18719 -0.162944 0)
(2.07266 0.0518202 0)
(2.041 0.158982 0)
(2.05496 0.148022 0)
(2.08972 0.131794 0)
(2.12546 0.110594 0)
(2.16051 0.109721 0)
(2.19168 0.117057 0)
(2.21325 0.132455 0)
(2.22388 0.147064 0)
(2.23635 0.148461 0)
(2.25197 0.142124 0)
(2.27289 0.136581 0)
(2.2991 0.136103 0)
(2.32689 0.138429 0)
(2.35253 0.139508 0)
(2.37392 0.138297 0)
(2.38944 0.137082 0)
(2.39749 0.136695 0)
(2.40212 0.134153 0)
(2.40967 0.131332 0)
(2.42206 0.135734 0)
(2.44146 0.139748 0)
(2.46166 0.145185 0)
(2.47711 0.149324 0)
(2.49016 0.147152 0)
(2.50597 0.13867 0)
(2.51882 0.127383 0)
(2.5332 0.123488 0)
(2.54654 0.124676 0)
(2.55234 0.1288 0)
(2.54793 0.139717 0)
(2.5635 0.140561 0)
(2.58692 0.137945 0)
(2.60263 0.133111 0)
(2.61516 0.119985 0)
(2.61005 0.0946874 0)
(2.55899 -0.00371676 0)
(2.51107 -0.126339 0)
(2.43682 -0.24039 0)
(2.38301 -0.302569 0)
(2.36993 -0.310015 0)
(2.3889 -0.32142 0)
(2.40658 -0.328623 0)
(2.42893 -0.333431 0)
(2.44381 -0.328056 0)
(2.45538 -0.323964 0)
(2.4528 -0.308826 0)
(2.44147 -0.260112 0)
(2.42436 -0.186416 0)
(2.37962 -0.0777829 0)
(2.34658 0.0084242 0)
(2.3529 0.0560427 0)
(2.3547 0.112285 0)
(2.35855 0.110339 0)
(2.36373 0.088966 0)
(2.36808 0.0670763 0)
(2.3815 0.0642256 0)
(2.39583 0.0665446 0)
(2.40044 0.073702 0)
(2.41044 0.0738458 0)
(2.42517 0.0661062 0)
(2.44224 0.0646812 0)
(2.45833 0.0679269 0)
(2.4829 0.0709465 0)
(2.35396 0.850674 0)
(2.35838 0.844528 0)
(2.38106 0.822474 0)
(2.43782 0.768894 0)
(2.49697 0.712297 0)
(2.57156 0.617899 0)
(2.66302 0.488928 0)
(2.71732 0.439571 0)
(2.73754 0.413452 0)
(2.79886 0.275565 0)
(2.83421 0.150289 0)
(2.8671 0.135337 0)
(2.86169 0.154196 0)
(2.86241 0.0827533 0)
(2.87405 0.00123319 0)
(2.88791 -0.0245068 0)
(2.93092 0.000381576 0)
(2.93902 -0.0160616 0)
(2.92048 -0.0526119 0)
(2.8338 -0.204499 0)
(2.67542 -0.49439 0)
(2.44484 -0.748531 0)
(2.31485 -0.866265 0)
(2.32121 -0.868033 0)
(2.34315 -0.847249 0)
(2.36857 -0.812294 0)
(2.40577 -0.766804 0)
(2.43056 -0.740137 0)
(2.44445 -0.731204 0)
(2.45716 -0.725035 0)
(2.44727 -0.665922 0)
(2.41796 -0.556456 0)
(2.27552 -0.264933 0)
(2.15771 0.00546305 0)
(2.08719 0.127123 0)
(2.10089 0.149702 0)
(2.12155 0.155099 0)
(2.15773 0.162875 0)
(2.19196 0.163456 0)
(2.20991 0.167053 0)
(2.218 0.167313 0)
(2.22961 0.171921 0)
(2.24994 0.177395 0)
(2.2728 0.178174 0)
(2.29502 0.177649 0)
(2.31788 0.177155 0)
(2.34204 0.17581 0)
(2.3649 0.175156 0)
(2.3832 0.176924 0)
(2.39057 0.176073 0)
(2.38592 0.172424 0)
(2.4045 0.173737 0)
(2.43037 0.172289 0)
(2.45658 0.171682 0)
(2.48059 0.176206 0)
(2.49792 0.185496 0)
(2.50188 0.190109 0)
(2.49993 0.180811 0)
(2.50845 0.168164 0)
(2.52266 0.161675 0)
(2.54001 0.160661 0)
(2.55844 0.163792 0)
(2.56993 0.170255 0)
(2.56633 0.169024 0)
(2.58466 0.162653 0)
(2.58871 0.145615 0)
(2.57805 0.101883 0)
(2.51765 -0.0192871 0)
(2.46417 -0.153037 0)
(2.42227 -0.263981 0)
(2.37232 -0.312553 0)
(2.36008 -0.31701 0)
(2.37234 -0.303456 0)
(2.39156 -0.299278 0)
(2.40792 -0.298849 0)
(2.42237 -0.299319 0)
(2.43645 -0.298382 0)
(2.45281 -0.305273 0)
(2.46381 -0.307046 0)
(2.4758 -0.301963 0)
(2.46355 -0.264908 0)
(2.45435 -0.213865 0)
(2.4272 -0.139716 0)
(2.4011 -0.0526798 0)
(2.3774 0.0527339 0)
(2.39293 0.0785216 0)
(2.3749 0.0806001 0)
(2.3725 0.0754481 0)
(2.37912 0.0727061 0)
(2.39733 0.0820995 0)
(2.41259 0.0903794 0)
(2.41852 0.0993592 0)
(2.42862 0.0942228 0)
(2.43996 0.0911813 0)
(2.45258 0.0918752 0)
(2.47649 0.0946357 0)
(2.34758 0.848557 0)
(2.35468 0.847136 0)
(2.35985 0.841964 0)
(2.38288 0.822674 0)
(2.43967 0.771039 0)
(2.50722 0.697731 0)
(2.54811 0.645557 0)
(2.62476 0.564163 0)
(2.71081 0.461948 0)
(2.75391 0.395729 0)
(2.77867 0.311286 0)
(2.81077 0.237145 0)
(2.84402 0.203717 0)
(2.87139 0.16492 0)
(2.90539 0.0651804 0)
(2.91273 0.0222544 0)
(2.93312 0.00551605 0)
(2.92144 -0.0552342 0)
(2.85648 -0.210729 0)
(2.57919 -0.612356 0)
(2.44055 -0.781401 0)
(2.30532 -0.850373 0)
(2.32007 -0.849345 0)
(2.3446 -0.840697 0)
(2.35916 -0.827109 0)
(2.38727 -0.796339 0)
(2.41622 -0.767773 0)
(2.44145 -0.750507 0)
(2.45603 -0.745372 0)
(2.46857 -0.727386 0)
(2.47584 -0.705274 0)
(2.49304 -0.665097 0)
(2.48252 -0.586108 0)
(2.4135 -0.398818 0)
(2.22382 -0.0618906 0)
(2.13751 0.130003 0)
(2.11894 0.232861 0)
(2.13392 0.226359 0)
(2.16588 0.212496 0)
(2.19595 0.20214 0)
(2.21409 0.200085 0)
(2.2262 0.199341 0)
(2.24388 0.206045 0)
(2.2688 0.218434 0)
(2.2933 0.222406 0)
(2.3189 0.220691 0)
(2.34387 0.217084 0)
(2.3655 0.214426 0)
(2.37903 0.212727 0)
(2.38562 0.211334 0)
(2.39413 0.214848 0)
(2.40814 0.217237 0)
(2.42766 0.21181 0)
(2.44842 0.208835 0)
(2.46792 0.211272 0)
(2.4845 0.218755 0)
(2.49676 0.224499 0)
(2.50485 0.218694 0)
(2.51605 0.216089 0)
(2.53149 0.214925 0)
(2.5449 0.206632 0)
(2.55632 0.206593 0)
(2.55917 0.212296 0)
(2.56757 0.194002 0)
(2.56109 0.1526 0)
(2.53351 0.0844353 0)
(2.45376 -0.0525258 0)
(2.40741 -0.168197 0)
(2.38767 -0.236003 0)
(2.3728 -0.279481 0)
(2.36001 -0.294041 0)
(2.36388 -0.292229 0)
(2.37899 -0.278408 0)
(2.39495 -0.270948 0)
(2.4103 -0.266423 0)
(2.42573 -0.261799 0)
(2.44148 -0.262349 0)
(2.4584 -0.268789 0)
(2.471 -0.2782 0)
(2.47862 -0.283122 0)
(2.48502 -0.274516 0)
(2.48892 -0.256221 0)
(2.48276 -0.22674 0)
(2.4648 -0.170474 0)
(2.43893 -0.0864883 0)
(2.41824 0.00401101 0)
(2.39723 0.0689304 0)
(2.37121 0.110553 0)
(2.37091 0.116012 0)
(2.38539 0.110698 0)
(2.40112 0.114871 0)
(2.41948 0.115641 0)
(2.43674 0.109088 0)
(2.446 0.105305 0)
(2.45445 0.118423 0)
(2.47421 0.126394 0)
(2.343 0.837514 0)
(2.34639 0.842086 0)
(2.35053 0.841972 0)
(2.36165 0.835776 0)
(2.39056 0.811571 0)
(2.42874 0.77651 0)
(2.49638 0.711595 0)
(2.57327 0.621129 0)
(2.61644 0.577353 0)
(2.6426 0.545279 0)
(2.71443 0.446009 0)
(2.78018 0.335351 0)
(2.80726 0.26693 0)
(2.84133 0.261949 0)
(2.85305 0.242891 0)
(2.87204 0.158124 0)
(2.86125 0.070891 0)
(2.79056 -0.140215 0)
(2.51442 -0.544274 0)
(2.38193 -0.746303 0)
(2.27961 -0.812565 0)
(2.30341 -0.805218 0)
(2.34252 -0.788449 0)
(2.36554 -0.779859 0)
(2.37974 -0.768984 0)
(2.40476 -0.744598 0)
(2.42145 -0.735369 0)
(2.44527 -0.723574 0)
(2.46316 -0.714633 0)
(2.48117 -0.68828 0)
(2.48778 -0.674781 0)
(2.51058 -0.654398 0)
(2.54298 -0.646315 0)
(2.53577 -0.588188 0)
(2.49549 -0.464834 0)
(2.34703 -0.170543 0)
(2.23082 0.085129 0)
(2.17348 0.200473 0)
(2.16169 0.240015 0)
(2.17888 0.234446 0)
(2.20863 0.236723 0)
(2.22974 0.239753 0)
(2.24354 0.247281 0)
(2.25973 0.251068 0)
(2.28122 0.255979 0)
(2.30386 0.256366 0)
(2.32615 0.252874 0)
(2.3459 0.248781 0)
(2.36174 0.247712 0)
(2.37644 0.249381 0)
(2.39144 0.253704 0)
(2.40837 0.255667 0)
(2.42804 0.254362 0)
(2.4483 0.255383 0)
(2.46739 0.258305 0)
(2.48493 0.258263 0)
(2.50185 0.255958 0)
(2.51601 0.251678 0)
(2.51556 0.249815 0)
(2.51173 0.247128 0)
(2.53032 0.245986 0)
(2.54858 0.24454 0)
(2.55338 0.2251 0)
(2.53129 0.150612 0)
(2.48248 0.0410573 0)
(2.41395 -0.0814175 0)
(2.35074 -0.195816 0)
(2.32754 -0.2619 0)
(2.32642 -0.275615 0)
(2.33664 -0.27552 0)
(2.34997 -0.272642 0)
(2.36628 -0.260663 0)
(2.38272 -0.250411 0)
(2.39587 -0.2452 0)
(2.40552 -0.240018 0)
(2.41563 -0.233296 0)
(2.4276 -0.231628 0)
(2.44128 -0.23641 0)
(2.45493 -0.246547 0)
(2.46648 -0.255806 0)
(2.47644 -0.259316 0)
(2.49191 -0.248799 0)
(2.50007 -0.236773 0)
(2.50226 -0.222328 0)
(2.49404 -0.186896 0)
(2.475 -0.119233 0)
(2.45723 -0.0633872 0)
(2.40868 0.0187598 0)
(2.37978 0.0852963 0)
(2.37641 0.0905405 0)
(2.39941 0.101314 0)
(2.42539 0.125015 0)
(2.43312 0.130865 0)
(2.44659 0.13077 0)
(2.45345 0.145018 0)
(2.46461 0.147996 0)
(2.33164 0.83786 0)
(2.33809 0.838862 0)
(2.34288 0.838482 0)
(2.34513 0.83797 0)
(2.35892 0.830006 0)
(2.39223 0.802364 0)
(2.42881 0.771362 0)
(2.48146 0.720695 0)
(2.56033 0.631021 0)
(2.60588 0.563874 0)
(2.62432 0.55271 0)
(2.66406 0.48837 0)
(2.75385 0.381526 0)
(2.7924 0.33017 0)
(2.82391 0.250099 0)
(2.7846 0.146457 0)
(2.64857 -0.119245 0)
(2.42534 -0.48317 0)
(2.29712 -0.652492 0)
(2.26992 -0.723259 0)
(2.29188 -0.719621 0)
(2.32863 -0.709335 0)
(2.35977 -0.703119 0)
(2.3778 -0.705619 0)
(2.39444 -0.704581 0)
(2.41738 -0.691513 0)
(2.44021 -0.682028 0)
(2.46074 -0.675798 0)
(2.47946 -0.66803 0)
(2.50478 -0.644297 0)
(2.52401 -0.627564 0)
(2.53708 -0.61978 0)
(2.55657 -0.599627 0)
(2.5667 -0.590516 0)
(2.5803 -0.56266 0)
(2.55962 -0.483477 0)
(2.48474 -0.301597 0)
(2.3044 0.0247959 0)
(2.22049 0.187156 0)
(2.18923 0.281911 0)
(2.19612 0.28262 0)
(2.21676 0.286391 0)
(2.23722 0.288091 0)
(2.25334 0.288724 0)
(2.27211 0.290673 0)
(2.29338 0.293913 0)
(2.31311 0.291313 0)
(2.33079 0.288033 0)
(2.34757 0.287128 0)
(2.36644 0.287852 0)
(2.38746 0.290036 0)
(2.40708 0.29307 0)
(2.42302 0.294456 0)
(2.4367 0.29645 0)
(2.45133 0.296804 0)
(2.46878 0.293098 0)
(2.48876 0.288854 0)
(2.50132 0.286047 0)
(2.499 0.28913 0)
(2.50504 0.27823 0)
(2.51689 0.272245 0)
(2.51675 0.244616 0)
(2.48133 0.16044 0)
(2.42105 0.0173852 0)
(2.34099 -0.128469 0)
(2.31833 -0.173002 0)
(2.30646 -0.214433 0)
(2.30461 -0.229072 0)
(2.31593 -0.235372 0)
(2.33174 -0.23231 0)
(2.35418 -0.229813 0)
(2.37582 -0.225575 0)
(2.39027 -0.218919 0)
(2.39609 -0.215501 0)
(2.39965 -0.213327 0)
(2.40677 -0.20895 0)
(2.41655 -0.206203 0)
(2.42823 -0.208036 0)
(2.44363 -0.216752 0)
(2.45896 -0.225878 0)
(2.47058 -0.231445 0)
(2.48537 -0.225666 0)
(2.49862 -0.219325 0)
(2.50933 -0.212716 0)
(2.5163 -0.212225 0)
(2.51085 -0.189066 0)
(2.49374 -0.141606 0)
(2.47109 -0.101473 0)
(2.43653 -0.032663 0)
(2.39974 0.0602974 0)
(2.39994 0.0931295 0)
(2.42596 0.136147 0)
(2.43972 0.161526 0)
(2.44097 0.161978 0)
(2.44295 0.168253 0)
(2.45515 0.163325 0)
(2.31904 0.841389 0)
(2.33056 0.841159 0)
(2.33427 0.84028 0)
(2.33667 0.839584 0)
(2.34123 0.837034 0)
(2.35512 0.82703 0)
(2.38839 0.799075 0)
(2.43188 0.763332 0)
(2.47056 0.721208 0)
(2.5495 0.64012 0)
(2.58757 0.586225 0)
(2.64316 0.518365 0)
(2.65627 0.508594 0)
(2.68089 0.418452 0)
(2.65567 0.252657 0)
(2.48533 -0.128597 0)
(2.34152 -0.421732 0)
(2.22919 -0.603777 0)
(2.22268 -0.628255 0)
(2.25487 -0.623212 0)
(2.28827 -0.611823 0)
(2.31304 -0.605365 0)
(2.33601 -0.604621 0)
(2.36055 -0.613237 0)
(2.38849 -0.619589 0)
(2.41749 -0.619313 0)
(2.44516 -0.614798 0)
(2.46477 -0.612637 0)
(2.482 -0.603304 0)
(2.50105 -0.588362 0)
(2.52926 -0.573252 0)
(2.55439 -0.570124 0)
(2.58465 -0.549247 0)
(2.60128 -0.536031 0)
(2.60246 -0.528383 0)
(2.60929 -0.527958 0)
(2.60109 -0.469818 0)
(2.56571 -0.35961 0)
(2.43014 -0.0958335 0)
(2.30483 0.153998 0)
(2.23883 0.272482 0)
(2.2322 0.321809 0)
(2.23914 0.319447 0)
(2.26267 0.323511 0)
(2.2808 0.332696 0)
(2.29036 0.335587 0)
(2.30223 0.327181 0)
(2.31968 0.32458 0)
(2.34224 0.324753 0)
(2.36829 0.325111 0)
(2.39394 0.326308 0)
(2.41347 0.330761 0)
(2.42244 0.333186 0)
(2.4269 0.337808 0)
(2.43867 0.340947 0)
(2.46011 0.33814 0)
(2.48198 0.332143 0)
(2.49374 0.327454 0)
(2.49656 0.321185 0)
(2.48988 0.285787 0)
(2.46933 0.233956 0)
(2.41956 0.133997 0)
(2.32433 -0.0377432 0)
(2.29504 -0.141431 0)
(2.25352 -0.203765 0)
(2.26012 -0.212244 0)
(2.27263 -0.209389 0)
(2.29124 -0.207114 0)
(2.31226 -0.198887 0)
(2.33152 -0.192974 0)
(2.34858 -0.194569 0)
(2.36269 -0.196598 0)
(2.37441 -0.193602 0)
(2.38521 -0.191187 0)
(2.39539 -0.189769 0)
(2.40427 -0.186305 0)
(2.41198 -0.182576 0)
(2.42022 -0.182645 0)
(2.43086 -0.188637 0)
(2.44261 -0.194261 0)
(2.45616 -0.197561 0)
(2.47389 -0.196476 0)
(2.49349 -0.196303 0)
(2.51128 -0.195461 0)
(2.52306 -0.195217 0)
(2.5201 -0.189314 0)
(2.50935 -0.172215 0)
(2.50458 -0.15489 0)
(2.49592 -0.125515 0)
(2.48382 -0.0756061 0)
(2.44985 0.0141982 0)
(2.45163 0.0782843 0)
(2.46466 0.138372 0)
(2.45473 0.167326 0)
(2.45211 0.166365 0)
(2.45137 0.16434 0)
(2.32573 0.835729 0)
(2.32834 0.835365 0)
(2.33049 0.835055 0)
(2.33334 0.83604 0)
(2.33398 0.839423 0)
(2.33616 0.837286 0)
(2.35431 0.821411 0)
(2.3801 0.799563 0)
(2.4352 0.745646 0)
(2.46522 0.724396 0)
(2.53345 0.652511 0)
(2.58765 0.627892 0)
(2.56212 0.490954 0)
(2.50972 0.281363 0)
(2.31943 -0.101202 0)
(2.23205 -0.333171 0)
(2.17361 -0.47325 0)
(2.18319 -0.490466 0)
(2.21489 -0.50207 0)
(2.25063 -0.508886 0)
(2.28342 -0.517967 0)
(2.31015 -0.525825 0)
(2.33487 -0.527933 0)
(2.36019 -0.531361 0)
(2.38769 -0.534177 0)
(2.41692 -0.534925 0)
(2.44631 -0.533112 0)
(2.4724 -0.537013 0)
(2.49608 -0.536234 0)
(2.51829 -0.525355 0)
(2.53748 -0.511765 0)
(2.55539 -0.508056 0)
(2.58097 -0.490348 0)
(2.60485 -0.473399 0)
(2.62049 -0.472909 0)
(2.63465 -0.469055 0)
(2.63445 -0.460654 0)
(2.65161 -0.428194 0)
(2.63479 -0.356983 0)
(2.56536 -0.193917 0)
(2.38323 0.119718 0)
(2.31981 0.273886 0)
(2.26933 0.360951 0)
(2.2619 0.372828 0)
(2.26954 0.378555 0)
(2.27727 0.382149 0)
(2.29006 0.373054 0)
(2.31162 0.366666 0)
(2.33626 0.362713 0)
(2.36128 0.361909 0)
(2.38571 0.363373 0)
(2.40627 0.369091 0)
(2.42049 0.37168 0)
(2.42716 0.381142 0)
(2.43175 0.386968 0)
(2.44427 0.376854 0)
(2.45729 0.365385 0)
(2.46945 0.348721 0)
(2.45957 0.300995 0)
(2.41501 0.199178 0)
(2.33356 0.0397214 0)
(2.28648 -0.0607036 0)
(2.25872 -0.117436 0)
(2.25061 -0.143753 0)
(2.24083 -0.158707 0)
(2.25212 -0.172498 0)
(2.27339 -0.173211 0)
(2.29105 -0.170323 0)
(2.30619 -0.166287 0)
(2.32292 -0.16522 0)
(2.3412 -0.168554 0)
(2.35646 -0.171487 0)
(2.36826 -0.170989 0)
(2.38032 -0.169689 0)
(2.39298 -0.167236 0)
(2.40352 -0.163345 0)
(2.4101 -0.159584 0)
(2.41534 -0.157989 0)
(2.42359 -0.160383 0)
(2.43736 -0.162918 0)
(2.45497 -0.164823 0)
(2.47333 -0.166332 0)
(2.49341 -0.168582 0)
(2.51385 -0.171548 0)
(2.52982 -0.175267 0)
(2.52875 -0.172885 0)
(2.5122 -0.161954 0)
(2.51632 -0.152379 0)
(2.52701 -0.147215 0)
(2.53227 -0.12912 0)
(2.53031 -0.0935737 0)
(2.51147 -0.0209911 0)
(2.50769 0.0487214 0)
(2.50102 0.120165 0)
(2.4703 0.171824 0)
(2.45052 0.182923 0)
(2.29538 0.860446 0)
(2.31602 0.832157 0)
(2.32834 0.824671 0)
(2.33388 0.829063 0)
(2.33542 0.837055 0)
(2.3316 0.83856 0)
(2.34027 0.829966 0)
(2.35633 0.813398 0)
(2.38836 0.78898 0)
(2.42778 0.755526 0)
(2.47189 0.706834 0)
(2.45621 0.571602 0)
(2.32642 0.255743 0)
(2.18209 -0.0821755 0)
(2.09811 -0.310171 0)
(2.0848 -0.394577 0)
(2.11541 -0.40329 0)
(2.1544 -0.403654 0)
(2.19205 -0.409246 0)
(2.23025 -0.420219 0)
(2.2674 -0.430781 0)
(2.30046 -0.438078 0)
(2.32978 -0.440487 0)
(2.3569 -0.443137 0)
(2.38266 -0.445353 0)
(2.40842 -0.444663 0)
(2.43467 -0.441395 0)
(2.46089 -0.44227 0)
(2.48801 -0.441795 0)
(2.51899 -0.4376 0)
(2.5502 -0.439894 0)
(2.57867 -0.444214 0)
(2.60159 -0.431637 0)
(2.61754 -0.409704 0)
(2.62833 -0.408284 0)
(2.64312 -0.403002 0)
(2.65972 -0.404578 0)
(2.67088 -0.394617 0)
(2.68872 -0.373371 0)
(2.68834 -0.327416 0)
(2.64915 -0.21826 0)
(2.52375 0.0243459 0)
(2.42394 0.227185 0)
(2.32172 0.367202 0)
(2.29118 0.407972 0)
(2.28748 0.410851 0)
(2.30315 0.415284 0)
(2.32883 0.413611 0)
(2.3552 0.412652 0)
(2.38019 0.40718 0)
(2.40129 0.403202 0)
(2.42097 0.405087 0)
(2.43367 0.407322 0)
(2.432 0.422258 0)
(2.42383 0.423294 0)
(2.43622 0.406232 0)
(2.43658 0.378586 0)
(2.4087 0.305724 0)
(2.34167 0.153165 0)
(2.26031 -0.0251102 0)
(2.22854 -0.123083 0)
(2.21067 -0.177297 0)
(2.21386 -0.174604 0)
(2.22533 -0.155678 0)
(2.23445 -0.145458 0)
(2.24754 -0.14096 0)
(2.26942 -0.140107 0)
(2.2903 -0.136053 0)
(2.30678 -0.134952 0)
(2.32344 -0.140337 0)
(2.33992 -0.146873 0)
(2.3549 -0.148024 0)
(2.36927 -0.145111 0)
(2.384 -0.143604 0)
(2.39915 -0.143103 0)
(2.41099 -0.141432 0)
(2.41596 -0.139358 0)
(2.41815 -0.137284 0)
(2.42569 -0.137981 0)
(2.44184 -0.137583 0)
(2.45924 -0.136373 0)
(2.47773 -0.136244 0)
(2.49844 -0.138537 0)
(2.5194 -0.142648 0)
(2.53702 -0.148164 0)
(2.54199 -0.152357 0)
(2.52679 -0.151018 0)
(2.52254 -0.138495 0)
(2.54155 -0.136823 0)
(2.55453 -0.133599 0)
(2.56573 -0.122552 0)
(2.57303 -0.102532 0)
(2.56613 -0.0561474 0)
(2.55802 0.000491754 0)
(2.53045 0.0667145 0)
(2.4886 0.141983 0)
(2.38759 0.764601 0)
(2.35698 0.811895 0)
(2.34773 0.834471 0)
(2.34125 0.84767 0)
(2.33169 0.850999 0)
(2.3218 0.843431 0)
(2.32347 0.83825 0)
(2.3341 0.825813 0)
(2.36052 0.81938 0)
(2.36354 0.757952 0)
(2.31038 0.576378 0)
(2.15456 0.222708 0)
(2.04394 -0.0407637 0)
(2.01995 -0.173386 0)
(2.02904 -0.232835 0)
(2.05898 -0.274038 0)
(2.09867 -0.297768 0)
(2.14033 -0.316469 0)
(2.18154 -0.332807 0)
(2.22197 -0.344674 0)
(2.26184 -0.350955 0)
(2.29916 -0.355037 0)
(2.33263 -0.358475 0)
(2.36336 -0.362928 0)
(2.39246 -0.367012 0)
(2.4206 -0.368096 0)
(2.44896 -0.367466 0)
(2.47845 -0.368705 0)
(2.50729 -0.367292 0)
(2.53427 -0.358912 0)
(2.55953 -0.358283 0)
(2.58723 -0.361883 0)
(2.61726 -0.35545 0)
(2.64084 -0.3452 0)
(2.66033 -0.3517 0)
(2.67328 -0.350013 0)
(2.68165 -0.338024 0)
(2.68805 -0.328026 0)
(2.7016 -0.320331 0)
(2.71045 -0.317166 0)
(2.73578 -0.286879 0)
(2.72682 -0.220771 0)
(2.65829 -0.0593828 0)
(2.49862 0.190451 0)
(2.4138 0.350471 0)
(2.32496 0.434248 0)
(2.30504 0.47616 0)
(2.32444 0.478754 0)
(2.34889 0.471324 0)
(2.37133 0.453354 0)
(2.39101 0.445206 0)
(2.41228 0.445699 0)
(2.43318 0.450936 0)
(2.43354 0.460618 0)
(2.42474 0.436077 0)
(2.40731 0.381865 0)
(2.35913 0.294441 0)
(2.26271 0.123419 0)
(2.20622 -0.0330789 0)
(2.19893 -0.0833252 0)
(2.20467 -0.108157 0)
(2.21188 -0.116118 0)
(2.2281 -0.133879 0)
(2.24461 -0.125664 0)
(2.24874 -0.117424 0)
(2.25373 -0.116505 0)
(2.2695 -0.111648 0)
(2.28868 -0.104466 0)
(2.30998 -0.105962 0)
(2.33115 -0.116222 0)
(2.34657 -0.12338 0)
(2.35981 -0.118986 0)
(2.37271 -0.111188 0)
(2.38944 -0.1096 0)
(2.40737 -0.113202 0)
(2.42061 -0.116503 0)
(2.42473 -0.119296 0)
(2.42627 -0.121899 0)
(2.43655 -0.120741 0)
(2.45243 -0.116519 0)
(2.4689 -0.113311 0)
(2.48635 -0.110662 0)
(2.50406 -0.109883 0)
(2.52154 -0.11161 0)
(2.53689 -0.115974 0)
(2.54563 -0.121053 0)
(2.54054 -0.125076 0)
(2.53738 -0.125811 0)
(2.5527 -0.122379 0)
(2.56697 -0.118385 0)
(2.58088 -0.11289 0)
(2.59525 -0.106197 0)
(2.60685 -0.0950058 0)
(2.61143 -0.0803544 0)
(2.58975 -0.0349005 0)
(2.55741 0.0549115 0)
(2.55713 0.607124 0)
(2.44198 0.752908 0)
(2.36746 0.858161 0)
(2.34032 0.855974 0)
(2.32293 0.843177 0)
(2.3189 0.831153 0)
(2.32026 0.829381 0)
(2.32507 0.819507 0)
(2.30507 0.752997 0)
(2.17823 0.516967 0)
(1.96933 0.14821 0)
(1.90782 -0.090271 0)
(1.90609 -0.175898 0)
(1.93872 -0.178513 0)
(1.98434 -0.175594 0)
(2.0287 -0.186675 0)
(2.07777 -0.211572 0)
(2.12967 -0.23658 0)
(2.1804 -0.254389 0)
(2.2266 -0.267087 0)
(2.268 -0.275154 0)
(2.3057 -0.279525 0)
(2.33985 -0.281664 0)
(2.37088 -0.283691 0)
(2.40051 -0.285099 0)
(2.43122 -0.284134 0)
(2.46241 -0.283477 0)
(2.49287 -0.285065 0)
(2.52321 -0.284472 0)
(2.55228 -0.280266 0)
(2.57785 -0.280225 0)
(2.59813 -0.277796 0)
(2.61422 -0.269498 0)
(2.6288 -0.262383 0)
(2.64383 -0.2653 0)
(2.67307 -0.26985 0)
(2.69701 -0.27198 0)
(2.71752 -0.270903 0)
(2.73047 -0.265594 0)
(2.72769 -0.265075 0)
(2.74192 -0.250104 0)
(2.77852 -0.230003 0)
(2.77823 -0.190481 0)
(2.73652 -0.0881101 0)
(2.6132 0.136208 0)
(2.48805 0.319169 0)
(2.40522 0.446776 0)
(2.36029 0.517363 0)
(2.36413 0.515841 0)
(2.38138 0.509878 0)
(2.39767 0.501735 0)
(2.41024 0.487849 0)
(2.4286 0.48696 0)
(2.41412 0.453399 0)
(2.37622 0.359073 0)
(2.30357 0.222113 0)
(2.19522 0.0591916 0)
(2.14122 -0.0702393 0)
(2.15222 -0.124455 0)
(2.17928 -0.114323 0)
(2.19792 -0.102603 0)
(2.21875 -0.100469 0)
(2.24348 -0.102822 0)
(2.26461 -0.10326 0)
(2.27661 -0.0981873 0)
(2.28024 -0.0992195 0)
(2.28842 -0.0924079 0)
(2.30322 -0.0851312 0)
(2.32293 -0.0863103 0)
(2.34257 -0.0932926 0)
(2.35855 -0.0961642 0)
(2.37497 -0.0898515 0)
(2.39075 -0.0822839 0)
(2.40555 -0.0805125 0)
(2.41776 -0.0847893 0)
(2.42747 -0.0907327 0)
(2.43254 -0.0981498 0)
(2.43619 -0.101908 0)
(2.44917 -0.0991345 0)
(2.46601 -0.0950196 0)
(2.48311 -0.0922131 0)
(2.50125 -0.0892119 0)
(2.51951 -0.0850032 0)
(2.53426 -0.0823339 0)
(2.54497 -0.0869164 0)
(2.55211 -0.0924601 0)
(2.55206 -0.0985201 0)
(2.55072 -0.0992381 0)
(2.56016 -0.0962462 0)
(2.57509 -0.094306 0)
(2.59084 -0.0917032 0)
(2.60591 -0.0898784 0)
(2.62123 -0.0858253 0)
(2.62997 -0.0798826 0)
(2.62847 -0.0625148 0)
(2.62064 -0.0196116 0)
(2.87819 0.193911 0)
(2.70788 0.472229 0)
(2.43223 0.80321 0)
(2.34846 0.831802 0)
(2.33953 0.851224 0)
(2.33591 0.845348 0)
(2.31051 0.805166 0)
(2.22241 0.660338 0)
(2.07292 0.365296 0)
(1.92325 0.107438 0)
(1.87361 0.0129001 0)
(1.87352 -0.0189875 0)
(1.90798 -0.0805435 0)
(1.94946 -0.113831 0)
(1.98371 -0.119719 0)
(2.02236 -0.130113 0)
(2.06977 -0.14274 0)
(2.12471 -0.157547 0)
(2.1814 -0.172521 0)
(2.23559 -0.184348 0)
(2.2813 -0.195755 0)
(2.32123 -0.203936 0)
(2.35762 -0.207026 0)
(2.38903 -0.205912 0)
(2.41332 -0.201848 0)
(2.43371 -0.195995 0)
(2.45962 -0.193987 0)
(2.49304 -0.200417 0)
(2.53091 -0.204214 0)
(2.56866 -0.202742 0)
(2.60029 -0.20606 0)
(2.62642 -0.211359 0)
(2.64846 -0.210938 0)
(2.66776 -0.200577 0)
(2.68245 -0.191672 0)
(2.68755 -0.190685 0)
(2.69088 -0.200184 0)
(2.70161 -0.197111 0)
(2.71999 -0.198102 0)
(2.74836 -0.199454 0)
(2.77257 -0.190606 0)
(2.78585 -0.179633 0)
(2.79151 -0.18159 0)
(2.80498 -0.142022 0)
(2.78323 -0.0728536 0)
(2.71334 0.075216 0)
(2.58976 0.287051 0)
(2.43684 0.510709 0)
(2.39398 0.552496 0)
(2.39959 0.565575 0)
(2.40819 0.554904 0)
(2.40278 0.519161 0)
(2.36569 0.428333 0)
(2.32648 0.286044 0)
(2.25982 0.126698 0)
(2.20827 0.0408467 0)
(2.1476 -0.0137037 0)
(2.15172 -0.0495493 0)
(2.16704 -0.0666546 0)
(2.1945 -0.0707944 0)
(2.21768 -0.071102 0)
(2.23506 -0.0764158 0)
(2.25322 -0.0759176 0)
(2.27216 -0.0707634 0)
(2.28944 -0.0643283 0)
(2.30303 -0.0663526 0)
(2.31183 -0.0724023 0)
(2.32362 -0.0712185 0)
(2.33922 -0.0688235 0)
(2.35478 -0.0683258 0)
(2.37041 -0.0649617 0)
(2.38762 -0.0571082 0)
(2.40389 -0.0496489 0)
(2.41495 -0.0489766 0)
(2.42079 -0.0541207 0)
(2.42339 -0.06478 0)
(2.42903 -0.0758898 0)
(2.4459 -0.0810737 0)
(2.46553 -0.080455 0)
(2.48501 -0.0760425 0)
(2.50237 -0.0697575 0)
(2.5165 -0.0629406 0)
(2.52709 -0.0557095 0)
(2.53609 -0.0487091 0)
(2.54187 -0.0465717 0)
(2.54418 -0.0573561 0)
(2.54974 -0.0707044 0)
(2.55928 -0.0784394 0)
(2.57303 -0.0797625 0)
(2.59074 -0.0757732 0)
(2.60649 -0.069995 0)
(2.61815 -0.0640941 0)
(2.6259 -0.0596025 0)
(2.63444 -0.0622545 0)
(2.635 -0.0682065 0)
(2.6407 -0.0424941 0)
(2.99233 0.0163977 0)
(2.95762 0.0990471 0)
(2.66812 0.494149 0)
(2.49031 0.715906 0)
(2.38843 0.78835 0)
(2.3482 0.773396 0)
(2.14648 0.543096 0)
(1.90086 0.206311 0)
(1.816 -0.0486407 0)
(1.83363 -0.0803466 0)
(1.85281 -0.0532406 0)
(1.86684 -0.0280903 0)
(1.90333 -0.0367188 0)
(1.95668 -0.0675426 0)
(2.0038 -0.0951641 0)
(2.04972 -0.100096 0)
(2.09858 -0.0945128 0)
(2.15136 -0.0961222 0)
(2.20468 -0.106783 0)
(2.25044 -0.113055 0)
(2.29302 -0.112408 0)
(2.3314 -0.116174 0)
(2.36749 -0.122843 0)
(2.40323 -0.128084 0)
(2.44006 -0.125618 0)
(2.46684 -0.120975 0)
(2.48938 -0.116381 0)
(2.51751 -0.125022 0)
(2.54767 -0.132062 0)
(2.57323 -0.121118 0)
(2.59637 -0.116289 0)
(2.61581 -0.117649 0)
(2.63301 -0.117047 0)
(2.65198 -0.111862 0)
(2.67883 -0.113951 0)
(2.70421 -0.115889 0)
(2.71696 -0.117122 0)
(2.72547 -0.11078 0)
(2.74323 -0.117409 0)
(2.76294 -0.117871 0)
(2.78234 -0.107461 0)
(2.80094 -0.103265 0)
(2.8137 -0.100848 0)
(2.81585 -0.102554 0)
(2.82556 -0.0870776 0)
(2.81891 -0.0510952 0)
(2.78256 0.0349468 0)
(2.62306 0.303176 0)
(2.56718 0.433178 0)
(2.47778 0.539834 0)
(2.44537 0.552384 0)
(2.33896 0.437314 0)
(2.1884 0.195781 0)
(2.19126 0.0168575 0)
(2.1839 -0.0589882 0)
(2.16203 -0.0611107 0)
(2.15087 -0.0631389 0)
(2.15401 -0.0590136 0)
(2.18398 -0.0483311 0)
(2.21147 -0.0411238 0)
(2.23935 -0.0388232 0)
(2.26531 -0.0473904 0)
(2.28217 -0.0540364 0)
(2.29648 -0.0467641 0)
(2.30847 -0.0367555 0)
(2.3201 -0.0352606 0)
(2.33046 -0.0405592 0)
(2.34041 -0.0461233 0)
(2.35535 -0.0478266 0)
(2.37199 -0.0477597 0)
(2.38869 -0.0456602 0)
(2.4062 -0.0405858 0)
(2.42272 -0.032613 0)
(2.43197 -0.0258291 0)
(2.42588 -0.0302607 0)
(2.42326 -0.0432136 0)
(2.44125 -0.0484373 0)
(2.45931 -0.0492195 0)
(2.47944 -0.0478936 0)
(2.50026 -0.0452115 0)
(2.5202 -0.0441083 0)
(2.53582 -0.0425419 0)
(2.54306 -0.0384738 0)
(2.54125 -0.033486 0)
(2.53048 -0.0352139 0)
(2.52964 -0.0410558 0)
(2.54495 -0.0439712 0)
(2.56081 -0.0452929 0)
(2.57867 -0.0455769 0)
(2.5962 -0.0435184 0)
(2.61563 -0.0412463 0)
(2.63184 -0.037869 0)
(2.64163 -0.0367085 0)
(2.64752 -0.0364295 0)
(2.64241 -0.0421787 0)
(2.64326 -0.0351179 0)
(2.99986 0.000315624 0)
(2.99913 0.000699507 0)
(2.92631 0.106788 0)
(2.68795 0.346753 0)
(2.43096 0.228 0)
(2.29316 0.345114 0)
(2.04291 0.307941 0)
(1.88556 0.125347 0)
(1.83394 -0.0219431 0)
(1.84643 -0.0275579 0)
(1.88319 -0.00524201 0)
(1.89489 0.00238292 0)
(1.91321 -0.0145588 0)
(1.954 -0.0340309 0)
(2.00454 -0.0454703 0)
(2.05421 -0.038673 0)
(2.1001 -0.0298752 0)
(2.14286 -0.0322459 0)
(2.19075 -0.0359925 0)
(2.2464 -0.03611 0)
(2.29943 -0.0355834 0)
(2.35128 -0.0348821 0)
(2.39251 -0.0363309 0)
(2.42009 -0.0398297 0)
(2.43268 -0.0354776 0)
(2.45202 -0.0340197 0)
(2.47113 -0.035946 0)
(2.48659 -0.0393085 0)
(2.52846 -0.0413718 0)
(2.57123 -0.0409552 0)
(2.61584 -0.037997 0)
(2.64487 -0.0378134 0)
(2.66109 -0.0425148 0)
(2.67673 -0.047244 0)
(2.68356 -0.0467755 0)
(2.6944 -0.0406158 0)
(2.71015 -0.0331372 0)
(2.71654 -0.0231382 0)
(2.72331 -0.0297216 0)
(2.7598 -0.0377716 0)
(2.79225 -0.0429038 0)
(2.82536 -0.0433402 0)
(2.84765 -0.0416533 0)
(2.85259 -0.0321367 0)
(2.83798 -0.032523 0)
(2.84501 -0.0214424 0)
(2.84217 -0.0187879 0)
(2.80076 0.042186 0)
(2.68448 0.153844 0)
(2.53292 0.18721 0)
(2.42046 0.281665 0)
(2.29792 0.271066 0)
(2.18896 0.0972669 0)
(2.17324 -0.0192933 0)
(2.17455 -0.00885864 0)
(2.16838 0.00515841 0)
(2.18468 -0.00764749 0)
(2.19464 -0.0266013 0)
(2.20013 -0.0292606 0)
(2.21704 -0.0190663 0)
(2.23477 -0.00860911 0)
(2.25864 -0.00976579 0)
(2.28493 -0.0155719 0)
(2.3086 -0.0111061 0)
(2.32487 -0.00305782 0)
(2.32901 -0.00303207 0)
(2.32499 -0.0125492 0)
(2.33376 -0.0178553 0)
(2.35176 -0.0175886 0)
(2.37199 -0.0151745 0)
(2.39094 -0.0139277 0)
(2.40883 -0.0125001 0)
(2.42302 -0.00978331 0)
(2.42587 -0.00729284 0)
(2.41565 -0.00805728 0)
(2.42344 -0.0106491 0)
(2.44139 -0.0115332 0)
(2.45908 -0.0124921 0)
(2.47944 -0.013014 0)
(2.50096 -0.0127192 0)
(2.52031 -0.0119395 0)
(2.53464 -0.011819 0)
(2.54227 -0.0138522 0)
(2.53935 -0.0150127 0)
(2.5265 -0.0118882 0)
(2.52908 -0.00924813 0)
(2.5445 -0.00938112 0)
(2.55859 -0.0100741 0)
(2.57493 -0.0134656 0)
(2.59236 -0.0172573 0)
(2.61005 -0.0165894 0)
(2.62402 -0.013611 0)
(2.63274 -0.0131701 0)
(2.63847 -0.0120594 0)
(2.6431 -0.0114421 0)
(2.65067 -0.0101236 0)
(2.99992 -0.000161664 0)
(2.99584 -0.0105673 0)
(2.96325 -0.0169432 0)
(2.71219 -0.28448 0)
(2.4429 -0.613386 0)
(2.11937 -0.297471 0)
(2.03211 -0.0729738 0)
(1.98505 -0.08514 0)
(1.83545 -0.0735604 0)
(1.84066 -0.00868529 0)
(1.85955 0.0357275 0)
(1.87972 0.0307163 0)
(1.90462 0.0118584 0)
(1.94501 0.00545176 0)
(2.00717 0.014544 0)
(2.07058 0.0270371 0)
(2.12652 0.0292556 0)
(2.17261 0.0260828 0)
(2.21075 0.0316198 0)
(2.24499 0.0364691 0)
(2.28516 0.0370483 0)
(2.32613 0.0384612 0)
(2.36055 0.0413503 0)
(2.39386 0.0417685 0)
(2.4366 0.0373222 0)
(2.47318 0.0326527 0)
(2.49855 0.0338009 0)
(2.52196 0.043856 0)
(2.546 0.0490544 0)
(2.56604 0.0389834 0)
(2.59144 0.0360381 0)
(2.61888 0.0353332 0)
(2.63754 0.0351211 0)
(2.64917 0.0375315 0)
(2.67606 0.0373913 0)
(2.70188 0.0380942 0)
(2.72588 0.0435018 0)
(2.7457 0.0423984 0)
(2.76633 0.0453039 0)
(2.7843 0.0468013 0)
(2.79493 0.0365877 0)
(2.80465 0.0253787 0)
(2.81113 0.0256085 0)
(2.8188 0.0397834 0)
(2.83895 0.033387 0)
(2.86006 0.0255616 0)
(2.85398 0.00828833 0)
(2.81847 -0.0198485 0)
(2.68506 -0.172051 0)
(2.52152 -0.364045 0)
(2.32126 -0.20741 0)
(2.28663 -0.0801953 0)
(2.26497 -0.115926 0)
(2.16381 -0.089834 0)
(2.14976 -0.0342648 0)
(2.14551 0.039463 0)
(2.16732 0.0471887 0)
(2.20489 0.0215696 0)
(2.21588 -0.00793144 0)
(2.22702 -0.000265926 0)
(2.23651 0.0209113 0)
(2.25518 0.0244223 0)
(2.27974 0.0190778 0)
(2.30189 0.0157515 0)
(2.31626 0.0165411 0)
(2.31897 0.0156173 0)
(2.32683 0.0135595 0)
(2.34215 0.0123078 0)
(2.36184 0.0134103 0)
(2.38337 0.0132783 0)
(2.40226 0.0112777 0)
(2.41847 0.00923143 0)
(2.43023 0.00938231 0)
(2.42595 0.012681 0)
(2.41801 0.0157053 0)
(2.43313 0.0199838 0)
(2.45022 0.0191045 0)
(2.4687 0.015079 0)
(2.48839 0.0116072 0)
(2.50854 0.0112789 0)
(2.52729 0.0120251 0)
(2.54367 0.0114081 0)
(2.55193 0.009443 0)
(2.54286 0.00662915 0)
(2.53283 0.00983814 0)
(2.53917 0.0182158 0)
(2.55314 0.0194266 0)
(2.56941 0.0173751 0)
(2.58615 0.0138405 0)
(2.60143 0.0113215 0)
(2.61291 0.0130947 0)
(2.62241 0.0159924 0)
(2.63238 0.013771 0)
(2.63774 0.00761949 0)
(2.63302 0.00948121 0)
(2.63778 0.0144251 0)
(2.99291 -0.013645 0)
(2.9195 -0.142763 0)
(2.7721 -0.382558 0)
(2.50343 -0.717291 0)
(2.40741 -0.894688 0)
(2.20954 -0.723079 0)
(2.10049 -0.439375 0)
(2.07093 -0.236491 0)
(1.85485 -0.0305399 0)
(1.80018 0.0700793 0)
(1.81643 0.0629185 0)
(1.84819 0.0378838 0)
(1.89301 0.0339956 0)
(1.95535 0.0562517 0)
(2.00849 0.0865215 0)
(2.05314 0.102873 0)
(2.10168 0.103879 0)
(2.15264 0.104755 0)
(2.20343 0.111938 0)
(2.254 0.119604 0)
(2.299 0.127008 0)
(2.33919 0.129227 0)
(2.37764 0.129612 0)
(2.41324 0.130947 0)
(2.43668 0.121231 0)
(2.45316 0.109622 0)
(2.47016 0.109015 0)
(2.49291 0.115642 0)
(2.52109 0.121325 0)
(2.56052 0.123099 0)
(2.60089 0.127133 0)
(2.63303 0.123164 0)
(2.65569 0.119139 0)
(2.67475 0.125189 0)
(2.68247 0.122233 0)
(2.69309 0.120727 0)
(2.70749 0.12224 0)
(2.72383 0.109888 0)
(2.74072 0.111935 0)
(2.759 0.113596 0)
(2.77798 0.10786 0)
(2.79776 0.10097 0)
(2.81368 0.109536 0)
(2.80999 0.108518 0)
(2.82151 0.0821498 0)
(2.81893 0.0556296 0)
(2.76808 -0.0512246 0)
(2.68148 -0.232587 0)
(2.54867 -0.467651 0)
(2.47067 -0.616477 0)
(2.36504 -0.520876 0)
(2.32448 -0.37815 0)
(2.3054 -0.241112 0)
(2.19979 -0.074115 0)
(2.12157 0.0544319 0)
(2.12938 0.104121 0)
(2.14919 0.0905196 0)
(2.17536 0.0538086 0)
(2.18882 0.029794 0)
(2.21294 0.0369216 0)
(2.23798 0.0532263 0)
(2.2626 0.0545721 0)
(2.28016 0.0456147 0)
(2.29167 0.0404099 0)
(2.30273 0.0397347 0)
(2.31369 0.0399277 0)
(2.32176 0.0402202 0)
(2.33501 0.0421509 0)
(2.35364 0.0432949 0)
(2.37349 0.0429728 0)
(2.3915 0.041572 0)
(2.40729 0.0393875 0)
(2.41963 0.0346462 0)
(2.42641 0.0295388 0)
(2.42574 0.0357347 0)
(2.42623 0.0449367 0)
(2.44269 0.046768 0)
(2.46026 0.042892 0)
(2.47726 0.0386838 0)
(2.49697 0.0391101 0)
(2.51655 0.0411415 0)
(2.53454 0.0404291 0)
(2.5482 0.0348509 0)
(2.55208 0.0297972 0)
(2.54072 0.0357678 0)
(2.5331 0.0420651 0)
(2.54387 0.042996 0)
(2.55797 0.041837 0)
(2.57383 0.0425556 0)
(2.59044 0.0439768 0)
(2.60814 0.0437648 0)
(2.62559 0.0414383 0)
(2.64196 0.0374451 0)
(2.64922 0.0317418 0)
(2.63163 0.0413744 0)
(2.63814 0.0362934 0)
(2.87046 -0.200116 0)
(2.66884 -0.499088 0)
(2.46947 -0.742977 0)
(2.36863 -0.832341 0)
(2.34061 -0.861888 0)
(2.3247 -0.849565 0)
(2.30038 -0.800707 0)
(2.24292 -0.664519 0)
(2.09116 -0.398713 0)
(1.90502 -0.123556 0)
(1.86046 -0.00355753 0)
(1.86738 0.033436 0)
(1.90683 0.0763768 0)
(1.95235 0.102201 0)
(1.98765 0.128568 0)
(2.02474 0.147881 0)
(2.07241 0.1576 0)
(2.1274 0.167523 0)
(2.18333 0.179243 0)
(2.23294 0.189153 0)
(2.27449 0.197206 0)
(2.31198 0.201684 0)
(2.34935 0.200169 0)
(2.38415 0.195305 0)
(2.41276 0.192457 0)
(2.43967 0.192743 0)
(2.47294 0.198275 0)
(2.50851 0.201612 0)
(2.54266 0.205499 0)
(2.5724 0.209511 0)
(2.5904 0.210327 0)
(2.60859 0.203589 0)
(2.63176 0.200171 0)
(2.65194 0.199127 0)
(2.66821 0.19203 0)
(2.67673 0.193042 0)
(2.68953 0.199228 0)
(2.71959 0.186325 0)
(2.74845 0.18286 0)
(2.77473 0.186672 0)
(2.78899 0.185545 0)
(2.7966 0.175699 0)
(2.78494 0.186732 0)
(2.79559 0.147035 0)
(2.77349 0.0795114 0)
(2.6969 -0.0678483 0)
(2.54822 -0.314993 0)
(2.47852 -0.463516 0)
(2.3962 -0.562041 0)
(2.3964 -0.578024 0)
(2.40209 -0.561715 0)
(2.40511 -0.522718 0)
(2.39003 -0.447207 0)
(2.32205 -0.302287 0)
(2.24175 -0.137049 0)
(2.19055 -0.00738551 0)
(2.16946 0.0250265 0)
(2.16991 0.0331923 0)
(2.17496 0.0537375 0)
(2.19257 0.0789365 0)
(2.21584 0.0853454 0)
(2.23986 0.0749871 0)
(2.25279 0.0615262 0)
(2.26328 0.0548928 0)
(2.27918 0.058447 0)
(2.29357 0.0631754 0)
(2.30374 0.0620396 0)
(2.32096 0.0639392 0)
(2.3428 0.0691012 0)
(2.36174 0.0740603 0)
(2.37826 0.075144 0)
(2.39288 0.0691019 0)
(2.40384 0.058231 0)
(2.41127 0.0505126 0)
(2.41617 0.0530158 0)
(2.42003 0.0629633 0)
(2.43185 0.072504 0)
(2.45299 0.0754799 0)
(2.47149 0.0739015 0)
(2.48946 0.0725766 0)
(2.50786 0.0720655 0)
(2.5245 0.0684986 0)
(2.53585 0.0614258 0)
(2.53999 0.0564163 0)
(2.53652 0.0607921 0)
(2.53 0.0685938 0)
(2.54109 0.0737791 0)
(2.55885 0.0757186 0)
(2.57517 0.077779 0)
(2.59081 0.0772919 0)
(2.60411 0.0733741 0)
(2.61819 0.0669562 0)
(2.63054 0.0594121 0)
(2.63902 0.0556374 0)
(2.63034 0.0582476 0)
(2.63612 0.0419815 0)
(2.53239 -0.642524 0)
(2.42754 -0.764426 0)
(2.37548 -0.834436 0)
(2.34434 -0.84617 0)
(2.33104 -0.840991 0)
(2.32392 -0.835141 0)
(2.31989 -0.832674 0)
(2.32562 -0.821689 0)
(2.30602 -0.759159 0)
(2.16263 -0.503173 0)
(1.97654 -0.138012 0)
(1.90942 0.0912791 0)
(1.91857 0.174894 0)
(1.94216 0.180465 0)
(1.97894 0.184547 0)
(2.02488 0.198306 0)
(2.07758 0.219199 0)
(2.13133 0.237404 0)
(2.18084 0.252279 0)
(2.22415 0.263301 0)
(2.26396 0.27106 0)
(2.30217 0.275182 0)
(2.33824 0.275027 0)
(2.3712 0.274706 0)
(2.40191 0.277571 0)
(2.43087 0.279695 0)
(2.45639 0.282857 0)
(2.48263 0.282696 0)
(2.51303 0.281929 0)
(2.54334 0.280522 0)
(2.57329 0.283677 0)
(2.59893 0.279013 0)
(2.61765 0.270334 0)
(2.63586 0.268087 0)
(2.6601 0.268787 0)
(2.68374 0.273249 0)
(2.70094 0.278937 0)
(2.71887 0.269187 0)
(2.72969 0.252049 0)
(2.73503 0.252144 0)
(2.73983 0.248507 0)
(2.76304 0.235299 0)
(2.75792 0.208474 0)
(2.71255 0.0853774 0)
(2.61979 -0.11771 0)
(2.46382 -0.351362 0)
(2.39246 -0.459888 0)
(2.36211 -0.503089 0)
(2.36949 -0.5037 0)
(2.38896 -0.499784 0)
(2.40952 -0.499095 0)
(2.42024 -0.491515 0)
(2.43043 -0.496997 0)
(2.40777 -0.454846 0)
(2.36221 -0.343604 0)
(2.30191 -0.204808 0)
(2.21041 -0.0336086 0)
(2.14952 0.0757835 0)
(2.14911 0.129217 0)
(2.173 0.118429 0)
(2.19327 0.106647 0)
(2.21803 0.0958562 0)
(2.23837 0.0910513 0)
(2.25516 0.0921149 0)
(2.27088 0.0976901 0)
(2.28514 0.100416 0)
(2.29961 0.0936651 0)
(2.3126 0.089161 0)
(2.32798 0.0923867 0)
(2.34332 0.100224 0)
(2.35805 0.101076 0)
(2.37209 0.0917375 0)
(2.38411 0.0810804 0)
(2.39691 0.0768251 0)
(2.4108 0.0784324 0)
(2.42185 0.0833504 0)
(2.4275 0.0915605 0)
(2.43698 0.0964 0)
(2.45413 0.0977812 0)
(2.47255 0.0982054 0)
(2.49141 0.0984242 0)
(2.50898 0.0966361 0)
(2.52276 0.0916197 0)
(2.53176 0.0838959 0)
(2.53694 0.0825934 0)
(2.53943 0.0896355 0)
(2.54149 0.100825 0)
(2.54931 0.101285 0)
(2.56332 0.0997613 0)
(2.57859 0.0971688 0)
(2.59281 0.0946006 0)
(2.60797 0.0903037 0)
(2.62255 0.0821702 0)
(2.62739 0.0788659 0)
(2.62537 0.0610399 0)
(2.61473 0.020241 0)
(2.38564 -0.773235 0)
(2.34896 -0.816807 0)
(2.3426 -0.832519 0)
(2.34128 -0.84297 0)
(2.33493 -0.849502 0)
(2.32475 -0.843953 0)
(2.32436 -0.838928 0)
(2.33397 -0.826401 0)
(2.35938 -0.819464 0)
(2.36278 -0.757302 0)
(2.30559 -0.55991 0)
(2.16147 -0.215296 0)
(2.0497 0.0404848 0)
(2.02122 0.180843 0)
(2.02675 0.238484 0)
(2.05929 0.276833 0)
(2.10361 0.295023 0)
(2.14587 0.310389 0)
(2.18415 0.326559 0)
(2.22128 0.3373 0)
(2.25819 0.343456 0)
(2.29373 0.347654 0)
(2.32699 0.350851 0)
(2.35808 0.356859 0)
(2.38752 0.365381 0)
(2.41843 0.371302 0)
(2.45224 0.375765 0)
(2.48698 0.376729 0)
(2.51847 0.374229 0)
(2.54702 0.367132 0)
(2.57302 0.367489 0)
(2.59851 0.36446 0)
(2.62012 0.358021 0)
(2.6363 0.356302 0)
(2.64828 0.353292 0)
(2.65624 0.345216 0)
(2.66712 0.336413 0)
(2.68211 0.3199 0)
(2.70676 0.314967 0)
(2.71757 0.321135 0)
(2.73508 0.29417 0)
(2.72074 0.235134 0)
(2.63721 0.0620897 0)
(2.49976 -0.182686 0)
(2.41 -0.34389 0)
(2.32734 -0.450298 0)
(2.30413 -0.476883 0)
(2.31785 -0.472112 0)
(2.34813 -0.459414 0)
(2.37542 -0.448472 0)
(2.39695 -0.445683 0)
(2.41245 -0.451864 0)
(2.42584 -0.457159 0)
(2.42688 -0.458759 0)
(2.42204 -0.43588 0)
(2.40581 -0.383783 0)
(2.3602 -0.290444 0)
(2.26231 -0.118434 0)
(2.20012 0.0260628 0)
(2.19264 0.0641 0)
(2.20665 0.0999207 0)
(2.21637 0.112181 0)
(2.22857 0.126851 0)
(2.23645 0.123122 0)
(2.24483 0.122615 0)
(2.26016 0.119786 0)
(2.27917 0.115498 0)
(2.2965 0.112674 0)
(2.31238 0.114982 0)
(2.3281 0.120206 0)
(2.34288 0.120126 0)
(2.35538 0.113108 0)
(2.36702 0.105571 0)
(2.38052 0.101961 0)
(2.39653 0.103321 0)
(2.41238 0.109279 0)
(2.42514 0.116546 0)
(2.43494 0.122472 0)
(2.44447 0.12504 0)
(2.45721 0.123415 0)
(2.47225 0.120202 0)
(2.48801 0.115418 0)
(2.50256 0.110401 0)
(2.51455 0.105066 0)
(2.52451 0.107078 0)
(2.52978 0.114367 0)
(2.53029 0.121891 0)
(2.53705 0.125177 0)
(2.55367 0.123944 0)
(2.5685 0.121036 0)
(2.58313 0.115928 0)
(2.59736 0.106601 0)
(2.60713 0.0924505 0)
(2.60662 0.0748669 0)
(2.5849 0.0260729 0)
(2.55498 -0.0602889 0)
(2.29422 -0.863581 0)
(2.31268 -0.833952 0)
(2.3276 -0.824775 0)
(2.33326 -0.828273 0)
(2.3358 -0.836601 0)
(2.33309 -0.838322 0)
(2.34097 -0.829871 0)
(2.35703 -0.812731 0)
(2.38741 -0.789968 0)
(2.42812 -0.754541 0)
(2.47237 -0.70798 0)
(2.45858 -0.572526 0)
(2.3296 -0.259604 0)
(2.18126 0.0837935 0)
(2.10124 0.313594 0)
(2.08766 0.39036 0)
(2.11939 0.396373 0)
(2.15546 0.397252 0)
(2.19032 0.405751 0)
(2.2262 0.415753 0)
(2.26133 0.424961 0)
(2.29413 0.432788 0)
(2.32569 0.438627 0)
(2.35656 0.44651 0)
(2.38616 0.452785 0)
(2.41505 0.453686 0)
(2.44307 0.451334 0)
(2.47116 0.449884 0)
(2.49778 0.446755 0)
(2.5239 0.440518 0)
(2.54858 0.43964 0)
(2.57325 0.437057 0)
(2.59201 0.424666 0)
(2.60363 0.415325 0)
(2.61481 0.411404 0)
(2.63638 0.399679 0)
(2.66151 0.397643 0)
(2.68416 0.383899 0)
(2.70021 0.36886 0)
(2.6972 0.337226 0)
(2.64807 0.225853 0)
(2.53959 0.000969504 0)
(2.40504 -0.244616 0)
(2.31793 -0.371629 0)
(2.29792 -0.402207 0)
(2.29013 -0.408277 0)
(2.3028 -0.414914 0)
(2.32764 -0.41516 0)
(2.35403 -0.410089 0)
(2.37698 -0.405675 0)
(2.39585 -0.403094 0)
(2.41223 -0.409797 0)
(2.42488 -0.414212 0)
(2.43234 -0.419254 0)
(2.4298 -0.417673 0)
(2.43965 -0.413454 0)
(2.43179 -0.380411 0)
(2.4079 -0.30964 0)
(2.34088 -0.168736 0)
(2.24661 0.00965076 0)
(2.22485 0.10516 0)
(2.21261 0.170405 0)
(2.21494 0.168626 0)
(2.22541 0.157153 0)
(2.23886 0.148934 0)
(2.25648 0.143186 0)
(2.2784 0.144176 0)
(2.29734 0.144598 0)
(2.30916 0.141332 0)
(2.32035 0.136019 0)
(2.33424 0.134783 0)
(2.34781 0.136339 0)
(2.36067 0.13632 0)
(2.37683 0.135804 0)
(2.39621 0.137737 0)
(2.41416 0.14156 0)
(2.42601 0.145923 0)
(2.42953 0.147529 0)
(2.43318 0.144959 0)
(2.44236 0.13948 0)
(2.45527 0.134933 0)
(2.47088 0.13292 0)
(2.48876 0.133781 0)
(2.50772 0.134972 0)
(2.5253 0.139715 0)
(2.5369 0.145104 0)
(2.53563 0.151753 0)
(2.52726 0.144768 0)
(2.54295 0.139087 0)
(2.5543 0.135861 0)
(2.5664 0.124496 0)
(2.57347 0.103326 0)
(2.56745 0.061085 0)
(2.54984 -0.0100138 0)
(2.52577 -0.0736836 0)
(2.48919 -0.135701 0)
(2.32526 -0.836464 0)
(2.32843 -0.836493 0)
(2.33041 -0.835539 0)
(2.33325 -0.836191 0)
(2.33394 -0.839498 0)
(2.33635 -0.83732 0)
(2.35456 -0.821597 0)
(2.38038 -0.799784 0)
(2.43536 -0.746187 0)
(2.46518 -0.724295 0)
(2.5334 -0.651667 0)
(2.58954 -0.629778 0)
(2.5621 -0.49308 0)
(2.50896 -0.283787 0)
(2.32514 0.0929436 0)
(2.23422 0.32294 0)
(2.17478 0.46668 0)
(2.17988 0.488814 0)
(2.2093 0.50239 0)
(2.24492 0.507586 0)
(2.27871 0.516233 0)
(2.30761 0.526616 0)
(2.33506 0.532587 0)
(2.36269 0.53899 0)
(2.39155 0.542703 0)
(2.42127 0.542712 0)
(2.4506 0.539265 0)
(2.47619 0.540712 0)
(2.49738 0.536869 0)
(2.51645 0.52412 0)
(2.53546 0.5089 0)
(2.5534 0.50255 0)
(2.57584 0.484766 0)
(2.59733 0.475827 0)
(2.61892 0.468437 0)
(2.64194 0.458496 0)
(2.64484 0.452219 0)
(2.6614 0.423623 0)
(2.64269 0.359411 0)
(2.56845 0.201779 0)
(2.3854 -0.10682 0)
(2.32444 -0.269932 0)
(2.26955 -0.366289 0)
(2.25825 -0.378834 0)
(2.26395 -0.380927 0)
(2.27522 -0.381491 0)
(2.29278 -0.373349 0)
(2.3163 -0.368113 0)
(2.33968 -0.3645 0)
(2.3622 -0.363159 0)
(2.38374 -0.36273 0)
(2.40115 -0.368445 0)
(2.41322 -0.371227 0)
(2.42265 -0.374833 0)
(2.43239 -0.381085 0)
(2.44666 -0.38405 0)
(2.45514 -0.372344 0)
(2.46346 -0.35084 0)
(2.45506 -0.300329 0)
(2.41023 -0.206704 0)
(2.32955 -0.0563405 0)
(2.2756 0.0746894 0)
(2.25927 0.131841 0)
(2.251 0.157399 0)
(2.2478 0.16211 0)
(2.25839 0.174066 0)
(2.27733 0.175548 0)
(2.29404 0.174085 0)
(2.30658 0.168987 0)
(2.31881 0.158986 0)
(2.33279 0.156094 0)
(2.34845 0.162324 0)
(2.3628 0.168125 0)
(2.37685 0.168874 0)
(2.39052 0.168347 0)
(2.40475 0.167965 0)
(2.41647 0.168563 0)
(2.42361 0.168293 0)
(2.42791 0.165403 0)
(2.43504 0.159925 0)
(2.44851 0.157416 0)
(2.46693 0.158132 0)
(2.4874 0.160911 0)
(2.50643 0.163349 0)
(2.52075 0.168523 0)
(2.52696 0.172029 0)
(2.52301 0.168649 0)
(2.51896 0.155808 0)
(2.53038 0.149231 0)
(2.53222 0.132145 0)
(2.52966 0.0969271 0)
(2.51276 0.0263437 0)
(2.49961 -0.0540432 0)
(2.50002 -0.123254 0)
(2.46843 -0.167511 0)
(2.44744 -0.180529 0)
(2.3198 -0.841534 0)
(2.33092 -0.841404 0)
(2.33409 -0.840536 0)
(2.33654 -0.839754 0)
(2.34116 -0.837093 0)
(2.35505 -0.82709 0)
(2.3884 -0.799136 0)
(2.43198 -0.763395 0)
(2.47037 -0.721472 0)
(2.54963 -0.639799 0)
(2.58754 -0.585872 0)
(2.64348 -0.5184 0)
(2.65636 -0.508658 0)
(2.68102 -0.41937 0)
(2.65686 -0.256044 0)
(2.48619 0.12065 0)
(2.33426 0.420154 0)
(2.22471 0.602616 0)
(2.21866 0.627832 0)
(2.25287 0.623006 0)
(2.28697 0.612545 0)
(2.3129 0.607557 0)
(2.33827 0.61024 0)
(2.36465 0.621828 0)
(2.39296 0.628328 0)
(2.42193 0.625778 0)
(2.44996 0.617396 0)
(2.4693 0.613359 0)
(2.48469 0.600975 0)
(2.4996 0.582823 0)
(2.52375 0.565576 0)
(2.54462 0.562357 0)
(2.57361 0.540862 0)
(2.59237 0.532663 0)
(2.60449 0.520497 0)
(2.61952 0.517555 0)
(2.61103 0.469551 0)
(2.56992 0.35985 0)
(2.42976 0.0987574 0)
(2.30898 -0.143316 0)
(2.24014 -0.266089 0)
(2.23381 -0.322719 0)
(2.24031 -0.323231 0)
(2.26176 -0.332147 0)
(2.27446 -0.337943 0)
(2.28759 -0.334923 0)
(2.30526 -0.329252 0)
(2.32441 -0.327501 0)
(2.34684 -0.325899 0)
(2.37146 -0.323573 0)
(2.39459 -0.323511 0)
(2.41345 -0.326849 0)
(2.41991 -0.329497 0)
(2.42472 -0.332453 0)
(2.43927 -0.340645 0)
(2.45845 -0.346639 0)
(2.47801 -0.336752 0)
(2.48322 -0.330864 0)
(2.49432 -0.312289 0)
(2.49267 -0.284679 0)
(2.46949 -0.227686 0)
(2.41249 -0.112801 0)
(2.33007 0.057458 0)
(2.30247 0.159667 0)
(2.26414 0.212594 0)
(2.25852 0.214425 0)
(2.27305 0.207918 0)
(2.29061 0.20842 0)
(2.30822 0.200752 0)
(2.32554 0.186102 0)
(2.34161 0.182411 0)
(2.35759 0.19127 0)
(2.37137 0.197592 0)
(2.3858 0.19754 0)
(2.40037 0.196909 0)
(2.41321 0.196206 0)
(2.42151 0.192419 0)
(2.42541 0.187852 0)
(2.42932 0.187261 0)
(2.44098 0.189304 0)
(2.45564 0.18924 0)
(2.47075 0.187441 0)
(2.4877 0.186356 0)
(2.50605 0.188225 0)
(2.52171 0.193993 0)
(2.52787 0.193554 0)
(2.52329 0.182335 0)
(2.51096 0.154124 0)
(2.4998 0.128976 0)
(2.4847 0.0812538 0)
(2.45094 -0.0103452 0)
(2.44972 -0.082178 0)
(2.46338 -0.138798 0)
(2.45356 -0.170974 0)
(2.45126 -0.167956 0)
(2.44975 -0.163401 0)
(2.33201 -0.837769 0)
(2.33829 -0.83907 0)
(2.34286 -0.838589 0)
(2.345 -0.838052 0)
(2.35883 -0.829978 0)
(2.39217 -0.802283 0)
(2.42879 -0.771304 0)
(2.48143 -0.720701 0)
(2.56027 -0.631141 0)
(2.60582 -0.563667 0)
(2.62438 -0.552405 0)
(2.66411 -0.488262 0)
(2.75381 -0.38117 0)
(2.7922 -0.330819 0)
(2.82396 -0.25044 0)
(2.7842 -0.147359 0)
(2.6443 0.120429 0)
(2.41934 0.489006 0)
(2.29738 0.654172 0)
(2.27163 0.724531 0)
(2.29346 0.72094 0)
(2.33038 0.711605 0)
(2.36221 0.707245 0)
(2.38084 0.710959 0)
(2.39724 0.708575 0)
(2.42013 0.690776 0)
(2.44226 0.675533 0)
(2.46001 0.669067 0)
(2.47585 0.661058 0)
(2.49872 0.635949 0)
(2.51497 0.622048 0)
(2.53042 0.613469 0)
(2.55468 0.594904 0)
(2.56713 0.588024 0)
(2.58625 0.561386 0)
(2.56638 0.483464 0)
(2.4885 0.302278 0)
(2.30704 -0.0177784 0)
(2.22419 -0.181605 0)
(2.19037 -0.279783 0)
(2.19179 -0.288223 0)
(2.21057 -0.294401 0)
(2.2318 -0.296766 0)
(2.25096 -0.2943 0)
(2.27398 -0.292344 0)
(2.29804 -0.295763 0)
(2.32012 -0.295558 0)
(2.33817 -0.290438 0)
(2.35218 -0.285485 0)
(2.36762 -0.284154 0)
(2.38572 -0.287097 0)
(2.40383 -0.289825 0)
(2.41924 -0.29117 0)
(2.43305 -0.292007 0)
(2.44884 -0.297101 0)
(2.46679 -0.299278 0)
(2.48631 -0.295513 0)
(2.49971 -0.289731 0)
(2.51029 -0.283187 0)
(2.51072 -0.276846 0)
(2.52503 -0.265289 0)
(2.51779 -0.23528 0)
(2.47643 -0.1435 0)
(2.41371 0.0026577 0)
(2.34841 0.120237 0)
(2.31687 0.162953 0)
(2.30627 0.20483 0)
(2.30301 0.225339 0)
(2.31536 0.232931 0)
(2.33327 0.226976 0)
(2.35164 0.222563 0)
(2.3705 0.224366 0)
(2.38797 0.224237 0)
(2.40106 0.223128 0)
(2.4088 0.221943 0)
(2.41426 0.218252 0)
(2.42098 0.21163 0)
(2.4286 0.208153 0)
(2.43673 0.211262 0)
(2.44414 0.216894 0)
(2.46051 0.218953 0)
(2.47903 0.218529 0)
(2.49696 0.214374 0)
(2.51279 0.211036 0)
(2.52301 0.210915 0)
(2.52605 0.202268 0)
(2.49992 0.148448 0)
(2.47791 0.103021 0)
(2.44151 0.0386141 0)
(2.39858 -0.054189 0)
(2.39745 -0.103373 0)
(2.42113 -0.147159 0)
(2.43572 -0.170526 0)
(2.43853 -0.170928 0)
(2.44249 -0.172726 0)
(2.45552 -0.163075 0)
(2.34309 -0.837497 0)
(2.34638 -0.842138 0)
(2.35052 -0.842059 0)
(2.36165 -0.835837 0)
(2.39054 -0.811566 0)
(2.4287 -0.776505 0)
(2.49635 -0.711623 0)
(2.57329 -0.62113 0)
(2.61646 -0.577334 0)
(2.64261 -0.545234 0)
(2.7144 -0.445959 0)
(2.78011 -0.335305 0)
(2.80723 -0.266923 0)
(2.84141 -0.261773 0)
(2.85309 -0.243128 0)
(2.87167 -0.157429 0)
(2.86044 -0.0701101 0)
(2.78849 0.143912 0)
(2.51573 0.548225 0)
(2.38508 0.749827 0)
(2.28181 0.815109 0)
(2.30535 0.808276 0)
(2.34575 0.79098 0)
(2.36917 0.781599 0)
(2.38231 0.768935 0)
(2.40563 0.740338 0)
(2.42094 0.728697 0)
(2.44134 0.718737 0)
(2.45564 0.711371 0)
(2.47742 0.682351 0)
(2.48536 0.671249 0)
(2.51166 0.650765 0)
(2.5428 0.642748 0)
(2.54105 0.5925 0)
(2.50133 0.468795 0)
(2.34547 0.166701 0)
(2.23801 -0.0712655 0)
(2.17466 -0.198496 0)
(2.1633 -0.239329 0)
(2.17536 -0.236904 0)
(2.20316 -0.240571 0)
(2.22471 -0.244826 0)
(2.24062 -0.251048 0)
(2.26099 -0.25288 0)
(2.28479 -0.255013 0)
(2.30888 -0.255183 0)
(2.33201 -0.252794 0)
(2.3514 -0.248048 0)
(2.36608 -0.246634 0)
(2.37859 -0.247576 0)
(2.39085 -0.252329 0)
(2.40499 -0.255812 0)
(2.42468 -0.254264 0)
(2.44497 -0.253989 0)
(2.46431 -0.258171 0)
(2.4823 -0.26129 0)
(2.49999 -0.258827 0)
(2.5139 -0.253127 0)
(2.51959 -0.245843 0)
(2.52415 -0.236844 0)
(2.53615 -0.242266 0)
(2.54954 -0.244644 0)
(2.54584 -0.227093 0)
(2.52725 -0.158888 0)
(2.47844 -0.0522586 0)
(2.40483 0.0667181 0)
(2.34359 0.182557 0)
(2.32312 0.256844 0)
(2.32576 0.277715 0)
(2.33469 0.276092 0)
(2.34923 0.271027 0)
(2.36811 0.261943 0)
(2.38753 0.255752 0)
(2.40212 0.253508 0)
(2.41059 0.249385 0)
(2.4176 0.24248 0)
(2.42651 0.233455 0)
(2.43691 0.231508 0)
(2.44819 0.236782 0)
(2.45651 0.246974 0)
(2.46747 0.248655 0)
(2.48142 0.246391 0)
(2.49486 0.237169 0)
(2.50518 0.225083 0)
(2.50328 0.199401 0)
(2.47749 0.127718 0)
(2.45862 0.0624993 0)
(2.41314 -0.0134508 0)
(2.38135 -0.0742927 0)
(2.37535 -0.0813489 0)
(2.3939 -0.103375 0)
(2.42162 -0.131853 0)
(2.42973 -0.137931 0)
(2.4438 -0.138205 0)
(2.45201 -0.144982 0)
(2.46859 -0.141708 0)
(2.34764 -0.848569 0)
(2.3547 -0.847111 0)
(2.35986 -0.84194 0)
(2.38289 -0.822652 0)
(2.43969 -0.771021 0)
(2.50723 -0.697752 0)
(2.54813 -0.645575 0)
(2.62479 -0.564149 0)
(2.7108 -0.461998 0)
(2.7539 -0.39572 0)
(2.77866 -0.311268 0)
(2.81075 -0.237206 0)
(2.84406 -0.203644 0)
(2.87137 -0.164984 0)
(2.90535 -0.0654244 0)
(2.91274 -0.0221312 0)
(2.93298 -0.0049859 0)
(2.92137 0.0555279 0)
(2.85625 0.212737 0)
(2.58007 0.61639 0)
(2.4434 0.784502 0)
(2.30568 0.85031 0)
(2.32117 0.849976 0)
(2.34611 0.841393 0)
(2.35915 0.826678 0)
(2.38599 0.793248 0)
(2.41452 0.761635 0)
(2.43812 0.74623 0)
(2.45158 0.740643 0)
(2.46485 0.722122 0)
(2.47344 0.701914 0)
(2.49408 0.66708 0)
(2.48587 0.590693 0)
(2.41799 0.404788 0)
(2.22508 0.0620396 0)
(2.14046 -0.122216 0)
(2.12241 -0.224024 0)
(2.13596 -0.219863 0)
(2.16614 -0.213061 0)
(2.19173 -0.207938 0)
(2.20417 -0.20239 0)
(2.21939 -0.200058 0)
(2.24331 -0.207925 0)
(2.26987 -0.213438 0)
(2.29495 -0.21513 0)
(2.32061 -0.215703 0)
(2.34617 -0.214699 0)
(2.36739 -0.212777 0)
(2.38064 -0.212639 0)
(2.38571 -0.213625 0)
(2.39079 -0.217175 0)
(2.40527 -0.218796 0)
(2.42453 -0.214342 0)
(2.44693 -0.209969 0)
(2.46842 -0.212805 0)
(2.48512 -0.21692 0)
(2.49532 -0.215758 0)
(2.50529 -0.20953 0)
(2.52017 -0.204737 0)
(2.53569 -0.20542 0)
(2.5521 -0.205405 0)
(2.56757 -0.210291 0)
(2.56557 -0.215476 0)
(2.56913 -0.193575 0)
(2.56069 -0.1589 0)
(2.53018 -0.0969333 0)
(2.44942 0.0395601 0)
(2.39909 0.170224 0)
(2.39181 0.246133 0)
(2.36788 0.287572 0)
(2.36032 0.293121 0)
(2.36641 0.29018 0)
(2.38321 0.282678 0)
(2.40033 0.279178 0)
(2.41271 0.272504 0)
(2.42562 0.26936 0)
(2.44046 0.261337 0)
(2.45383 0.257823 0)
(2.46484 0.262601 0)
(2.46768 0.272454 0)
(2.47396 0.269681 0)
(2.48386 0.258388 0)
(2.48365 0.233126 0)
(2.47282 0.182077 0)
(2.43706 0.084287 0)
(2.42848 0.00524585 0)
(2.3998 -0.0637889 0)
(2.3676 -0.10799 0)
(2.35888 -0.124823 0)
(2.36813 -0.118025 0)
(2.39515 -0.119607 0)
(2.41406 -0.120784 0)
(2.43407 -0.114943 0)
(2.44364 -0.105132 0)
(2.45853 -0.112714 0)
(2.48578 -0.121529 0)
(2.35395 -0.850685 0)
(2.35837 -0.844543 0)
(2.38107 -0.822487 0)
(2.43782 -0.768904 0)
(2.49698 -0.712301 0)
(2.57158 -0.617891 0)
(2.66303 -0.488931 0)
(2.71733 -0.439587 0)
(2.73753 -0.413463 0)
(2.79886 -0.275553 0)
(2.83422 -0.150297 0)
(2.86711 -0.135355 0)
(2.86169 -0.154222 0)
(2.86241 -0.0827582 0)
(2.87406 -0.00127249 0)
(2.88792 0.0244977 0)
(2.93093 -0.000344304 0)
(2.93908 0.0160626 0)
(2.92043 0.0527353 0)
(2.83452 0.204133 0)
(2.67064 0.50106 0)
(2.45707 0.739768 0)
(2.31266 0.865353 0)
(2.31765 0.868725 0)
(2.3418 0.846454 0)
(2.36689 0.808412 0)
(2.40401 0.761389 0)
(2.42786 0.737392 0)
(2.44281 0.72862 0)
(2.45485 0.72055 0)
(2.44903 0.669941 0)
(2.41916 0.560839 0)
(2.27331 0.263117 0)
(2.16472 0.00590891 0)
(2.0964 -0.112058 0)
(2.10275 -0.149982 0)
(2.12242 -0.156605 0)
(2.15915 -0.166348 0)
(2.18603 -0.169801 0)
(2.19997 -0.172702 0)
(2.21273 -0.166971 0)
(2.2288 -0.169357 0)
(2.25029 -0.172862 0)
(2.27599 -0.173393 0)
(2.30474 -0.173528 0)
(2.33336 -0.174919 0)
(2.35971 -0.176842 0)
(2.38045 -0.178191 0)
(2.39164 -0.180406 0)
(2.39292 -0.180528 0)
(2.38839 -0.176348 0)
(2.40253 -0.175707 0)
(2.42937 -0.175857 0)
(2.45371 -0.173299 0)
(2.479 -0.174145 0)
(2.49804 -0.179148 0)
(2.50749 -0.18005 0)
(2.50831 -0.17176 0)
(2.5136 -0.162572 0)
(2.52555 -0.164764 0)
(2.53712 -0.165035 0)
(2.55116 -0.169148 0)
(2.55876 -0.180964 0)
(2.57005 -0.173005 0)
(2.58463 -0.166447 0)
(2.58959 -0.146676 0)
(2.57632 -0.100384 0)
(2.51637 0.020125 0)
(2.47251 0.154327 0)
(2.41487 0.276289 0)
(2.36739 0.320947 0)
(2.367 0.320797 0)
(2.37637 0.311346 0)
(2.39333 0.305294 0)
(2.40785 0.300828 0)
(2.41949 0.301719 0)
(2.43064 0.293899 0)
(2.44885 0.296124 0)
(2.46262 0.295578 0)
(2.47275 0.291867 0)
(2.46664 0.263186 0)
(2.45812 0.214708 0)
(2.42666 0.133188 0)
(2.41717 0.060502 0)
(2.39047 -0.0363766 0)
(2.39551 -0.0821051 0)
(2.37663 -0.0822415 0)
(2.36692 -0.0805084 0)
(2.36693 -0.0805439 0)
(2.38443 -0.0882933 0)
(2.40684 -0.0928237 0)
(2.41928 -0.0967146 0)
(2.43048 -0.0918933 0)
(2.442 -0.0854875 0)
(2.45693 -0.0900503 0)
(2.48432 -0.0938902 0)
(2.35596 -0.845863 0)
(2.37664 -0.825962 0)
(2.43298 -0.769059 0)
(2.501 -0.700997 0)
(2.59179 -0.598634 0)
(2.68251 -0.438483 0)
(2.72294 -0.389944 0)
(2.7637 -0.35756 0)
(2.84522 -0.179918 0)
(2.84033 -0.0604058 0)
(2.84961 -0.0596088 0)
(2.88729 -0.0452151 0)
(2.91166 0.0337743 0)
(2.89402 0.0980101 0)
(2.8788 0.127253 0)
(2.91499 0.114104 0)
(2.94022 0.077728 0)
(2.91783 0.0665503 0)
(2.90768 0.0645643 0)
(2.89884 0.0665419 0)
(2.85469 0.135339 0)
(2.71225 0.377305 0)
(2.38697 0.733595 0)
(2.32234 0.842888 0)
(2.33345 0.813147 0)
(2.35556 0.790741 0)
(2.38284 0.766892 0)
(2.40504 0.748463 0)
(2.4216 0.722113 0)
(2.41616 0.658808 0)
(2.35805 0.48454 0)
(2.19004 0.169983 0)
(2.0753 -0.0490262 0)
(2.04183 -0.153191 0)
(2.05531 -0.144391 0)
(2.09076 -0.132756 0)
(2.12424 -0.116963 0)
(2.15709 -0.115395 0)
(2.18851 -0.125581 0)
(2.20948 -0.142027 0)
(2.22209 -0.148169 0)
(2.23856 -0.144511 0)
(2.25777 -0.138672 0)
(2.27824 -0.133492 0)
(2.30018 -0.131723 0)
(2.32391 -0.135368 0)
(2.34744 -0.140087 0)
(2.36922 -0.141329 0)
(2.38671 -0.142712 0)
(2.39681 -0.144534 0)
(2.40241 -0.14279 0)
(2.41337 -0.135755 0)
(2.42703 -0.133965 0)
(2.44472 -0.137847 0)
(2.46374 -0.141371 0)
(2.48099 -0.141611 0)
(2.49751 -0.137028 0)
(2.51413 -0.133044 0)
(2.52656 -0.129431 0)
(2.53587 -0.129218 0)
(2.54105 -0.129321 0)
(2.54041 -0.1353 0)
(2.54542 -0.141698 0)
(2.57029 -0.142783 0)
(2.59311 -0.141015 0)
(2.61012 -0.131759 0)
(2.61838 -0.117404 0)
(2.60955 -0.0902614 0)
(2.55917 0.00688131 0)
(2.50714 0.128076 0)
(2.44329 0.232225 0)
(2.383 0.303837 0)
(2.37007 0.311174 0)
(2.38994 0.321709 0)
(2.40774 0.326382 0)
(2.42669 0.332129 0)
(2.43332 0.327506 0)
(2.4466 0.323324 0)
(2.44945 0.307829 0)
(2.44361 0.262977 0)
(2.4247 0.187217 0)
(2.39003 0.0906044 0)
(2.35053 -0.00147086 0)
(2.35978 -0.0623407 0)
(2.35495 -0.115876 0)
(2.35751 -0.115726 0)
(2.36217 -0.0970914 0)
(2.36609 -0.0736518 0)
(2.37746 -0.0677535 0)
(2.39265 -0.06625 0)
(2.40297 -0.0675902 0)
(2.41741 -0.0627619 0)
(2.43229 -0.057682 0)
(2.44872 -0.0587087 0)
(2.46501 -0.0667015 0)
(2.49111 -0.0720424 0)
(2.3642 -0.835581 0)
(2.42017 -0.786573 0)
(2.53222 -0.665029 0)
(2.6075 -0.580973 0)
(2.66713 -0.467781 0)
(2.74473 -0.298456 0)
(2.79224 -0.262897 0)
(2.81316 -0.205726 0)
(2.82438 -0.0722841 0)
(2.83212 -0.0540592 0)
(2.85993 -0.0524839 0)
(2.89922 0.0040448 0)
(2.90825 0.0432566 0)
(2.90213 0.0969791 0)
(2.90524 0.0981332 0)
(2.91755 0.0767116 0)
(2.91709 0.0585263 0)
(2.90531 0.0539884 0)
(2.89666 0.0454354 0)
(2.90183 0.036636 0)
(2.91144 0.0157635 0)
(2.87931 0.0767135 0)
(2.71904 0.315987 0)
(2.40455 0.702987 0)
(2.36683 0.727511 0)
(2.35375 0.760127 0)
(2.36219 0.756698 0)
(2.36653 0.733435 0)
(2.35444 0.643349 0)
(2.28001 0.403499 0)
(2.15141 0.12893 0)
(2.01915 -0.0385003 0)
(2.00342 -0.0744349 0)
(2.0159 -0.0834871 0)
(2.06399 -0.0861826 0)
(2.09944 -0.0819022 0)
(2.12137 -0.0798925 0)
(2.13966 -0.0801504 0)
(2.15726 -0.084958 0)
(2.17525 -0.094074 0)
(2.19407 -0.100972 0)
(2.21537 -0.0996075 0)
(2.23891 -0.0959647 0)
(2.26228 -0.0929338 0)
(2.28529 -0.0933565 0)
(2.30824 -0.0971599 0)
(2.3294 -0.100907 0)
(2.34809 -0.102098 0)
(2.36242 -0.101485 0)
(2.37188 -0.0983541 0)
(2.38037 -0.0945945 0)
(2.39437 -0.0929474 0)
(2.41395 -0.094789 0)
(2.43503 -0.0967509 0)
(2.45526 -0.098954 0)
(2.47432 -0.0983635 0)
(2.49094 -0.0944833 0)
(2.50482 -0.0898302 0)
(2.51514 -0.0889355 0)
(2.52015 -0.0914753 0)
(2.52165 -0.0962617 0)
(2.52639 -0.100668 0)
(2.54159 -0.102148 0)
(2.55861 -0.0990349 0)
(2.57761 -0.0961196 0)
(2.59772 -0.0897471 0)
(2.61654 -0.0853475 0)
(2.62435 -0.0883046 0)
(2.61704 -0.071253 0)
(2.58986 -0.00443511 0)
(2.5506 0.0679973 0)
(2.46609 0.178829 0)
(2.4003 0.273308 0)
(2.39683 0.304481 0)
(2.41235 0.357805 0)
(2.43017 0.364483 0)
(2.42502 0.343858 0)
(2.41281 0.297713 0)
(2.3907 0.222256 0)
(2.38546 0.157652 0)
(2.35904 0.0862161 0)
(2.31916 0.0239145 0)
(2.30109 -0.0266082 0)
(2.32368 -0.0738722 0)
(2.3296 -0.0858273 0)
(2.3417 -0.0814739 0)
(2.35765 -0.0604838 0)
(2.37316 -0.0427663 0)
(2.38408 -0.045814 0)
(2.38605 -0.054052 0)
(2.38706 -0.0519917 0)
(2.39889 -0.0411094 0)
(2.41405 -0.0352106 0)
(2.43325 -0.036017 0)
(2.45419 -0.0423597 0)
(2.47634 -0.0507852 0)
(2.44609 -0.793603 0)
(2.59473 -0.645766 0)
(2.69087 -0.500863 0)
(2.78719 -0.327292 0)
(2.87663 -0.102597 0)
(2.91337 0.0151102 0)
(2.94945 0.0601931 0)
(2.95607 0.153598 0)
(2.92755 0.203317 0)
(2.96057 0.165825 0)
(2.98917 0.113079 0)
(2.972 0.0832644 0)
(2.96606 0.0870051 0)
(2.96252 0.0804733 0)
(2.95348 0.0631446 0)
(2.94922 0.0335729 0)
(2.94007 0.0193791 0)
(2.9182 0.0143627 0)
(2.91361 0.000887972 0)
(2.92757 -0.0174909 0)
(2.94316 -0.0243706 0)
(2.93901 -0.0135484 0)
(2.91214 0.0395501 0)
(2.70573 0.32791 0)
(2.55809 0.526901 0)
(2.37515 0.752036 0)
(2.29085 0.70613 0)
(2.19875 0.512048 0)
(2.07671 0.192797 0)
(1.929 -0.0457339 0)
(1.86605 -0.137003 0)
(1.89624 -0.116376 0)
(1.95437 -0.0828148 0)
(2.00814 -0.0453366 0)
(2.04818 -0.0349695 0)
(2.08754 -0.040548 0)
(2.11939 -0.044798 0)
(2.13912 -0.0449674 0)
(2.15174 -0.0451839 0)
(2.16848 -0.0493069 0)
(2.19137 -0.0545521 0)
(2.21747 -0.0566971 0)
(2.24432 -0.0566564 0)
(2.26891 -0.0552723 0)
(2.29032 -0.0551575 0)
(2.31018 -0.056963 0)
(2.32963 -0.0593506 0)
(2.34827 -0.060081 0)
(2.36481 -0.059747 0)
(2.37779 -0.0574853 0)
(2.38828 -0.0559328 0)
(2.40063 -0.0569292 0)
(2.41777 -0.0585141 0)
(2.43821 -0.058456 0)
(2.45958 -0.058878 0)
(2.48014 -0.0580141 0)
(2.49888 -0.0567393 0)
(2.51407 -0.0540671 0)
(2.52286 -0.0519501 0)
(2.52415 -0.0539599 0)
(2.52172 -0.0609057 0)
(2.52808 -0.0619664 0)
(2.54374 -0.0564621 0)
(2.56241 -0.0558326 0)
(2.58302 -0.0545317 0)
(2.60428 -0.0544559 0)
(2.62337 -0.0528865 0)
(2.63737 -0.0562569 0)
(2.64413 -0.050521 0)
(2.62247 -0.0222561 0)
(2.59962 0.0186572 0)
(2.57062 0.0537573 0)
(2.50962 0.140061 0)
(2.45596 0.242941 0)
(2.43239 0.34043 0)
(2.41654 0.339299 0)
(2.37461 0.268933 0)
(2.34372 0.174749 0)
(2.30708 0.0707957 0)
(2.27368 0.0067639 0)
(2.23811 -0.0241096 0)
(2.23345 -0.0332457 0)
(2.24818 -0.0505197 0)
(2.28339 -0.0660575 0)
(2.30439 -0.0655059 0)
(2.32776 -0.0537429 0)
(2.34713 -0.0319388 0)
(2.36673 -0.0228734 0)
(2.38095 -0.0243345 0)
(2.38306 -0.0320912 0)
(2.38222 -0.0291192 0)
(2.38927 -0.0185829 0)
(2.40286 -0.0141564 0)
(2.42111 -0.0133193 0)
(2.44007 -0.0209319 0)
(2.45973 -0.0295809 0)
(2.42453 -0.818112 0)
(2.54049 -0.793879 0)
(2.62299 -0.814088 0)
(2.76591 -0.622074 0)
(2.8652 -0.474771 0)
(2.93714 -0.373837 0)
(2.95694 -0.205004 0)
(2.98475 -0.113888 0)
(2.99251 -0.0341603 0)
(3.00828 0.012471 0)
(2.99491 0.0417069 0)
(2.97367 0.0709675 0)
(2.97546 0.0711631 0)
(2.98821 0.0526665 0)
(2.98791 0.0471175 0)
(2.97603 0.036393 0)
(2.96022 0.035196 0)
(2.94207 0.0348377 0)
(2.94296 0.0274432 0)
(2.95711 0.0123146 0)
(2.96261 0.00227416 0)
(2.95886 5.15878e-05 0)
(2.94743 0.00188053 0)
(2.91424 0.0321259 0)
(2.77116 0.143586 0)
(2.43446 0.350956 0)
(2.19576 0.412405 0)
(2.03722 0.430449 0)
(1.90099 0.242432 0)
(1.83009 0.123192 0)
(1.84902 0.0182892 0)
(1.91601 -0.0302481 0)
(1.96374 -0.0280533 0)
(2.00537 -0.025594 0)
(2.03469 -0.0251206 0)
(2.06499 -0.0254614 0)
(2.09486 -0.0242394 0)
(2.11801 -0.0229493 0)
(2.13387 -0.0227493 0)
(2.15153 -0.0238098 0)
(2.17508 -0.0252475 0)
(2.20219 -0.0262424 0)
(2.2296 -0.026462 0)
(2.25446 -0.0261353 0)
(2.27592 -0.0269317 0)
(2.29475 -0.0284555 0)
(2.31266 -0.0291317 0)
(2.33061 -0.0280974 0)
(2.34787 -0.0272577 0)
(2.36209 -0.0267709 0)
(2.37281 -0.0281758 0)
(2.38384 -0.0301305 0)
(2.40021 -0.0306507 0)
(2.42114 -0.0296974 0)
(2.44345 -0.0299984 0)
(2.46417 -0.0297751 0)
(2.48165 -0.0286991 0)
(2.49494 -0.0269082 0)
(2.50239 -0.0257648 0)
(2.50231 -0.0286797 0)
(2.50073 -0.0329735 0)
(2.51096 -0.0332465 0)
(2.52881 -0.0302939 0)
(2.54842 -0.0290884 0)
(2.56886 -0.0279402 0)
(2.58905 -0.0275865 0)
(2.60747 -0.0269932 0)
(2.61974 -0.0274034 0)
(2.62225 -0.0298888 0)
(2.60521 -0.0280777 0)
(2.60496 -0.0213032 0)
(2.60305 -0.0153933 0)
(2.5825 0.0109118 0)
(2.51225 0.0679161 0)
(2.42085 0.123735 0)
(2.37161 0.179839 0)
(2.34325 0.169995 0)
(2.32579 0.128963 0)
(2.25522 0.0989244 0)
(2.22688 0.0702696 0)
(2.19846 0.0438162 0)
(2.21846 0.00841986 0)
(2.25825 -0.0183573 0)
(2.27661 -0.0282051 0)
(2.29497 -0.0270499 0)
(2.31462 -0.0208711 0)
(2.33577 -0.0106093 0)
(2.35947 -0.00805313 0)
(2.37163 -0.0149578 0)
(2.36917 -0.0238504 0)
(2.36596 -0.0204967 0)
(2.37359 -0.0139716 0)
(2.38839 -0.0118102 0)
(2.40768 -0.0125246 0)
(2.4234 -0.0148086 0)
(2.44283 -0.0155092 0)
)
;

boundaryField
{
    inlet
    {
        type            fixedValue;
        value           uniform (3 0 0);
    }
    outlet
    {
        type            inletOutlet;
        inletValue      uniform (3 0 0);
        value           nonuniform List<vector> 
32
(
(2.44983 0.0147718 0)
(2.46635 0.0249529 0)
(2.47223 0.0491208 0)
(2.4829 0.0709465 0)
(2.47649 0.0946357 0)
(2.47421 0.126394 0)
(2.46461 0.147996 0)
(2.45515 0.163325 0)
(2.45137 0.16434 0)
(2.45052 0.182923 0)
(2.4886 0.141983 0)
(2.55741 0.0549115 0)
(2.62064 -0.0196116 0)
(2.6407 -0.0424941 0)
(2.64326 -0.0351179 0)
(2.65067 -0.0101236 0)
(2.63778 0.0144251 0)
(2.63814 0.0362934 0)
(2.63612 0.0419815 0)
(2.61473 0.020241 0)
(2.55498 -0.0602889 0)
(2.48919 -0.135701 0)
(2.44744 -0.180529 0)
(2.44975 -0.163401 0)
(2.45552 -0.163075 0)
(2.46859 -0.141708 0)
(2.48578 -0.121529 0)
(2.48432 -0.0938902 0)
(2.49111 -0.0720424 0)
(2.47634 -0.0507852 0)
(2.45973 -0.0295809 0)
(2.44283 -0.0155092 0)
)
;
    }
    bottom
    {
        type            symmetryPlane;
    }
    top
    {
        type            symmetryPlane;
    }
    obstacle
    {
        type            slip;
    }
    defaultFaces
    {
        type            empty;
    }
}


// ************************************************************************* //
