/*--------------------------------*- C++ -*----------------------------------*\
  =========                 |
  \\      /  F ield         | OpenFOAM: The Open Source CFD Toolbox
   \\    /   O peration     | Website:  https://openfoam.org
    \\  /    A nd           | Version:  7
     \\/     M anipulation  |
\*---------------------------------------------------------------------------*/
FoamFile
{
    version     2.0;
    format      ascii;
    class       volVectorField;
    location    "0.4";
    object      U;
}
// * * * * * * * * * * * * * * * * * * * * * * * * * * * * * * * * * * * * * //

dimensions      [0 1 -1 0 0 0 0];

internalField   nonuniform List<vector> 
4608
(
(3 3.91358e-18 0)
(3 -2.66767e-18 0)
(3 1.1817e-16 0)
(3 2.79288e-16 0)
(3 6.82484e-16 0)
(3 4.07724e-16 0)
(3 9.68954e-17 0)
(3 -2.52073e-16 0)
(3 3.29418e-16 0)
(3 3.17281e-17 0)
(3 7.1085e-17 0)
(3 -6.9696e-16 0)
(3 -1.10477e-15 0)
(3 -7.2199e-18 0)
(3 6.53974e-16 0)
(3 1.27582e-15 0)
(3 1.47477e-15 0)
(3 1.01036e-15 0)
(3 9.68662e-16 0)
(3 1.012e-15 0)
(3 7.12753e-16 0)
(3 3.54574e-16 0)
(3 4.25234e-16 0)
(3 1.09838e-15 0)
(3 -3.02003e-17 0)
(3 1.03998e-16 0)
(3 3.03235e-16 0)
(3 1.42337e-15 0)
(3 2.44741e-15 0)
(3 1.16308e-15 0)
(3 4.24473e-16 0)
(3 -6.53593e-16 0)
(3 -6.13662e-16 0)
(3 1.97204e-17 0)
(3 4.13281e-16 0)
(3 5.7144e-17 0)
(3 -2.74221e-16 0)
(3 -2.60144e-16 0)
(3 -1.17969e-16 0)
(3 9.19059e-18 0)
(3 1.17838e-17 0)
(3 9.24736e-16 0)
(3 1.93577e-15 0)
(3 2.27102e-15 0)
(3 1.90593e-15 0)
(3 1.64052e-15 0)
(3 1.34363e-15 0)
(3 1.59247e-15 0)
(3 -1.03601e-17 0)
(3 -3.12648e-17 0)
(3 -1.89044e-16 0)
(3 2.03643e-16 0)
(3 3.65608e-16 0)
(3 5.07694e-16 0)
(3 -1.04283e-16 0)
(3 -4.52628e-16 0)
(3 -8.0558e-16 0)
(3 -9.13869e-16 0)
(3 -7.17157e-16 0)
(3 -6.84191e-16 0)
(3 -9.69697e-16 0)
(3 -1.56885e-15 0)
(3 -1.5869e-15 0)
(3 -2.16363e-15 0)
(3 -1.90382e-15 0)
(3 -1.04595e-15 0)
(3 1.68581e-15 0)
(3 2.36034e-15 0)
(3 2.70738e-15 0)
(3 2.44169e-15 0)
(3 1.09929e-15 0)
(3 2.85833e-16 0)
(3 -1.73774e-16 0)
(3 -7.57159e-16 0)
(3 -6.97079e-16 0)
(3 -4.72433e-16 0)
(3 -3.34569e-16 0)
(3 -1.3545e-16 0)
(3 -2.66334e-16 0)
(3 -4.06982e-16 0)
(3 -3.48622e-16 0)
(3 -9.15766e-16 0)
(3 -1.10894e-15 0)
(3 -9.09393e-16 0)
(3 -1.00405e-15 0)
(3 -8.93758e-16 0)
(3 -2.46099e-16 0)
(3 -9.32738e-17 0)
(3 -5.63105e-16 0)
(3 -1.06251e-15 0)
(3 8.99662e-16 0)
(3 2.19696e-15 0)
(3 2.54229e-15 0)
(3 1.80706e-15 0)
(3 1.11613e-15 0)
(3 1.50992e-15 0)
(3 -1.95286e-16 0)
(3 -3.22021e-16 0)
(3 -4.32864e-16 0)
(3 -3.56123e-16 0)
(3 8.38356e-16 0)
(3 5.64181e-16 0)
(3 3.10611e-16 0)
(3 1.47943e-16 0)
(3 -1.64605e-16 0)
(3 8.83583e-17 0)
(3 4.73122e-16 0)
(3 3.00919e-17 0)
(3 -2.74267e-16 0)
(3 -5.42769e-16 0)
(3 -1.12141e-15 0)
(3 -8.15983e-16 0)
(3 -6.58346e-16 0)
(3 -4.94796e-16 0)
(3 -1.37571e-15 0)
(3 -9.21597e-16 0)
(3 1.16634e-15 0)
(3 1.89202e-15 0)
(3 1.91426e-15 0)
(3 2.72813e-15 0)
(3 2.53052e-16 0)
(3 4.3641e-16 0)
(3 -3.80377e-17 0)
(3 -4.22965e-16 0)
(3 -2.72964e-16 0)
(3 1.449e-16 0)
(3 2.26225e-16 0)
(3 2.04986e-16 0)
(3 -2.72681e-16 0)
(3 -3.82163e-16 0)
(3 -7.19467e-16 0)
(3 -9.59739e-16 0)
(3 -8.5147e-16 0)
(3 -6.90102e-16 0)
(3 -9.62749e-16 0)
(3 -5.00484e-16 0)
(3 2.55602e-16 0)
(3 5.76539e-16 0)
(3 -1.11306e-15 0)
(3 -1.52524e-15 0)
(3 1.10551e-17 0)
(3 1.41606e-15 0)
(3 4.09868e-16 0)
(3 3.34117e-16 0)
(3 -2.27614e-16 0)
(3 -2.58993e-17 0)
(3 1.16252e-16 0)
(3 9.09675e-17 0)
(3 -3.66977e-16 0)
(3 -1.61199e-16 0)
(3 -4.81106e-16 0)
(3 -4.03802e-16 0)
(3 -2.11696e-16 0)
(3 -2.16622e-16 0)
(3 -2.67907e-16 0)
(3 9.36473e-16 0)
(3 1.63285e-15 0)
(3 1.23606e-15 0)
(3 1.12062e-15 0)
(3 1.30168e-15 0)
(3 1.20795e-15 0)
(3 1.2542e-15 0)
(3 -3.4409e-17 0)
(3 -4.22055e-16 0)
(3 -4.27152e-16 0)
(3 -8.0146e-16 0)
(3 -2.67451e-15 0)
(3 -2.89926e-15 0)
(3 8.83659e-17 0)
(3 9.47802e-17 0)
(3 8.28229e-17 0)
(3 -2.74204e-16 0)
(3 -1.44894e-16 0)
(3 1.78301e-16 0)
(3 4.09487e-16 0)
(3 3.77949e-16 0)
(3 3.96771e-16 0)
(3 6.6753e-16 0)
(3 1.54133e-15 0)
(3 2.56707e-15 0)
(3 2.78224e-15 0)
(3 2.28448e-15 0)
(3 1.494e-15 0)
(3 1.0108e-15 0)
(3 1.52712e-15 0)
(3 2.14806e-15 0)
(3 1.18349e-15 0)
(3 -1.09328e-16 0)
(3 -2.62932e-15 0)
(3 -3.26884e-15 0)
(3 -2.19217e-15 0)
(3 -2.71069e-15 0)
(3 6.10496e-17 0)
(3 4.03556e-17 0)
(3 -7.87657e-17 0)
(3 -3.15358e-16 0)
(3 -8.45034e-16 0)
(3 -7.19625e-16 0)
(3 3.22371e-16 0)
(3 4.45783e-16 0)
(3 2.28371e-16 0)
(3 3.75463e-16 0)
(3 1.26849e-15 0)
(3 1.48453e-15 0)
(3 1.14087e-15 0)
(3 1.08123e-15 0)
(3 6.05318e-16 0)
(3 2.56962e-16 0)
(3 9.68323e-16 0)
(3 1.56421e-15 0)
(3 1.39396e-15 0)
(3 -2.37593e-16 0)
(3 -2.19403e-15 0)
(3 -2.43271e-15 0)
(3 -1.13036e-15 0)
(3 5.69062e-17 0)
(3 -1.78359e-16 0)
(3 -1.88038e-16 0)
(3 -2.07193e-16 0)
(3 2.9522e-17 0)
(3 -5.11888e-16 0)
(3 -9.02279e-16 0)
(3 -7.62914e-16 0)
(3 -4.03932e-17 0)
(3 1.6959e-16 0)
(3 2.67041e-17 0)
(3 -4.05417e-16 0)
(3 -1.13836e-16 0)
(3 -3.31234e-16 0)
(3 -2.63973e-16 0)
(3 1.08524e-15 0)
(3 1.17151e-15 0)
(3 1.11844e-15 0)
(3 6.91809e-16 0)
(3 7.82462e-16 0)
(3 -1.08501e-15 0)
(3 -1.39091e-15 0)
(3 -1.57532e-15 0)
(3 -1.44354e-15 0)
(3 -1.73611e-15 0)
(3 2.59346e-16 0)
(3 2.34338e-16 0)
(3 1.484e-16 0)
(3 2.63014e-16 0)
(3 -3.32999e-16 0)
(3 -7.37916e-16 0)
(3 -8.498e-16 0)
(3 -3.15277e-16 0)
(3 1.06457e-16 0)
(3 -1.03269e-16 0)
(3 -2.9405e-16 0)
(3 3.78852e-16 0)
(3 6.13498e-16 0)
(3 8.68044e-17 0)
(3 1.70864e-16 0)
(3 1.80257e-15 0)
(3 1.83971e-15 0)
(3 1.17173e-15 0)
(3 1.29365e-17 0)
(3 -1.55174e-15 0)
(3 -1.31122e-15 0)
(3 -7.24842e-16 0)
(3 2.68912e-18 0)
(3 -5.8626e-16 0)
(3 -1.76454e-16 0)
(3 -4.40394e-16 0)
(3 -4.34998e-16 0)
(3 -4.62975e-16 0)
(3 -2.93689e-16 0)
(3 -4.05042e-16 0)
(3 -4.23465e-18 0)
(3 -4.6151e-16 0)
(3 -4.12507e-16 0)
(3 1.31868e-16 0)
(3 4.38457e-16 0)
(3 8.46051e-16 0)
(3 9.27854e-16 0)
(3 1.31134e-16 0)
(3 -4.37645e-16 0)
(3 -8.26384e-16 0)
(3 -2.21193e-16 0)
(3 1.37404e-15 0)
(3 -9.00159e-16 0)
(3 -2.60018e-15 0)
(3 -2.48646e-15 0)
(3 -1.56693e-15 0)
(3 1.65768e-16 0)
(3 1.21761e-15 0)
(3 4.13415e-17 0)
(3 -1.49936e-16 0)
(3 -2.83757e-16 0)
(3 -5.71716e-16 0)
(3 -2.03876e-17 0)
(3 2.02101e-16 0)
(3 -3.62105e-17 0)
(3 -1.11613e-15 0)
(3 -1.62276e-15 0)
(3 -1.11849e-15 0)
(3 -4.66272e-16 0)
(3 -1.23833e-16 0)
(3 7.07078e-17 0)
(3 -6.41298e-16 0)
(3 -1.55346e-15 0)
(3 -2.19303e-15 0)
(3 -2.87496e-15 0)
(3 -3.09183e-15 0)
(3 -3.25247e-15 0)
(3 -4.83345e-15 0)
(3 -4.99018e-15 0)
(3 -5.02822e-15 0)
(3 -1.025e-15 0)
(3 2.25754e-15 0)
(3 3.49118e-16 0)
(3 5.81177e-16 0)
(3 1.57337e-16 0)
(3 -2.83335e-16 0)
(3 -6.40613e-16 0)
(3 -1.70209e-16 0)
(3 -5.11718e-16 0)
(3 -7.82164e-16 0)
(3 -4.48587e-16 0)
(3 -2.11956e-16 0)
(3 -1.08248e-16 0)
(3 -1.12379e-16 0)
(3 -5.04969e-16 0)
(3 -2.10964e-15 0)
(3 -2.85584e-15 0)
(3 -2.94029e-15 0)
(3 -2.5394e-15 0)
(3 -2.31261e-15 0)
(3 -2.45749e-15 0)
(3 -3.75488e-15 0)
(3 -4.50965e-15 0)
(3 -5.75178e-15 0)
(3 -2.47995e-15 0)
(3 2.70551e-15 0)
(3 -1.66907e-17 0)
(3 1.93595e-16 0)
(3 3.14185e-16 0)
(3 -3.20121e-17 0)
(3 -1.69555e-16 0)
(3 2.20559e-16 0)
(3 5.02289e-16 0)
(3 5.03348e-16 0)
(3 2.11856e-16 0)
(3 -1.47931e-16 0)
(3 -1.01289e-15 0)
(3 -2.40488e-15 0)
(3 -3.46538e-15 0)
(3 -3.7857e-15 0)
(3 -2.24365e-15 0)
(3 -1.47736e-15 0)
(3 -1.2714e-15 0)
(3 -1.67198e-15 0)
(3 -1.96682e-15 0)
(3 -1.6446e-15 0)
(3 -1.90422e-15 0)
(3 -2.61401e-15 0)
(3 -2.00772e-15 0)
(3 1.13129e-15 0)
(3 4.65645e-17 0)
(3 3.72906e-17 0)
(3 9.98409e-17 0)
(3 7.08507e-16 0)
(3 7.86092e-16 0)
(3 -8.09201e-17 0)
(3 -3.86171e-16 0)
(3 -3.40984e-16 0)
(3 -7.28292e-16 0)
(3 -1.75968e-15 0)
(3 -2.64796e-15 0)
(3 -4.83789e-15 0)
(3 -5.20068e-15 0)
(3 -3.63375e-15 0)
(3 -1.59815e-15 0)
(3 9.13484e-17 0)
(3 2.56065e-17 0)
(3 -1.45529e-15 0)
(3 -2.55981e-15 0)
(3 -1.45753e-15 0)
(3 -7.89947e-16 0)
(3 -5.55266e-16 0)
(3 4.77521e-16 0)
(3 4.42159e-16 0)
(3 -2.96861e-16 0)
(3 -2.43784e-16 0)
(3 -2.04448e-16 0)
(3 8.97178e-17 0)
(3 1.90065e-16 0)
(3 -2.34779e-16 0)
(3 -7.4468e-16 0)
(3 -4.72161e-16 0)
(3 -5.88891e-16 0)
(3 -8.87387e-16 0)
(3 -1.01202e-15 0)
(3 -2.23987e-15 0)
(3 -1.5695e-15 0)
(3 7.54365e-16 0)
(3 1.34424e-15 0)
(3 1.59269e-15 0)
(3 2.47907e-16 0)
(3 -2.81023e-15 0)
(3 -3.55208e-15 0)
(3 -1.09878e-15 0)
(3 -2.70108e-16 0)
(3 2.65452e-16 0)
(3 1.32498e-15 0)
(3 3.48865e-16 0)
(3 -1.7706e-16 0)
(3 -5.20316e-16 0)
(3 -1.51208e-16 0)
(3 1.29061e-16 0)
(3 2.57257e-16 0)
(3 5.90661e-16 0)
(3 7.02737e-16 0)
(3 6.67898e-17 0)
(3 -2.83907e-16 0)
(3 -1.15913e-15 0)
(3 -6.22618e-16 0)
(3 7.34074e-16 0)
(3 1.67621e-15 0)
(3 2.98692e-15 0)
(3 3.25616e-15 0)
(3 2.32535e-15 0)
(3 6.61486e-17 0)
(3 -8.96505e-16 0)
(3 -2.1482e-16 0)
(3 1.73717e-15 0)
(3 1.68474e-15 0)
(3 9.85467e-16 0)
(3 -9.98141e-16 0)
(3 -1.66681e-15 0)
(3 3.97832e-16 0)
(3 3.14303e-17 0)
(3 -2.85395e-16 0)
(3 -3.65076e-17 0)
(3 4.95782e-18 0)
(3 1.76245e-16 0)
(3 3.69401e-16 0)
(3 2.34618e-16 0)
(3 1.45176e-16 0)
(3 5.54462e-16 0)
(3 1.2106e-15 0)
(3 2.32077e-15 0)
(3 1.70068e-15 0)
(3 1.56869e-15 0)
(3 2.11711e-15 0)
(3 2.13772e-15 0)
(3 8.98073e-16 0)
(3 5.55729e-16 0)
(3 1.14287e-15 0)
(3 1.24042e-15 0)
(3 -2.62971e-16 0)
(3 -1.11022e-15 0)
(3 -3.14698e-15 0)
(3 -2.33561e-15 0)
(3 1.70726e-16 0)
(3 5.07926e-16 0)
(3 6.54843e-16 0)
(3 -2.11028e-16 0)
(3 -4.19031e-16 0)
(3 -5.92821e-16 0)
(3 -6.30518e-16 0)
(3 5.23045e-17 0)
(3 4.56925e-16 0)
(3 1.44279e-15 0)
(3 1.82268e-15 0)
(3 1.85188e-15 0)
(3 1.67121e-15 0)
(3 1.75476e-15 0)
(3 1.29396e-15 0)
(3 1.15104e-15 0)
(3 -2.31258e-16 0)
(3 -2.05852e-16 0)
(3 2.45906e-16 0)
(3 4.62878e-16 0)
(3 3.80866e-16 0)
(3 -4.84405e-16 0)
(3 -1.9119e-15 0)
(3 -3.1593e-16 0)
(3 -7.9741e-17 0)
(3 3.70365e-16 0)
(3 5.70081e-16 0)
(3 2.52944e-16 0)
(3 -8.06602e-17 0)
(3 -2.63519e-16 0)
(3 -5.74115e-16 0)
(3 -7.2179e-16 0)
(3 -4.49048e-16 0)
(3 -1.36206e-17 0)
(3 4.493e-16 0)
(3 5.41458e-16 0)
(3 1.01767e-15 0)
(3 1.08348e-15 0)
(3 7.55913e-16 0)
(3 -1.7006e-16 0)
(3 -5.22514e-16 0)
(3 6.71399e-16 0)
(3 1.30868e-15 0)
(3 1.80582e-15 0)
(3 2.23179e-15 0)
(3 1.67191e-15 0)
(3 9.28263e-16 0)
(3 6.07583e-16 0)
(3 -2.71717e-16 0)
(3 -2.27136e-16 0)
(3 -5.1229e-16 0)
(3 -8.83698e-17 0)
(3 -3.19071e-16 0)
(3 -2.8279e-16 0)
(3 -1.37068e-17 0)
(3 2.96197e-16 0)
(3 -2.96852e-16 0)
(3 -6.95791e-17 0)
(3 -1.74968e-16 0)
(3 -4.04873e-17 0)
(3 6.81724e-16 0)
(3 9.24052e-16 0)
(3 9.5482e-16 0)
(3 1.03519e-15 0)
(3 1.50925e-15 0)
(3 1.57135e-15 0)
(3 1.48326e-15 0)
(3 1.43662e-15 0)
(3 1.21598e-15 0)
(3 1.08236e-15 0)
(3 1.60642e-15 0)
(3 -8.74117e-17 0)
(3 1.17864e-16 0)
(3 -1.02514e-16 0)
(3 -3.20905e-17 0)
(3 4.00515e-16 0)
(3 1.99143e-16 0)
(3 1.15052e-16 0)
(3 3.9108e-16 0)
(3 7.47081e-16 0)
(3 7.47901e-16 0)
(3 5.69547e-16 0)
(3 8.41467e-17 0)
(3 -1.62862e-16 0)
(3 -2.67466e-16 0)
(3 -3.05535e-16 0)
(3 8.61148e-17 0)
(3 1.06185e-15 0)
(3 1.53609e-15 0)
(3 1.60094e-15 0)
(3 1.44616e-15 0)
(3 8.18335e-16 0)
(3 8.08925e-16 0)
(3 8.94047e-16 0)
(3 -5.81692e-16 0)
(3 -1.64479e-15 0)
(3 3.38817e-17 0)
(3 -3.37836e-16 0)
(3 -3.42528e-16 0)
(3 -1.39373e-16 0)
(3 7.90634e-16 0)
(3 7.97793e-16 0)
(3 8.20076e-16 0)
(3 7.73803e-16 0)
(3 1.61869e-15 0)
(3 1.83415e-15 0)
(3 1.99952e-15 0)
(3 1.02378e-15 0)
(3 -9.90165e-16 0)
(3 -1.17374e-15 0)
(3 -3.07047e-16 0)
(3 3.14809e-16 0)
(3 9.94506e-16 0)
(3 1.73462e-15 0)
(3 2.1109e-15 0)
(3 1.06064e-15 0)
(3 1.56147e-15 0)
(3 1.3598e-15 0)
(3 -1.45952e-16 0)
(3 -1.77542e-15 0)
(3 -7.30318e-17 0)
(3 -1.88448e-16 0)
(3 -2.68551e-16 0)
(3 -6.52598e-16 0)
(3 -3.83209e-16 0)
(3 -4.31622e-16 0)
(3 -6.50022e-16 0)
(3 -5.57847e-16 0)
(3 -2.09712e-16 0)
(3 3.37082e-16 0)
(3 5.77244e-16 0)
(3 6.34182e-17 0)
(3 -3.5912e-16 0)
(3 1.08902e-16 0)
(3 9.08195e-16 0)
(3 6.90064e-16 0)
(3 1.31005e-15 0)
(3 3.13271e-15 0)
(3 3.6462e-15 0)
(3 1.4481e-15 0)
(3 8.02993e-16 0)
(3 1.09415e-15 0)
(3 1.49831e-15 0)
(3 2.39788e-15 0)
(3 -2.07549e-16 0)
(3 -2.47872e-16 0)
(3 -3.65728e-16 0)
(3 -5.88415e-16 0)
(3 -9.67317e-16 0)
(3 -1.41418e-15 0)
(3 -1.47922e-15 0)
(3 -1.13754e-15 0)
(3 -5.65384e-16 0)
(3 -1.5608e-16 0)
(3 -4.94064e-16 0)
(3 -7.14717e-16 0)
(3 -4.98348e-16 0)
(3 1.29289e-16 0)
(3 6.01037e-16 0)
(3 6.56423e-16 0)
(3 4.84168e-16 0)
(3 1.29268e-15 0)
(3 2.54209e-15 0)
(3 1.58378e-15 0)
(3 -5.36994e-16 0)
(3 -5.80126e-16 0)
(3 -4.15012e-16 0)
(3 8.3294e-16 0)
(3 -4.0184e-16 0)
(3 -3.80122e-16 0)
(3 -3.72528e-16 0)
(3 2.03554e-16 0)
(3 2.21874e-16 0)
(3 2.2617e-16 0)
(3 -8.34617e-17 0)
(3 1.49996e-16 0)
(3 5.8037e-16 0)
(3 9.03441e-16 0)
(3 9.42799e-17 0)
(3 -5.55081e-16 0)
(3 -5.47551e-16 0)
(3 -7.62642e-16 0)
(3 -6.53646e-16 0)
(3 -3.02487e-16 0)
(3 -3.59186e-16 0)
(3 -3.12468e-16 0)
(3 -1.06826e-16 0)
(3 8.94325e-16 0)
(3 1.9037e-15 0)
(3 1.49294e-15 0)
(3 1.80094e-15 0)
(3 -9.66211e-16 0)
(3 9.77475e-17 0)
(3 6.62848e-16 0)
(3 8.26198e-16 0)
(3 6.08716e-16 0)
(3 2.48808e-16 0)
(3 6.81359e-16 0)
(3 1.04525e-15 0)
(3 8.40998e-16 0)
(3 -1.60303e-17 0)
(3 -4.21159e-16 0)
(3 -7.1841e-16 0)
(3 -1.40896e-15 0)
(3 -1.74789e-15 0)
(3 -2.28795e-15 0)
(3 -1.20652e-15 0)
(3 -3.49525e-17 0)
(3 1.00313e-15 0)
(3 3.16577e-16 0)
(3 -6.78672e-16 0)
(3 1.575e-15 0)
(3 3.29936e-15 0)
(3 2.57343e-15 0)
(3 2.28444e-15 0)
(3 -9.56782e-16 0)
(3 1.2797e-16 0)
(3 3.61677e-16 0)
(3 4.28961e-16 0)
(3 -5.95864e-17 0)
(3 -2.06533e-16 0)
(3 3.80784e-16 0)
(3 8.08474e-16 0)
(3 9.59382e-16 0)
(3 4.38135e-16 0)
(3 -6.84102e-16 0)
(3 -1.51697e-15 0)
(3 -1.68966e-15 0)
(3 -1.98527e-15 0)
(3 -1.04903e-15 0)
(3 1.45457e-17 0)
(3 -1.5891e-16 0)
(3 -1.3943e-17 0)
(3 1.33387e-15 0)
(3 2.48853e-15 0)
(3 3.45626e-15 0)
(3 2.94566e-15 0)
(3 2.30613e-15 0)
(3 2.07369e-15 0)
(3 -7.0367e-17 0)
(3 -1.3623e-16 0)
(3 -8.29946e-16 0)
(3 -1.06662e-15 0)
(3 -1.1542e-15 0)
(3 -1.46658e-16 0)
(3 3.88001e-16 0)
(3 7.12069e-16 0)
(3 6.264e-16 0)
(3 6.27275e-16 0)
(3 2.84155e-16 0)
(3 -2.9517e-16 0)
(3 1.17177e-15 0)
(3 1.51526e-15 0)
(3 1.69329e-15 0)
(3 1.5451e-15 0)
(3 1.83509e-15 0)
(3 1.75113e-15 0)
(3 1.7697e-15 0)
(3 3.2922e-15 0)
(3 4.55485e-15 0)
(3 2.78209e-15 0)
(3 1.59609e-15 0)
(3 1.93693e-15 0)
(3 1.06922e-15 0)
(3 -8.84811e-17 0)
(3 -4.15727e-16 0)
(3 -2.39083e-16 0)
(3 -1.40614e-16 0)
(3 -4.3241e-17 0)
(3 3.11903e-16 0)
(3 5.60556e-16 0)
(3 4.02133e-16 0)
(3 6.97237e-17 0)
(3 4.1281e-16 0)
(3 1.27463e-15 0)
(3 1.74993e-15 0)
(3 1.15078e-15 0)
(3 5.41053e-16 0)
(3 9.19262e-16 0)
(3 1.95014e-15 0)
(3 8.93289e-16 0)
(3 2.7574e-16 0)
(3 5.91871e-16 0)
(3 1.74793e-15 0)
(3 1.02685e-15 0)
(3 5.35756e-16 0)
(3 1.30068e-15 0)
(3 7.87845e-16 0)
(3 2.69102e-18 0)
(3 1.01435e-17 0)
(3 1.89049e-16 0)
(3 2.03311e-16 0)
(3 -3.91926e-17 0)
(3 -4.0744e-18 0)
(3 -2.91816e-16 0)
(3 -3.05989e-16 0)
(3 -5.52458e-16 0)
(3 -2.93666e-16 0)
(3 4.68446e-16 0)
(3 4.00425e-16 0)
(3 3.70945e-17 0)
(3 -5.45892e-17 0)
(3 6.32202e-16 0)
(3 1.1401e-15 0)
(3 3.92214e-16 0)
(3 3.44635e-16 0)
(3 2.41997e-16 0)
(3 4.06793e-16 0)
(3 3.75079e-16 0)
(3 3.46694e-16 0)
(3 5.06597e-16 0)
(3 -1.33136e-16 0)
(2.9319 0.0280921 0)
(2.84893 0.0573581 0)
(2.756 0.143038 0)
(2.66537 0.246317 0)
(2.57727 0.346204 0)
(2.50685 0.438774 0)
(2.41546 0.549563 0)
(2.35227 0.629366 0)
(2.31192 0.721173 0)
(2.25561 0.796065 0)
(2.2495 0.855243 0)
(2.28509 0.886282 0)
(2.33022 0.894069 0)
(2.33436 0.893206 0)
(2.34324 0.884031 0)
(2.34601 0.866925 0)
(2.34639 0.859312 0)
(2.34237 0.851559 0)
(2.33812 0.847665 0)
(2.34269 0.848223 0)
(2.34548 0.849075 0)
(2.34881 0.850717 0)
(2.35419 0.851653 0)
(2.36147 0.854227 0)
(2.99857 0.00148053 0)
(2.99029 0.0118212 0)
(2.96151 0.0483047 0)
(2.90072 0.132457 0)
(2.80324 0.275507 0)
(2.68777 0.457676 0)
(2.51604 0.695004 0)
(2.40579 0.892651 0)
(2.21831 1.07402 0)
(2.15748 1.10398 0)
(2.14391 1.03668 0)
(2.1965 0.995845 0)
(2.24694 0.947773 0)
(2.29297 0.901526 0)
(2.33744 0.848694 0)
(2.35156 0.826324 0)
(2.35495 0.836455 0)
(2.35204 0.838744 0)
(2.35167 0.838874 0)
(2.35376 0.842669 0)
(2.35436 0.846315 0)
(2.35441 0.852429 0)
(2.35828 0.856098 0)
(2.36394 0.862272 0)
(3 4.74376e-07 0)
(3.00002 1.34536e-05 0)
(3 -5.87784e-05 0)
(2.99984 0.000144387 0)
(2.9986 0.00198663 0)
(2.99167 0.0118604 0)
(2.9635 0.0570421 0)
(2.90676 0.16417 0)
(2.75834 0.425658 0)
(2.58897 0.710052 0)
(2.4642 0.837484 0)
(2.33519 0.933131 0)
(2.28754 0.91723 0)
(2.29664 0.89856 0)
(2.31634 0.879982 0)
(2.34725 0.868335 0)
(2.35304 0.864315 0)
(2.35523 0.85038 0)
(2.35934 0.837947 0)
(2.36262 0.840051 0)
(2.36388 0.847824 0)
(2.36349 0.854185 0)
(2.36895 0.85637 0)
(2.37705 0.860592 0)
(3 -6.68793e-12 0)
(3 -4.70121e-07 0)
(3 -1.2482e-06 0)
(3 -1.53563e-06 0)
(3.00001 -8.92771e-06 0)
(2.99999 2.25169e-05 0)
(3 -2.74036e-05 0)
(2.99937 0.00104087 0)
(2.98851 0.0188189 0)
(2.9013 0.165563 0)
(2.77944 0.410034 0)
(2.41156 0.818126 0)
(2.33267 0.889993 0)
(2.28794 0.936113 0)
(2.29469 0.942972 0)
(2.30894 0.926505 0)
(2.32571 0.892897 0)
(2.34811 0.85329 0)
(2.35884 0.836277 0)
(2.3631 0.837073 0)
(2.36835 0.845108 0)
(2.37346 0.853266 0)
(2.38148 0.855774 0)
(2.39008 0.859334 0)
(3 -1.27882e-11 0)
(3 1.65764e-09 0)
(3 -6.22458e-08 0)
(3 -1.45134e-07 0)
(3 -7.19764e-07 0)
(3 -6.54349e-07 0)
(3 -1.33819e-06 0)
(3 -2.46551e-06 0)
(3.00004 -9.01856e-05 0)
(2.99935 0.000843939 0)
(2.98615 0.0199824 0)
(2.8607 0.178101 0)
(2.6488 0.466827 0)
(2.45944 0.713768 0)
(2.29608 0.926129 0)
(2.27643 0.91161 0)
(2.30536 0.880612 0)
(2.3209 0.865156 0)
(2.34344 0.861386 0)
(2.35266 0.859386 0)
(2.36823 0.849915 0)
(2.37658 0.845603 0)
(2.38573 0.850385 0)
(2.39535 0.854894 0)
(3 -1.30744e-12 0)
(3 1.41293e-10 0)
(3 3.56507e-10 0)
(3 -1.4892e-09 0)
(3 -8.58397e-10 0)
(3 -5.2669e-08 0)
(3 -3.93197e-08 0)
(3 -2.13597e-07 0)
(3 -6.50941e-06 0)
(3 -6.23712e-06 0)
(3.00002 -5.18623e-05 0)
(2.99858 0.00181593 0)
(2.97226 0.0382117 0)
(2.84695 0.201699 0)
(2.50562 0.610015 0)
(2.38742 0.761669 0)
(2.30616 0.873626 0)
(2.29533 0.894516 0)
(2.30205 0.887691 0)
(2.32665 0.868564 0)
(2.3499 0.848578 0)
(2.36262 0.849052 0)
(2.3791 0.843368 0)
(2.39594 0.844951 0)
(3 -1.46348e-14 0)
(3 1.26946e-13 0)
(3 2.34814e-11 0)
(3 1.64656e-11 0)
(3 1.63631e-11 0)
(3 -3.38665e-11 0)
(3 -6.42435e-10 0)
(3 -4.21529e-10 0)
(3 -2.6507e-08 0)
(3 -4.5385e-07 0)
(3 -4.99083e-06 0)
(3.00001 -1.6584e-05 0)
(2.99999 5.72664e-06 0)
(2.99644 0.00506105 0)
(2.92399 0.0927387 0)
(2.76287 0.315006 0)
(2.48203 0.656718 0)
(2.31288 0.848087 0)
(2.30459 0.849999 0)
(2.31367 0.846121 0)
(2.33123 0.846303 0)
(2.34999 0.853728 0)
(2.37709 0.846894 0)
(2.38843 0.839681 0)
(3 -2.15617e-16 0)
(3 -2.53767e-15 0)
(3 1.59644e-14 0)
(3 9.90862e-13 0)
(3 2.59764e-12 0)
(3 2.28511e-12 0)
(3 1.14105e-12 0)
(3 3.9718e-12 0)
(3 -7.36849e-11 0)
(3 1.2353e-09 0)
(3 -4.84535e-08 0)
(3 -1.42412e-06 0)
(3 -1.85407e-06 0)
(3.00001 -1.6065e-05 0)
(2.99956 0.000629886 0)
(2.98745 0.0208339 0)
(2.89962 0.136956 0)
(2.5686 0.523214 0)
(2.40523 0.726754 0)
(2.32971 0.848094 0)
(2.31626 0.870774 0)
(2.33128 0.866379 0)
(2.3575 0.852205 0)
(2.38 0.83861 0)
(3 2.49652e-15 0)
(3 2.46236e-15 0)
(3 2.33825e-15 0)
(3 1.71935e-15 0)
(3 3.28043e-14 0)
(3 1.61068e-13 0)
(3 4.04083e-13 0)
(3 6.61363e-13 0)
(3 4.42531e-12 0)
(3 2.72203e-12 0)
(3 1.96869e-10 0)
(3 -1.6144e-08 0)
(3 -1.07172e-07 0)
(3 -3.46828e-06 0)
(3.00001 -4.63151e-06 0)
(3 -3.13171e-06 0)
(2.99789 0.00381924 0)
(2.93913 0.0790889 0)
(2.78994 0.292939 0)
(2.48558 0.669492 0)
(2.35464 0.817635 0)
(2.35173 0.836622 0)
(2.35837 0.836621 0)
(2.37301 0.838354 0)
(3 -2.21143e-15 0)
(3 8.57537e-16 0)
(3 1.01975e-15 0)
(3 1.30644e-15 0)
(3 1.56046e-15 0)
(3 2.29747e-15 0)
(3 9.93661e-15 0)
(3 4.31886e-14 0)
(3 3.21931e-13 0)
(3 5.26531e-13 0)
(3 2.35123e-11 0)
(3 5.02887e-11 0)
(3 -2.53961e-10 0)
(3 -8.21419e-08 0)
(3 -7.73108e-07 0)
(3 -1.26608e-06 0)
(3.00001 -1.23573e-05 0)
(2.99935 0.00111749 0)
(2.98667 0.0237776 0)
(2.86907 0.184271 0)
(2.56562 0.559852 0)
(2.47132 0.719404 0)
(2.36867 0.843312 0)
(2.36917 0.848687 0)
(3 -6.99285e-16 0)
(3 8.77791e-16 0)
(3 8.93152e-16 0)
(3 1.23583e-15 0)
(3 8.45671e-16 0)
(3 1.65645e-15 0)
(3 -2.81656e-17 0)
(3 -1.25691e-15 0)
(3 3.06225e-15 0)
(3 4.10958e-14 0)
(3 5.31188e-13 0)
(3 1.46221e-11 0)
(3 1.41236e-11 0)
(3 2.68669e-10 0)
(3 -1.43105e-08 0)
(3 -1.1247e-07 0)
(3 -1.64651e-06 0)
(3 -6.87763e-06 0)
(2.99994 8.77622e-05 0)
(2.99446 0.00945519 0)
(2.92165 0.111904 0)
(2.76163 0.377995 0)
(2.4743 0.745132 0)
(2.43198 0.757165 0)
(3 1.5801e-15 0)
(3 1.79081e-15 0)
(3 2.44112e-15 0)
(3 3.00986e-15 0)
(3 2.78347e-15 0)
(3 3.34984e-16 0)
(3 -6.45844e-16 0)
(3 -5.37116e-16 0)
(3 8.50594e-16 0)
(3 4.46759e-15 0)
(3 5.97697e-15 0)
(3 3.10194e-13 0)
(3 2.18182e-12 0)
(3 3.25116e-11 0)
(3 8.38281e-11 0)
(3 -1.60916e-09 0)
(3 -3.40169e-08 0)
(3 -1.59768e-06 0)
(3 -1.87737e-06 0)
(2.99999 3.74612e-06 0)
(2.99822 0.00357276 0)
(2.97574 0.044602 0)
(2.80181 0.299618 0)
(2.61848 0.558649 0)
(3 3.09826e-15 0)
(3 3.22843e-15 0)
(3 3.43745e-15 0)
(3 3.66357e-15 0)
(3 3.61555e-15 0)
(3 6.04797e-16 0)
(3 -2.35419e-16 0)
(3 1.30767e-16 0)
(3 1.25989e-15 0)
(3 1.45242e-15 0)
(3 1.12805e-15 0)
(3 4.73273e-16 0)
(3 4.1405e-14 0)
(3 8.6504e-13 0)
(3 2.00604e-11 0)
(3 1.57278e-11 0)
(3 -9.70198e-12 0)
(3 -4.52044e-08 0)
(3 -5.59369e-07 0)
(3 -4.93381e-07 0)
(3 -4.94039e-06 0)
(2.99964 0.000718833 0)
(2.98434 0.0285081 0)
(2.93508 0.128519 0)
(3 3.68042e-15 0)
(3 3.3086e-15 0)
(3 2.99126e-15 0)
(3 3.24359e-15 0)
(3 3.07546e-15 0)
(3 8.51028e-16 0)
(3 7.33667e-16 0)
(3 4.65907e-16 0)
(3 4.45618e-17 0)
(3 3.39498e-16 0)
(3 2.51762e-16 0)
(3 1.76377e-16 0)
(3 5.69305e-16 0)
(3 4.41531e-15 0)
(3 4.59668e-13 0)
(3 4.73615e-12 0)
(3 7.28054e-12 0)
(3 9.72435e-12 0)
(3 -2.44167e-08 0)
(3 -1.00958e-07 0)
(3 -8.78653e-07 0)
(3 -3.24311e-06 0)
(2.99987 0.000299426 0)
(2.99808 0.00478535 0)
(3 2.69224e-15 0)
(3 2.57068e-15 0)
(3 1.74977e-15 0)
(3 1.39816e-15 0)
(3 7.8147e-16 0)
(3 6.991e-16 0)
(3 1.04013e-15 0)
(3 1.54332e-15 0)
(3 6.42406e-16 0)
(3 -1.63991e-16 0)
(3 -1.01472e-15 0)
(3 -1.15093e-15 0)
(3 1.52959e-17 0)
(3 9.1197e-16 0)
(3 2.11299e-15 0)
(3 2.62608e-13 0)
(3 2.36209e-12 0)
(3 3.39243e-12 0)
(3 -1.7758e-11 0)
(3 -3.90804e-09 0)
(3 -5.26683e-08 0)
(3 -1.03473e-06 0)
(3 -3.69762e-07 0)
(3.00001 -3.56995e-05 0)
(3 6.93137e-16 0)
(3 9.49795e-16 0)
(3 5.51765e-16 0)
(3 -8.38288e-16 0)
(3 -1.51054e-15 0)
(3 -7.89909e-17 0)
(3 1.70893e-15 0)
(3 1.61529e-15 0)
(3 -6.21858e-17 0)
(3 -1.75769e-15 0)
(3 5.22533e-17 0)
(3 2.31519e-15 0)
(3 1.57944e-15 0)
(3 1.25603e-15 0)
(3 -9.75627e-16 0)
(3 3.29533e-15 0)
(3 8.9522e-14 0)
(3 1.22911e-12 0)
(3 6.24428e-13 0)
(3 -2.24222e-11 0)
(3 -5.70001e-10 0)
(3 -9.22517e-08 0)
(3 -1.5441e-07 0)
(3.00001 -8.9567e-06 0)
(3 2.30007e-16 0)
(3 1.13252e-17 0)
(3 -9.55642e-17 0)
(3 -1.0132e-15 0)
(3 -9.3585e-16 0)
(3 1.42316e-15 0)
(3 2.12758e-15 0)
(3 4.29605e-16 0)
(3 -5.22827e-17 0)
(3 -2.73824e-16 0)
(3 9.89347e-16 0)
(3 2.88549e-15 0)
(3 3.1703e-15 0)
(3 2.98663e-15 0)
(3 1.43259e-15 0)
(3 -1.17983e-15 0)
(3 -1.93458e-13 0)
(3 -1.06463e-12 0)
(3 -8.4069e-13 0)
(3 2.23567e-11 0)
(3 5.69966e-10 0)
(3 9.22517e-08 0)
(3 1.5441e-07 0)
(3.00001 8.9567e-06 0)
(3 -1.61801e-15 0)
(3 3.86929e-16 0)
(3 5.57423e-16 0)
(3 7.67542e-16 0)
(3 5.51937e-16 0)
(3 1.52168e-15 0)
(3 1.63676e-15 0)
(3 6.98443e-16 0)
(3 9.57221e-16 0)
(3 4.70327e-16 0)
(3 5.44418e-17 0)
(3 5.08869e-16 0)
(3 1.99533e-15 0)
(3 3.3145e-15 0)
(3 1.70134e-15 0)
(3 -2.44668e-13 0)
(3 -2.46176e-12 0)
(3 -3.32871e-12 0)
(3 1.78423e-11 0)
(3 3.90814e-09 0)
(3 5.26684e-08 0)
(3 1.03473e-06 0)
(3 3.69762e-07 0)
(3.00001 3.56995e-05 0)
(3 5.60504e-16 0)
(3 1.44616e-15 0)
(3 2.11579e-15 0)
(3 2.54658e-15 0)
(3 1.76676e-15 0)
(3 4.40372e-16 0)
(3 -2.28957e-16 0)
(3 2.31962e-16 0)
(3 -5.42401e-16 0)
(3 -6.44669e-16 0)
(3 -9.49714e-16 0)
(3 -6.41311e-16 0)
(3 -1.58408e-15 0)
(3 -1.2918e-15 0)
(3 -4.58882e-13 0)
(3 -4.6956e-12 0)
(3 -7.29942e-12 0)
(3 -9.73998e-12 0)
(3 2.44167e-08 0)
(3 1.00958e-07 0)
(3 8.78653e-07 0)
(3 3.24311e-06 0)
(2.99987 -0.000299426 0)
(2.99808 -0.00478535 0)
(3 2.27758e-15 0)
(3 1.94292e-15 0)
(3 2.16167e-15 0)
(3 2.72904e-15 0)
(3 2.48691e-15 0)
(3 -7.25985e-16 0)
(3 -2.15e-15 0)
(3 -1.91194e-16 0)
(3 1.23899e-15 0)
(3 8.95042e-16 0)
(3 3.90199e-16 0)
(3 -2.22997e-15 0)
(3 -4.01092e-14 0)
(3 -8.5953e-13 0)
(3 -2.00608e-11 0)
(3 -1.57207e-11 0)
(3 9.6992e-12 0)
(3 4.52044e-08 0)
(3 5.59369e-07 0)
(3 4.93381e-07 0)
(3 4.94039e-06 0)
(2.99964 -0.000718833 0)
(2.98434 -0.0285081 0)
(2.93508 -0.128519 0)
(3 7.92234e-16 0)
(3 1.44102e-15 0)
(3 1.16935e-15 0)
(3 1.16805e-15 0)
(3 2.62124e-15 0)
(3 -1.62123e-16 0)
(3 2.97619e-16 0)
(3 3.02367e-16 0)
(3 2.16538e-15 0)
(3 -5.42685e-17 0)
(3 -1.39135e-15 0)
(3 -3.0704e-13 0)
(3 -2.18127e-12 0)
(3 -3.25105e-11 0)
(3 -8.38286e-11 0)
(3 1.60916e-09 0)
(3 3.40169e-08 0)
(3 1.59768e-06 0)
(3 1.87737e-06 0)
(2.99999 -3.74612e-06 0)
(2.99822 -0.00357276 0)
(2.97574 -0.044602 0)
(2.80181 -0.299618 0)
(2.61848 -0.558649 0)
(3 -4.57761e-16 0)
(3 -1.09452e-16 0)
(3 -2.2234e-16 0)
(3 -1.87819e-15 0)
(3 -1.48824e-15 0)
(3 2.15205e-16 0)
(3 2.00165e-15 0)
(3 3.39174e-15 0)
(3 -9.18399e-16 0)
(3 -3.93319e-14 0)
(3 -5.29144e-13 0)
(3 -1.46265e-11 0)
(3 -1.41304e-11 0)
(3 -2.68677e-10 0)
(3 1.43105e-08 0)
(3 1.1247e-07 0)
(3 1.64651e-06 0)
(3 6.87763e-06 0)
(2.99994 -8.77622e-05 0)
(2.99446 -0.00945519 0)
(2.92165 -0.111904 0)
(2.76163 -0.377995 0)
(2.4743 -0.745132 0)
(2.43198 -0.757165 0)
(3 -3.11765e-15 0)
(3 -2.75527e-15 0)
(3 -1.77515e-15 0)
(3 -2.51043e-15 0)
(3 -4.0283e-15 0)
(3 -7.73789e-16 0)
(3 -7.34799e-15 0)
(3 -4.05087e-14 0)
(3 -3.21701e-13 0)
(3 -5.29587e-13 0)
(3 -2.3519e-11 0)
(3 -5.02945e-11 0)
(3 2.53955e-10 0)
(3 8.21419e-08 0)
(3 7.73108e-07 0)
(3 1.26608e-06 0)
(3.00001 1.23573e-05 0)
(2.99935 -0.00111749 0)
(2.98667 -0.0237776 0)
(2.86907 -0.184271 0)
(2.56562 -0.559852 0)
(2.47132 -0.719404 0)
(2.36867 -0.843312 0)
(2.36917 -0.848687 0)
(3 -3.69117e-15 0)
(3 -2.24954e-15 0)
(3 -2.64401e-15 0)
(3 -2.44484e-15 0)
(3 -3.57082e-14 0)
(3 -1.63329e-13 0)
(3 -4.03658e-13 0)
(3 -6.60292e-13 0)
(3 -4.42989e-12 0)
(3 -2.72712e-12 0)
(3 -1.96874e-10 0)
(3 1.61441e-08 0)
(3 1.07172e-07 0)
(3 3.46828e-06 0)
(3.00001 4.63151e-06 0)
(3 3.13171e-06 0)
(2.99789 -0.00381924 0)
(2.93913 -0.0790889 0)
(2.78994 -0.292939 0)
(2.48558 -0.669492 0)
(2.35464 -0.817635 0)
(2.35173 -0.836622 0)
(2.35837 -0.836621 0)
(2.37301 -0.838354 0)
(3 -1.29048e-15 0)
(3 1.5192e-15 0)
(3 -1.60605e-14 0)
(3 -9.90279e-13 0)
(3 -2.59609e-12 0)
(3 -2.28275e-12 0)
(3 -1.13995e-12 0)
(3 -3.97053e-12 0)
(3 7.36811e-11 0)
(3 -1.2353e-09 0)
(3 4.84535e-08 0)
(3 1.42412e-06 0)
(3 1.85407e-06 0)
(3.00001 1.6065e-05 0)
(2.99956 -0.000629886 0)
(2.98745 -0.0208339 0)
(2.89962 -0.136956 0)
(2.5686 -0.523214 0)
(2.40523 -0.726754 0)
(2.32971 -0.848094 0)
(2.31626 -0.870774 0)
(2.33128 -0.866379 0)
(2.3575 -0.852205 0)
(2.38 -0.83861 0)
(3 1.25571e-14 0)
(3 -1.28865e-13 0)
(3 -2.34842e-11 0)
(3 -1.64677e-11 0)
(3 -1.63643e-11 0)
(3 3.38677e-11 0)
(3 6.42437e-10 0)
(3 4.21532e-10 0)
(3 2.6507e-08 0)
(3 4.5385e-07 0)
(3 4.99082e-06 0)
(3.00001 1.65841e-05 0)
(2.99999 -5.72664e-06 0)
(2.99644 -0.00506105 0)
(2.92399 -0.0927387 0)
(2.76287 -0.315006 0)
(2.48203 -0.656718 0)
(2.31288 -0.848087 0)
(2.30459 -0.849999 0)
(2.31367 -0.846121 0)
(2.33123 -0.846303 0)
(2.34999 -0.853728 0)
(2.37709 -0.846894 0)
(2.38843 -0.839681 0)
(3 1.30589e-12 0)
(3 -1.41295e-10 0)
(3 -3.56508e-10 0)
(3 1.4892e-09 0)
(3 8.584e-10 0)
(3 5.26691e-08 0)
(3 3.93197e-08 0)
(3 2.13597e-07 0)
(3 6.50941e-06 0)
(3 6.23712e-06 0)
(3.00002 5.18623e-05 0)
(2.99858 -0.00181593 0)
(2.97226 -0.0382117 0)
(2.84695 -0.201699 0)
(2.50562 -0.610015 0)
(2.38742 -0.761669 0)
(2.30616 -0.873626 0)
(2.29533 -0.894516 0)
(2.30205 -0.887691 0)
(2.32665 -0.868564 0)
(2.3499 -0.848578 0)
(2.36262 -0.849052 0)
(2.3791 -0.843368 0)
(2.39594 -0.844951 0)
(3 1.27879e-11 0)
(3 -1.65764e-09 0)
(3 6.22459e-08 0)
(3 1.45134e-07 0)
(3 7.19764e-07 0)
(3 6.5435e-07 0)
(3 1.33819e-06 0)
(3 2.46551e-06 0)
(3.00004 9.01856e-05 0)
(2.99935 -0.000843939 0)
(2.98615 -0.0199824 0)
(2.8607 -0.178101 0)
(2.6488 -0.466827 0)
(2.45944 -0.713768 0)
(2.29608 -0.926129 0)
(2.27643 -0.91161 0)
(2.30536 -0.880612 0)
(2.3209 -0.865156 0)
(2.34344 -0.861386 0)
(2.35266 -0.859386 0)
(2.36823 -0.849915 0)
(2.37658 -0.845603 0)
(2.38573 -0.850385 0)
(2.39535 -0.854894 0)
(3 6.68854e-12 0)
(3 4.70122e-07 0)
(3 1.2482e-06 0)
(3 1.53563e-06 0)
(3.00001 8.92772e-06 0)
(2.99999 -2.25169e-05 0)
(3 2.74036e-05 0)
(2.99937 -0.00104087 0)
(2.98851 -0.0188189 0)
(2.9013 -0.165563 0)
(2.77944 -0.410034 0)
(2.41156 -0.818126 0)
(2.33267 -0.889993 0)
(2.28794 -0.936113 0)
(2.29469 -0.942972 0)
(2.30894 -0.926505 0)
(2.32571 -0.892897 0)
(2.34811 -0.85329 0)
(2.35884 -0.836277 0)
(2.3631 -0.837073 0)
(2.36835 -0.845108 0)
(2.37346 -0.853266 0)
(2.38148 -0.855774 0)
(2.39008 -0.859334 0)
(3 -4.74376e-07 0)
(3.00002 -1.34535e-05 0)
(3 5.87784e-05 0)
(2.99984 -0.000144387 0)
(2.9986 -0.00198663 0)
(2.99167 -0.0118604 0)
(2.9635 -0.0570421 0)
(2.90676 -0.16417 0)
(2.75834 -0.425658 0)
(2.58897 -0.710052 0)
(2.4642 -0.837484 0)
(2.33519 -0.933131 0)
(2.28754 -0.91723 0)
(2.29664 -0.89856 0)
(2.31634 -0.879982 0)
(2.34725 -0.868335 0)
(2.35304 -0.864315 0)
(2.35523 -0.85038 0)
(2.35934 -0.837947 0)
(2.36262 -0.840051 0)
(2.36388 -0.847824 0)
(2.36349 -0.854185 0)
(2.36895 -0.85637 0)
(2.37705 -0.860592 0)
(2.99857 -0.00148053 0)
(2.99029 -0.0118212 0)
(2.96151 -0.0483047 0)
(2.90072 -0.132457 0)
(2.80324 -0.275507 0)
(2.68777 -0.457676 0)
(2.51604 -0.695004 0)
(2.40579 -0.892651 0)
(2.21831 -1.07402 0)
(2.15748 -1.10398 0)
(2.14391 -1.03668 0)
(2.1965 -0.995845 0)
(2.24694 -0.947773 0)
(2.29297 -0.901526 0)
(2.33744 -0.848694 0)
(2.35156 -0.826324 0)
(2.35495 -0.836455 0)
(2.35204 -0.838744 0)
(2.35167 -0.838874 0)
(2.35376 -0.842669 0)
(2.35436 -0.846315 0)
(2.35441 -0.852429 0)
(2.35828 -0.856098 0)
(2.36394 -0.862272 0)
(2.9319 -0.0280921 0)
(2.84893 -0.0573581 0)
(2.756 -0.143038 0)
(2.66537 -0.246317 0)
(2.57727 -0.346204 0)
(2.50685 -0.438774 0)
(2.41546 -0.549563 0)
(2.35227 -0.629366 0)
(2.31192 -0.721173 0)
(2.25561 -0.796065 0)
(2.2495 -0.855243 0)
(2.28509 -0.886282 0)
(2.33022 -0.894069 0)
(2.33436 -0.893206 0)
(2.34324 -0.884031 0)
(2.34601 -0.866925 0)
(2.34639 -0.859312 0)
(2.34237 -0.851559 0)
(2.33812 -0.847665 0)
(2.34269 -0.848223 0)
(2.34548 -0.849075 0)
(2.34881 -0.850717 0)
(2.35419 -0.851653 0)
(2.36147 -0.854227 0)
(2.45684 0.835102 0)
(2.56075 0.797683 0)
(2.69057 0.75167 0)
(2.78841 0.720211 0)
(2.87353 0.55724 0)
(2.93878 0.415231 0)
(3.04898 0.251472 0)
(3.04986 0.118536 0)
(3.076 0.0464875 0)
(3.07389 -0.00162425 0)
(3.0412 -0.0655524 0)
(3.05329 -0.067778 0)
(3.07967 -0.0596898 0)
(3.08473 -0.0553593 0)
(3.06721 -0.0585842 0)
(3.06516 -0.0598854 0)
(3.07145 -0.0477041 0)
(3.07169 -0.0236448 0)
(3.06559 -0.0197814 0)
(3.06599 -0.0198293 0)
(3.08536 -0.020998 0)
(3.09348 -0.0202526 0)
(3.10317 -0.0153111 0)
(3.1009 -0.00866231 0)
(3.09238 -0.00337147 0)
(3.09645 -0.0021997 0)
(3.10022 -0.00219711 0)
(3.10948 -0.00211738 0)
(3.12059 -0.000940313 0)
(3.12571 -0.000527286 0)
(3.12912 0.000790461 0)
(3.12426 0.00190373 0)
(3.12622 0.0019542 0)
(3.13013 0.00175332 0)
(3.13482 0.000807764 0)
(3.14142 0.000468804 0)
(3.15232 3.40221e-05 0)
(3.16394 -0.00160785 0)
(3.16843 -0.00180726 0)
(3.16905 -0.00176052 0)
(3.16754 -0.00219095 0)
(3.16052 0.000166303 0)
(3.14477 0.00502818 0)
(3.11885 0.00578309 0)
(3.08623 0.00570732 0)
(3.04609 0.0126739 0)
(3.00594 0.0165741 0)
(2.97207 0.0146951 0)
(2.94994 0.00954787 0)
(2.94331 0.00315214 0)
(2.9531 -0.00211718 0)
(2.97415 -0.00591436 0)
(2.99185 -0.00804634 0)
(3.00079 -0.00905361 0)
(3.00692 -0.00933946 0)
(3.0132 -0.0086252 0)
(3.02125 -0.00686854 0)
(3.0308 -0.0048215 0)
(3.0407 -0.00330046 0)
(3.05045 -0.00200904 0)
(3.06264 -0.00100627 0)
(3.06501 -0.00101018 0)
(3.05885 -0.00108905 0)
(3.05676 -0.0010741 0)
(3.05393 -0.00109194 0)
(3.04953 -0.00119033 0)
(3.04316 -0.00127674 0)
(3.03847 -0.00121419 0)
(3.03841 -0.00107277 0)
(3.03901 -0.000976898 0)
(3.04004 -0.000700903 0)
(3.04391 -6.08844e-05 0)
(3.05232 0.00100527 0)
(3.05959 0.00181266 0)
(3.05983 0.00198803 0)
(3.0589 0.00194793 0)
(3.05784 0.00186165 0)
(3.0566 0.00156078 0)
(3.05532 0.00116568 0)
(3.05285 0.000759409 0)
(3.04777 0.000286279 0)
(3.0362 4.5706e-05 0)
(3.01603 1.91483e-05 0)
(3.00206 3.56681e-06 0)
(3.00003 6.41614e-08 0)
(3 -7.60943e-10 0)
(3 -7.07619e-10 0)
(3 -6.25214e-10 0)
(3 -4.33696e-10 0)
(3 -2.49514e-10 0)
(3 -7.41922e-11 0)
(3 -5.06721e-12 0)
(3 -3.027e-14 0)
(3 1.34823e-15 0)
(3 1.29469e-15 0)
(3 1.72787e-15 0)
(2.48236 0.808523 0)
(2.63498 0.687835 0)
(2.76406 0.502031 0)
(2.85006 0.319429 0)
(2.90549 0.199486 0)
(2.96858 0.044065 0)
(3.00121 -0.106352 0)
(3.03175 -0.165146 0)
(3.06819 -0.166868 0)
(3.02941 -0.190323 0)
(3.01602 -0.197923 0)
(3.04984 -0.16644 0)
(3.06965 -0.0914017 0)
(3.0714 -0.0647757 0)
(3.05484 -0.0622185 0)
(3.05186 -0.0625316 0)
(3.04954 -0.0499367 0)
(3.04781 -0.0276257 0)
(3.04219 -0.00683072 0)
(3.04918 -0.00126047 0)
(3.06982 -0.00207461 0)
(3.07607 -0.00248748 0)
(3.08424 -0.0030447 0)
(3.08545 -0.00170396 0)
(3.0837 0.0031065 0)
(3.08844 0.00416117 0)
(3.0919 0.00457773 0)
(3.10172 0.00477814 0)
(3.11306 0.00334715 0)
(3.11659 0.00389322 0)
(3.12046 0.00632989 0)
(3.11837 0.00708243 0)
(3.11793 0.00639023 0)
(3.12358 0.00587457 0)
(3.12932 0.00329184 0)
(3.13567 -0.00164346 0)
(3.14572 -0.00452851 0)
(3.15852 -0.00779738 0)
(3.16439 -0.00829783 0)
(3.16512 -0.0076429 0)
(3.1638 -0.0076369 0)
(3.15729 -0.00648164 0)
(3.14227 0.00267652 0)
(3.11817 0.0125875 0)
(3.08607 0.0144852 0)
(3.04924 0.0150857 0)
(3.01183 0.0196418 0)
(2.98158 0.0193231 0)
(2.96279 0.0150667 0)
(2.95624 0.00772916 0)
(2.96232 -0.00195687 0)
(2.97927 -0.0105513 0)
(2.99795 -0.0165135 0)
(3.00903 -0.018717 0)
(3.01456 -0.0182865 0)
(3.01878 -0.0161048 0)
(3.0238 -0.012388 0)
(3.03004 -0.00808727 0)
(3.03646 -0.00406924 0)
(3.04353 -0.000850758 0)
(3.0547 0.000540108 0)
(3.06221 -0.000726951 0)
(3.05816 -0.00139711 0)
(3.05633 -0.0013893 0)
(3.05406 -0.0012283 0)
(3.04997 -0.00135411 0)
(3.04399 -0.00195304 0)
(3.0392 -0.00194011 0)
(3.03856 -0.00185117 0)
(3.03888 -0.00185404 0)
(3.03972 -0.00188136 0)
(3.04374 -0.00151438 0)
(3.05295 0.000148736 0)
(3.06032 0.00187117 0)
(3.06063 0.00233225 0)
(3.05999 0.00250151 0)
(3.05926 0.00270655 0)
(3.05823 0.00298871 0)
(3.05688 0.00323574 0)
(3.05438 0.0032852 0)
(3.04953 0.00273106 0)
(3.0377 0.00169434 0)
(3.01636 0.000626738 0)
(3.002 7.21576e-05 0)
(3.00003 9.69513e-07 0)
(3 -1.40838e-09 0)
(3 -1.99312e-09 0)
(3 -1.99616e-09 0)
(3 -1.79744e-09 0)
(3 -1.21252e-09 0)
(3 -3.86815e-10 0)
(3 -2.57478e-11 0)
(3 -1.39519e-13 0)
(3 4.17372e-15 0)
(3 4.03495e-15 0)
(3 3.88665e-15 0)
(2.40667 0.849205 0)
(2.47191 0.807396 0)
(2.56702 0.722813 0)
(2.6882 0.559671 0)
(2.75185 0.489759 0)
(2.77856 0.441844 0)
(2.85272 0.242376 0)
(2.88741 0.150196 0)
(2.91258 0.184842 0)
(2.93437 0.116355 0)
(2.94181 0.00103289 0)
(2.94644 -0.0233542 0)
(2.99345 -0.0369568 0)
(3.00889 -0.033961 0)
(3.01171 -0.0605697 0)
(3.01772 -0.0977903 0)
(3.02433 -0.0964561 0)
(3.03115 -0.0698949 0)
(3.0303 -0.0544115 0)
(3.03753 -0.0513648 0)
(3.0568 -0.0499569 0)
(3.06649 -0.0468635 0)
(3.07345 -0.040052 0)
(3.07433 -0.0290998 0)
(3.07644 -0.0154195 0)
(3.08188 -0.00825863 0)
(3.08516 -0.00769426 0)
(3.09314 -0.00780292 0)
(3.10406 -0.00484488 0)
(3.1114 -0.000434396 0)
(3.11427 0.00220148 0)
(3.11575 0.00679373 0)
(3.11404 0.00938484 0)
(3.1172 0.00979894 0)
(3.12307 0.00912315 0)
(3.12918 0.00581821 0)
(3.13729 -0.00167075 0)
(3.14921 -0.00743732 0)
(3.15198 -0.0105248 0)
(3.15386 -0.0147937 0)
(3.15186 -0.0222613 0)
(3.14416 -0.0304931 0)
(3.13023 -0.0280808 0)
(3.11088 -0.0213986 0)
(3.08526 -0.0219173 0)
(3.05569 -0.0233847 0)
(3.02957 -0.018529 0)
(3.01108 -0.0206423 0)
(2.9976 -0.0299948 0)
(2.99657 -0.0340262 0)
(3.00046 -0.0317886 0)
(3.00791 -0.0290644 0)
(3.01976 -0.0280713 0)
(3.02575 -0.0284158 0)
(3.02708 -0.0273821 0)
(3.02785 -0.0251991 0)
(3.02973 -0.0215159 0)
(3.0333 -0.0168158 0)
(3.03798 -0.0129433 0)
(3.04388 -0.00937845 0)
(3.05432 -0.00519742 0)
(3.06095 -0.00314103 0)
(3.05853 -0.00312602 0)
(3.05752 -0.00292141 0)
(3.05529 -0.00262273 0)
(3.05152 -0.00298541 0)
(3.04534 -0.00389591 0)
(3.04051 -0.00404783 0)
(3.0401 -0.00332592 0)
(3.04055 -0.00271998 0)
(3.04133 -0.00202893 0)
(3.0452 -0.00034169 0)
(3.05445 0.00246685 0)
(3.06077 0.00440194 0)
(3.06056 0.00494068 0)
(3.05976 0.00519553 0)
(3.05882 0.00543599 0)
(3.05779 0.0057064 0)
(3.0565 0.0058811 0)
(3.05392 0.00585968 0)
(3.04867 0.00565616 0)
(3.03572 0.0044946 0)
(3.01426 0.00180041 0)
(3.0015 0.000176731 0)
(3.00002 1.77008e-06 0)
(3 -2.95632e-09 0)
(3 -3.64311e-09 0)
(3 -3.56242e-09 0)
(3 -3.34526e-09 0)
(3 -2.27978e-09 0)
(3 -6.33304e-10 0)
(3 -3.27551e-11 0)
(3 -1.17704e-13 0)
(3 7.69379e-15 0)
(3 7.49572e-15 0)
(3 5.95645e-15 0)
(2.40171 0.858994 0)
(2.42913 0.844499 0)
(2.48179 0.806791 0)
(2.56988 0.716808 0)
(2.65054 0.622201 0)
(2.71036 0.575711 0)
(2.80917 0.409658 0)
(2.84982 0.262617 0)
(2.87691 0.271203 0)
(2.94163 0.218264 0)
(2.97807 0.0210214 0)
(2.95598 -0.0384598 0)
(2.96044 -0.0285735 0)
(3.00445 -0.0587107 0)
(3.01676 -0.0955819 0)
(3.0111 -0.135028 0)
(3.02767 -0.126707 0)
(3.041 -0.0820711 0)
(3.03737 -0.0682568 0)
(3.0381 -0.0691373 0)
(3.05175 -0.0663116 0)
(3.05975 -0.0630532 0)
(3.06523 -0.0588406 0)
(3.07036 -0.0543448 0)
(3.07876 -0.0450584 0)
(3.08127 -0.0321953 0)
(3.08741 -0.0245765 0)
(3.09221 -0.0269209 0)
(3.10006 -0.0277162 0)
(3.11416 -0.0208694 0)
(3.12248 -0.0137414 0)
(3.12349 -0.00965859 0)
(3.12156 -0.00308139 0)
(3.12268 -0.00250965 0)
(3.12324 -0.00521574 0)
(3.12598 -0.0129629 0)
(3.12772 -0.0365188 0)
(3.12615 -0.0799177 0)
(3.12485 -0.131584 0)
(3.12454 -0.182262 0)
(3.11815 -0.230906 0)
(3.11112 -0.274023 0)
(3.11297 -0.287796 0)
(3.11122 -0.271477 0)
(3.10206 -0.265412 0)
(3.08293 -0.271719 0)
(3.06491 -0.259306 0)
(3.06376 -0.244605 0)
(3.06677 -0.239986 0)
(3.07334 -0.225272 0)
(3.07588 -0.199471 0)
(3.07461 -0.165038 0)
(3.07119 -0.134215 0)
(3.06648 -0.10613 0)
(3.06028 -0.0772779 0)
(3.05331 -0.0501449 0)
(3.04798 -0.0315883 0)
(3.04601 -0.0239817 0)
(3.04421 -0.0181645 0)
(3.0467 -0.012092 0)
(3.05559 -0.00709441 0)
(3.06089 -0.0055366 0)
(3.05979 -0.00533276 0)
(3.05906 -0.00471881 0)
(3.05661 -0.00311757 0)
(3.05199 -0.00268661 0)
(3.04538 -0.00414086 0)
(3.04207 -0.00514822 0)
(3.04186 -0.00525678 0)
(3.04204 -0.00520761 0)
(3.04357 -0.00470104 0)
(3.0488 -0.00233697 0)
(3.05819 0.00223863 0)
(3.06261 0.00520788 0)
(3.06194 0.0060228 0)
(3.06106 0.00644658 0)
(3.05996 0.00693029 0)
(3.05869 0.00750384 0)
(3.05711 0.00798247 0)
(3.05392 0.00814428 0)
(3.04737 0.00752979 0)
(3.03266 0.00532879 0)
(3.01117 0.00181672 0)
(3.00088 0.00013511 0)
(3.00001 8.81123e-07 0)
(3 -4.75801e-09 0)
(3 -4.99003e-09 0)
(3 -5.02194e-09 0)
(3 -4.60019e-09 0)
(3 -2.80167e-09 0)
(3 -6.24291e-10 0)
(3 -2.19639e-11 0)
(3 -3.87326e-14 0)
(3 8.37124e-15 0)
(3 8.26344e-15 0)
(3 7.14966e-15 0)
(2.40483 0.859354 0)
(2.41569 0.857232 0)
(2.44394 0.841419 0)
(2.49166 0.804709 0)
(2.57148 0.723968 0)
(2.64157 0.66421 0)
(2.69809 0.595819 0)
(2.78031 0.434083 0)
(2.83012 0.366379 0)
(2.86893 0.376296 0)
(2.91694 0.268217 0)
(2.93539 0.132949 0)
(2.95014 0.122478 0)
(2.96818 0.112515 0)
(3.00009 0.0397997 0)
(3.00112 0.00281098 0)
(3.01951 0.0145263 0)
(3.03639 0.000142604 0)
(3.04139 -0.0215755 0)
(3.04052 -0.044176 0)
(3.04996 -0.0579461 0)
(3.07054 -0.0617628 0)
(3.07937 -0.0657368 0)
(3.09031 -0.0719162 0)
(3.10103 -0.0706979 0)
(3.11462 -0.0672221 0)
(3.12087 -0.0555862 0)
(3.11715 -0.0471626 0)
(3.11684 -0.0434399 0)
(3.12354 -0.0433217 0)
(3.13368 -0.0388922 0)
(3.13837 -0.0312945 0)
(3.13594 -0.0427053 0)
(3.12648 -0.0779815 0)
(3.11181 -0.1393 0)
(3.09618 -0.215736 0)
(3.08187 -0.299555 0)
(3.07688 -0.381047 0)
(3.0883 -0.441603 0)
(3.10418 -0.48087 0)
(3.11682 -0.507314 0)
(3.12688 -0.529479 0)
(3.1439 -0.524873 0)
(3.15152 -0.501799 0)
(3.15115 -0.479985 0)
(3.14653 -0.471334 0)
(3.12951 -0.445546 0)
(3.12789 -0.423992 0)
(3.12975 -0.419449 0)
(3.13408 -0.406546 0)
(3.13767 -0.382971 0)
(3.13542 -0.353304 0)
(3.13138 -0.323943 0)
(3.12741 -0.293372 0)
(3.12288 -0.256923 0)
(3.11543 -0.211549 0)
(3.10115 -0.156707 0)
(3.08266 -0.0993429 0)
(3.06842 -0.0531326 0)
(3.06278 -0.0284358 0)
(3.06298 -0.0163647 0)
(3.06339 -0.00831949 0)
(3.06223 -0.0072576 0)
(3.06099 -0.00665461 0)
(3.05763 -0.00590373 0)
(3.05147 -0.00596806 0)
(3.0453 -0.00620395 0)
(3.04349 -0.00568137 0)
(3.04334 -0.00548759 0)
(3.04371 -0.00517184 0)
(3.0459 -0.003852 0)
(3.05254 0.000166048 0)
(3.0611 0.00592962 0)
(3.06266 0.00845878 0)
(3.06173 0.00906869 0)
(3.06078 0.00969274 0)
(3.05953 0.0103976 0)
(3.05807 0.0109007 0)
(3.056 0.0110748 0)
(3.05279 0.0108381 0)
(3.04549 0.00969745 0)
(3.02888 0.00614492 0)
(3.00796 0.00162016 0)
(3.00042 7.7488e-05 0)
(3 2.59562e-07 0)
(3 -6.67111e-09 0)
(3 -6.72679e-09 0)
(3 -6.67801e-09 0)
(3 -5.75991e-09 0)
(3 -2.9371e-09 0)
(3 -4.54704e-10 0)
(3 -8.89876e-12 0)
(3 -1.80133e-15 0)
(3 9.40666e-15 0)
(3 1.0312e-14 0)
(3 9.43641e-15 0)
(2.4064 0.855542 0)
(2.41385 0.858569 0)
(2.42663 0.857367 0)
(2.45442 0.8427 0)
(2.50619 0.800275 0)
(2.56872 0.745288 0)
(2.63737 0.677501 0)
(2.70584 0.565356 0)
(2.743 0.519714 0)
(2.8034 0.476603 0)
(2.88902 0.338564 0)
(2.90177 0.243711 0)
(2.9074 0.25587 0)
(2.93341 0.23117 0)
(3.00457 0.133714 0)
(3.0099 0.0314139 0)
(3.02686 0.0236174 0)
(3.05089 0.0259472 0)
(3.06663 -0.0520288 0)
(3.0571 -0.0836844 0)
(3.06007 -0.0863755 0)
(3.08768 -0.0739972 0)
(3.09572 -0.074469 0)
(3.10632 -0.0856311 0)
(3.11649 -0.086225 0)
(3.13466 -0.0819112 0)
(3.14024 -0.0716343 0)
(3.13775 -0.070375 0)
(3.13685 -0.0754834 0)
(3.13566 -0.0913576 0)
(3.12844 -0.137101 0)
(3.12282 -0.211299 0)
(3.10885 -0.31389 0)
(3.08936 -0.42173 0)
(3.07413 -0.506834 0)
(3.06745 -0.567153 0)
(3.0723 -0.597249 0)
(3.08717 -0.621564 0)
(3.11241 -0.618705 0)
(3.13763 -0.599067 0)
(3.15617 -0.604118 0)
(3.16915 -0.606235 0)
(3.18201 -0.596728 0)
(3.18947 -0.571207 0)
(3.18629 -0.541752 0)
(3.18725 -0.518435 0)
(3.17832 -0.492894 0)
(3.16819 -0.472208 0)
(3.16507 -0.46494 0)
(3.16626 -0.450057 0)
(3.1642 -0.430239 0)
(3.16272 -0.41267 0)
(3.16839 -0.397402 0)
(3.17421 -0.383379 0)
(3.17497 -0.367803 0)
(3.17589 -0.343195 0)
(3.16862 -0.315317 0)
(3.15506 -0.269016 0)
(3.13953 -0.201232 0)
(3.12092 -0.128385 0)
(3.09814 -0.0625426 0)
(3.07692 -0.0216478 0)
(3.06604 -0.00982199 0)
(3.06076 -0.0081714 0)
(3.05577 -0.00860843 0)
(3.04983 -0.00946787 0)
(3.04586 -0.0083731 0)
(3.04488 -0.00672141 0)
(3.04479 -0.00561974 0)
(3.0452 -0.00458088 0)
(3.04808 -0.00180773 0)
(3.05655 0.00345986 0)
(3.06409 0.00802771 0)
(3.06417 0.00947929 0)
(3.06318 0.0100814 0)
(3.06204 0.0108058 0)
(3.06072 0.0117703 0)
(3.05894 0.0126478 0)
(3.05644 0.0132757 0)
(3.0524 0.013276 0)
(3.04307 0.0114582 0)
(3.02357 0.00632715 0)
(3.00462 0.00117847 0)
(3.00014 3.0977e-05 0)
(3 3.73062e-08 0)
(3 -8.10818e-09 0)
(3 -8.19614e-09 0)
(3 -8.06516e-09 0)
(3 -6.30599e-09 0)
(3 -2.47256e-09 0)
(3 -2.28854e-10 0)
(3 -1.99879e-12 0)
(3 2.85284e-15 0)
(3 6.51171e-15 0)
(3 9.1736e-15 0)
(3 8.49904e-15 0)
(2.40443 0.846795 0)
(2.41427 0.856841 0)
(2.42436 0.860709 0)
(2.43774 0.858379 0)
(2.4678 0.83845 0)
(2.51149 0.800977 0)
(2.55984 0.761951 0)
(2.63974 0.666708 0)
(2.69115 0.587818 0)
(2.72401 0.584587 0)
(2.78797 0.507529 0)
(2.84746 0.358783 0)
(2.86891 0.315476 0)
(2.8921 0.333562 0)
(2.94261 0.273764 0)
(2.97259 0.164466 0)
(2.98811 0.142618 0)
(3.01611 0.137827 0)
(3.0469 0.0520851 0)
(3.04395 0.014019 0)
(3.04789 0.0241253 0)
(3.06755 0.0150667 0)
(3.08652 -0.00180867 0)
(3.09829 -0.0278974 0)
(3.10543 -0.0435501 0)
(3.12973 -0.0651402 0)
(3.13101 -0.0922584 0)
(3.1251 -0.145789 0)
(3.10598 -0.233241 0)
(3.07251 -0.366218 0)
(3.05253 -0.504828 0)
(3.06689 -0.584594 0)
(3.07516 -0.648843 0)
(3.06534 -0.702781 0)
(3.06933 -0.709459 0)
(3.08298 -0.705898 0)
(3.09014 -0.702681 0)
(3.10905 -0.68894 0)
(3.13555 -0.672813 0)
(3.15675 -0.651823 0)
(3.17228 -0.641525 0)
(3.19053 -0.64143 0)
(3.20517 -0.637755 0)
(3.21216 -0.61624 0)
(3.20514 -0.57938 0)
(3.20934 -0.544803 0)
(3.21315 -0.518444 0)
(3.18687 -0.495764 0)
(3.18008 -0.480345 0)
(3.17774 -0.456624 0)
(3.16843 -0.428424 0)
(3.1799 -0.404221 0)
(3.19115 -0.39521 0)
(3.20399 -0.390478 0)
(3.21234 -0.387216 0)
(3.21177 -0.378794 0)
(3.2093 -0.362798 0)
(3.20415 -0.33633 0)
(3.19779 -0.304168 0)
(3.18973 -0.265202 0)
(3.17491 -0.210376 0)
(3.14181 -0.132042 0)
(3.09301 -0.0513394 0)
(3.06167 -0.0162345 0)
(3.05131 -0.0127606 0)
(3.04764 -0.0120197 0)
(3.0467 -0.0100698 0)
(3.04675 -0.00781963 0)
(3.04706 -0.0055715 0)
(3.04817 -0.00336387 0)
(3.05198 0.00118813 0)
(3.06083 0.00792913 0)
(3.06603 0.0121831 0)
(3.06544 0.0132707 0)
(3.06454 0.0137691 0)
(3.06312 0.0144008 0)
(3.06134 0.0151963 0)
(3.05966 0.0159613 0)
(3.05709 0.0161992 0)
(3.05188 0.0152649 0)
(3.03938 0.0119026 0)
(3.01691 0.00507239 0)
(3.00199 0.000557182 0)
(3.00003 6.34709e-06 0)
(3 -7.12646e-09 0)
(3 -1.01811e-08 0)
(3 -1.02307e-08 0)
(3 -9.55349e-09 0)
(3 -6.26462e-09 0)
(3 -1.61756e-09 0)
(3 -7.14762e-11 0)
(3 -2.06661e-13 0)
(3 4.66174e-15 0)
(3 5.01411e-15 0)
(3 5.76792e-15 0)
(3 6.40743e-15 0)
(2.39451 0.838087 0)
(2.414 0.849403 0)
(2.42378 0.854599 0)
(2.43308 0.855148 0)
(2.44617 0.850685 0)
(2.47315 0.832635 0)
(2.51324 0.804015 0)
(2.56346 0.757114 0)
(2.63031 0.673633 0)
(2.67566 0.636881 0)
(2.72137 0.59896 0)
(2.78763 0.478167 0)
(2.81635 0.421782 0)
(2.84197 0.42074 0)
(2.9109 0.335604 0)
(2.93567 0.238214 0)
(2.946 0.241479 0)
(2.95758 0.24658 0)
(3.02269 0.147238 0)
(3.03284 0.060024 0)
(3.04456 0.0554083 0)
(3.07168 0.054365 0)
(3.09449 0.00357308 0)
(3.09606 -0.0253113 0)
(3.0863 -0.0972497 0)
(3.07345 -0.204598 0)
(3.05699 -0.352969 0)
(3.05015 -0.485966 0)
(3.02685 -0.602407 0)
(3.01042 -0.679908 0)
(2.98 -0.789433 0)
(3.01 -0.780443 0)
(3.03822 -0.76862 0)
(3.04928 -0.763939 0)
(3.05626 -0.767996 0)
(3.0791 -0.757775 0)
(3.09942 -0.743752 0)
(3.12639 -0.722239 0)
(3.15576 -0.69332 0)
(3.17128 -0.671316 0)
(3.18737 -0.646964 0)
(3.20373 -0.632528 0)
(3.21259 -0.626041 0)
(3.22543 -0.603538 0)
(3.22529 -0.566158 0)
(3.22917 -0.518138 0)
(3.23888 -0.503375 0)
(3.21692 -0.472495 0)
(3.19675 -0.451619 0)
(3.17839 -0.428681 0)
(3.17412 -0.396072 0)
(3.18816 -0.371954 0)
(3.20512 -0.364039 0)
(3.21876 -0.367589 0)
(3.22867 -0.374375 0)
(3.2316 -0.370202 0)
(3.2299 -0.357651 0)
(3.22668 -0.341302 0)
(3.22486 -0.321441 0)
(3.22056 -0.301959 0)
(3.21432 -0.277425 0)
(3.20167 -0.247658 0)
(3.16832 -0.195914 0)
(3.10968 -0.110528 0)
(3.06123 -0.0376175 0)
(3.04825 -0.01456 0)
(3.04712 -0.0113978 0)
(3.04726 -0.0107717 0)
(3.04837 -0.00961415 0)
(3.05136 -0.00623253 0)
(3.05818 0.00155558 0)
(3.06629 0.0110881 0)
(3.06744 0.0151698 0)
(3.06629 0.0162176 0)
(3.06506 0.0174438 0)
(3.06333 0.0188721 0)
(3.06144 0.0198009 0)
(3.05919 0.020084 0)
(3.05618 0.0196693 0)
(3.04939 0.0179056 0)
(3.0329 0.0119272 0)
(3.01 0.00343109 0)
(3.00061 0.000183876 0)
(3 7.09656e-07 0)
(3 -1.19391e-08 0)
(3 -1.20571e-08 0)
(3 -1.19997e-08 0)
(3 -1.02442e-08 0)
(3 -4.99263e-09 0)
(3 -6.8478e-10 0)
(3 -1.07817e-11 0)
(3 -3.67125e-15 0)
(3 4.42313e-15 0)
(3 4.32796e-15 0)
(3 4.93845e-15 0)
(3 5.12714e-15 0)
(2.39224 0.83899 0)
(2.41042 0.84123 0)
(2.42394 0.845605 0)
(2.43162 0.84723 0)
(2.44092 0.847504 0)
(2.4563 0.844859 0)
(2.48379 0.830548 0)
(2.5219 0.801953 0)
(2.5734 0.74846 0)
(2.61813 0.70714 0)
(2.67237 0.661935 0)
(2.73965 0.561894 0)
(2.76567 0.516124 0)
(2.78621 0.511251 0)
(2.85317 0.435209 0)
(2.89363 0.32658 0)
(2.91144 0.311869 0)
(2.92654 0.326389 0)
(2.97689 0.260493 0)
(3.00187 0.15751 0)
(3.00581 0.149363 0)
(3.03585 0.0984619 0)
(3.03508 0.0221667 0)
(3.02355 -0.0990046 0)
(3.00381 -0.273476 0)
(2.94033 -0.48115 0)
(2.90797 -0.652732 0)
(2.91827 -0.746935 0)
(2.94512 -0.752321 0)
(2.95357 -0.762318 0)
(2.95647 -0.789672 0)
(2.95601 -0.805668 0)
(2.98999 -0.781128 0)
(3.02257 -0.752165 0)
(3.0464 -0.735442 0)
(3.07599 -0.723505 0)
(3.11442 -0.705252 0)
(3.1476 -0.677789 0)
(3.16081 -0.664878 0)
(3.17246 -0.63991 0)
(3.19322 -0.598918 0)
(3.20309 -0.586823 0)
(3.21267 -0.574507 0)
(3.22294 -0.553263 0)
(3.24194 -0.521051 0)
(3.24315 -0.470621 0)
(3.25135 -0.446212 0)
(3.24681 -0.419524 0)
(3.22656 -0.383227 0)
(3.20683 -0.365612 0)
(3.19067 -0.336965 0)
(3.19385 -0.301997 0)
(3.20627 -0.288486 0)
(3.21547 -0.288873 0)
(3.2217 -0.296774 0)
(3.22856 -0.307517 0)
(3.23415 -0.309385 0)
(3.23561 -0.302064 0)
(3.23473 -0.296294 0)
(3.23373 -0.291363 0)
(3.22941 -0.281269 0)
(3.22099 -0.270712 0)
(3.20604 -0.258278 0)
(3.17784 -0.229901 0)
(3.1335 -0.166363 0)
(3.08405 -0.0791145 0)
(3.05578 -0.0235225 0)
(3.05088 -0.00928881 0)
(3.05108 -0.0066081 0)
(3.05511 -0.000914177 0)
(3.06526 0.00825411 0)
(3.07091 0.0146154 0)
(3.06978 0.0161049 0)
(3.06857 0.0168841 0)
(3.06707 0.018116 0)
(3.06534 0.0196526 0)
(3.06312 0.0209619 0)
(3.06023 0.022019 0)
(3.05572 0.0221524 0)
(3.04511 0.0189588 0)
(3.02351 0.00992585 0)
(3.00409 0.00159504 0)
(3.0001 3.20387e-05 0)
(3 1.72075e-08 0)
(3 -1.44118e-08 0)
(3 -1.4446e-08 0)
(3 -1.3725e-08 0)
(3 -9.58239e-09 0)
(3 -2.78937e-09 0)
(3 -1.48454e-10 0)
(3 -5.61995e-13 0)
(3 2.41039e-15 0)
(3 2.70848e-15 0)
(3 2.89862e-15 0)
(3 2.75464e-15 0)
(3 2.72069e-15 0)
(2.3862 0.847703 0)
(2.40587 0.843748 0)
(2.41914 0.845394 0)
(2.43056 0.8476 0)
(2.44196 0.846703 0)
(2.45408 0.841453 0)
(2.46952 0.835445 0)
(2.49423 0.823133 0)
(2.52996 0.79805 0)
(2.57731 0.756557 0)
(2.62013 0.722472 0)
(2.67597 0.655731 0)
(2.71878 0.596975 0)
(2.74496 0.579204 0)
(2.80182 0.51674 0)
(2.85558 0.414026 0)
(2.87781 0.396195 0)
(2.89714 0.3874 0)
(2.94055 0.329932 0)
(2.93604 0.216181 0)
(2.94321 0.137874 0)
(2.90198 -0.0625992 0)
(2.89297 -0.249547 0)
(2.83977 -0.476509 0)
(2.88172 -0.529887 0)
(2.84286 -0.6093 0)
(2.82988 -0.70013 0)
(2.84976 -0.727157 0)
(2.88653 -0.715559 0)
(2.92124 -0.688374 0)
(2.95035 -0.684175 0)
(2.97694 -0.693831 0)
(3.01397 -0.675692 0)
(3.04214 -0.640296 0)
(3.0645 -0.618387 0)
(3.08884 -0.619997 0)
(3.11763 -0.614144 0)
(3.14099 -0.603323 0)
(3.15341 -0.602543 0)
(3.15726 -0.594091 0)
(3.17718 -0.565079 0)
(3.20425 -0.537982 0)
(3.21414 -0.522472 0)
(3.22452 -0.511937 0)
(3.25125 -0.487826 0)
(3.26769 -0.439553 0)
(3.27001 -0.396666 0)
(3.27183 -0.389211 0)
(3.26162 -0.359368 0)
(3.2486 -0.31839 0)
(3.23684 -0.290528 0)
(3.22131 -0.245963 0)
(3.21983 -0.208469 0)
(3.22427 -0.195456 0)
(3.22477 -0.193955 0)
(3.2243 -0.200459 0)
(3.22777 -0.213904 0)
(3.23255 -0.229919 0)
(3.23448 -0.24617 0)
(3.23342 -0.260164 0)
(3.2313 -0.268993 0)
(3.22853 -0.272431 0)
(3.21896 -0.26842 0)
(3.20446 -0.254045 0)
(3.18771 -0.235304 0)
(3.16022 -0.196582 0)
(3.11882 -0.124278 0)
(3.07838 -0.0458285 0)
(3.06515 -0.00838458 0)
(3.06563 0.000986647 0)
(3.07184 0.0148224 0)
(3.07349 0.0212943 0)
(3.07203 0.021936 0)
(3.07047 0.0230413 0)
(3.06829 0.0243115 0)
(3.06596 0.025394 0)
(3.06389 0.0260407 0)
(3.06085 0.0259402 0)
(3.05429 0.0240569 0)
(3.03796 0.0172714 0)
(3.0128 0.0056426 0)
(3.00093 0.000362914 0)
(3.00001 1.79533e-06 0)
(3 -1.71736e-08 0)
(3 -1.73667e-08 0)
(3 -1.69096e-08 0)
(3 -1.41677e-08 0)
(3 -6.67713e-09 0)
(3 -8.48624e-10 0)
(3 -1.16497e-11 0)
(3 -2.68558e-16 0)
(3 3.03257e-15 0)
(3 1.40491e-15 0)
(3 7.82695e-16 0)
(3 7.12665e-16 0)
(3 1.20015e-15 0)
(2.42818 0.810928 0)
(2.42779 0.826736 0)
(2.43002 0.844068 0)
(2.43258 0.849238 0)
(2.44189 0.846613 0)
(2.45318 0.842572 0)
(2.46563 0.832787 0)
(2.47985 0.827919 0)
(2.50506 0.819786 0)
(2.5357 0.804817 0)
(2.58133 0.77044 0)
(2.6405 0.701333 0)
(2.66965 0.672493 0)
(2.69561 0.657613 0)
(2.78212 0.560245 0)
(2.81337 0.493038 0)
(2.81077 0.479217 0)
(2.82299 0.389089 0)
(2.83874 0.234096 0)
(2.80885 0.0111133 0)
(2.77056 -0.195973 0)
(2.77221 -0.347805 0)
(2.72235 -0.529982 0)
(2.72211 -0.5986 0)
(2.74274 -0.618508 0)
(2.76876 -0.622517 0)
(2.80645 -0.626489 0)
(2.83885 -0.630463 0)
(2.86765 -0.61426 0)
(2.89873 -0.584935 0)
(2.92872 -0.586702 0)
(2.95844 -0.594622 0)
(2.99451 -0.565354 0)
(3.02244 -0.528233 0)
(3.04514 -0.524724 0)
(3.07571 -0.529106 0)
(3.11409 -0.513727 0)
(3.14122 -0.510169 0)
(3.15941 -0.512279 0)
(3.17682 -0.494307 0)
(3.18749 -0.478712 0)
(3.19958 -0.470898 0)
(3.22023 -0.460669 0)
(3.23674 -0.463092 0)
(3.25016 -0.459166 0)
(3.2764 -0.428792 0)
(3.28541 -0.388958 0)
(3.28955 -0.371258 0)
(3.29465 -0.365541 0)
(3.28651 -0.330204 0)
(3.27643 -0.298632 0)
(3.26485 -0.262351 0)
(3.24035 -0.200636 0)
(3.23451 -0.157866 0)
(3.23357 -0.14552 0)
(3.2314 -0.145816 0)
(3.23394 -0.152837 0)
(3.23722 -0.163884 0)
(3.23501 -0.17562 0)
(3.23013 -0.187241 0)
(3.22434 -0.201542 0)
(3.2182 -0.219764 0)
(3.21487 -0.23733 0)
(3.21422 -0.248316 0)
(3.21132 -0.247193 0)
(3.20077 -0.231001 0)
(3.18057 -0.203874 0)
(3.15306 -0.147804 0)
(3.1162 -0.0592334 0)
(3.08742 0.00444877 0)
(3.07931 0.0212869 0)
(3.07705 0.0242447 0)
(3.07521 0.0262933 0)
(3.07258 0.0285697 0)
(3.06933 0.0306411 0)
(3.06644 0.0318882 0)
(3.06358 0.0322488 0)
(3.05947 0.0313357 0)
(3.04876 0.0263014 0)
(3.02565 0.0134268 0)
(3.00439 0.00204941 0)
(3.0001 3.70608e-05 0)
(3 8.83457e-09 0)
(3 -2.13915e-08 0)
(3 -2.09039e-08 0)
(3 -1.87736e-08 0)
(3 -1.17404e-08 0)
(3 -2.76584e-09 0)
(3 -1.02727e-10 0)
(3 -2.2082e-13 0)
(3 5.37873e-15 0)
(3 3.40054e-15 0)
(3 -2.869e-16 0)
(3 -1.21622e-15 0)
(3 -1.35956e-15 0)
(3 -6.4819e-16 0)
(2.49201 0.741008 0)
(2.4331 0.852315 0)
(2.43262 0.85488 0)
(2.42693 0.846441 0)
(2.43809 0.832751 0)
(2.4569 0.831028 0)
(2.47127 0.830393 0)
(2.48289 0.830505 0)
(2.49797 0.833713 0)
(2.52126 0.826794 0)
(2.54398 0.81491 0)
(2.58244 0.776347 0)
(2.63004 0.718051 0)
(2.66161 0.689245 0)
(2.71193 0.607468 0)
(2.71688 0.505786 0)
(2.68591 0.321181 0)
(2.68688 0.108054 0)
(2.64623 -0.152061 0)
(2.63947 -0.294869 0)
(2.65361 -0.321205 0)
(2.6697 -0.391934 0)
(2.66752 -0.449368 0)
(2.68566 -0.49029 0)
(2.72315 -0.473316 0)
(2.75884 -0.447523 0)
(2.79707 -0.446411 0)
(2.84888 -0.45673 0)
(2.8966 -0.452388 0)
(2.9248 -0.450109 0)
(2.94812 -0.461702 0)
(2.97387 -0.471479 0)
(3.00648 -0.454036 0)
(3.03678 -0.429333 0)
(3.06679 -0.426489 0)
(3.09418 -0.434909 0)
(3.12545 -0.427028 0)
(3.1543 -0.423321 0)
(3.17713 -0.424596 0)
(3.19453 -0.41614 0)
(3.20846 -0.407503 0)
(3.2325 -0.389461 0)
(3.26099 -0.365035 0)
(3.27585 -0.361033 0)
(3.27386 -0.366246 0)
(3.27353 -0.349983 0)
(3.29481 -0.329599 0)
(3.30586 -0.309977 0)
(3.31879 -0.297081 0)
(3.33089 -0.269574 0)
(3.32788 -0.231255 0)
(3.31822 -0.212081 0)
(3.294 -0.176344 0)
(3.26928 -0.127768 0)
(3.26494 -0.0971632 0)
(3.26468 -0.0871994 0)
(3.26533 -0.091473 0)
(3.25507 -0.105537 0)
(3.24358 -0.113089 0)
(3.23147 -0.123125 0)
(3.21986 -0.136131 0)
(3.21038 -0.148278 0)
(3.20024 -0.162654 0)
(3.19926 -0.183722 0)
(3.21374 -0.204291 0)
(3.22027 -0.20473 0)
(3.21772 -0.194451 0)
(3.20437 -0.170948 0)
(3.1843 -0.129928 0)
(3.14816 -0.063708 0)
(3.10086 0.00315535 0)
(3.08073 0.0264921 0)
(3.07737 0.0307551 0)
(3.07493 0.0327248 0)
(3.07189 0.0337316 0)
(3.06817 0.0349448 0)
(3.064 0.0349054 0)
(3.05631 0.0321723 0)
(3.03774 0.0220043 0)
(3.0114 0.0062501 0)
(3.00066 0.000307943 0)
(3 9.93861e-07 0)
(3 -2.55906e-08 0)
(3 -2.47471e-08 0)
(3 -2.25938e-08 0)
(3 -1.66137e-08 0)
(3 -5.99848e-09 0)
(3 -4.74341e-10 0)
(3 -3.17296e-12 0)
(3 1.25943e-15 0)
(3 2.10723e-15 0)
(3 1.25117e-15 0)
(3 -1.0631e-15 0)
(3 -1.50831e-15 0)
(3 -1.73951e-15 0)
(3 -1.53332e-15 0)
(2.64383 0.548774 0)
(2.57566 0.685778 0)
(2.50296 0.77409 0)
(2.46443 0.822831 0)
(2.44875 0.831997 0)
(2.45752 0.837904 0)
(2.46736 0.845696 0)
(2.48108 0.84982 0)
(2.49872 0.841696 0)
(2.51069 0.835301 0)
(2.52345 0.82378 0)
(2.55495 0.784814 0)
(2.56331 0.69771 0)
(2.56558 0.548834 0)
(2.56034 0.355071 0)
(2.50193 0.104698 0)
(2.50356 -0.0687238 0)
(2.51119 -0.23183 0)
(2.51659 -0.35972 0)
(2.51452 -0.404915 0)
(2.54653 -0.380114 0)
(2.58894 -0.373339 0)
(2.63674 -0.384903 0)
(2.68789 -0.37644 0)
(2.7263 -0.346737 0)
(2.75041 -0.340499 0)
(2.77752 -0.363888 0)
(2.81414 -0.36527 0)
(2.85144 -0.339199 0)
(2.8836 -0.326175 0)
(2.91651 -0.336232 0)
(2.94703 -0.351595 0)
(2.97752 -0.34652 0)
(3.0067 -0.33245 0)
(3.03459 -0.32714 0)
(3.06165 -0.33709 0)
(3.0902 -0.33749 0)
(3.1188 -0.334713 0)
(3.14352 -0.333857 0)
(3.16218 -0.328797 0)
(3.17479 -0.32598 0)
(3.18601 -0.320229 0)
(3.20329 -0.306608 0)
(3.22227 -0.297361 0)
(3.23642 -0.296088 0)
(3.24612 -0.287262 0)
(3.27379 -0.2743 0)
(3.2941 -0.27114 0)
(3.30823 -0.261467 0)
(3.32614 -0.249659 0)
(3.33798 -0.228561 0)
(3.3404 -0.210812 0)
(3.33665 -0.196981 0)
(3.31933 -0.167528 0)
(3.29736 -0.129049 0)
(3.2913 -0.0995363 0)
(3.28553 -0.0943184 0)
(3.26629 -0.0984073 0)
(3.2465 -0.104433 0)
(3.22648 -0.10824 0)
(3.20622 -0.11185 0)
(3.19377 -0.115433 0)
(3.17982 -0.118342 0)
(3.17409 -0.121984 0)
(3.18985 -0.132594 0)
(3.22039 -0.152345 0)
(3.23139 -0.157457 0)
(3.22973 -0.152587 0)
(3.22037 -0.140619 0)
(3.20052 -0.117181 0)
(3.16332 -0.0644744 0)
(3.10905 0.00796773 0)
(3.07778 0.0401853 0)
(3.07083 0.0433824 0)
(3.06933 0.0434338 0)
(3.06725 0.04251 0)
(3.06315 0.0402468 0)
(3.04865 0.0315838 0)
(3.02098 0.0130449 0)
(3.00236 0.00127346 0)
(3.00003 1.14516e-05 0)
(3 -2.42783e-08 0)
(3 -2.79188e-08 0)
(3 -2.67335e-08 0)
(3 -2.16178e-08 0)
(3 -1.02961e-08 0)
(3 -1.41567e-09 0)
(3 -2.23684e-11 0)
(3 -1.03868e-14 0)
(3 3.40039e-15 0)
(3 1.81798e-15 0)
(3 7.50545e-16 0)
(3 -3.90868e-16 0)
(3 -2.6257e-15 0)
(3 -2.82966e-15 0)
(3 -2.03016e-15 0)
(2.93278 0.112759 0)
(2.83816 0.3185 0)
(2.59594 0.688121 0)
(2.52891 0.791104 0)
(2.50902 0.769358 0)
(2.50101 0.801106 0)
(2.49174 0.827599 0)
(2.49043 0.854777 0)
(2.48224 0.842316 0)
(2.46585 0.785828 0)
(2.44782 0.682785 0)
(2.43499 0.528807 0)
(2.40018 0.32909 0)
(2.42274 0.185592 0)
(2.40122 0.0301973 0)
(2.39313 -0.0497434 0)
(2.41882 -0.100401 0)
(2.44134 -0.142771 0)
(2.47919 -0.188656 0)
(2.5184 -0.223097 0)
(2.55021 -0.231515 0)
(2.58971 -0.230412 0)
(2.62958 -0.248845 0)
(2.66508 -0.243433 0)
(2.7028 -0.226059 0)
(2.74425 -0.22859 0)
(2.78286 -0.249063 0)
(2.81538 -0.25606 0)
(2.84985 -0.242013 0)
(2.88694 -0.228842 0)
(2.92678 -0.230762 0)
(2.96255 -0.241048 0)
(2.99237 -0.239724 0)
(3.01993 -0.229612 0)
(3.04835 -0.223998 0)
(3.07679 -0.228533 0)
(3.10374 -0.229699 0)
(3.13025 -0.225581 0)
(3.1553 -0.221 0)
(3.17624 -0.216797 0)
(3.19183 -0.213897 0)
(3.2037 -0.210587 0)
(3.2176 -0.202741 0)
(3.23692 -0.196418 0)
(3.25896 -0.197673 0)
(3.27751 -0.199569 0)
(3.296 -0.192921 0)
(3.31567 -0.188955 0)
(3.33087 -0.185874 0)
(3.34045 -0.179552 0)
(3.34947 -0.172526 0)
(3.35319 -0.166874 0)
(3.35388 -0.164702 0)
(3.34455 -0.145142 0)
(3.3239 -0.124871 0)
(3.31168 -0.114276 0)
(3.28763 -0.0957907 0)
(3.27494 -0.0878532 0)
(3.24781 -0.0903434 0)
(3.21736 -0.0939241 0)
(3.19163 -0.0933233 0)
(3.17448 -0.089369 0)
(3.16796 -0.0838419 0)
(3.17121 -0.080415 0)
(3.18145 -0.0809274 0)
(3.19794 -0.084929 0)
(3.21954 -0.0934143 0)
(3.22993 -0.101675 0)
(3.22851 -0.0996107 0)
(3.22475 -0.0951226 0)
(3.20709 -0.0821549 0)
(3.16902 -0.0511893 0)
(3.11797 0.00269233 0)
(3.08255 0.0427689 0)
(3.06953 0.0533528 0)
(3.06265 0.0522244 0)
(3.05142 0.0435481 0)
(3.02862 0.0226754 0)
(3.00546 0.00364753 0)
(3.00013 7.08539e-05 0)
(3 3.67876e-08 0)
(3 -2.79069e-08 0)
(3 -2.86958e-08 0)
(3 -2.50976e-08 0)
(3 -1.39906e-08 0)
(3 -2.74701e-09 0)
(3 -8.06883e-11 0)
(3 -1.3035e-13 0)
(3 3.27364e-15 0)
(3 4.14711e-15 0)
(3 3.12275e-15 0)
(3 2.13367e-15 0)
(3 -5.04455e-16 0)
(3 -2.48001e-15 0)
(3 -2.45429e-15 0)
(3 -1.79027e-15 0)
(2.99781 0.0047215 0)
(2.97671 0.0533834 0)
(2.89296 0.220283 0)
(2.74443 0.499042 0)
(2.61615 0.718589 0)
(2.56602 0.7806 0)
(2.51891 0.801626 0)
(2.4544 0.720481 0)
(2.38349 0.569135 0)
(2.32494 0.387102 0)
(2.29997 0.236981 0)
(2.26472 0.0739937 0)
(2.26858 -0.0231645 0)
(2.30017 -0.091669 0)
(2.30921 -0.130118 0)
(2.3198 -0.139999 0)
(2.35228 -0.120038 0)
(2.40347 -0.120462 0)
(2.46031 -0.113691 0)
(2.50632 -0.104446 0)
(2.55629 -0.108607 0)
(2.6117 -0.120324 0)
(2.66016 -0.148827 0)
(2.68907 -0.14803 0)
(2.71979 -0.137655 0)
(2.7634 -0.144843 0)
(2.80493 -0.160958 0)
(2.83697 -0.161833 0)
(2.8678 -0.149163 0)
(2.90354 -0.138899 0)
(2.94378 -0.142075 0)
(2.97991 -0.150544 0)
(3.00953 -0.149095 0)
(3.03758 -0.141185 0)
(3.06796 -0.137722 0)
(3.09912 -0.142458 0)
(3.12646 -0.145769 0)
(3.15084 -0.142898 0)
(3.1748 -0.138759 0)
(3.19813 -0.137251 0)
(3.21838 -0.137792 0)
(3.23364 -0.136939 0)
(3.24649 -0.131482 0)
(3.26346 -0.126745 0)
(3.28604 -0.127321 0)
(3.30825 -0.13043 0)
(3.32769 -0.127883 0)
(3.34323 -0.122424 0)
(3.35493 -0.122102 0)
(3.36627 -0.11479 0)
(3.36898 -0.106541 0)
(3.37003 -0.103938 0)
(3.37225 -0.0966617 0)
(3.36844 -0.0831135 0)
(3.34756 -0.0700489 0)
(3.32359 -0.0608487 0)
(3.28841 -0.0512771 0)
(3.2581 -0.0424871 0)
(3.24134 -0.0396094 0)
(3.21626 -0.0353037 0)
(3.19839 -0.035488 0)
(3.18844 -0.037793 0)
(3.18492 -0.0361591 0)
(3.18962 -0.0288844 0)
(3.20044 -0.0166625 0)
(3.20833 -0.0103149 0)
(3.2092 -0.0185829 0)
(3.2124 -0.0361707 0)
(3.21717 -0.0621533 0)
(3.21629 -0.0799285 0)
(3.21314 -0.0818897 0)
(3.20298 -0.0716662 0)
(3.17512 -0.0362076 0)
(3.12817 0.0185599 0)
(3.07783 0.054071 0)
(3.04589 0.0484995 0)
(3.02377 0.0257002 0)
(3.00581 0.00535987 0)
(3.00025 0.000185038 0)
(3 3.66969e-07 0)
(3 -2.07673e-08 0)
(3 -2.47687e-08 0)
(3 -2.50275e-08 0)
(3 -1.44975e-08 0)
(3 -2.99672e-09 0)
(3 -1.11661e-10 0)
(3 -3.05488e-13 0)
(3 2.09945e-15 0)
(3 2.65608e-15 0)
(3 3.52431e-15 0)
(3 3.11873e-15 0)
(3 2.52316e-15 0)
(3 7.40973e-16 0)
(3 -1.21917e-15 0)
(3 -1.34228e-15 0)
(3 -3.22369e-15 0)
(2.99999 2.82868e-05 0)
(2.99928 0.00125234 0)
(2.9902 0.0186927 0)
(2.92857 0.104293 0)
(2.79001 0.276155 0)
(2.61252 0.393206 0)
(2.47269 0.391218 0)
(2.42032 0.327784 0)
(2.38227 0.248915 0)
(2.34406 0.182138 0)
(2.31775 0.125646 0)
(2.28971 0.0635453 0)
(2.29935 0.0248354 0)
(2.30605 0.000299661 0)
(2.32573 -0.023993 0)
(2.35956 -0.0448361 0)
(2.39785 -0.0474928 0)
(2.42515 -0.0472311 0)
(2.45165 -0.0420426 0)
(2.4902 -0.0416454 0)
(2.53568 -0.044352 0)
(2.57898 -0.0452162 0)
(2.61764 -0.0436208 0)
(2.65569 -0.0473083 0)
(2.69052 -0.0510252 0)
(2.72792 -0.0566074 0)
(2.76438 -0.0631704 0)
(2.79647 -0.0632372 0)
(2.82954 -0.0588892 0)
(2.86726 -0.056469 0)
(2.90565 -0.0592974 0)
(2.93718 -0.0635353 0)
(2.96376 -0.0624156 0)
(2.99279 -0.0584252 0)
(3.02621 -0.0570448 0)
(3.05866 -0.0596021 0)
(3.08426 -0.061899 0)
(3.10591 -0.0609662 0)
(3.12891 -0.0591927 0)
(3.15306 -0.0590142 0)
(3.1738 -0.0599208 0)
(3.18829 -0.0598728 0)
(3.20078 -0.0579422 0)
(3.21835 -0.0563884 0)
(3.24161 -0.0572473 0)
(3.26493 -0.0590947 0)
(3.28666 -0.0567043 0)
(3.30253 -0.0555779 0)
(3.31543 -0.0568747 0)
(3.33078 -0.051427 0)
(3.33371 -0.0497338 0)
(3.33487 -0.0487518 0)
(3.3351 -0.0475147 0)
(3.33367 -0.0424316 0)
(3.30787 -0.0347692 0)
(3.28148 -0.0317856 0)
(3.25503 -0.0272758 0)
(3.22661 -0.0232749 0)
(3.20909 -0.0219957 0)
(3.18591 -0.0198469 0)
(3.17342 -0.0183162 0)
(3.17021 -0.0154326 0)
(3.17697 -0.0107933 0)
(3.19143 -0.00822007 0)
(3.20051 -0.00888307 0)
(3.19746 -0.014371 0)
(3.19106 -0.0214267 0)
(3.1861 -0.0300615 0)
(3.18669 -0.0371819 0)
(3.19752 -0.036659 0)
(3.20854 -0.023427 0)
(3.20688 -0.00626693 0)
(3.20176 0.00139006 0)
(3.17204 0.0163079 0)
(3.09693 0.0258286 0)
(3.02416 0.0147158 0)
(3.00223 0.00245568 0)
(3.00007 9.02138e-05 0)
(3 3.27461e-07 0)
(3 -6.61894e-09 0)
(3 -8.12793e-09 0)
(3 -9.85913e-09 0)
(3 -7.84544e-09 0)
(3 -1.7244e-09 0)
(3 -5.78246e-11 0)
(3 -1.48105e-13 0)
(3 -4.26417e-17 0)
(3 1.08369e-15 0)
(3 1.05717e-15 0)
(3 1.46772e-15 0)
(3 1.65081e-15 0)
(3 1.7668e-15 0)
(3 1.81617e-15 0)
(3 8.65773e-16 0)
(3 2.5321e-16 0)
(3 -1.20713e-15 0)
(2.99999 -2.82868e-05 0)
(2.99928 -0.00125234 0)
(2.9902 -0.0186927 0)
(2.92857 -0.104293 0)
(2.79001 -0.276155 0)
(2.61252 -0.393206 0)
(2.47269 -0.391218 0)
(2.42032 -0.327784 0)
(2.38227 -0.248915 0)
(2.34406 -0.182138 0)
(2.31775 -0.125646 0)
(2.28971 -0.0635453 0)
(2.29935 -0.0248354 0)
(2.30605 -0.000299659 0)
(2.32573 0.023993 0)
(2.35956 0.0448361 0)
(2.39785 0.0474928 0)
(2.42515 0.0472311 0)
(2.45165 0.0420426 0)
(2.4902 0.0416454 0)
(2.53568 0.044352 0)
(2.57898 0.0452162 0)
(2.61764 0.0436208 0)
(2.65569 0.0473083 0)
(2.69052 0.0510252 0)
(2.72792 0.0566074 0)
(2.76438 0.0631704 0)
(2.79647 0.0632372 0)
(2.82954 0.0588892 0)
(2.86726 0.056469 0)
(2.90565 0.0592974 0)
(2.93718 0.0635353 0)
(2.96376 0.0624156 0)
(2.99279 0.0584252 0)
(3.02621 0.0570447 0)
(3.05866 0.0596022 0)
(3.08426 0.061899 0)
(3.10591 0.0609663 0)
(3.12891 0.0591926 0)
(3.15306 0.0590142 0)
(3.1738 0.0599209 0)
(3.18829 0.0598726 0)
(3.20078 0.0579422 0)
(3.21835 0.0563886 0)
(3.24161 0.0572473 0)
(3.26493 0.0590946 0)
(3.28666 0.0567043 0)
(3.30253 0.0555779 0)
(3.31543 0.0568747 0)
(3.33078 0.051427 0)
(3.33371 0.0497338 0)
(3.33487 0.0487518 0)
(3.3351 0.0475146 0)
(3.33367 0.0424315 0)
(3.30787 0.0347696 0)
(3.28148 0.0317858 0)
(3.25503 0.027276 0)
(3.22661 0.0232768 0)
(3.20909 0.0219926 0)
(3.18591 0.0198467 0)
(3.17342 0.0183246 0)
(3.17021 0.0154082 0)
(3.17697 0.0108455 0)
(3.19145 0.00814108 0)
(3.2005 0.0089523 0)
(3.19748 0.0143098 0)
(3.19108 0.0215134 0)
(3.18617 0.0299114 0)
(3.18692 0.0371109 0)
(3.19806 0.0362391 0)
(3.21028 0.0236114 0)
(3.20769 0.00667943 0)
(3.20229 -0.00124683 0)
(3.172 -0.0161981 0)
(3.09675 -0.0256437 0)
(3.02397 -0.0146424 0)
(3.0022 -0.00244535 0)
(3.00007 -9.05838e-05 0)
(3 -3.28116e-07 0)
(3 9.60555e-09 0)
(3 1.11188e-08 0)
(3 1.26007e-08 0)
(3 9.88057e-09 0)
(3 2.29256e-09 0)
(3 7.57201e-11 0)
(3 1.64419e-13 0)
(3 7.24457e-17 0)
(3 -8.69803e-17 0)
(3 -4.50873e-16 0)
(3 -1.12991e-15 0)
(3 -7.24298e-16 0)
(3 -1.16854e-16 0)
(3 1.42214e-15 0)
(3 1.92477e-15 0)
(3 9.04658e-16 0)
(3 -3.57463e-16 0)
(2.99781 -0.0047215 0)
(2.97671 -0.0533834 0)
(2.89296 -0.220283 0)
(2.74443 -0.499042 0)
(2.61615 -0.718589 0)
(2.56602 -0.7806 0)
(2.51891 -0.801626 0)
(2.4544 -0.720481 0)
(2.38349 -0.569135 0)
(2.32494 -0.387102 0)
(2.29997 -0.236981 0)
(2.26472 -0.0739937 0)
(2.26858 0.0231645 0)
(2.30017 0.091669 0)
(2.30921 0.130118 0)
(2.3198 0.139999 0)
(2.35228 0.120038 0)
(2.40347 0.120462 0)
(2.46031 0.113691 0)
(2.50632 0.104446 0)
(2.55629 0.108607 0)
(2.6117 0.120324 0)
(2.66016 0.148827 0)
(2.68907 0.14803 0)
(2.71979 0.137655 0)
(2.7634 0.144843 0)
(2.80493 0.160958 0)
(2.83697 0.161833 0)
(2.8678 0.149163 0)
(2.90354 0.138899 0)
(2.94378 0.142075 0)
(2.97991 0.150544 0)
(3.00953 0.149095 0)
(3.03758 0.141185 0)
(3.06796 0.137722 0)
(3.09912 0.142458 0)
(3.12646 0.145769 0)
(3.15084 0.142898 0)
(3.1748 0.138759 0)
(3.19813 0.137251 0)
(3.21838 0.137792 0)
(3.23364 0.136939 0)
(3.24649 0.131482 0)
(3.26346 0.126745 0)
(3.28604 0.127321 0)
(3.30825 0.130429 0)
(3.32769 0.127883 0)
(3.34323 0.122424 0)
(3.35493 0.122102 0)
(3.36627 0.11479 0)
(3.36898 0.106541 0)
(3.37003 0.103938 0)
(3.37225 0.0966617 0)
(3.36844 0.0831136 0)
(3.34756 0.0700491 0)
(3.32359 0.0608488 0)
(3.28841 0.0512776 0)
(3.2581 0.0424888 0)
(3.24134 0.0396087 0)
(3.21626 0.035303 0)
(3.19839 0.0354919 0)
(3.18845 0.0377898 0)
(3.18491 0.0361623 0)
(3.18963 0.0288817 0)
(3.20043 0.0166532 0)
(3.2083 0.0103513 0)
(3.20928 0.018365 0)
(3.2123 0.0364427 0)
(3.21723 0.0621381 0)
(3.2162 0.0801176 0)
(3.21311 0.0819203 0)
(3.20344 0.0715629 0)
(3.17528 0.0363058 0)
(3.12814 -0.0187227 0)
(3.07778 -0.0542739 0)
(3.04572 -0.0485278 0)
(3.02373 -0.0257051 0)
(3.00582 -0.00536386 0)
(3.00025 -0.000185335 0)
(3 -3.70536e-07 0)
(3 1.99624e-08 0)
(3 2.35644e-08 0)
(3 2.41558e-08 0)
(3 1.43293e-08 0)
(3 2.93849e-09 0)
(3 1.03583e-10 0)
(3 2.598e-13 0)
(3 -2.04061e-15 0)
(3 -3.29951e-15 0)
(3 -5.38543e-15 0)
(3 -4.51303e-15 0)
(3 -1.3677e-15 0)
(3 1.40716e-15 0)
(3 2.43822e-15 0)
(3 1.75877e-15 0)
(3 6.18601e-16 0)
(2.93278 -0.112759 0)
(2.83816 -0.3185 0)
(2.59594 -0.688121 0)
(2.52891 -0.791104 0)
(2.50902 -0.769358 0)
(2.50101 -0.801106 0)
(2.49174 -0.827599 0)
(2.49043 -0.854777 0)
(2.48224 -0.842316 0)
(2.46585 -0.785828 0)
(2.44782 -0.682785 0)
(2.43499 -0.528807 0)
(2.40018 -0.32909 0)
(2.42274 -0.185592 0)
(2.40122 -0.0301973 0)
(2.39313 0.0497434 0)
(2.41882 0.100401 0)
(2.44134 0.142771 0)
(2.47919 0.188656 0)
(2.5184 0.223097 0)
(2.55021 0.231515 0)
(2.58971 0.230412 0)
(2.62958 0.248845 0)
(2.66508 0.243433 0)
(2.7028 0.226059 0)
(2.74425 0.22859 0)
(2.78286 0.249063 0)
(2.81538 0.25606 0)
(2.84985 0.242013 0)
(2.88694 0.228842 0)
(2.92678 0.230762 0)
(2.96255 0.241048 0)
(2.99237 0.239724 0)
(3.01993 0.229612 0)
(3.04835 0.223997 0)
(3.07679 0.228533 0)
(3.10374 0.229698 0)
(3.13025 0.225581 0)
(3.1553 0.221 0)
(3.17624 0.216797 0)
(3.19183 0.213897 0)
(3.2037 0.210586 0)
(3.2176 0.202741 0)
(3.23692 0.196419 0)
(3.25896 0.197673 0)
(3.27751 0.199569 0)
(3.296 0.192921 0)
(3.31567 0.188955 0)
(3.33087 0.185874 0)
(3.34045 0.179552 0)
(3.34947 0.172526 0)
(3.35319 0.166874 0)
(3.35388 0.164702 0)
(3.34455 0.145143 0)
(3.3239 0.124871 0)
(3.31168 0.114276 0)
(3.28763 0.0957905 0)
(3.27494 0.0878531 0)
(3.24781 0.0903421 0)
(3.21736 0.0939234 0)
(3.19163 0.0933245 0)
(3.17448 0.0893733 0)
(3.16797 0.0838255 0)
(3.17121 0.0804481 0)
(3.18145 0.0809068 0)
(3.19794 0.084896 0)
(3.21952 0.0934267 0)
(3.2299 0.101725 0)
(3.22846 0.0996489 0)
(3.22468 0.0951065 0)
(3.20696 0.0820332 0)
(3.16889 0.0510773 0)
(3.11794 -0.00272039 0)
(3.08254 -0.0427974 0)
(3.06952 -0.0533631 0)
(3.06264 -0.0522278 0)
(3.05142 -0.0435499 0)
(3.02862 -0.0226758 0)
(3.00546 -0.00364762 0)
(3.00013 -7.08531e-05 0)
(3 -3.69353e-08 0)
(3 2.73817e-08 0)
(3 2.8213e-08 0)
(3 2.48091e-08 0)
(3 1.37737e-08 0)
(3 2.65824e-09 0)
(3 7.61042e-11 0)
(3 1.17178e-13 0)
(3 -4.97679e-15 0)
(3 -4.4007e-15 0)
(3 -3.85398e-15 0)
(3 -1.30021e-15 0)
(3 1.12368e-15 0)
(3 2.67562e-15 0)
(3 2.47531e-15 0)
(3 1.31449e-15 0)
(2.64383 -0.548774 0)
(2.57566 -0.685778 0)
(2.50296 -0.77409 0)
(2.46443 -0.822831 0)
(2.44875 -0.831997 0)
(2.45752 -0.837904 0)
(2.46736 -0.845696 0)
(2.48108 -0.84982 0)
(2.49872 -0.841696 0)
(2.51069 -0.835301 0)
(2.52345 -0.82378 0)
(2.55495 -0.784814 0)
(2.56331 -0.69771 0)
(2.56558 -0.548834 0)
(2.56034 -0.355071 0)
(2.50193 -0.104698 0)
(2.50356 0.0687238 0)
(2.51119 0.231829 0)
(2.51659 0.35972 0)
(2.51452 0.404915 0)
(2.54653 0.380114 0)
(2.58894 0.373339 0)
(2.63674 0.384904 0)
(2.68789 0.37644 0)
(2.7263 0.346737 0)
(2.75041 0.340499 0)
(2.77752 0.363888 0)
(2.81414 0.36527 0)
(2.85144 0.339199 0)
(2.8836 0.326175 0)
(2.91651 0.336232 0)
(2.94703 0.351595 0)
(2.97752 0.34652 0)
(3.0067 0.33245 0)
(3.03459 0.32714 0)
(3.06165 0.33709 0)
(3.0902 0.33749 0)
(3.1188 0.334713 0)
(3.14352 0.333857 0)
(3.16218 0.328797 0)
(3.17479 0.32598 0)
(3.18601 0.320229 0)
(3.20329 0.306608 0)
(3.22227 0.297361 0)
(3.23642 0.296088 0)
(3.24612 0.287262 0)
(3.27379 0.2743 0)
(3.2941 0.27114 0)
(3.30823 0.261467 0)
(3.32614 0.249659 0)
(3.33798 0.228561 0)
(3.3404 0.210812 0)
(3.33665 0.196981 0)
(3.31933 0.167528 0)
(3.29736 0.129049 0)
(3.2913 0.099536 0)
(3.28554 0.0943181 0)
(3.26629 0.0984077 0)
(3.2465 0.104433 0)
(3.22648 0.108241 0)
(3.20623 0.11185 0)
(3.19377 0.115434 0)
(3.17982 0.118342 0)
(3.17408 0.121988 0)
(3.18986 0.132594 0)
(3.2204 0.152341 0)
(3.23139 0.157464 0)
(3.2297 0.152595 0)
(3.22036 0.140623 0)
(3.2005 0.117139 0)
(3.16324 0.0643745 0)
(3.10899 -0.00804056 0)
(3.07777 -0.0401932 0)
(3.07083 -0.0433756 0)
(3.06933 -0.0434378 0)
(3.06725 -0.0425121 0)
(3.06316 -0.0402467 0)
(3.04866 -0.031584 0)
(3.02098 -0.0130448 0)
(3.00236 -0.00127343 0)
(3.00003 -1.14518e-05 0)
(3 2.39832e-08 0)
(3 2.78034e-08 0)
(3 2.66583e-08 0)
(3 2.15923e-08 0)
(3 1.02713e-08 0)
(3 1.40689e-09 0)
(3 2.21344e-11 0)
(3 1.07504e-14 0)
(3 -3.57216e-15 0)
(3 -3.65692e-15 0)
(3 -2.54439e-15 0)
(3 5.06553e-16 0)
(3 1.56718e-15 0)
(3 2.36793e-15 0)
(3 1.75754e-15 0)
(2.49201 -0.741008 0)
(2.4331 -0.852315 0)
(2.43262 -0.85488 0)
(2.42693 -0.846441 0)
(2.43809 -0.832751 0)
(2.4569 -0.831028 0)
(2.47127 -0.830393 0)
(2.48289 -0.830505 0)
(2.49797 -0.833713 0)
(2.52126 -0.826794 0)
(2.54398 -0.81491 0)
(2.58244 -0.776347 0)
(2.63004 -0.718051 0)
(2.66161 -0.689245 0)
(2.71193 -0.607468 0)
(2.71688 -0.505786 0)
(2.68591 -0.321181 0)
(2.68688 -0.108054 0)
(2.64623 0.152061 0)
(2.63947 0.294869 0)
(2.65361 0.321205 0)
(2.6697 0.391934 0)
(2.66752 0.449368 0)
(2.68566 0.49029 0)
(2.72315 0.473316 0)
(2.75884 0.447523 0)
(2.79707 0.446411 0)
(2.84888 0.45673 0)
(2.8966 0.452388 0)
(2.9248 0.450109 0)
(2.94812 0.461702 0)
(2.97387 0.471479 0)
(3.00648 0.454036 0)
(3.03678 0.429333 0)
(3.06679 0.426489 0)
(3.09418 0.434909 0)
(3.12545 0.427028 0)
(3.1543 0.423321 0)
(3.17713 0.424596 0)
(3.19453 0.41614 0)
(3.20846 0.407503 0)
(3.2325 0.389461 0)
(3.26099 0.365035 0)
(3.27585 0.361033 0)
(3.27386 0.366246 0)
(3.27353 0.349982 0)
(3.29481 0.329599 0)
(3.30586 0.309977 0)
(3.31879 0.297081 0)
(3.33089 0.269574 0)
(3.32788 0.231255 0)
(3.31822 0.212081 0)
(3.294 0.176344 0)
(3.26928 0.127768 0)
(3.26494 0.0971633 0)
(3.26468 0.0871992 0)
(3.26533 0.0914724 0)
(3.25507 0.105536 0)
(3.24358 0.113089 0)
(3.23147 0.123125 0)
(3.21986 0.136132 0)
(3.21038 0.148279 0)
(3.20024 0.162653 0)
(3.19926 0.183725 0)
(3.21374 0.204291 0)
(3.22027 0.204734 0)
(3.21771 0.194458 0)
(3.20437 0.170947 0)
(3.18431 0.129913 0)
(3.14815 0.0636823 0)
(3.10085 -0.00317808 0)
(3.08072 -0.0264946 0)
(3.07737 -0.0307567 0)
(3.07493 -0.0327274 0)
(3.07189 -0.0337319 0)
(3.06817 -0.0349448 0)
(3.064 -0.0349056 0)
(3.05631 -0.0321723 0)
(3.03774 -0.0220043 0)
(3.0114 -0.00625011 0)
(3.00066 -0.000307945 0)
(3 -9.94132e-07 0)
(3 2.54327e-08 0)
(3 2.47148e-08 0)
(3 2.25981e-08 0)
(3 1.66241e-08 0)
(3 6.00064e-09 0)
(3 4.74239e-10 0)
(3 3.16675e-12 0)
(3 -2.43735e-15 0)
(3 -3.7335e-15 0)
(3 -2.78512e-15 0)
(3 7.23469e-16 0)
(3 1.53162e-15 0)
(3 2.65728e-15 0)
(3 3.67219e-15 0)
(2.42818 -0.810928 0)
(2.42779 -0.826736 0)
(2.43002 -0.844068 0)
(2.43258 -0.849238 0)
(2.44189 -0.846613 0)
(2.45318 -0.842572 0)
(2.46563 -0.832787 0)
(2.47985 -0.827919 0)
(2.50506 -0.819786 0)
(2.5357 -0.804817 0)
(2.58133 -0.77044 0)
(2.6405 -0.701333 0)
(2.66965 -0.672493 0)
(2.69561 -0.657613 0)
(2.78212 -0.560245 0)
(2.81337 -0.493038 0)
(2.81077 -0.479217 0)
(2.82299 -0.389089 0)
(2.83874 -0.234096 0)
(2.80885 -0.0111133 0)
(2.77056 0.195973 0)
(2.77221 0.347805 0)
(2.72235 0.529982 0)
(2.72211 0.5986 0)
(2.74274 0.618508 0)
(2.76876 0.622517 0)
(2.80645 0.626489 0)
(2.83885 0.630463 0)
(2.86765 0.61426 0)
(2.89873 0.584935 0)
(2.92872 0.586702 0)
(2.95844 0.594622 0)
(2.99451 0.565354 0)
(3.02244 0.528233 0)
(3.04514 0.524724 0)
(3.07571 0.529106 0)
(3.11409 0.513727 0)
(3.14122 0.510169 0)
(3.15941 0.512279 0)
(3.17682 0.494307 0)
(3.18749 0.478712 0)
(3.19958 0.470898 0)
(3.22023 0.460669 0)
(3.23674 0.463092 0)
(3.25016 0.459166 0)
(3.2764 0.428792 0)
(3.28541 0.388958 0)
(3.28955 0.371258 0)
(3.29465 0.365541 0)
(3.28651 0.330204 0)
(3.27643 0.298632 0)
(3.26485 0.262351 0)
(3.24035 0.200636 0)
(3.23451 0.157866 0)
(3.23357 0.14552 0)
(3.2314 0.145816 0)
(3.23394 0.152836 0)
(3.23722 0.163884 0)
(3.23501 0.17562 0)
(3.23013 0.187241 0)
(3.22434 0.201541 0)
(3.2182 0.219763 0)
(3.21486 0.23733 0)
(3.21422 0.248317 0)
(3.21132 0.247194 0)
(3.20077 0.231003 0)
(3.18057 0.203872 0)
(3.15306 0.147797 0)
(3.1162 0.059223 0)
(3.08742 -0.00445308 0)
(3.07931 -0.0212873 0)
(3.07705 -0.0242449 0)
(3.07521 -0.0262932 0)
(3.07258 -0.0285694 0)
(3.06933 -0.0306409 0)
(3.06644 -0.0318882 0)
(3.06358 -0.0322489 0)
(3.05947 -0.0313357 0)
(3.04876 -0.0263014 0)
(3.02565 -0.0134268 0)
(3.00439 -0.00204941 0)
(3.0001 -3.70608e-05 0)
(3 -8.81713e-09 0)
(3 2.13896e-08 0)
(3 2.09034e-08 0)
(3 1.87735e-08 0)
(3 1.17407e-08 0)
(3 2.76592e-09 0)
(3 1.02721e-10 0)
(3 2.26735e-13 0)
(3 -1.74553e-15 0)
(3 -1.39431e-15 0)
(3 -1.01327e-16 0)
(3 2.89539e-15 0)
(3 2.9824e-15 0)
(3 3.00057e-15 0)
(2.3862 -0.847703 0)
(2.40587 -0.843748 0)
(2.41914 -0.845394 0)
(2.43056 -0.8476 0)
(2.44196 -0.846703 0)
(2.45408 -0.841453 0)
(2.46952 -0.835445 0)
(2.49423 -0.823133 0)
(2.52996 -0.79805 0)
(2.57731 -0.756557 0)
(2.62013 -0.722472 0)
(2.67597 -0.655731 0)
(2.71878 -0.596975 0)
(2.74496 -0.579204 0)
(2.80182 -0.51674 0)
(2.85558 -0.414026 0)
(2.87781 -0.396195 0)
(2.89714 -0.3874 0)
(2.94055 -0.329932 0)
(2.93604 -0.216181 0)
(2.94321 -0.137874 0)
(2.90198 0.0625992 0)
(2.89297 0.249547 0)
(2.83977 0.476509 0)
(2.88172 0.529887 0)
(2.84286 0.6093 0)
(2.82988 0.70013 0)
(2.84976 0.727157 0)
(2.88653 0.715559 0)
(2.92124 0.688374 0)
(2.95035 0.684175 0)
(2.97694 0.693831 0)
(3.01397 0.675692 0)
(3.04214 0.640296 0)
(3.0645 0.618387 0)
(3.08884 0.619997 0)
(3.11763 0.614144 0)
(3.14099 0.603323 0)
(3.15341 0.602543 0)
(3.15726 0.594091 0)
(3.17718 0.565079 0)
(3.20425 0.537982 0)
(3.21414 0.522472 0)
(3.22452 0.511937 0)
(3.25125 0.487826 0)
(3.26769 0.439553 0)
(3.27001 0.396666 0)
(3.27183 0.389211 0)
(3.26162 0.359368 0)
(3.2486 0.31839 0)
(3.23684 0.290528 0)
(3.22131 0.245963 0)
(3.21983 0.208469 0)
(3.22427 0.195456 0)
(3.22477 0.193955 0)
(3.2243 0.200459 0)
(3.22777 0.213904 0)
(3.23255 0.229919 0)
(3.23448 0.246169 0)
(3.23342 0.260163 0)
(3.2313 0.268993 0)
(3.22853 0.272431 0)
(3.21896 0.26842 0)
(3.20446 0.254045 0)
(3.18771 0.235304 0)
(3.16022 0.196581 0)
(3.11882 0.124276 0)
(3.07838 0.0458254 0)
(3.06515 0.00838384 0)
(3.06563 -0.000986656 0)
(3.07184 -0.0148225 0)
(3.07349 -0.0212943 0)
(3.07203 -0.021936 0)
(3.07047 -0.0230413 0)
(3.06829 -0.0243115 0)
(3.06596 -0.025394 0)
(3.06389 -0.0260408 0)
(3.06085 -0.0259402 0)
(3.05429 -0.0240569 0)
(3.03796 -0.0172714 0)
(3.0128 -0.0056426 0)
(3.00093 -0.000362914 0)
(3.00001 -1.79533e-06 0)
(3 1.71732e-08 0)
(3 1.73665e-08 0)
(3 1.69095e-08 0)
(3 1.41677e-08 0)
(3 6.67716e-09 0)
(3 8.48643e-10 0)
(3 1.16551e-11 0)
(3 6.66071e-15 0)
(3 4.98203e-16 0)
(3 1.31343e-15 0)
(3 3.31306e-15 0)
(3 3.01252e-15 0)
(3 2.30878e-15 0)
(2.39224 -0.83899 0)
(2.41042 -0.84123 0)
(2.42394 -0.845605 0)
(2.43162 -0.84723 0)
(2.44092 -0.847504 0)
(2.4563 -0.844859 0)
(2.48379 -0.830548 0)
(2.5219 -0.801953 0)
(2.5734 -0.74846 0)
(2.61813 -0.70714 0)
(2.67237 -0.661935 0)
(2.73965 -0.561894 0)
(2.76567 -0.516124 0)
(2.78621 -0.511251 0)
(2.85317 -0.435209 0)
(2.89363 -0.32658 0)
(2.91144 -0.311869 0)
(2.92654 -0.326389 0)
(2.97689 -0.260493 0)
(3.00187 -0.15751 0)
(3.00581 -0.149363 0)
(3.03585 -0.0984619 0)
(3.03508 -0.0221667 0)
(3.02355 0.0990046 0)
(3.00381 0.273476 0)
(2.94033 0.48115 0)
(2.90797 0.652732 0)
(2.91827 0.746935 0)
(2.94512 0.752321 0)
(2.95357 0.762318 0)
(2.95647 0.789672 0)
(2.95601 0.805668 0)
(2.98999 0.781128 0)
(3.02257 0.752165 0)
(3.0464 0.735442 0)
(3.07599 0.723505 0)
(3.11442 0.705252 0)
(3.1476 0.677789 0)
(3.16081 0.664878 0)
(3.17246 0.63991 0)
(3.19322 0.598918 0)
(3.20309 0.586823 0)
(3.21267 0.574507 0)
(3.22294 0.553263 0)
(3.24194 0.521051 0)
(3.24315 0.470621 0)
(3.25135 0.446212 0)
(3.24681 0.419524 0)
(3.22656 0.383227 0)
(3.20683 0.365612 0)
(3.19067 0.336965 0)
(3.19385 0.301997 0)
(3.20627 0.288486 0)
(3.21547 0.288873 0)
(3.2217 0.296774 0)
(3.22856 0.307517 0)
(3.23415 0.309385 0)
(3.23561 0.302064 0)
(3.23473 0.296294 0)
(3.23373 0.291363 0)
(3.22941 0.281269 0)
(3.22099 0.270712 0)
(3.20604 0.258278 0)
(3.17784 0.2299 0)
(3.1335 0.166362 0)
(3.08405 0.0791133 0)
(3.05578 0.0235217 0)
(3.05088 0.00928873 0)
(3.05108 0.00660811 0)
(3.05511 0.000914191 0)
(3.06526 -0.00825411 0)
(3.07091 -0.0146154 0)
(3.06978 -0.0161049 0)
(3.06857 -0.0168841 0)
(3.06707 -0.018116 0)
(3.06534 -0.0196526 0)
(3.06312 -0.0209619 0)
(3.06023 -0.022019 0)
(3.05572 -0.0221524 0)
(3.04511 -0.0189588 0)
(3.02351 -0.00992585 0)
(3.00409 -0.00159504 0)
(3.0001 -3.20388e-05 0)
(3 -1.72075e-08 0)
(3 1.44117e-08 0)
(3 1.44459e-08 0)
(3 1.37249e-08 0)
(3 9.58234e-09 0)
(3 2.78938e-09 0)
(3 1.48444e-10 0)
(3 5.64076e-13 0)
(3 1.83555e-15 0)
(3 2.25643e-15 0)
(3 2.13082e-15 0)
(3 1.55299e-15 0)
(3 2.45754e-16 0)
(2.39451 -0.838087 0)
(2.414 -0.849403 0)
(2.42378 -0.854599 0)
(2.43308 -0.855148 0)
(2.44617 -0.850685 0)
(2.47315 -0.832635 0)
(2.51324 -0.804015 0)
(2.56346 -0.757114 0)
(2.63031 -0.673633 0)
(2.67566 -0.636881 0)
(2.72137 -0.59896 0)
(2.78763 -0.478167 0)
(2.81635 -0.421782 0)
(2.84197 -0.42074 0)
(2.9109 -0.335604 0)
(2.93567 -0.238214 0)
(2.946 -0.241479 0)
(2.95758 -0.24658 0)
(3.02269 -0.147238 0)
(3.03284 -0.060024 0)
(3.04456 -0.0554083 0)
(3.07168 -0.054365 0)
(3.09449 -0.00357308 0)
(3.09606 0.0253113 0)
(3.0863 0.0972497 0)
(3.07345 0.204598 0)
(3.05699 0.352969 0)
(3.05015 0.485966 0)
(3.02685 0.602407 0)
(3.01042 0.679908 0)
(2.98 0.789433 0)
(3.01 0.780443 0)
(3.03822 0.76862 0)
(3.04928 0.763939 0)
(3.05626 0.767996 0)
(3.0791 0.757775 0)
(3.09942 0.743752 0)
(3.12639 0.722239 0)
(3.15576 0.69332 0)
(3.17128 0.671316 0)
(3.18737 0.646964 0)
(3.20373 0.632528 0)
(3.21259 0.626041 0)
(3.22543 0.603538 0)
(3.22529 0.566158 0)
(3.22917 0.518138 0)
(3.23888 0.503375 0)
(3.21692 0.472495 0)
(3.19675 0.451619 0)
(3.17839 0.428681 0)
(3.17412 0.396072 0)
(3.18816 0.371954 0)
(3.20512 0.364039 0)
(3.21876 0.367589 0)
(3.22867 0.374375 0)
(3.2316 0.370201 0)
(3.2299 0.357651 0)
(3.22668 0.341302 0)
(3.22486 0.321441 0)
(3.22056 0.301959 0)
(3.21432 0.277425 0)
(3.20167 0.247657 0)
(3.16832 0.195914 0)
(3.10968 0.110528 0)
(3.06123 0.0376171 0)
(3.04825 0.0145599 0)
(3.04712 0.0113978 0)
(3.04726 0.0107716 0)
(3.04837 0.00961413 0)
(3.05136 0.00623252 0)
(3.05818 -0.00155559 0)
(3.06629 -0.0110881 0)
(3.06744 -0.0151698 0)
(3.06629 -0.0162176 0)
(3.06506 -0.0174438 0)
(3.06333 -0.0188721 0)
(3.06144 -0.0198009 0)
(3.05919 -0.020084 0)
(3.05618 -0.0196693 0)
(3.04939 -0.0179056 0)
(3.0329 -0.0119272 0)
(3.01 -0.00343109 0)
(3.00061 -0.000183876 0)
(3 -7.09656e-07 0)
(3 1.19391e-08 0)
(3 1.20571e-08 0)
(3 1.19996e-08 0)
(3 1.02442e-08 0)
(3 4.99261e-09 0)
(3 6.84786e-10 0)
(3 1.07861e-11 0)
(3 1.0746e-14 0)
(3 3.54298e-15 0)
(3 3.25071e-15 0)
(3 2.75415e-15 0)
(3 8.6668e-16 0)
(2.40443 -0.846795 0)
(2.41427 -0.856841 0)
(2.42436 -0.860709 0)
(2.43774 -0.858379 0)
(2.4678 -0.83845 0)
(2.51149 -0.800977 0)
(2.55984 -0.761951 0)
(2.63974 -0.666708 0)
(2.69115 -0.587818 0)
(2.72401 -0.584587 0)
(2.78797 -0.507529 0)
(2.84746 -0.358783 0)
(2.86891 -0.315476 0)
(2.8921 -0.333562 0)
(2.94261 -0.273764 0)
(2.97259 -0.164466 0)
(2.98811 -0.142618 0)
(3.01611 -0.137827 0)
(3.0469 -0.0520851 0)
(3.04395 -0.014019 0)
(3.04789 -0.0241253 0)
(3.06755 -0.0150667 0)
(3.08652 0.00180867 0)
(3.09829 0.0278974 0)
(3.10543 0.0435501 0)
(3.12973 0.0651402 0)
(3.13101 0.0922584 0)
(3.1251 0.145789 0)
(3.10598 0.233241 0)
(3.07251 0.366218 0)
(3.05253 0.504828 0)
(3.06689 0.584594 0)
(3.07516 0.648843 0)
(3.06534 0.702781 0)
(3.06933 0.709459 0)
(3.08298 0.705898 0)
(3.09014 0.702681 0)
(3.10905 0.68894 0)
(3.13555 0.672813 0)
(3.15675 0.651823 0)
(3.17228 0.641525 0)
(3.19053 0.64143 0)
(3.20517 0.637755 0)
(3.21216 0.61624 0)
(3.20514 0.57938 0)
(3.20934 0.544803 0)
(3.21315 0.518444 0)
(3.18687 0.495764 0)
(3.18008 0.480345 0)
(3.17774 0.456624 0)
(3.16843 0.428424 0)
(3.1799 0.404221 0)
(3.19115 0.39521 0)
(3.20399 0.390478 0)
(3.21234 0.387216 0)
(3.21177 0.378794 0)
(3.2093 0.362798 0)
(3.20415 0.33633 0)
(3.19779 0.304168 0)
(3.18973 0.265202 0)
(3.17491 0.210376 0)
(3.14181 0.132042 0)
(3.09301 0.0513392 0)
(3.06167 0.0162344 0)
(3.05131 0.0127606 0)
(3.04764 0.0120197 0)
(3.0467 0.0100698 0)
(3.04675 0.00781964 0)
(3.04706 0.0055715 0)
(3.04817 0.00336387 0)
(3.05198 -0.00118813 0)
(3.06083 -0.00792913 0)
(3.06603 -0.0121831 0)
(3.06544 -0.0132707 0)
(3.06454 -0.0137691 0)
(3.06312 -0.0144008 0)
(3.06134 -0.0151963 0)
(3.05966 -0.0159613 0)
(3.05709 -0.0161992 0)
(3.05188 -0.0152649 0)
(3.03938 -0.0119026 0)
(3.01691 -0.00507239 0)
(3.00199 -0.000557182 0)
(3.00003 -6.34709e-06 0)
(3 7.12645e-09 0)
(3 1.01811e-08 0)
(3 1.02307e-08 0)
(3 9.55349e-09 0)
(3 6.2646e-09 0)
(3 1.61756e-09 0)
(3 7.14843e-11 0)
(3 2.16055e-13 0)
(3 4.74148e-15 0)
(3 4.16529e-15 0)
(3 3.14359e-15 0)
(3 1.68265e-15 0)
(2.4064 -0.855542 0)
(2.41385 -0.858569 0)
(2.42663 -0.857367 0)
(2.45442 -0.8427 0)
(2.50619 -0.800275 0)
(2.56872 -0.745288 0)
(2.63737 -0.677501 0)
(2.70584 -0.565356 0)
(2.743 -0.519714 0)
(2.8034 -0.476603 0)
(2.88902 -0.338564 0)
(2.90177 -0.243711 0)
(2.9074 -0.25587 0)
(2.93341 -0.23117 0)
(3.00457 -0.133714 0)
(3.0099 -0.0314139 0)
(3.02686 -0.0236174 0)
(3.05089 -0.0259472 0)
(3.06663 0.0520288 0)
(3.0571 0.0836844 0)
(3.06007 0.0863755 0)
(3.08768 0.0739972 0)
(3.09572 0.074469 0)
(3.10632 0.0856311 0)
(3.11649 0.086225 0)
(3.13466 0.0819112 0)
(3.14024 0.0716343 0)
(3.13775 0.070375 0)
(3.13685 0.0754834 0)
(3.13566 0.0913576 0)
(3.12844 0.137101 0)
(3.12282 0.211299 0)
(3.10885 0.31389 0)
(3.08936 0.42173 0)
(3.07413 0.506834 0)
(3.06745 0.567153 0)
(3.0723 0.597249 0)
(3.08717 0.621564 0)
(3.11241 0.618705 0)
(3.13763 0.599067 0)
(3.15617 0.604118 0)
(3.16915 0.606235 0)
(3.18201 0.596728 0)
(3.18947 0.571207 0)
(3.18629 0.541752 0)
(3.18725 0.518435 0)
(3.17832 0.492894 0)
(3.16819 0.472208 0)
(3.16507 0.46494 0)
(3.16626 0.450057 0)
(3.1642 0.430239 0)
(3.16272 0.41267 0)
(3.16839 0.397402 0)
(3.17421 0.383379 0)
(3.17497 0.367803 0)
(3.17589 0.343195 0)
(3.16862 0.315317 0)
(3.15506 0.269016 0)
(3.13953 0.201232 0)
(3.12092 0.128385 0)
(3.09814 0.0625426 0)
(3.07692 0.0216478 0)
(3.06604 0.00982198 0)
(3.06076 0.00817138 0)
(3.05577 0.00860842 0)
(3.04983 0.00946787 0)
(3.04586 0.0083731 0)
(3.04488 0.00672141 0)
(3.04479 0.00561974 0)
(3.0452 0.00458088 0)
(3.04808 0.00180773 0)
(3.05655 -0.00345986 0)
(3.06409 -0.00802771 0)
(3.06417 -0.00947929 0)
(3.06318 -0.0100814 0)
(3.06204 -0.0108058 0)
(3.06072 -0.0117703 0)
(3.05894 -0.0126478 0)
(3.05644 -0.0132757 0)
(3.0524 -0.013276 0)
(3.04307 -0.0114582 0)
(3.02357 -0.00632715 0)
(3.00462 -0.00117847 0)
(3.00014 -3.0977e-05 0)
(3 -3.73062e-08 0)
(3 8.10819e-09 0)
(3 8.19615e-09 0)
(3 8.06516e-09 0)
(3 6.306e-09 0)
(3 2.47254e-09 0)
(3 2.28858e-10 0)
(3 2.00524e-12 0)
(3 6.37936e-15 0)
(3 3.33572e-15 0)
(3 4.45078e-16 0)
(3 -1.42864e-15 0)
(2.40483 -0.859354 0)
(2.41569 -0.857232 0)
(2.44394 -0.841419 0)
(2.49166 -0.804709 0)
(2.57148 -0.723968 0)
(2.64157 -0.66421 0)
(2.69809 -0.595819 0)
(2.78031 -0.434083 0)
(2.83012 -0.366379 0)
(2.86893 -0.376296 0)
(2.91694 -0.268217 0)
(2.93539 -0.132949 0)
(2.95014 -0.122478 0)
(2.96818 -0.112515 0)
(3.00009 -0.0397997 0)
(3.00112 -0.00281098 0)
(3.01951 -0.0145263 0)
(3.03639 -0.000142602 0)
(3.04139 0.0215755 0)
(3.04052 0.044176 0)
(3.04996 0.0579461 0)
(3.07054 0.0617628 0)
(3.07937 0.0657368 0)
(3.09031 0.0719162 0)
(3.10103 0.0706979 0)
(3.11462 0.0672221 0)
(3.12087 0.0555862 0)
(3.11715 0.0471626 0)
(3.11684 0.0434399 0)
(3.12354 0.0433217 0)
(3.13368 0.0388922 0)
(3.13837 0.0312945 0)
(3.13594 0.0427053 0)
(3.12648 0.0779815 0)
(3.11181 0.1393 0)
(3.09618 0.215736 0)
(3.08187 0.299555 0)
(3.07688 0.381047 0)
(3.0883 0.441603 0)
(3.10418 0.48087 0)
(3.11682 0.507314 0)
(3.12688 0.529479 0)
(3.1439 0.524873 0)
(3.15152 0.501799 0)
(3.15115 0.479985 0)
(3.14653 0.471334 0)
(3.12951 0.445546 0)
(3.12789 0.423992 0)
(3.12975 0.419449 0)
(3.13408 0.406546 0)
(3.13767 0.382971 0)
(3.13542 0.353304 0)
(3.13138 0.323943 0)
(3.12741 0.293372 0)
(3.12288 0.256923 0)
(3.11543 0.211549 0)
(3.10115 0.156707 0)
(3.08266 0.0993429 0)
(3.06842 0.0531325 0)
(3.06278 0.0284358 0)
(3.06298 0.0163647 0)
(3.06339 0.00831949 0)
(3.06223 0.0072576 0)
(3.06099 0.00665461 0)
(3.05763 0.00590373 0)
(3.05147 0.00596806 0)
(3.0453 0.00620395 0)
(3.04349 0.00568137 0)
(3.04334 0.00548759 0)
(3.04371 0.00517184 0)
(3.0459 0.003852 0)
(3.05254 -0.000166048 0)
(3.0611 -0.00592962 0)
(3.06266 -0.00845878 0)
(3.06173 -0.00906869 0)
(3.06078 -0.00969274 0)
(3.05953 -0.0103976 0)
(3.05807 -0.0109007 0)
(3.056 -0.0110748 0)
(3.05279 -0.0108381 0)
(3.04549 -0.00969745 0)
(3.02888 -0.00614492 0)
(3.00796 -0.00162016 0)
(3.00042 -7.7488e-05 0)
(3 -2.59562e-07 0)
(3 6.67112e-09 0)
(3 6.7268e-09 0)
(3 6.67802e-09 0)
(3 5.7599e-09 0)
(3 2.93709e-09 0)
(3 4.54699e-10 0)
(3 8.91348e-12 0)
(3 1.37312e-14 0)
(3 -1.29767e-15 0)
(3 -1.2609e-15 0)
(3 -1.67344e-15 0)
(2.40171 -0.858994 0)
(2.42913 -0.844499 0)
(2.48179 -0.806791 0)
(2.56988 -0.716808 0)
(2.65054 -0.622201 0)
(2.71036 -0.575711 0)
(2.80917 -0.409658 0)
(2.84982 -0.262617 0)
(2.87691 -0.271203 0)
(2.94163 -0.218264 0)
(2.97807 -0.0210214 0)
(2.95598 0.0384598 0)
(2.96044 0.0285735 0)
(3.00445 0.0587107 0)
(3.01676 0.0955819 0)
(3.0111 0.135028 0)
(3.02767 0.126707 0)
(3.041 0.0820711 0)
(3.03737 0.0682568 0)
(3.0381 0.0691373 0)
(3.05175 0.0663116 0)
(3.05975 0.0630532 0)
(3.06523 0.0588406 0)
(3.07036 0.0543448 0)
(3.07876 0.0450584 0)
(3.08127 0.0321953 0)
(3.08741 0.0245765 0)
(3.09221 0.0269208 0)
(3.10006 0.0277162 0)
(3.11416 0.0208694 0)
(3.12248 0.0137414 0)
(3.12349 0.00965859 0)
(3.12156 0.00308139 0)
(3.12268 0.00250965 0)
(3.12324 0.00521574 0)
(3.12598 0.0129629 0)
(3.12772 0.0365188 0)
(3.12615 0.0799177 0)
(3.12485 0.131584 0)
(3.12454 0.182262 0)
(3.11815 0.230906 0)
(3.11112 0.274023 0)
(3.11297 0.287796 0)
(3.11122 0.271477 0)
(3.10206 0.265412 0)
(3.08293 0.271719 0)
(3.06491 0.259306 0)
(3.06376 0.244605 0)
(3.06677 0.239986 0)
(3.07334 0.225272 0)
(3.07588 0.199471 0)
(3.07461 0.165038 0)
(3.07119 0.134215 0)
(3.06648 0.10613 0)
(3.06028 0.0772779 0)
(3.05331 0.0501449 0)
(3.04798 0.0315883 0)
(3.04601 0.0239817 0)
(3.04421 0.0181645 0)
(3.0467 0.012092 0)
(3.05559 0.00709441 0)
(3.06089 0.0055366 0)
(3.05979 0.00533276 0)
(3.05906 0.00471881 0)
(3.05661 0.00311757 0)
(3.05199 0.00268661 0)
(3.04538 0.00414086 0)
(3.04207 0.00514822 0)
(3.04186 0.00525678 0)
(3.04204 0.00520761 0)
(3.04357 0.00470104 0)
(3.0488 0.00233697 0)
(3.05819 -0.00223863 0)
(3.06261 -0.00520788 0)
(3.06194 -0.0060228 0)
(3.06106 -0.00644658 0)
(3.05996 -0.00693029 0)
(3.05869 -0.00750384 0)
(3.05711 -0.00798247 0)
(3.05392 -0.00814428 0)
(3.04737 -0.00752979 0)
(3.03266 -0.00532879 0)
(3.01117 -0.00181672 0)
(3.00088 -0.00013511 0)
(3.00001 -8.81123e-07 0)
(3 4.75801e-09 0)
(3 4.99003e-09 0)
(3 5.02194e-09 0)
(3 4.60017e-09 0)
(3 2.80168e-09 0)
(3 6.24289e-10 0)
(3 2.19729e-11 0)
(3 4.91e-14 0)
(3 1.15288e-15 0)
(3 9.29725e-16 0)
(3 2.10413e-16 0)
(2.40667 -0.849205 0)
(2.47191 -0.807396 0)
(2.56702 -0.722813 0)
(2.6882 -0.559671 0)
(2.75185 -0.489759 0)
(2.77856 -0.441844 0)
(2.85272 -0.242376 0)
(2.88741 -0.150196 0)
(2.91258 -0.184842 0)
(2.93437 -0.116355 0)
(2.94181 -0.00103289 0)
(2.94644 0.0233542 0)
(2.99345 0.0369568 0)
(3.00889 0.033961 0)
(3.01171 0.0605697 0)
(3.01772 0.0977903 0)
(3.02433 0.0964561 0)
(3.03115 0.0698949 0)
(3.0303 0.0544115 0)
(3.03753 0.0513648 0)
(3.0568 0.0499569 0)
(3.06649 0.0468635 0)
(3.07345 0.040052 0)
(3.07433 0.0290998 0)
(3.07644 0.0154195 0)
(3.08188 0.00825863 0)
(3.08516 0.00769426 0)
(3.09314 0.00780292 0)
(3.10406 0.00484488 0)
(3.1114 0.000434396 0)
(3.11427 -0.00220148 0)
(3.11575 -0.00679373 0)
(3.11404 -0.00938484 0)
(3.1172 -0.00979894 0)
(3.12307 -0.00912315 0)
(3.12918 -0.00581821 0)
(3.13729 0.00167075 0)
(3.14921 0.00743732 0)
(3.15198 0.0105248 0)
(3.15386 0.0147937 0)
(3.15186 0.0222613 0)
(3.14416 0.0304931 0)
(3.13023 0.0280808 0)
(3.11088 0.0213986 0)
(3.08526 0.0219173 0)
(3.05569 0.0233847 0)
(3.02957 0.018529 0)
(3.01108 0.0206423 0)
(2.9976 0.0299948 0)
(2.99657 0.0340262 0)
(3.00046 0.0317886 0)
(3.00791 0.0290644 0)
(3.01976 0.0280713 0)
(3.02575 0.0284158 0)
(3.02708 0.0273821 0)
(3.02785 0.0251991 0)
(3.02973 0.0215159 0)
(3.0333 0.0168158 0)
(3.03798 0.0129433 0)
(3.04388 0.00937845 0)
(3.05432 0.00519742 0)
(3.06095 0.00314104 0)
(3.05853 0.00312602 0)
(3.05752 0.00292141 0)
(3.05529 0.00262273 0)
(3.05152 0.00298541 0)
(3.04534 0.00389591 0)
(3.04051 0.00404783 0)
(3.0401 0.00332592 0)
(3.04055 0.00271998 0)
(3.04133 0.00202893 0)
(3.0452 0.00034169 0)
(3.05445 -0.00246685 0)
(3.06077 -0.00440194 0)
(3.06056 -0.00494068 0)
(3.05976 -0.00519553 0)
(3.05882 -0.00543599 0)
(3.05779 -0.0057064 0)
(3.0565 -0.0058811 0)
(3.05392 -0.00585968 0)
(3.04867 -0.00565616 0)
(3.03572 -0.0044946 0)
(3.01426 -0.00180041 0)
(3.0015 -0.000176731 0)
(3.00002 -1.77008e-06 0)
(3 2.95632e-09 0)
(3 3.64311e-09 0)
(3 3.56242e-09 0)
(3 3.34526e-09 0)
(3 2.27978e-09 0)
(3 6.3332e-10 0)
(3 3.27503e-11 0)
(3 1.30565e-13 0)
(3 3.82249e-15 0)
(3 3.56881e-15 0)
(3 2.3942e-15 0)
(2.48236 -0.808523 0)
(2.63498 -0.687835 0)
(2.76406 -0.502031 0)
(2.85006 -0.319429 0)
(2.90549 -0.199486 0)
(2.96858 -0.044065 0)
(3.00121 0.106352 0)
(3.03175 0.165146 0)
(3.06819 0.166868 0)
(3.02941 0.190323 0)
(3.01602 0.197923 0)
(3.04984 0.16644 0)
(3.06965 0.0914017 0)
(3.0714 0.0647757 0)
(3.05484 0.0622185 0)
(3.05186 0.0625316 0)
(3.04954 0.0499367 0)
(3.04781 0.0276257 0)
(3.04219 0.00683073 0)
(3.04918 0.00126047 0)
(3.06982 0.00207461 0)
(3.07607 0.00248749 0)
(3.08424 0.0030447 0)
(3.08545 0.00170396 0)
(3.0837 -0.0031065 0)
(3.08844 -0.00416117 0)
(3.0919 -0.00457773 0)
(3.10172 -0.00477814 0)
(3.11306 -0.00334715 0)
(3.11659 -0.00389322 0)
(3.12046 -0.00632989 0)
(3.11837 -0.00708243 0)
(3.11793 -0.00639023 0)
(3.12358 -0.00587457 0)
(3.12932 -0.00329184 0)
(3.13567 0.00164345 0)
(3.14572 0.00452851 0)
(3.15852 0.00779738 0)
(3.16439 0.00829783 0)
(3.16512 0.0076429 0)
(3.1638 0.0076369 0)
(3.15729 0.00648164 0)
(3.14227 -0.00267652 0)
(3.11817 -0.0125875 0)
(3.08607 -0.0144852 0)
(3.04924 -0.0150857 0)
(3.01183 -0.0196418 0)
(2.98158 -0.0193231 0)
(2.96279 -0.0150667 0)
(2.95624 -0.00772916 0)
(2.96232 0.00195687 0)
(2.97927 0.0105513 0)
(2.99795 0.0165135 0)
(3.00903 0.018717 0)
(3.01456 0.0182865 0)
(3.01878 0.0161048 0)
(3.0238 0.012388 0)
(3.03004 0.00808727 0)
(3.03646 0.00406924 0)
(3.04353 0.000850758 0)
(3.0547 -0.000540107 0)
(3.06221 0.000726952 0)
(3.05816 0.00139711 0)
(3.05633 0.0013893 0)
(3.05406 0.0012283 0)
(3.04997 0.00135411 0)
(3.04399 0.00195304 0)
(3.0392 0.00194011 0)
(3.03856 0.00185117 0)
(3.03888 0.00185404 0)
(3.03972 0.00188136 0)
(3.04374 0.00151437 0)
(3.05295 -0.000148736 0)
(3.06032 -0.00187117 0)
(3.06063 -0.00233225 0)
(3.05999 -0.00250151 0)
(3.05926 -0.00270655 0)
(3.05823 -0.00298871 0)
(3.05688 -0.00323574 0)
(3.05438 -0.0032852 0)
(3.04953 -0.00273106 0)
(3.0377 -0.00169434 0)
(3.01636 -0.000626737 0)
(3.002 -7.21576e-05 0)
(3.00003 -9.69513e-07 0)
(3 1.40838e-09 0)
(3 1.99311e-09 0)
(3 1.99616e-09 0)
(3 1.79744e-09 0)
(3 1.21255e-09 0)
(3 3.86828e-10 0)
(3 2.57397e-11 0)
(3 1.43067e-13 0)
(3 1.9929e-15 0)
(3 2.54129e-15 0)
(3 2.47108e-15 0)
(2.45684 -0.835102 0)
(2.56075 -0.797683 0)
(2.69057 -0.75167 0)
(2.78841 -0.720211 0)
(2.87353 -0.55724 0)
(2.93878 -0.415231 0)
(3.04898 -0.251472 0)
(3.04986 -0.118536 0)
(3.076 -0.0464875 0)
(3.07389 0.00162425 0)
(3.0412 0.0655524 0)
(3.05329 0.067778 0)
(3.07967 0.0596898 0)
(3.08473 0.0553593 0)
(3.06721 0.0585842 0)
(3.06516 0.0598854 0)
(3.07145 0.0477041 0)
(3.07169 0.0236448 0)
(3.06559 0.0197814 0)
(3.06599 0.0198293 0)
(3.08536 0.020998 0)
(3.09348 0.0202526 0)
(3.10317 0.0153111 0)
(3.1009 0.00866231 0)
(3.09238 0.00337147 0)
(3.09645 0.0021997 0)
(3.10022 0.00219711 0)
(3.10948 0.00211738 0)
(3.12059 0.000940313 0)
(3.12571 0.000527285 0)
(3.12912 -0.000790461 0)
(3.12426 -0.00190373 0)
(3.12622 -0.0019542 0)
(3.13013 -0.00175332 0)
(3.13482 -0.000807764 0)
(3.14142 -0.000468804 0)
(3.15232 -3.40222e-05 0)
(3.16394 0.00160785 0)
(3.16843 0.00180726 0)
(3.16905 0.00176052 0)
(3.16754 0.00219095 0)
(3.16052 -0.000166303 0)
(3.14477 -0.00502818 0)
(3.11885 -0.00578309 0)
(3.08623 -0.00570732 0)
(3.04609 -0.0126739 0)
(3.00594 -0.0165741 0)
(2.97207 -0.0146951 0)
(2.94994 -0.00954787 0)
(2.94331 -0.00315214 0)
(2.9531 0.00211718 0)
(2.97415 0.00591436 0)
(2.99185 0.00804634 0)
(3.00079 0.00905361 0)
(3.00692 0.00933946 0)
(3.0132 0.0086252 0)
(3.02125 0.00686854 0)
(3.0308 0.0048215 0)
(3.0407 0.00330046 0)
(3.05045 0.00200905 0)
(3.06264 0.00100627 0)
(3.06501 0.00101018 0)
(3.05885 0.00108905 0)
(3.05676 0.0010741 0)
(3.05393 0.00109194 0)
(3.04953 0.00119033 0)
(3.04316 0.00127674 0)
(3.03847 0.00121419 0)
(3.03841 0.00107277 0)
(3.03901 0.000976898 0)
(3.04004 0.000700903 0)
(3.04391 6.08843e-05 0)
(3.05232 -0.00100527 0)
(3.05959 -0.00181266 0)
(3.05983 -0.00198803 0)
(3.0589 -0.00194793 0)
(3.05784 -0.00186165 0)
(3.0566 -0.00156078 0)
(3.05532 -0.00116568 0)
(3.05285 -0.000759409 0)
(3.04777 -0.000286279 0)
(3.0362 -4.5706e-05 0)
(3.01603 -1.91484e-05 0)
(3.00206 -3.56681e-06 0)
(3.00003 -6.41614e-08 0)
(3 7.60947e-10 0)
(3 7.07621e-10 0)
(3 6.25213e-10 0)
(3 4.337e-10 0)
(3 2.49526e-10 0)
(3 7.41912e-11 0)
(3 5.06329e-12 0)
(3 3.16972e-14 0)
(3 1.12916e-15 0)
(3 1.4007e-15 0)
(3 1.70489e-15 0)
)
;

boundaryField
{
    inlet
    {
        type            fixedValue;
        value           uniform (3 0 0);
    }
    outlet
    {
        type            inletOutlet;
        inletValue      uniform (3 0 0);
        value           nonuniform List<vector> 
32
(
(3 1.72787e-15 0)
(3 3.88665e-15 0)
(3 5.95645e-15 0)
(3 7.14966e-15 0)
(3 9.43641e-15 0)
(3 8.49904e-15 0)
(3 6.40743e-15 0)
(3 5.12714e-15 0)
(3 2.72069e-15 0)
(3 1.20015e-15 0)
(3 -6.4819e-16 0)
(3 -1.53332e-15 0)
(3 -2.03016e-15 0)
(3 -1.79027e-15 0)
(3 -3.22369e-15 0)
(3 -1.20713e-15 0)
(3 -3.57463e-16 0)
(3 6.18601e-16 0)
(3 1.31449e-15 0)
(3 1.75754e-15 0)
(3 3.67219e-15 0)
(3 3.00057e-15 0)
(3 2.30878e-15 0)
(3 2.45754e-16 0)
(3 8.6668e-16 0)
(3 1.68265e-15 0)
(3 -1.42864e-15 0)
(3 -1.67344e-15 0)
(3 2.10413e-16 0)
(3 2.3942e-15 0)
(3 2.47108e-15 0)
(3 1.70489e-15 0)
)
;
    }
    bottom
    {
        type            symmetryPlane;
    }
    top
    {
        type            symmetryPlane;
    }
    obstacle
    {
        type            slip;
    }
    defaultFaces
    {
        type            empty;
    }
}


// ************************************************************************* //
