/*--------------------------------*- C++ -*----------------------------------*\
  =========                 |
  \\      /  F ield         | OpenFOAM: The Open Source CFD Toolbox
   \\    /   O peration     | Website:  https://openfoam.org
    \\  /    A nd           | Version:  7
     \\/     M anipulation  |
\*---------------------------------------------------------------------------*/
FoamFile
{
    version     2.0;
    format      ascii;
    class       volVectorField;
    location    "0.5";
    object      U;
}
// * * * * * * * * * * * * * * * * * * * * * * * * * * * * * * * * * * * * * //

dimensions      [0 1 -1 0 0 0 0];

internalField   nonuniform List<vector> 
4608
(
(3 1.46395e-16 0)
(3 3.12246e-17 0)
(3 1.79168e-16 0)
(3 4.65404e-16 0)
(3 4.54897e-16 0)
(3 3.28364e-16 0)
(3 -3.28259e-18 0)
(3 -3.20645e-17 0)
(3 -1.49779e-16 0)
(3 -1.26283e-16 0)
(3 -8.52293e-16 0)
(3 -6.40084e-16 0)
(3 -5.14032e-17 0)
(3 5.18153e-16 0)
(3 6.62801e-16 0)
(3 1.21682e-15 0)
(3 1.26038e-15 0)
(3 8.52637e-16 0)
(3 3.61598e-16 0)
(3 2.39726e-16 0)
(3 -1.24756e-17 0)
(3 -1.59536e-15 0)
(3 -2.00943e-15 0)
(3 -1.77101e-15 0)
(3 -2.6653e-16 0)
(3 2.52433e-16 0)
(3 4.43176e-16 0)
(3 4.95868e-16 0)
(3 -4.35951e-17 0)
(3 -5.11841e-16 0)
(3 -7.13168e-16 0)
(3 -5.82519e-16 0)
(3 -5.0678e-16 0)
(3 -5.31259e-16 0)
(3 -1.12628e-15 0)
(3 -1.29622e-15 0)
(3 -6.19806e-16 0)
(3 1.3399e-16 0)
(3 1.50088e-16 0)
(3 7.04799e-17 0)
(3 5.8712e-16 0)
(3 3.65471e-16 0)
(3 -1.7313e-16 0)
(3 7.29374e-16 0)
(3 9.31459e-16 0)
(3 -9.5753e-16 0)
(3 -1.64006e-15 0)
(3 -2.31839e-15 0)
(3 -1.95935e-16 0)
(3 1.95739e-16 0)
(3 -5.8471e-17 0)
(3 -3.33055e-16 0)
(3 -1.65135e-16 0)
(3 -6.5561e-17 0)
(3 1.4507e-17 0)
(3 1.7438e-16 0)
(3 -1.51592e-16 0)
(3 -1.48204e-15 0)
(3 -1.77914e-15 0)
(3 -8.94831e-16 0)
(3 8.33796e-17 0)
(3 -2.96851e-16 0)
(3 -1.17732e-15 0)
(3 -1.49107e-15 0)
(3 -1.30341e-15 0)
(3 -1.59e-16 0)
(3 6.94769e-16 0)
(3 6.74929e-16 0)
(3 8.62286e-16 0)
(3 -1.03502e-15 0)
(3 2.58097e-17 0)
(3 1.34462e-15 0)
(3 -3.67058e-17 0)
(3 -1.33149e-16 0)
(3 6.61642e-17 0)
(3 1.28801e-16 0)
(3 2.76118e-16 0)
(3 7.30011e-16 0)
(3 5.12481e-16 0)
(3 5.68483e-16 0)
(3 -2.28542e-16 0)
(3 -8.66843e-16 0)
(3 -2.07075e-15 0)
(3 -7.98431e-16 0)
(3 -4.64812e-16 0)
(3 -1.11019e-15 0)
(3 -2.63122e-15 0)
(3 -2.50233e-15 0)
(3 -2.58332e-15 0)
(3 -9.57044e-16 0)
(3 1.26523e-15 0)
(3 1.63212e-15 0)
(3 8.32519e-16 0)
(3 -3.9494e-16 0)
(3 -1.12117e-16 0)
(3 3.51872e-15 0)
(3 5.78237e-17 0)
(3 5.91781e-16 0)
(3 7.42458e-16 0)
(3 2.97283e-16 0)
(3 -3.06988e-16 0)
(3 -4.9535e-16 0)
(3 -7.12488e-16 0)
(3 -1.17952e-15 0)
(3 -1.32123e-15 0)
(3 -9.93906e-16 0)
(3 -8.8432e-16 0)
(3 -5.19472e-16 0)
(3 -1.5352e-16 0)
(3 -5.84115e-16 0)
(3 -8.63553e-16 0)
(3 -1.58264e-15 0)
(3 -2.49344e-15 0)
(3 -1.6916e-15 0)
(3 3.278e-17 0)
(3 6.72799e-16 0)
(3 6.63452e-16 0)
(3 5.97779e-16 0)
(3 4.97283e-16 0)
(3 6.29789e-16 0)
(3 1.59312e-17 0)
(3 4.02893e-16 0)
(3 5.94633e-16 0)
(3 7.8575e-16 0)
(3 6.96797e-16 0)
(3 -2.49566e-16 0)
(3 -2.8928e-16 0)
(3 -9.24869e-16 0)
(3 -9.82088e-16 0)
(3 -1.36571e-15 0)
(3 -1.83708e-15 0)
(3 -2.77956e-15 0)
(3 -2.60467e-15 0)
(3 -7.78164e-16 0)
(3 6.95227e-16 0)
(3 3.75969e-16 0)
(3 1.17284e-16 0)
(3 -4.04506e-16 0)
(3 3.66172e-16 0)
(3 1.14434e-15 0)
(3 1.48262e-15 0)
(3 2.15078e-15 0)
(3 2.00597e-15 0)
(3 1.11349e-15 0)
(3 -1.10406e-16 0)
(3 -4.32316e-16 0)
(3 -5.06218e-16 0)
(3 2.67549e-16 0)
(3 6.2302e-16 0)
(3 2.43801e-16 0)
(3 -8.26007e-17 0)
(3 -2.43209e-16 0)
(3 -5.64526e-16 0)
(3 -8.047e-16 0)
(3 -1.26382e-15 0)
(3 -2.86746e-15 0)
(3 -3.59206e-15 0)
(3 -4.13367e-15 0)
(3 -2.48471e-15 0)
(3 -7.39349e-16 0)
(3 -2.36472e-16 0)
(3 -4.75722e-16 0)
(3 -4.11513e-16 0)
(3 -6.06172e-18 0)
(3 4.95477e-16 0)
(3 1.4107e-15 0)
(3 1.60117e-15 0)
(3 2.35154e-15 0)
(3 2.98632e-16 0)
(3 1.01419e-18 0)
(3 -4.7028e-16 0)
(3 -8.93509e-16 0)
(3 -7.35636e-16 0)
(3 -4.65778e-16 0)
(3 -7.36815e-16 0)
(3 -4.83015e-16 0)
(3 -5.22277e-16 0)
(3 5.51783e-17 0)
(3 6.49844e-16 0)
(3 -5.15171e-16 0)
(3 -2.38834e-15 0)
(3 -2.58635e-15 0)
(3 -2.26117e-15 0)
(3 -1.29442e-15 0)
(3 -5.65754e-16 0)
(3 -8.38582e-16 0)
(3 -1.48206e-15 0)
(3 -1.50258e-15 0)
(3 -6.44284e-16 0)
(3 -8.50781e-16 0)
(3 -7.39961e-16 0)
(3 2.32576e-16 0)
(3 -1.28647e-16 0)
(3 -1.02747e-17 0)
(3 1.15803e-16 0)
(3 -8.43157e-17 0)
(3 -1.80386e-16 0)
(3 1.73276e-16 0)
(3 4.5844e-16 0)
(3 3.50393e-16 0)
(3 9.02637e-16 0)
(3 1.32774e-15 0)
(3 8.26394e-16 0)
(3 1.23885e-16 0)
(3 2.15931e-17 0)
(3 1.47166e-15 0)
(3 1.7049e-15 0)
(3 1.30554e-15 0)
(3 -2.48428e-16 0)
(3 -1.2207e-15 0)
(3 -1.25563e-15 0)
(3 -1.71208e-15 0)
(3 -2.00579e-15 0)
(3 -1.9917e-15 0)
(3 -1.20027e-15 0)
(3 -9.76244e-16 0)
(3 -1.91475e-16 0)
(3 -2.95794e-16 0)
(3 -3.4551e-16 0)
(3 -5.65828e-17 0)
(3 -1.06762e-16 0)
(3 -7.59564e-17 0)
(3 2.08305e-16 0)
(3 7.01241e-16 0)
(3 6.73603e-16 0)
(3 5.14812e-16 0)
(3 4.64833e-16 0)
(3 2.11971e-16 0)
(3 6.47355e-16 0)
(3 9.05478e-16 0)
(3 1.85257e-15 0)
(3 5.19853e-16 0)
(3 -9.40333e-16 0)
(3 -1.65076e-15 0)
(3 -8.79427e-16 0)
(3 -4.61204e-16 0)
(3 -1.60821e-15 0)
(3 -1.40719e-15 0)
(3 -1.34203e-15 0)
(3 -2.62112e-15 0)
(3 1.60627e-17 0)
(3 1.47359e-16 0)
(3 2.87342e-16 0)
(3 3.59685e-17 0)
(3 -1.42677e-16 0)
(3 -3.52151e-16 0)
(3 -7.14846e-17 0)
(3 4.21277e-16 0)
(3 2.04136e-16 0)
(3 2.31948e-16 0)
(3 5.02336e-16 0)
(3 5.25032e-17 0)
(3 -5.26183e-16 0)
(3 -1.53357e-15 0)
(3 -2.22454e-15 0)
(3 -1.89024e-15 0)
(3 -2.21054e-15 0)
(3 -2.20463e-15 0)
(3 -7.46435e-16 0)
(3 -4.34838e-16 0)
(3 -6.81175e-16 0)
(3 -1.14637e-15 0)
(3 -1.58542e-15 0)
(3 -2.58052e-15 0)
(3 -1.32374e-17 0)
(3 2.7988e-16 0)
(3 6.40854e-16 0)
(3 3.09261e-16 0)
(3 -6.16469e-17 0)
(3 -3.01491e-16 0)
(3 -3.22922e-16 0)
(3 -4.22746e-16 0)
(3 -2.55536e-16 0)
(3 3.04078e-16 0)
(3 1.08474e-15 0)
(3 1.08172e-15 0)
(3 1.39379e-16 0)
(3 1.85179e-16 0)
(3 -3.21311e-16 0)
(3 -1.21431e-15 0)
(3 1.13192e-16 0)
(3 8.20434e-16 0)
(3 -1.37582e-16 0)
(3 -4.05342e-16 0)
(3 -1.17437e-15 0)
(3 -1.11143e-15 0)
(3 -1.2179e-15 0)
(3 -7.79686e-16 0)
(3 -4.09743e-17 0)
(3 -1.69839e-16 0)
(3 -1.94072e-16 0)
(3 5.62916e-17 0)
(3 -1.41759e-16 0)
(3 -1.23166e-16 0)
(3 -2.40814e-16 0)
(3 -3.42445e-17 0)
(3 2.52559e-16 0)
(3 3.73316e-16 0)
(3 8.35501e-16 0)
(3 1.2797e-15 0)
(3 1.44505e-15 0)
(3 1.20184e-15 0)
(3 1.07257e-15 0)
(3 2.66365e-16 0)
(3 2.24435e-16 0)
(3 1.98914e-17 0)
(3 -3.97767e-16 0)
(3 -8.00136e-16 0)
(3 -4.92535e-16 0)
(3 -2.2022e-17 0)
(3 9.43589e-17 0)
(3 4.69578e-16 0)
(3 -7.10389e-17 0)
(3 -2.89614e-16 0)
(3 -3.46634e-16 0)
(3 2.64855e-16 0)
(3 3.88106e-16 0)
(3 5.65137e-16 0)
(3 8.1358e-16 0)
(3 8.30511e-16 0)
(3 1.54248e-15 0)
(3 1.67331e-15 0)
(3 1.38052e-15 0)
(3 1.19264e-15 0)
(3 1.31231e-15 0)
(3 3.05082e-16 0)
(3 -3.92402e-16 0)
(3 -1.52996e-16 0)
(3 -1.06688e-15 0)
(3 -8.96132e-16 0)
(3 -3.99968e-16 0)
(3 2.25969e-16 0)
(3 2.84699e-16 0)
(3 -3.64648e-16 0)
(3 -4.71556e-17 0)
(3 5.28999e-17 0)
(3 4.33911e-17 0)
(3 1.25269e-16 0)
(3 -2.1406e-16 0)
(3 -3.98749e-16 0)
(3 4.0624e-16 0)
(3 5.34541e-16 0)
(3 8.43586e-16 0)
(3 4.75701e-16 0)
(3 2.90507e-16 0)
(3 7.478e-16 0)
(3 1.05309e-15 0)
(3 1.71512e-15 0)
(3 1.28474e-15 0)
(3 1.07164e-15 0)
(3 4.26808e-16 0)
(3 3.98958e-16 0)
(3 9.67202e-16 0)
(3 8.00581e-16 0)
(3 7.95691e-16 0)
(3 9.89175e-16 0)
(3 9.42401e-16 0)
(3 1.77506e-18 0)
(3 -8.99807e-16 0)
(3 -2.59134e-16 0)
(3 2.29891e-16 0)
(3 1.515e-16 0)
(3 5.72049e-17 0)
(3 -2.31818e-16 0)
(3 4.74563e-17 0)
(3 6.41144e-16 0)
(3 6.68987e-16 0)
(3 4.38539e-16 0)
(3 -9.32478e-17 0)
(3 -6.75624e-16 0)
(3 -6.18134e-17 0)
(3 4.21537e-16 0)
(3 7.41971e-16 0)
(3 9.16768e-16 0)
(3 1.29123e-15 0)
(3 7.80353e-16 0)
(3 -5.2633e-16 0)
(3 -1.51845e-15 0)
(3 -2.01903e-15 0)
(3 -4.34767e-16 0)
(3 1.13134e-15 0)
(3 1.28774e-15 0)
(3 1.45384e-16 0)
(3 -1.21989e-15 0)
(3 6.49621e-17 0)
(3 -2.55318e-16 0)
(3 1.65536e-16 0)
(3 4.10113e-16 0)
(3 2.86579e-16 0)
(3 7.11166e-16 0)
(3 8.9202e-16 0)
(3 6.93085e-16 0)
(3 1.26387e-16 0)
(3 -1.36292e-15 0)
(3 -2.39507e-15 0)
(3 -2.46216e-15 0)
(3 -7.76567e-16 0)
(3 -1.34039e-16 0)
(3 4.82572e-18 0)
(3 -6.38127e-16 0)
(3 -2.00822e-15 0)
(3 -3.11897e-15 0)
(3 -3.02575e-15 0)
(3 1.51403e-16 0)
(3 1.88729e-16 0)
(3 2.27896e-16 0)
(3 1.60277e-16 0)
(3 -5.35145e-16 0)
(3 -2.90895e-16 0)
(3 5.96843e-17 0)
(3 1.73184e-16 0)
(3 2.19871e-16 0)
(3 -5.65173e-17 0)
(3 6.74949e-17 0)
(3 -9.20673e-17 0)
(3 -4.54294e-16 0)
(3 -9.83488e-16 0)
(3 -1.34932e-15 0)
(3 -2.36632e-15 0)
(3 -2.60548e-15 0)
(3 -2.787e-15 0)
(3 -2.31111e-15 0)
(3 -1.55189e-15 0)
(3 -1.53688e-15 0)
(3 -1.70687e-15 0)
(3 -2.52804e-15 0)
(3 -3.32409e-15 0)
(3 -1.13823e-15 0)
(3 6.62393e-16 0)
(3 1.15805e-15 0)
(3 1.05434e-15 0)
(3 9.55971e-16 0)
(3 -1.28539e-16 0)
(3 4.84598e-17 0)
(3 3.19212e-16 0)
(3 5.27421e-16 0)
(3 4.06294e-16 0)
(3 -1.50187e-16 0)
(3 -7.63327e-16 0)
(3 -8.54183e-16 0)
(3 -2.1773e-16 0)
(3 8.07447e-16 0)
(3 1.1588e-15 0)
(3 -8.93107e-18 0)
(3 -1.39605e-15 0)
(3 -1.70733e-15 0)
(3 -3.38043e-16 0)
(3 7.64079e-17 0)
(3 4.53267e-16 0)
(3 6.95369e-17 0)
(3 1.82988e-17 0)
(3 -6.08138e-17 0)
(3 8.35448e-16 0)
(3 1.30226e-15 0)
(3 1.16554e-15 0)
(3 1.30308e-15 0)
(3 1.13767e-16 0)
(3 2.19259e-16 0)
(3 1.43752e-16 0)
(3 2.29406e-16 0)
(3 3.11944e-16 0)
(3 2.23634e-16 0)
(3 1.85729e-16 0)
(3 3.25691e-16 0)
(3 9.51986e-16 0)
(3 2.22144e-15 0)
(3 2.85256e-15 0)
(3 2.42135e-15 0)
(3 1.55067e-15 0)
(3 1.23801e-15 0)
(3 1.06062e-15 0)
(3 1.35806e-15 0)
(3 1.7342e-15 0)
(3 2.52706e-15 0)
(3 3.28864e-15 0)
(3 2.83363e-15 0)
(3 1.94741e-15 0)
(3 1.10487e-15 0)
(3 2.66495e-16 0)
(3 3.95702e-16 0)
(3 -2.09356e-16 0)
(3 -2.59724e-16 0)
(3 -4.84911e-16 0)
(3 -4.26068e-16 0)
(3 -3.06956e-16 0)
(3 4.41302e-18 0)
(3 5.50577e-16 0)
(3 9.61875e-16 0)
(3 7.51506e-16 0)
(3 7.5591e-16 0)
(3 3.82847e-16 0)
(3 7.92903e-16 0)
(3 1.36101e-15 0)
(3 1.06816e-15 0)
(3 -5.82523e-17 0)
(3 4.3588e-16 0)
(3 9.00755e-16 0)
(3 2.20821e-15 0)
(3 2.82617e-15 0)
(3 2.27186e-15 0)
(3 2.12037e-15 0)
(3 1.38307e-16 0)
(3 -4.36923e-16 0)
(3 -2.30224e-16 0)
(3 -1.6367e-16 0)
(3 -3.35475e-16 0)
(3 -4.20106e-16 0)
(3 -3.10044e-16 0)
(3 -1.15342e-16 0)
(3 1.06055e-16 0)
(3 4.07157e-16 0)
(3 2.02973e-16 0)
(3 3.79037e-16 0)
(3 -1.31285e-16 0)
(3 -5.00401e-16 0)
(3 3.08781e-17 0)
(3 2.94461e-16 0)
(3 -9.41744e-17 0)
(3 -5.50765e-16 0)
(3 -6.52185e-16 0)
(3 -3.70228e-16 0)
(3 4.38577e-16 0)
(3 9.87156e-16 0)
(3 9.04216e-17 0)
(3 -3.14564e-17 0)
(3 1.95165e-16 0)
(3 5.54091e-16 0)
(3 8.10151e-16 0)
(3 3.49115e-16 0)
(3 3.50411e-16 0)
(3 -4.41235e-17 0)
(3 -1.92808e-16 0)
(3 -1.25291e-16 0)
(3 1.35954e-16 0)
(3 -1.57115e-17 0)
(3 -3.21026e-16 0)
(3 -3.40942e-16 0)
(3 -4.77326e-16 0)
(3 -6.32172e-16 0)
(3 -7.60183e-16 0)
(3 -8.93308e-16 0)
(3 -5.25752e-16 0)
(3 -2.79622e-16 0)
(3 -1.66478e-16 0)
(3 6.98148e-16 0)
(3 9.45704e-16 0)
(3 -4.62424e-16 0)
(3 -7.1319e-16 0)
(3 -6.5852e-16 0)
(3 -3.17624e-16 0)
(3 3.15913e-16 0)
(3 1.00874e-15 0)
(3 1.50756e-16 0)
(3 -4.90019e-17 0)
(3 -4.72905e-18 0)
(3 2.29529e-16 0)
(3 3.15351e-16 0)
(3 -3.42846e-16 0)
(3 -6.27551e-16 0)
(3 6.88092e-17 0)
(3 -8.57864e-16 0)
(3 -1.18281e-15 0)
(3 -1.30081e-15 0)
(3 -1.69119e-15 0)
(3 -2.98273e-15 0)
(3 -2.86399e-15 0)
(3 -1.55169e-15 0)
(3 1.13418e-15 0)
(3 1.79318e-15 0)
(3 3.91414e-16 0)
(3 -2.52768e-15 0)
(3 -2.7368e-15 0)
(3 -2.11018e-15 0)
(3 -1.4441e-15 0)
(3 -6.71824e-16 0)
(3 -3.13531e-16 0)
(3 -1.26244e-16 0)
(3 -2.12098e-16 0)
(3 -7.41489e-17 0)
(3 -2.40145e-16 0)
(3 -1.28267e-16 0)
(3 -5.07442e-16 0)
(3 -7.3746e-16 0)
(3 -7.19565e-16 0)
(3 -3.13304e-16 0)
(3 -4.28243e-16 0)
(3 -6.59451e-16 0)
(3 -1.11195e-15 0)
(3 -1.94427e-15 0)
(3 -2.33655e-15 0)
(3 -2.50069e-15 0)
(3 -1.25029e-15 0)
(3 5.85365e-17 0)
(3 -4.73077e-16 0)
(3 -1.91164e-15 0)
(3 -2.2965e-15 0)
(3 -1.11425e-15 0)
(3 -2.76717e-17 0)
(3 8.05016e-16 0)
(3 6.36033e-16 0)
(3 1.22589e-16 0)
(3 5.7487e-16 0)
(3 -1.35019e-16 0)
(3 -7.46843e-16 0)
(3 -1.08931e-15 0)
(3 -1.20675e-15 0)
(3 -1.06527e-15 0)
(3 -1.03611e-15 0)
(3 -8.44059e-16 0)
(3 -5.00749e-16 0)
(3 -1.94196e-16 0)
(3 -4.33586e-16 0)
(3 -1.86988e-16 0)
(3 7.9908e-17 0)
(3 1.13262e-16 0)
(3 2.49382e-16 0)
(3 1.09261e-15 0)
(3 1.41685e-15 0)
(3 8.92648e-16 0)
(3 1.38357e-16 0)
(3 4.56126e-16 0)
(3 1.71302e-15 0)
(3 2.11009e-15 0)
(3 1.84199e-15 0)
(3 6.29507e-17 0)
(3 2.01543e-16 0)
(3 3.22641e-17 0)
(3 -4.0021e-17 0)
(3 -5.97412e-16 0)
(3 -6.69103e-16 0)
(3 -8.37212e-16 0)
(3 -1.01217e-15 0)
(3 -9.57526e-16 0)
(3 -7.3534e-16 0)
(3 -4.4371e-19 0)
(3 3.49061e-16 0)
(3 4.4382e-16 0)
(3 7.50979e-16 0)
(3 6.52707e-16 0)
(3 2.99372e-16 0)
(3 6.46966e-16 0)
(3 1.56085e-15 0)
(3 1.37944e-15 0)
(3 6.24394e-16 0)
(3 7.07393e-16 0)
(3 6.72362e-16 0)
(3 3.61146e-16 0)
(3 1.6174e-15 0)
(3 -4.55662e-17 0)
(3 -3.20571e-16 0)
(3 -2.59564e-16 0)
(3 -5.26801e-16 0)
(3 -7.07338e-16 0)
(3 -4.52909e-16 0)
(3 3.09823e-16 0)
(3 3.45271e-16 0)
(3 5.04512e-16 0)
(3 4.53504e-16 0)
(3 4.26268e-16 0)
(3 2.87529e-16 0)
(3 1.25225e-16 0)
(3 -3.83109e-16 0)
(3 -7.07061e-17 0)
(3 3.62096e-16 0)
(3 1.83798e-16 0)
(3 1.96996e-16 0)
(3 1.87039e-16 0)
(3 6.16026e-16 0)
(3 -3.25074e-16 0)
(3 -5.43336e-16 0)
(3 -1.27991e-16 0)
(3 1.85213e-15 0)
(3 1.09316e-16 0)
(3 3.12481e-17 0)
(3 7.56312e-17 0)
(3 -1.26871e-16 0)
(3 -7.62514e-17 0)
(3 3.92382e-17 0)
(3 2.61034e-16 0)
(3 1.21524e-15 0)
(3 1.02392e-15 0)
(3 7.04858e-16 0)
(3 2.54134e-16 0)
(3 -9.56343e-17 0)
(3 -3.27133e-16 0)
(3 -1.01672e-16 0)
(3 8.3175e-16 0)
(3 5.7194e-16 0)
(3 9.11142e-16 0)
(3 6.89499e-16 0)
(3 1.02854e-15 0)
(3 7.22054e-16 0)
(3 -9.46421e-16 0)
(3 -1.55577e-15 0)
(3 -2.86737e-16 0)
(3 2.4662e-16 0)
(3 4.13928e-17 0)
(3 2.41326e-16 0)
(3 6.98866e-16 0)
(3 1.46613e-15 0)
(3 1.63744e-15 0)
(3 1.56507e-15 0)
(3 6.77844e-16 0)
(3 6.32812e-16 0)
(3 -5.18526e-16 0)
(3 -1.23392e-15 0)
(3 -1.13902e-15 0)
(3 -8.31998e-16 0)
(3 -6.43315e-16 0)
(3 -1.19904e-16 0)
(3 9.74223e-16 0)
(3 1.24722e-15 0)
(3 2.86875e-15 0)
(3 3.51828e-15 0)
(3 3.25993e-15 0)
(3 1.91525e-15 0)
(3 2.61612e-16 0)
(3 -8.36166e-16 0)
(3 -1.66952e-15 0)
(3 -1.06914e-17 0)
(3 -1.45149e-16 0)
(3 -2.2926e-17 0)
(3 7.91135e-16 0)
(3 1.69777e-15 0)
(3 2.09472e-15 0)
(3 2.03512e-15 0)
(3 1.26946e-15 0)
(3 -9.28245e-16 0)
(3 -1.91993e-15 0)
(3 -2.45567e-15 0)
(3 -2.43109e-15 0)
(3 -1.93521e-15 0)
(3 -5.18984e-16 0)
(3 1.00922e-15 0)
(3 1.6106e-15 0)
(3 2.45111e-15 0)
(3 2.95023e-15 0)
(3 2.48249e-15 0)
(3 2.324e-15 0)
(3 2.15347e-15 0)
(3 8.35364e-16 0)
(3 -1.64755e-15 0)
(3 -2.68209e-15 0)
(3 1.93739e-15 0)
(3 -3.8571e-17 0)
(3 3.37099e-17 0)
(3 3.99482e-16 0)
(3 7.66032e-16 0)
(3 1.11702e-15 0)
(3 6.78768e-16 0)
(3 3.78244e-16 0)
(3 -6.13935e-16 0)
(3 -1.03216e-15 0)
(3 -1.19664e-15 0)
(3 -1.29012e-15 0)
(3 -1.28491e-15 0)
(3 5.24078e-16 0)
(3 1.38671e-15 0)
(3 1.30414e-15 0)
(3 8.95987e-16 0)
(3 7.77896e-16 0)
(3 5.08268e-16 0)
(3 5.31456e-16 0)
(3 6.76557e-16 0)
(3 4.67097e-16 0)
(3 -8.84421e-16 0)
(3 -1.04941e-15 0)
(3 7.01598e-16 0)
(2.93337 0.0110107 0)
(2.8499 0.0566708 0)
(2.74661 0.181543 0)
(2.68901 0.212 0)
(2.56694 0.358078 0)
(2.4995 0.449323 0)
(2.43033 0.538402 0)
(2.34927 0.626625 0)
(2.31317 0.726875 0)
(2.25822 0.798857 0)
(2.24817 0.8538 0)
(2.27996 0.886725 0)
(2.32337 0.892962 0)
(2.33856 0.88342 0)
(2.34853 0.878384 0)
(2.3493 0.871924 0)
(2.34609 0.858612 0)
(2.34528 0.8482 0)
(2.34547 0.845914 0)
(2.34176 0.846138 0)
(2.33883 0.847548 0)
(2.33633 0.8479 0)
(2.33651 0.84906 0)
(2.33828 0.849548 0)
(2.99894 0.00101798 0)
(2.98991 0.0114179 0)
(2.95751 0.0537072 0)
(2.90689 0.13035 0)
(2.80113 0.274688 0)
(2.67926 0.463806 0)
(2.54189 0.678887 0)
(2.36826 0.911095 0)
(2.23027 1.06387 0)
(2.17719 1.1 0)
(2.13956 1.04808 0)
(2.18453 1.00296 0)
(2.25518 0.946707 0)
(2.29531 0.898801 0)
(2.32599 0.857381 0)
(2.34891 0.834968 0)
(2.35383 0.836924 0)
(2.35893 0.836145 0)
(2.35715 0.83636 0)
(2.35233 0.839408 0)
(2.34787 0.84387 0)
(2.34392 0.844646 0)
(2.34108 0.846667 0)
(2.34148 0.847972 0)
(3 -2.79704e-07 0)
(3.00002 -3.82674e-05 0)
(2.99991 0.000130279 0)
(2.99995 9.66376e-05 0)
(2.99861 0.00182207 0)
(2.99133 0.0128866 0)
(2.96674 0.0509666 0)
(2.89195 0.183351 0)
(2.7897 0.395442 0)
(2.58707 0.706046 0)
(2.43591 0.861136 0)
(2.33738 0.927292 0)
(2.30042 0.917773 0)
(2.29847 0.899312 0)
(2.30712 0.885811 0)
(2.33907 0.869101 0)
(2.35121 0.868335 0)
(2.35711 0.850715 0)
(2.35988 0.842907 0)
(2.36058 0.841096 0)
(2.35675 0.843604 0)
(2.35168 0.846712 0)
(2.34658 0.848474 0)
(2.34673 0.850983 0)
(3 -1.85078e-08 0)
(3 -9.40063e-07 0)
(3 -5.82634e-07 0)
(3 -5.67421e-07 0)
(3.00001 -8.31982e-06 0)
(2.99999 2.10246e-05 0)
(3.00007 -0.000145762 0)
(2.99916 0.00141381 0)
(2.99102 0.0168272 0)
(2.89955 0.157417 0)
(2.70322 0.466603 0)
(2.5316 0.710767 0)
(2.29986 0.941186 0)
(2.26487 0.95968 0)
(2.2816 0.93683 0)
(2.30577 0.909448 0)
(2.32683 0.895082 0)
(2.34354 0.873278 0)
(2.35802 0.851347 0)
(2.36121 0.842075 0)
(2.36114 0.842926 0)
(2.35778 0.845136 0)
(2.35182 0.84849 0)
(2.35117 0.854148 0)
(3 1.32e-11 0)
(3 1.95409e-09 0)
(3 -2.02615e-08 0)
(3 -5.36767e-08 0)
(3 -6.78375e-07 0)
(3 -7.74655e-07 0)
(3 -5.96587e-06 0)
(3 -4.7902e-06 0)
(3.00002 -4.76339e-05 0)
(2.99932 0.000645612 0)
(2.98286 0.0246414 0)
(2.89678 0.145824 0)
(2.59616 0.519561 0)
(2.41727 0.751596 0)
(2.3777 0.830177 0)
(2.31288 0.884148 0)
(2.30681 0.890384 0)
(2.32215 0.877179 0)
(2.33807 0.861249 0)
(2.35247 0.855323 0)
(2.35778 0.845279 0)
(2.35904 0.840442 0)
(2.35603 0.842232 0)
(2.35041 0.849639 0)
(3 4.28608e-12 0)
(3 3.66567e-11 0)
(3 7.67493e-11 0)
(3 -7.03799e-10 0)
(3 1.32917e-10 0)
(3 -4.84642e-08 0)
(3 -9.39933e-08 0)
(3 -3.12861e-07 0)
(3 -6.10961e-06 0)
(3 -5.95793e-06 0)
(3.00002 -4.98665e-05 0)
(2.99891 0.00142756 0)
(2.96264 0.0467127 0)
(2.84949 0.197543 0)
(2.5542 0.579773 0)
(2.3245 0.844732 0)
(2.30849 0.856276 0)
(2.30963 0.86791 0)
(2.31305 0.870934 0)
(2.33131 0.860727 0)
(2.34686 0.843007 0)
(2.34974 0.836325 0)
(2.34985 0.836662 0)
(2.34715 0.84148 0)
(3 4.19482e-14 0)
(3 1.38227e-13 0)
(3 5.35826e-12 0)
(3 1.37829e-11 0)
(3 2.29784e-11 0)
(3 -3.36642e-10 0)
(3 9.13086e-11 0)
(3 -1.26462e-09 0)
(3 -4.17774e-09 0)
(3 -4.32041e-07 0)
(3 -3.71282e-06 0)
(3.00001 -1.22357e-05 0)
(2.99996 4.31064e-05 0)
(2.9969 0.00483694 0)
(2.93534 0.079232 0)
(2.72432 0.340888 0)
(2.51865 0.61951 0)
(2.29811 0.89441 0)
(2.26567 0.895657 0)
(2.29621 0.85829 0)
(2.31562 0.845121 0)
(2.33141 0.846532 0)
(2.33748 0.84596 0)
(2.33936 0.84134 0)
(3 -6.55183e-17 0)
(3 -7.87206e-16 0)
(3 6.22959e-14 0)
(3 1.3743e-12 0)
(3 5.27663e-12 0)
(3 7.60944e-12 0)
(3 5.73351e-12 0)
(3 8.29597e-12 0)
(3 -1.04844e-10 0)
(3 7.88106e-10 0)
(3 -1.87014e-08 0)
(3 -1.84389e-06 0)
(3 -1.73778e-06 0)
(3.00001 -1.3776e-05 0)
(2.99956 0.000586998 0)
(2.98518 0.0220256 0)
(2.88845 0.154109 0)
(2.58386 0.539736 0)
(2.44295 0.703799 0)
(2.34245 0.82031 0)
(2.30825 0.864155 0)
(2.31036 0.86104 0)
(2.32122 0.847166 0)
(2.327 0.838185 0)
(3 -1.25632e-15 0)
(3 -2.45471e-15 0)
(3 -4.72443e-15 0)
(3 -1.26262e-15 0)
(3 1.28879e-13 0)
(3 6.1521e-13 0)
(3 1.78033e-12 0)
(3 1.77392e-12 0)
(3 2.53189e-12 0)
(3 7.6085e-12 0)
(3 7.07124e-11 0)
(3 -1.78817e-08 0)
(3 -1.67272e-07 0)
(3 -2.25499e-06 0)
(3 -4.99761e-06 0)
(3 1.55278e-06 0)
(2.99756 0.00401142 0)
(2.94199 0.0789421 0)
(2.79808 0.293694 0)
(2.47746 0.676774 0)
(2.35444 0.830383 0)
(2.32261 0.831561 0)
(2.32154 0.827707 0)
(2.32559 0.829855 0)
(3 -3.98818e-15 0)
(3 -4.21607e-15 0)
(3 -4.50372e-15 0)
(3 -4.5226e-15 0)
(3 -7.06751e-15 0)
(3 -1.28884e-15 0)
(3 3.75582e-14 0)
(3 1.0394e-13 0)
(3 3.59869e-13 0)
(3 1.35356e-12 0)
(3 1.85262e-11 0)
(3 6.53233e-11 0)
(3 -3.57379e-10 0)
(3 -5.54985e-08 0)
(3 -8.77732e-07 0)
(3 -1.06987e-06 0)
(3.00001 -1.15986e-05 0)
(2.99946 0.000898972 0)
(2.98615 0.0250551 0)
(2.89164 0.160753 0)
(2.55983 0.574059 0)
(2.42304 0.740926 0)
(2.34133 0.834797 0)
(2.32722 0.847942 0)
(3 -2.79535e-15 0)
(3 -2.39433e-15 0)
(3 -2.54561e-15 0)
(3 -3.09261e-15 0)
(3 -3.97225e-15 0)
(3 -3.22249e-15 0)
(3 -3.27509e-15 0)
(3 -1.16369e-15 0)
(3 -1.43309e-15 0)
(3 2.80641e-14 0)
(3 7.17859e-13 0)
(3 1.62929e-11 0)
(3 1.35314e-11 0)
(3 2.52181e-10 0)
(3 -1.67184e-08 0)
(3 -1.00669e-07 0)
(3 -1.56457e-06 0)
(3 -6.67475e-06 0)
(2.99994 8.76987e-05 0)
(2.99579 0.00820531 0)
(2.91598 0.117046 0)
(2.75297 0.381928 0)
(2.42464 0.768378 0)
(2.36615 0.810006 0)
(3 -5.01841e-16 0)
(3 -6.73037e-16 0)
(3 -9.23637e-16 0)
(3 -1.35963e-15 0)
(3 -9.63667e-16 0)
(3 -4.3361e-16 0)
(3 -1.32035e-15 0)
(3 -1.40581e-15 0)
(3 -2.49975e-15 0)
(3 1.23537e-15 0)
(3 3.77064e-15 0)
(3 1.87957e-13 0)
(3 2.19286e-12 0)
(3 2.04028e-11 0)
(3 8.17769e-11 0)
(3 -1.71747e-09 0)
(3 -3.33013e-08 0)
(3 -1.4599e-06 0)
(3 -1.5889e-06 0)
(2.99999 6.71618e-07 0)
(2.99778 0.00415085 0)
(2.97028 0.0550624 0)
(2.77854 0.325098 0)
(2.48425 0.684328 0)
(3 3.37023e-17 0)
(3 -8.90669e-16 0)
(3 -8.15199e-16 0)
(3 -1.19548e-15 0)
(3 -2.45765e-16 0)
(3 -1.14616e-15 0)
(3 -1.87446e-15 0)
(3 -2.74685e-15 0)
(3 -4.27012e-16 0)
(3 2.81082e-15 0)
(3 1.84031e-15 0)
(3 -4.80339e-16 0)
(3 2.30448e-14 0)
(3 1.17126e-12 0)
(3 2.19853e-11 0)
(3 1.50703e-11 0)
(3 1.61044e-11 0)
(3 -3.78483e-08 0)
(3 -4.38918e-07 0)
(3 -4.70494e-07 0)
(3 -4.91805e-06 0)
(2.99936 0.00129957 0)
(2.97706 0.0386479 0)
(2.85044 0.231319 0)
(3 3.18692e-16 0)
(3 3.06037e-17 0)
(3 -7.44902e-16 0)
(3 -1.64678e-15 0)
(3 -1.92996e-15 0)
(3 -6.67492e-16 0)
(3 -1.63607e-16 0)
(3 -1.75246e-15 0)
(3 3.81328e-16 0)
(3 4.04048e-16 0)
(3 -4.66784e-16 0)
(3 -2.09812e-15 0)
(3 -3.53388e-16 0)
(3 2.36334e-15 0)
(3 8.67967e-13 0)
(3 4.59744e-12 0)
(3 1.27106e-11 0)
(3 7.04443e-11 0)
(3 -1.66999e-08 0)
(3 -1.2741e-07 0)
(3 -2.63709e-07 0)
(3 -6.94259e-07 0)
(2.99962 0.000779319 0)
(2.99005 0.0196342 0)
(3 5.44092e-16 0)
(3 9.35525e-16 0)
(3 7.13624e-16 0)
(3 1.74893e-16 0)
(3 4.40714e-16 0)
(3 1.59257e-15 0)
(3 1.93593e-15 0)
(3 8.80109e-17 0)
(3 -1.66883e-15 0)
(3 -1.57171e-15 0)
(3 2.15219e-16 0)
(3 8.62708e-16 0)
(3 9.27881e-16 0)
(3 1.72204e-15 0)
(3 3.25711e-15 0)
(3 1.42642e-13 0)
(3 3.60383e-12 0)
(3 8.45445e-12 0)
(3 -4.00822e-11 0)
(3 -1.16189e-08 0)
(3 -4.15194e-08 0)
(3 -2.49635e-07 0)
(3 1.33333e-05 0)
(3 -2.67612e-05 0)
(3 -1.79752e-15 0)
(3 -1.85939e-15 0)
(3 -4.79778e-16 0)
(3 3.66636e-16 0)
(3 -8.41705e-16 0)
(3 -1.40847e-15 0)
(3 -1.92412e-15 0)
(3 -2.1849e-15 0)
(3 -2.44895e-15 0)
(3 -1.03641e-15 0)
(3 -2.37226e-16 0)
(3 1.41001e-15 0)
(3 1.96805e-15 0)
(3 3.51924e-15 0)
(3 2.35981e-15 0)
(3 2.96885e-15 0)
(3 7.28083e-14 0)
(3 1.76118e-12 0)
(3 9.19122e-13 0)
(3 -1.16232e-10 0)
(3 -2.4853e-09 0)
(3 -1.07881e-07 0)
(3 -4.10281e-08 0)
(3 -7.2181e-07 0)
(3 -1.2134e-15 0)
(3 -1.31915e-15 0)
(3 -6.22626e-16 0)
(3 -5.26828e-16 0)
(3 -8.43448e-16 0)
(3 -9.00795e-16 0)
(3 -1.48227e-15 0)
(3 -2.15029e-15 0)
(3 -2.06398e-15 0)
(3 -2.49697e-15 0)
(3 -2.28547e-15 0)
(3 -1.28228e-15 0)
(3 1.33255e-15 0)
(3 2.36046e-15 0)
(3 1.84375e-15 0)
(3 6.2887e-15 0)
(3 -1.0217e-13 0)
(3 -1.75098e-12 0)
(3 -1.08327e-12 0)
(3 1.16222e-10 0)
(3 2.48516e-09 0)
(3 1.0788e-07 0)
(3 4.10264e-08 0)
(3 7.21807e-07 0)
(3 8.90163e-16 0)
(3 1.19315e-15 0)
(3 5.18759e-16 0)
(3 -6.44214e-16 0)
(3 -4.81292e-16 0)
(3 -5.30338e-16 0)
(3 -6.42731e-16 0)
(3 -1.74464e-15 0)
(3 -2.60685e-15 0)
(3 -2.57646e-15 0)
(3 -8.52847e-16 0)
(3 1.50961e-15 0)
(3 2.02428e-15 0)
(3 1.45049e-15 0)
(3 1.39079e-15 0)
(3 -1.34253e-13 0)
(3 -3.63596e-12 0)
(3 -8.28579e-12 0)
(3 4.01435e-11 0)
(3 1.1619e-08 0)
(3 4.15192e-08 0)
(3 2.49637e-07 0)
(3 -1.33333e-05 0)
(3 2.67612e-05 0)
(3 1.47916e-15 0)
(3 5.9438e-16 0)
(3 -1.48208e-15 0)
(3 -1.43077e-15 0)
(3 -1.36675e-15 0)
(3 -1.4212e-15 0)
(3 -1.15545e-15 0)
(3 7.70929e-18 0)
(3 -6.74555e-16 0)
(3 1.04933e-15 0)
(3 2.91415e-15 0)
(3 4.04317e-15 0)
(3 3.04822e-15 0)
(3 6.56334e-16 0)
(3 -8.65063e-13 0)
(3 -4.59055e-12 0)
(3 -1.27145e-11 0)
(3 -7.05905e-11 0)
(3 1.67e-08 0)
(3 1.2741e-07 0)
(3 2.63709e-07 0)
(3 6.9426e-07 0)
(2.99962 -0.000779319 0)
(2.99005 -0.0196342 0)
(3 1.8972e-16 0)
(3 -3.22974e-17 0)
(3 -2.33085e-19 0)
(3 2.10324e-16 0)
(3 1.72338e-16 0)
(3 -4.36035e-16 0)
(3 -2.76878e-16 0)
(3 5.56904e-16 0)
(3 1.00397e-15 0)
(3 8.26657e-16 0)
(3 3.33013e-15 0)
(3 2.31176e-15 0)
(3 -2.19319e-14 0)
(3 -1.17116e-12 0)
(3 -2.19848e-11 0)
(3 -1.50686e-11 0)
(3 -1.61062e-11 0)
(3 3.78483e-08 0)
(3 4.38918e-07 0)
(3 4.70494e-07 0)
(3 4.91805e-06 0)
(2.99936 -0.00129957 0)
(2.97706 -0.0386479 0)
(2.85044 -0.231319 0)
(3 -1.19087e-16 0)
(3 7.08568e-16 0)
(3 1.72549e-15 0)
(3 5.23416e-16 0)
(3 2.12694e-16 0)
(3 -2.69484e-16 0)
(3 1.04637e-15 0)
(3 1.71522e-15 0)
(3 1.31498e-15 0)
(3 7.35233e-16 0)
(3 1.38409e-15 0)
(3 -1.81381e-13 0)
(3 -2.18566e-12 0)
(3 -2.03939e-11 0)
(3 -8.17719e-11 0)
(3 1.71746e-09 0)
(3 3.33013e-08 0)
(3 1.4599e-06 0)
(3 1.5889e-06 0)
(2.99999 -6.71618e-07 0)
(2.99778 -0.00415085 0)
(2.97028 -0.0550624 0)
(2.77854 -0.325098 0)
(2.48425 -0.684328 0)
(3 1.12969e-15 0)
(3 1.23166e-15 0)
(3 1.19562e-16 0)
(3 1.66039e-15 0)
(3 3.50146e-15 0)
(3 3.78479e-15 0)
(3 5.39786e-15 0)
(3 3.50366e-15 0)
(3 -2.69056e-17 0)
(3 -2.77639e-14 0)
(3 -7.14132e-13 0)
(3 -1.62897e-11 0)
(3 -1.35292e-11 0)
(3 -2.52179e-10 0)
(3 1.67184e-08 0)
(3 1.00669e-07 0)
(3 1.56457e-06 0)
(3 6.67475e-06 0)
(2.99994 -8.76987e-05 0)
(2.99579 -0.00820531 0)
(2.91598 -0.117046 0)
(2.75297 -0.381928 0)
(2.42464 -0.768378 0)
(2.36615 -0.810006 0)
(3 1.46857e-15 0)
(3 1.46054e-15 0)
(3 1.50876e-15 0)
(3 2.93744e-15 0)
(3 6.24049e-15 0)
(3 -9.64886e-16 0)
(3 -4.02543e-14 0)
(3 -1.07842e-13 0)
(3 -3.64981e-13 0)
(3 -1.35729e-12 0)
(3 -1.85313e-11 0)
(3 -6.53298e-11 0)
(3 3.57375e-10 0)
(3 5.54985e-08 0)
(3 8.77733e-07 0)
(3 1.06987e-06 0)
(3.00001 1.15986e-05 0)
(2.99946 -0.000898972 0)
(2.98615 -0.0250551 0)
(2.89164 -0.160753 0)
(2.55983 -0.574059 0)
(2.42304 -0.740926 0)
(2.34133 -0.834797 0)
(2.32722 -0.847942 0)
(3 -9.92046e-17 0)
(3 7.76192e-16 0)
(3 2.84721e-15 0)
(3 -4.17224e-16 0)
(3 -1.25153e-13 0)
(3 -6.08031e-13 0)
(3 -1.77755e-12 0)
(3 -1.77374e-12 0)
(3 -2.5314e-12 0)
(3 -7.6123e-12 0)
(3 -7.07158e-11 0)
(3 1.78817e-08 0)
(3 1.67272e-07 0)
(3 2.25499e-06 0)
(3 4.9976e-06 0)
(3 -1.55278e-06 0)
(2.99756 -0.00401142 0)
(2.94199 -0.0789421 0)
(2.79808 -0.293694 0)
(2.47746 -0.676774 0)
(2.35444 -0.830383 0)
(2.32261 -0.831561 0)
(2.32154 -0.827707 0)
(2.32559 -0.829855 0)
(3 5.40555e-16 0)
(3 1.54317e-15 0)
(3 -6.11814e-14 0)
(3 -1.37382e-12 0)
(3 -5.27667e-12 0)
(3 -7.61018e-12 0)
(3 -5.73414e-12 0)
(3 -8.29817e-12 0)
(3 1.04842e-10 0)
(3 -7.88109e-10 0)
(3 1.87013e-08 0)
(3 1.84389e-06 0)
(3 1.73778e-06 0)
(3.00001 1.3776e-05 0)
(2.99956 -0.000586997 0)
(2.98518 -0.0220256 0)
(2.88845 -0.154109 0)
(2.58386 -0.539736 0)
(2.44295 -0.703799 0)
(2.34245 -0.82031 0)
(2.30825 -0.864155 0)
(2.31036 -0.86104 0)
(2.32122 -0.847166 0)
(2.327 -0.838185 0)
(3 -3.84655e-14 0)
(3 -1.34091e-13 0)
(3 -5.35413e-12 0)
(3 -1.37802e-11 0)
(3 -2.29801e-11 0)
(3 3.36639e-10 0)
(3 -9.13132e-11 0)
(3 1.26462e-09 0)
(3 4.17774e-09 0)
(3 4.32041e-07 0)
(3 3.71282e-06 0)
(3.00001 1.22357e-05 0)
(2.99996 -4.31064e-05 0)
(2.9969 -0.00483694 0)
(2.93534 -0.079232 0)
(2.72432 -0.340888 0)
(2.51865 -0.61951 0)
(2.29811 -0.89441 0)
(2.26567 -0.895657 0)
(2.29621 -0.85829 0)
(2.31562 -0.845121 0)
(2.33141 -0.846532 0)
(2.33748 -0.84596 0)
(2.33936 -0.84134 0)
(3 -4.28223e-12 0)
(3 -3.6654e-11 0)
(3 -7.67474e-11 0)
(3 7.03802e-10 0)
(3 -1.32918e-10 0)
(3 4.84642e-08 0)
(3 9.39933e-08 0)
(3 3.12861e-07 0)
(3 6.10961e-06 0)
(3 5.95793e-06 0)
(3.00002 4.98665e-05 0)
(2.99891 -0.00142756 0)
(2.96264 -0.0467127 0)
(2.84949 -0.197543 0)
(2.5542 -0.579773 0)
(2.3245 -0.844732 0)
(2.30849 -0.856276 0)
(2.30963 -0.86791 0)
(2.31305 -0.870934 0)
(2.33131 -0.860727 0)
(2.34686 -0.843007 0)
(2.34974 -0.836325 0)
(2.34985 -0.836662 0)
(2.34715 -0.84148 0)
(3 -1.31983e-11 0)
(3 -1.95409e-09 0)
(3 2.02615e-08 0)
(3 5.36767e-08 0)
(3 6.78375e-07 0)
(3 7.74655e-07 0)
(3 5.96587e-06 0)
(3 4.7902e-06 0)
(3.00002 4.76338e-05 0)
(2.99932 -0.000645612 0)
(2.98286 -0.0246414 0)
(2.89678 -0.145824 0)
(2.59616 -0.519561 0)
(2.41727 -0.751596 0)
(2.3777 -0.830177 0)
(2.31288 -0.884148 0)
(2.30681 -0.890384 0)
(2.32215 -0.877179 0)
(2.33807 -0.861249 0)
(2.35247 -0.855323 0)
(2.35778 -0.845279 0)
(2.35904 -0.840442 0)
(2.35603 -0.842232 0)
(2.35041 -0.849639 0)
(3 1.85077e-08 0)
(3 9.40063e-07 0)
(3 5.82634e-07 0)
(3 5.67421e-07 0)
(3.00001 8.31982e-06 0)
(2.99999 -2.10246e-05 0)
(3.00007 0.000145762 0)
(2.99916 -0.00141381 0)
(2.99102 -0.0168272 0)
(2.89955 -0.157417 0)
(2.70322 -0.466603 0)
(2.5316 -0.710767 0)
(2.29986 -0.941186 0)
(2.26487 -0.95968 0)
(2.2816 -0.93683 0)
(2.30577 -0.909448 0)
(2.32683 -0.895082 0)
(2.34354 -0.873278 0)
(2.35802 -0.851347 0)
(2.36121 -0.842075 0)
(2.36114 -0.842926 0)
(2.35778 -0.845136 0)
(2.35182 -0.84849 0)
(2.35117 -0.854148 0)
(3 2.79703e-07 0)
(3.00002 3.82674e-05 0)
(2.99991 -0.000130279 0)
(2.99995 -9.66375e-05 0)
(2.99861 -0.00182207 0)
(2.99133 -0.0128866 0)
(2.96674 -0.0509666 0)
(2.89195 -0.183351 0)
(2.7897 -0.395442 0)
(2.58707 -0.706046 0)
(2.43591 -0.861136 0)
(2.33738 -0.927292 0)
(2.30042 -0.917773 0)
(2.29847 -0.899312 0)
(2.30712 -0.885811 0)
(2.33907 -0.869101 0)
(2.35121 -0.868335 0)
(2.35711 -0.850715 0)
(2.35988 -0.842907 0)
(2.36058 -0.841096 0)
(2.35675 -0.843604 0)
(2.35168 -0.846712 0)
(2.34658 -0.848474 0)
(2.34673 -0.850983 0)
(2.99894 -0.00101798 0)
(2.98991 -0.0114179 0)
(2.95751 -0.0537072 0)
(2.90689 -0.13035 0)
(2.80113 -0.274688 0)
(2.67926 -0.463806 0)
(2.54189 -0.678887 0)
(2.36826 -0.911095 0)
(2.23027 -1.06387 0)
(2.17719 -1.1 0)
(2.13956 -1.04808 0)
(2.18453 -1.00296 0)
(2.25518 -0.946707 0)
(2.29531 -0.898801 0)
(2.32599 -0.857381 0)
(2.34891 -0.834968 0)
(2.35383 -0.836924 0)
(2.35893 -0.836145 0)
(2.35715 -0.83636 0)
(2.35233 -0.839408 0)
(2.34787 -0.84387 0)
(2.34392 -0.844646 0)
(2.34108 -0.846667 0)
(2.34148 -0.847972 0)
(2.93337 -0.0110106 0)
(2.8499 -0.0566708 0)
(2.74661 -0.181543 0)
(2.68901 -0.212 0)
(2.56694 -0.358078 0)
(2.4995 -0.449323 0)
(2.43033 -0.538402 0)
(2.34927 -0.626625 0)
(2.31317 -0.726875 0)
(2.25822 -0.798857 0)
(2.24817 -0.8538 0)
(2.27996 -0.886725 0)
(2.32337 -0.892962 0)
(2.33856 -0.88342 0)
(2.34853 -0.878384 0)
(2.3493 -0.871924 0)
(2.34609 -0.858612 0)
(2.34528 -0.8482 0)
(2.34547 -0.845914 0)
(2.34176 -0.846138 0)
(2.33883 -0.847548 0)
(2.33633 -0.8479 0)
(2.33651 -0.84906 0)
(2.33828 -0.849548 0)
(2.42781 0.824303 0)
(2.54569 0.774008 0)
(2.65111 0.794851 0)
(2.70964 0.698053 0)
(2.8713 0.47545 0)
(2.93331 0.345043 0)
(2.98902 0.224505 0)
(3.01415 0.118227 0)
(3.02039 0.0448751 0)
(3.01608 -0.0137037 0)
(3.04282 -0.0508489 0)
(3.04994 -0.0506881 0)
(3.03623 -0.055245 0)
(3.03301 -0.0581236 0)
(3.03917 -0.0570962 0)
(3.04695 -0.0434942 0)
(3.03901 -0.0318204 0)
(3.02663 -0.0298342 0)
(3.02043 -0.0246613 0)
(3.03269 -0.0181813 0)
(3.03624 -0.0159492 0)
(3.03871 -0.0107405 0)
(3.03316 -0.00375393 0)
(3.02516 0.000805239 0)
(3.02803 0.00122086 0)
(3.03153 0.00109669 0)
(3.04256 0.000540533 0)
(3.04857 0.000479561 0)
(3.05812 0.000839181 0)
(3.06362 0.00325111 0)
(3.05954 0.00476482 0)
(3.05899 0.00211769 0)
(3.0712 -0.00291814 0)
(3.0693 -0.0138044 0)
(3.05477 -0.0478422 0)
(3.00945 -0.121118 0)
(2.95036 -0.221507 0)
(2.90964 -0.308131 0)
(2.89024 -0.347642 0)
(2.87025 -0.384213 0)
(2.86646 -0.384318 0)
(2.87111 -0.375348 0)
(2.87413 -0.367909 0)
(2.88381 -0.373888 0)
(2.90138 -0.338596 0)
(2.91637 -0.306486 0)
(2.92413 -0.285173 0)
(2.92502 -0.258433 0)
(2.94413 -0.236718 0)
(2.94931 -0.213765 0)
(2.96315 -0.182249 0)
(2.98236 -0.163667 0)
(2.99497 -0.136258 0)
(2.99301 -0.111492 0)
(2.98922 -0.0951857 0)
(2.98862 -0.0877371 0)
(3.00178 -0.0721898 0)
(3.01743 -0.0510245 0)
(3.02567 -0.0342412 0)
(3.03106 -0.0261529 0)
(3.03893 -0.0256821 0)
(3.04867 -0.0273495 0)
(3.06017 -0.0339763 0)
(3.07172 -0.0448024 0)
(3.08436 -0.0549441 0)
(3.09853 -0.0625747 0)
(3.11091 -0.0686082 0)
(3.11902 -0.0759159 0)
(3.12376 -0.0844618 0)
(3.12818 -0.0947544 0)
(3.1387 -0.109286 0)
(3.15998 -0.126645 0)
(3.18516 -0.142413 0)
(3.21135 -0.156104 0)
(3.23491 -0.166893 0)
(3.24565 -0.17354 0)
(3.23251 -0.173853 0)
(3.19105 -0.162584 0)
(3.12903 -0.13422 0)
(3.0868 -0.0819157 0)
(3.06666 -0.0291842 0)
(3.05876 -0.00430711 0)
(3.05742 5.87015e-05 0)
(3.05742 0.000273752 0)
(3.05735 4.78312e-05 0)
(3.05607 -0.000433774 0)
(3.05154 -0.000632202 0)
(3.04435 -0.000464188 0)
(3.04116 -0.000190519 0)
(3.04096 -8.84723e-05 0)
(3.04097 3.0024e-05 0)
(3.04127 0.000345464 0)
(3.04304 0.000779005 0)
(3.0485 0.00110251 0)
(3.05233 0.00118963 0)
(3.05249 0.00117632 0)
(2.44952 0.792288 0)
(2.60145 0.64853 0)
(2.70838 0.47785 0)
(2.77407 0.345413 0)
(2.87217 0.136822 0)
(2.91655 -0.0340312 0)
(2.96184 -0.0835675 0)
(2.99803 -0.116458 0)
(2.96924 -0.193499 0)
(2.97126 -0.188267 0)
(3.02001 -0.151045 0)
(3.04181 -0.082567 0)
(3.02904 -0.0694435 0)
(3.01918 -0.0757622 0)
(3.0205 -0.072483 0)
(3.02136 -0.0442275 0)
(3.01881 -0.0286403 0)
(3.00532 -0.0195207 0)
(3.00455 -0.00520624 0)
(3.01616 0.00974735 0)
(3.01856 0.013582 0)
(3.01902 0.0107386 0)
(3.01637 0.00862135 0)
(3.01513 0.00915656 0)
(3.01767 0.0091772 0)
(3.02228 0.0082462 0)
(3.03397 0.00467682 0)
(3.03991 0.00535024 0)
(3.0497 0.00745092 0)
(3.05107 0.0111147 0)
(3.05212 -0.00294147 0)
(3.04295 -0.026538 0)
(3.02118 -0.103207 0)
(2.98564 -0.226005 0)
(2.94801 -0.367456 0)
(2.89572 -0.518815 0)
(2.90794 -0.579507 0)
(2.88745 -0.689616 0)
(2.90043 -0.680629 0)
(2.91861 -0.669596 0)
(2.90942 -0.635686 0)
(2.90054 -0.588521 0)
(2.90816 -0.534077 0)
(2.92329 -0.4817 0)
(2.93969 -0.424482 0)
(2.95435 -0.345545 0)
(2.97344 -0.273034 0)
(2.98125 -0.208268 0)
(2.99959 -0.154755 0)
(3.01316 -0.099634 0)
(3.00981 -0.034931 0)
(3.02581 0.0186911 0)
(3.04725 0.0548942 0)
(3.03685 0.103084 0)
(3.03381 0.132821 0)
(3.03083 0.132567 0)
(3.03547 0.14029 0)
(3.04389 0.162663 0)
(3.04616 0.182454 0)
(3.05559 0.195382 0)
(3.06983 0.194672 0)
(3.08212 0.190598 0)
(3.09652 0.180621 0)
(3.11179 0.162777 0)
(3.12485 0.142926 0)
(3.13577 0.126026 0)
(3.14348 0.111918 0)
(3.14567 0.0968842 0)
(3.1421 0.0776326 0)
(3.13843 0.0521031 0)
(3.14193 0.0201045 0)
(3.15439 -0.0157967 0)
(3.17116 -0.0544231 0)
(3.19028 -0.10041 0)
(3.20713 -0.15671 0)
(3.21386 -0.209339 0)
(3.2128 -0.248568 0)
(3.20298 -0.272097 0)
(3.19854 -0.267681 0)
(3.18242 -0.241593 0)
(3.1519 -0.182922 0)
(3.1104 -0.0958528 0)
(3.07291 -0.0242948 0)
(3.05945 -0.000802613 0)
(3.05683 0.00153668 0)
(3.05457 0.00123505 0)
(3.05026 4.02125e-05 0)
(3.04398 -0.000587863 0)
(3.04098 -0.000532876 0)
(3.04077 -0.000428082 0)
(3.04078 -0.000295853 0)
(3.04117 -8.12929e-05 0)
(3.04335 0.000201275 0)
(3.04941 0.00105528 0)
(3.05327 0.00183713 0)
(3.05349 0.00196752 0)
(2.36956 0.834919 0)
(2.42539 0.78797 0)
(2.53407 0.67275 0)
(2.62835 0.564071 0)
(2.67379 0.492961 0)
(2.74822 0.314721 0)
(2.80256 0.2303 0)
(2.83019 0.236055 0)
(2.8622 0.117549 0)
(2.87042 0.0351707 0)
(2.88522 0.0363706 0)
(2.93876 0.00299937 0)
(2.95645 -0.0153557 0)
(2.96386 -0.0734486 0)
(2.97297 -0.0884813 0)
(2.99548 -0.0737602 0)
(2.99489 -0.0668107 0)
(2.98533 -0.0643795 0)
(2.99558 -0.057016 0)
(3.00522 -0.0421435 0)
(3.00869 -0.0378314 0)
(3.00686 -0.0344329 0)
(3.00632 -0.0231466 0)
(3.00538 -0.00901347 0)
(3.01119 -0.000921365 0)
(3.0167 0.00103085 0)
(3.02393 -0.00229526 0)
(3.02895 -0.00397633 0)
(3.02997 -0.011776 0)
(3.0239 -0.0364951 0)
(2.99199 -0.11788 0)
(2.90736 -0.308149 0)
(2.8866 -0.432505 0)
(2.82368 -0.606365 0)
(2.84656 -0.621597 0)
(2.82683 -0.685039 0)
(2.8432 -0.717576 0)
(2.86485 -0.712975 0)
(2.89519 -0.700465 0)
(2.9123 -0.687949 0)
(2.93311 -0.686565 0)
(2.9555 -0.685458 0)
(2.98118 -0.666462 0)
(2.99743 -0.646856 0)
(3.00841 -0.624413 0)
(3.03609 -0.587082 0)
(3.06625 -0.551858 0)
(3.08081 -0.521443 0)
(3.103 -0.486615 0)
(3.12318 -0.458962 0)
(3.12974 -0.414954 0)
(3.13024 -0.3481 0)
(3.14856 -0.303276 0)
(3.15561 -0.263643 0)
(3.15272 -0.213153 0)
(3.15247 -0.195422 0)
(3.14809 -0.169644 0)
(3.13561 -0.116131 0)
(3.12626 -0.0867114 0)
(3.1418 -0.0506672 0)
(3.15498 -0.0397705 0)
(3.1677 -0.0411428 0)
(3.18381 -0.0482231 0)
(3.20122 -0.0656434 0)
(3.21179 -0.0854955 0)
(3.21412 -0.0984824 0)
(3.21126 -0.104694 0)
(3.20284 -0.109087 0)
(3.18791 -0.119575 0)
(3.17367 -0.137818 0)
(3.16564 -0.157003 0)
(3.16184 -0.1769 0)
(3.15848 -0.199078 0)
(3.1564 -0.218983 0)
(3.15902 -0.23916 0)
(3.17239 -0.263336 0)
(3.19381 -0.27554 0)
(3.19892 -0.272026 0)
(3.19728 -0.267276 0)
(3.19418 -0.258345 0)
(3.1899 -0.241964 0)
(3.18018 -0.210049 0)
(3.15258 -0.148098 0)
(3.1022 -0.0619755 0)
(3.06358 -0.00787311 0)
(3.05196 0.0011117 0)
(3.04694 0.000640302 0)
(3.04268 -0.000652327 0)
(3.04078 -0.000796734 0)
(3.04064 -0.000637267 0)
(3.0407 -0.000312285 0)
(3.04128 0.000361993 0)
(3.0439 0.0011964 0)
(3.05047 0.00227557 0)
(3.05407 0.00332313 0)
(3.05415 0.00350962 0)
(2.35616 0.850727 0)
(2.37943 0.832341 0)
(2.44022 0.776127 0)
(2.51581 0.700919 0)
(2.5931 0.62432 0)
(2.69579 0.458735 0)
(2.74882 0.362699 0)
(2.77761 0.364811 0)
(2.86267 0.238044 0)
(2.8894 0.05991 0)
(2.89495 0.0412031 0)
(2.90315 0.0466135 0)
(2.94867 -0.0166842 0)
(2.9542 -0.102491 0)
(2.9648 -0.126796 0)
(2.99945 -0.0934009 0)
(2.99402 -0.0766513 0)
(2.99095 -0.0801445 0)
(2.9918 -0.0811518 0)
(3.00394 -0.0647622 0)
(3.0054 -0.0591462 0)
(3.00138 -0.0585233 0)
(2.99857 -0.0483825 0)
(3.00337 -0.0329148 0)
(3.01149 -0.0207133 0)
(3.01742 -0.0194061 0)
(3.0178 -0.0235861 0)
(3.00616 -0.0502893 0)
(2.96589 -0.147372 0)
(2.91746 -0.312438 0)
(2.84103 -0.494232 0)
(2.80455 -0.603838 0)
(2.77424 -0.73786 0)
(2.78974 -0.728608 0)
(2.82861 -0.714933 0)
(2.84114 -0.712197 0)
(2.85773 -0.717255 0)
(2.87774 -0.715239 0)
(2.90295 -0.706493 0)
(2.92435 -0.683162 0)
(2.94931 -0.671907 0)
(2.98273 -0.661944 0)
(3.01129 -0.638343 0)
(3.0286 -0.614729 0)
(3.03886 -0.597789 0)
(3.07035 -0.551945 0)
(3.09057 -0.531873 0)
(3.11058 -0.529965 0)
(3.13792 -0.512965 0)
(3.15296 -0.5004 0)
(3.16043 -0.493412 0)
(3.17788 -0.468639 0)
(3.18706 -0.418464 0)
(3.18853 -0.395711 0)
(3.18279 -0.368721 0)
(3.17882 -0.339443 0)
(3.1747 -0.311367 0)
(3.15273 -0.261414 0)
(3.14016 -0.229679 0)
(3.14119 -0.186052 0)
(3.16165 -0.165941 0)
(3.17421 -0.15826 0)
(3.18415 -0.16075 0)
(3.20033 -0.171747 0)
(3.20698 -0.179713 0)
(3.20769 -0.181694 0)
(3.20565 -0.182133 0)
(3.20057 -0.181617 0)
(3.19188 -0.183167 0)
(3.18232 -0.189844 0)
(3.17488 -0.194629 0)
(3.16767 -0.196723 0)
(3.16191 -0.19658 0)
(3.15182 -0.194502 0)
(3.14138 -0.19071 0)
(3.1446 -0.191619 0)
(3.16688 -0.208317 0)
(3.19261 -0.233529 0)
(3.20371 -0.24687 0)
(3.20582 -0.248937 0)
(3.20638 -0.244604 0)
(3.20572 -0.231369 0)
(3.20035 -0.212312 0)
(3.18126 -0.174434 0)
(3.13222 -0.0991265 0)
(3.06894 -0.0230008 0)
(3.04412 -0.0020982 0)
(3.04111 -0.00138873 0)
(3.04088 -0.00135496 0)
(3.04088 -0.00128498 0)
(3.041 -0.000996692 0)
(3.04182 -0.000417546 0)
(3.0451 0.000837921 0)
(3.05198 0.0029445 0)
(3.05484 0.00454006 0)
(3.0548 0.00474946 0)
(2.35599 0.852908 0)
(2.36267 0.848574 0)
(2.38945 0.827381 0)
(2.4463 0.777317 0)
(2.51313 0.72146 0)
(2.593 0.62508 0)
(2.67239 0.507765 0)
(2.72763 0.472335 0)
(2.78759 0.408146 0)
(2.84059 0.262447 0)
(2.86708 0.204485 0)
(2.8835 0.217708 0)
(2.92699 0.139388 0)
(2.93461 0.0378413 0)
(2.9474 0.0279641 0)
(2.96685 0.0523656 0)
(2.98571 0.0200037 0)
(2.98959 -0.0260445 0)
(2.98234 -0.0431958 0)
(3.0036 -0.0510502 0)
(3.01114 -0.0523589 0)
(3.01531 -0.0578244 0)
(3.01975 -0.063102 0)
(3.03078 -0.0638698 0)
(3.03124 -0.0636168 0)
(3.02259 -0.0748097 0)
(2.98562 -0.144998 0)
(2.8991 -0.328177 0)
(2.79399 -0.590938 0)
(2.8212 -0.625011 0)
(2.77225 -0.722995 0)
(2.76719 -0.787321 0)
(2.77516 -0.787408 0)
(2.80302 -0.769461 0)
(2.82937 -0.749186 0)
(2.85667 -0.738882 0)
(2.87814 -0.7341 0)
(2.89885 -0.711504 0)
(2.9377 -0.671334 0)
(2.96259 -0.645323 0)
(2.98837 -0.634342 0)
(3.0152 -0.620025 0)
(3.04101 -0.590915 0)
(3.05459 -0.577293 0)
(3.07975 -0.548083 0)
(3.10097 -0.509127 0)
(3.11051 -0.503702 0)
(3.12655 -0.499784 0)
(3.15554 -0.478309 0)
(3.1747 -0.463468 0)
(3.18396 -0.46591 0)
(3.19791 -0.459002 0)
(3.21461 -0.432236 0)
(3.21048 -0.400793 0)
(3.20763 -0.390467 0)
(3.20134 -0.373404 0)
(3.20051 -0.361961 0)
(3.19072 -0.335558 0)
(3.17497 -0.312936 0)
(3.16511 -0.275936 0)
(3.17812 -0.243523 0)
(3.18888 -0.223263 0)
(3.1917 -0.222304 0)
(3.19889 -0.220749 0)
(3.20159 -0.219845 0)
(3.20339 -0.215798 0)
(3.20348 -0.203734 0)
(3.19992 -0.188571 0)
(3.20036 -0.18212 0)
(3.19604 -0.184539 0)
(3.19056 -0.188465 0)
(3.17951 -0.18493 0)
(3.16818 -0.178585 0)
(3.15593 -0.168832 0)
(3.14495 -0.157602 0)
(3.14138 -0.147908 0)
(3.15405 -0.144976 0)
(3.17418 -0.157689 0)
(3.18999 -0.180345 0)
(3.20024 -0.200256 0)
(3.20777 -0.214234 0)
(3.21269 -0.218465 0)
(3.21359 -0.215215 0)
(3.20983 -0.203215 0)
(3.19354 -0.181904 0)
(3.14837 -0.127685 0)
(3.0762 -0.043086 0)
(3.0437 -0.00499486 0)
(3.04148 -0.00162886 0)
(3.04149 -0.00131757 0)
(3.04174 -0.000536802 0)
(3.04286 0.000534997 0)
(3.04666 0.00237846 0)
(3.05341 0.00493713 0)
(3.05498 0.00650288 0)
(3.0548 0.00670958 0)
(2.34988 0.848015 0)
(2.36056 0.847628 0)
(2.36935 0.842099 0)
(2.39879 0.822533 0)
(2.44996 0.7876 0)
(2.53447 0.703335 0)
(2.58992 0.631019 0)
(2.62969 0.612155 0)
(2.73065 0.516593 0)
(2.80164 0.359588 0)
(2.8219 0.320005 0)
(2.8381 0.344257 0)
(2.89865 0.267833 0)
(2.94239 0.110347 0)
(2.95142 0.0683139 0)
(2.96317 0.0921763 0)
(3.00335 0.0337476 0)
(3.00795 -0.0503442 0)
(3.00516 -0.0693732 0)
(3.01968 -0.0673732 0)
(3.03018 -0.0705059 0)
(3.03161 -0.0779348 0)
(3.03621 -0.0947484 0)
(3.03783 -0.122167 0)
(3.01194 -0.192664 0)
(2.94598 -0.351982 0)
(2.86495 -0.533748 0)
(2.77351 -0.699978 0)
(2.71872 -0.838149 0)
(2.73458 -0.822776 0)
(2.75375 -0.806927 0)
(2.77503 -0.802203 0)
(2.8001 -0.803229 0)
(2.82952 -0.79075 0)
(2.8609 -0.766548 0)
(2.89004 -0.728708 0)
(2.90436 -0.711393 0)
(2.93021 -0.68569 0)
(2.96959 -0.642584 0)
(2.9913 -0.629329 0)
(3.00522 -0.618037 0)
(3.03357 -0.587701 0)
(3.04869 -0.55963 0)
(3.06207 -0.558351 0)
(3.08464 -0.547551 0)
(3.11701 -0.500588 0)
(3.12487 -0.47992 0)
(3.13174 -0.474714 0)
(3.15771 -0.451843 0)
(3.18512 -0.423337 0)
(3.20017 -0.419646 0)
(3.21345 -0.416433 0)
(3.22945 -0.400591 0)
(3.23015 -0.37731 0)
(3.22091 -0.358549 0)
(3.21563 -0.344845 0)
(3.21549 -0.329558 0)
(3.22242 -0.308935 0)
(3.20343 -0.279681 0)
(3.18992 -0.255675 0)
(3.19706 -0.220441 0)
(3.20363 -0.18781 0)
(3.20229 -0.182128 0)
(3.2039 -0.180066 0)
(3.20433 -0.180045 0)
(3.20441 -0.177823 0)
(3.20252 -0.170902 0)
(3.20416 -0.15713 0)
(3.20969 -0.149791 0)
(3.21005 -0.148708 0)
(3.20767 -0.152745 0)
(3.20162 -0.151125 0)
(3.18806 -0.142006 0)
(3.17498 -0.131098 0)
(3.16358 -0.115738 0)
(3.15926 -0.102384 0)
(3.16071 -0.0999313 0)
(3.1685 -0.107371 0)
(3.17705 -0.121317 0)
(3.18395 -0.135822 0)
(3.19138 -0.15115 0)
(3.20098 -0.168583 0)
(3.20985 -0.185106 0)
(3.21196 -0.192241 0)
(3.20968 -0.190426 0)
(3.19461 -0.178189 0)
(3.15435 -0.139875 0)
(3.08848 -0.0620248 0)
(3.04755 -0.0104358 0)
(3.04269 -0.00270235 0)
(3.04281 -0.00189034 0)
(3.04411 -0.000173088 0)
(3.04867 0.0029156 0)
(3.05529 0.0061322 0)
(3.05572 0.00781637 0)
(3.05546 0.00808107 0)
(2.34145 0.843779 0)
(2.35128 0.84906 0)
(2.36283 0.845895 0)
(2.37655 0.841664 0)
(2.41344 0.820875 0)
(2.45789 0.787346 0)
(2.53089 0.710642 0)
(2.59473 0.649164 0)
(2.63542 0.626553 0)
(2.70319 0.521353 0)
(2.76237 0.416 0)
(2.80244 0.403262 0)
(2.84686 0.363854 0)
(2.8884 0.248037 0)
(2.90064 0.21561 0)
(2.91248 0.222349 0)
(2.97399 0.141868 0)
(2.98122 0.0522835 0)
(2.98628 0.0471206 0)
(2.99656 0.0606137 0)
(3.01233 0.0291214 0)
(3.00552 -0.0050676 0)
(2.98763 -0.105016 0)
(2.93973 -0.276938 0)
(2.80408 -0.574522 0)
(2.76357 -0.716854 0)
(2.75007 -0.775422 0)
(2.69022 -0.863974 0)
(2.67764 -0.886024 0)
(2.70985 -0.875326 0)
(2.75184 -0.832957 0)
(2.78387 -0.795599 0)
(2.81699 -0.785179 0)
(2.84487 -0.783391 0)
(2.88841 -0.748994 0)
(2.91497 -0.697674 0)
(2.92563 -0.689995 0)
(2.94643 -0.680926 0)
(2.97316 -0.662413 0)
(2.99302 -0.649412 0)
(3.01753 -0.614324 0)
(3.03724 -0.571599 0)
(3.04552 -0.554102 0)
(3.06485 -0.554686 0)
(3.08809 -0.542728 0)
(3.12023 -0.502573 0)
(3.12805 -0.465537 0)
(3.12791 -0.459469 0)
(3.14945 -0.439121 0)
(3.18024 -0.404424 0)
(3.19293 -0.397465 0)
(3.20193 -0.395262 0)
(3.22088 -0.37916 0)
(3.23333 -0.353763 0)
(3.22891 -0.326561 0)
(3.22546 -0.318134 0)
(3.22084 -0.305833 0)
(3.22286 -0.280495 0)
(3.22455 -0.242334 0)
(3.20731 -0.223503 0)
(3.20955 -0.198937 0)
(3.20784 -0.171508 0)
(3.20331 -0.159358 0)
(3.20118 -0.156478 0)
(3.20014 -0.157098 0)
(3.19819 -0.15673 0)
(3.1949 -0.145774 0)
(3.20101 -0.128094 0)
(3.21156 -0.117062 0)
(3.21429 -0.117656 0)
(3.20957 -0.124986 0)
(3.20178 -0.127922 0)
(3.18763 -0.121524 0)
(3.17486 -0.113801 0)
(3.16609 -0.106821 0)
(3.16076 -0.101367 0)
(3.16006 -0.0977006 0)
(3.16488 -0.0942569 0)
(3.17075 -0.0947153 0)
(3.17492 -0.0982896 0)
(3.17977 -0.103104 0)
(3.18593 -0.111135 0)
(3.19209 -0.12619 0)
(3.19742 -0.147812 0)
(3.19901 -0.166392 0)
(3.19683 -0.171167 0)
(3.18727 -0.165865 0)
(3.15702 -0.141008 0)
(3.10274 -0.0773856 0)
(3.05524 -0.0149604 0)
(3.04569 8.62774e-05 0)
(3.04595 0.00194237 0)
(3.05002 0.00543912 0)
(3.0566 0.00839401 0)
(3.05645 0.00998181 0)
(3.05614 0.0102511 0)
(2.3328 0.839285 0)
(2.34507 0.845031 0)
(2.35537 0.848114 0)
(2.36809 0.843765 0)
(2.38539 0.835693 0)
(2.41889 0.816123 0)
(2.47104 0.772129 0)
(2.51688 0.73784 0)
(2.5819 0.683969 0)
(2.65879 0.572376 0)
(2.68471 0.539265 0)
(2.70419 0.534349 0)
(2.79692 0.439516 0)
(2.84501 0.315175 0)
(2.86039 0.295329 0)
(2.86208 0.325197 0)
(2.90914 0.270524 0)
(2.95456 0.141507 0)
(2.95514 0.109132 0)
(2.97563 0.0476921 0)
(2.96128 -0.0220502 0)
(2.90916 -0.189331 0)
(2.84175 -0.388103 0)
(2.74409 -0.619555 0)
(2.63725 -0.83231 0)
(2.63906 -0.852084 0)
(2.66224 -0.832082 0)
(2.69703 -0.821688 0)
(2.72735 -0.823001 0)
(2.75149 -0.815649 0)
(2.77613 -0.781716 0)
(2.79933 -0.752528 0)
(2.81771 -0.760343 0)
(2.84708 -0.753909 0)
(2.89762 -0.711757 0)
(2.9206 -0.680032 0)
(2.93486 -0.669554 0)
(2.95155 -0.670624 0)
(2.96883 -0.677988 0)
(2.98959 -0.663536 0)
(3.02514 -0.61624 0)
(3.04085 -0.567436 0)
(3.05481 -0.554485 0)
(3.07799 -0.5601 0)
(3.10313 -0.540057 0)
(3.12031 -0.501493 0)
(3.12752 -0.458678 0)
(3.12396 -0.450442 0)
(3.15308 -0.41886 0)
(3.18903 -0.370826 0)
(3.19479 -0.358643 0)
(3.1938 -0.361325 0)
(3.20922 -0.351664 0)
(3.22938 -0.333191 0)
(3.2367 -0.308305 0)
(3.23537 -0.284433 0)
(3.23442 -0.277871 0)
(3.22327 -0.251124 0)
(3.22706 -0.219262 0)
(3.22817 -0.189186 0)
(3.22321 -0.158895 0)
(3.21927 -0.134104 0)
(3.21841 -0.108519 0)
(3.21809 -0.104133 0)
(3.21234 -0.105701 0)
(3.20461 -0.107455 0)
(3.19778 -0.103694 0)
(3.20013 -0.0941562 0)
(3.21037 -0.0867851 0)
(3.21719 -0.0891302 0)
(3.21526 -0.0965878 0)
(3.20823 -0.0981202 0)
(3.20126 -0.0917023 0)
(3.19268 -0.0837952 0)
(3.18442 -0.0777169 0)
(3.17784 -0.0730526 0)
(3.17317 -0.0712152 0)
(3.1714 -0.0722281 0)
(3.17242 -0.0732632 0)
(3.17465 -0.073305 0)
(3.1774 -0.073196 0)
(3.17868 -0.07669 0)
(3.17796 -0.0841697 0)
(3.17688 -0.0959587 0)
(3.17801 -0.114848 0)
(3.1811 -0.138413 0)
(3.18007 -0.150195 0)
(3.17614 -0.148937 0)
(3.15767 -0.133892 0)
(3.11597 -0.0875465 0)
(3.06805 -0.0223737 0)
(3.05351 0.00384247 0)
(3.05372 0.00735818 0)
(3.05744 0.0102877 0)
(3.05747 0.0122062 0)
(3.05713 0.0124714 0)
(2.3358 0.833468 0)
(2.3399 0.844254 0)
(2.34699 0.848558 0)
(2.35592 0.846768 0)
(2.36657 0.839617 0)
(2.38742 0.832794 0)
(2.42787 0.811825 0)
(2.47492 0.780538 0)
(2.51893 0.751503 0)
(2.58927 0.669249 0)
(2.63953 0.600576 0)
(2.67294 0.584328 0)
(2.72294 0.534898 0)
(2.77927 0.437068 0)
(2.81323 0.37738 0)
(2.8262 0.390007 0)
(2.87571 0.332201 0)
(2.88472 0.230811 0)
(2.8735 0.148378 0)
(2.84229 -0.0288361 0)
(2.7487 -0.302437 0)
(2.70798 -0.496573 0)
(2.66712 -0.632662 0)
(2.62555 -0.755928 0)
(2.61719 -0.790832 0)
(2.63299 -0.792473 0)
(2.67001 -0.774265 0)
(2.71418 -0.738299 0)
(2.74299 -0.732998 0)
(2.76388 -0.736584 0)
(2.80146 -0.704693 0)
(2.82699 -0.676366 0)
(2.84934 -0.678737 0)
(2.87329 -0.682939 0)
(2.89824 -0.664332 0)
(2.91888 -0.634874 0)
(2.93693 -0.616382 0)
(2.95837 -0.622102 0)
(2.97754 -0.633184 0)
(3.00006 -0.618256 0)
(3.02994 -0.581181 0)
(3.04779 -0.554606 0)
(3.07071 -0.552557 0)
(3.09273 -0.565303 0)
(3.10899 -0.544139 0)
(3.12102 -0.500788 0)
(3.12979 -0.461205 0)
(3.13292 -0.455471 0)
(3.17042 -0.427487 0)
(3.19793 -0.3847 0)
(3.19701 -0.353709 0)
(3.19154 -0.338387 0)
(3.21252 -0.328846 0)
(3.22937 -0.318307 0)
(3.24083 -0.296538 0)
(3.25074 -0.249939 0)
(3.25373 -0.239249 0)
(3.24775 -0.216638 0)
(3.24022 -0.179399 0)
(3.24215 -0.164655 0)
(3.23235 -0.141118 0)
(3.21953 -0.127607 0)
(3.21399 -0.101105 0)
(3.2176 -0.0822957 0)
(3.21449 -0.0814453 0)
(3.2085 -0.0836048 0)
(3.20395 -0.082353 0)
(3.20396 -0.0767388 0)
(3.21008 -0.0695026 0)
(3.21809 -0.0656762 0)
(3.2225 -0.0647448 0)
(3.21993 -0.0638048 0)
(3.21137 -0.0632008 0)
(3.20072 -0.0633176 0)
(3.19189 -0.0640239 0)
(3.18583 -0.0642537 0)
(3.1805 -0.0646877 0)
(3.17575 -0.0654169 0)
(3.17419 -0.0618478 0)
(3.17719 -0.0560696 0)
(3.17757 -0.0547212 0)
(3.17338 -0.0570582 0)
(3.16898 -0.0607928 0)
(3.16498 -0.0680004 0)
(3.16174 -0.0786346 0)
(3.16097 -0.0941236 0)
(3.16593 -0.116274 0)
(3.16886 -0.132443 0)
(3.16726 -0.13356 0)
(3.15662 -0.12351 0)
(3.12807 -0.0882197 0)
(3.08549 -0.0264452 0)
(3.06138 0.00970519 0)
(3.05883 0.0140668 0)
(3.05706 0.0156353 0)
(3.05634 0.0158723 0)
(2.32483 0.843104 0)
(2.32908 0.841499 0)
(2.33796 0.842712 0)
(2.34741 0.843185 0)
(2.36047 0.838529 0)
(2.37553 0.837573 0)
(2.40214 0.83116 0)
(2.43649 0.815751 0)
(2.47592 0.791926 0)
(2.54202 0.721523 0)
(2.57911 0.679753 0)
(2.60848 0.666351 0)
(2.69847 0.568701 0)
(2.73575 0.506219 0)
(2.74767 0.489973 0)
(2.7873 0.458526 0)
(2.77425 0.328331 0)
(2.74375 0.115296 0)
(2.68615 -0.118344 0)
(2.6755 -0.311898 0)
(2.56221 -0.552705 0)
(2.56098 -0.609663 0)
(2.58019 -0.628758 0)
(2.6088 -0.628757 0)
(2.64208 -0.636884 0)
(2.67976 -0.654586 0)
(2.704 -0.64594 0)
(2.72343 -0.624853 0)
(2.75165 -0.632096 0)
(2.78483 -0.64342 0)
(2.82177 -0.624938 0)
(2.84707 -0.609544 0)
(2.87035 -0.614135 0)
(2.89372 -0.61708 0)
(2.9202 -0.596652 0)
(2.94177 -0.565477 0)
(2.95882 -0.549247 0)
(2.97597 -0.558217 0)
(2.99127 -0.568891 0)
(3.02561 -0.549786 0)
(3.04946 -0.519553 0)
(3.06536 -0.502805 0)
(3.08374 -0.51314 0)
(3.09256 -0.52925 0)
(3.09916 -0.499386 0)
(3.11933 -0.45359 0)
(3.13619 -0.446714 0)
(3.15593 -0.45705 0)
(3.18763 -0.439979 0)
(3.21016 -0.396669 0)
(3.20633 -0.373581 0)
(3.2126 -0.358861 0)
(3.23077 -0.344198 0)
(3.24486 -0.324918 0)
(3.25738 -0.295643 0)
(3.26162 -0.246307 0)
(3.2704 -0.224152 0)
(3.27786 -0.203515 0)
(3.26176 -0.156779 0)
(3.26287 -0.123116 0)
(3.261 -0.118016 0)
(3.23102 -0.0924757 0)
(3.21708 -0.057147 0)
(3.2234 -0.0388851 0)
(3.22511 -0.0402635 0)
(3.22633 -0.043823 0)
(3.22588 -0.043783 0)
(3.22438 -0.038465 0)
(3.2256 -0.0307515 0)
(3.2294 -0.0260905 0)
(3.23119 -0.0275431 0)
(3.22841 -0.0348747 0)
(3.2218 -0.0461639 0)
(3.21192 -0.0547603 0)
(3.20277 -0.0579719 0)
(3.1959 -0.0568211 0)
(3.19202 -0.0511823 0)
(3.18926 -0.044962 0)
(3.18832 -0.0379145 0)
(3.18277 -0.034534 0)
(3.17671 -0.0344553 0)
(3.17229 -0.0356956 0)
(3.1643 -0.0430649 0)
(3.16022 -0.0525391 0)
(3.15529 -0.0610432 0)
(3.15087 -0.0695089 0)
(3.14969 -0.0806789 0)
(3.15661 -0.096873 0)
(3.1656 -0.10656 0)
(3.16502 -0.104881 0)
(3.15936 -0.0982763 0)
(3.13922 -0.0759327 0)
(3.10023 -0.0256095 0)
(3.06549 0.0123567 0)
(3.05826 0.0184646 0)
(3.05701 0.0187458 0)
(2.32305 0.826001 0)
(2.3251 0.826609 0)
(2.33574 0.832165 0)
(2.3471 0.8417 0)
(2.35869 0.842942 0)
(2.37229 0.843381 0)
(2.38907 0.836747 0)
(2.41107 0.828765 0)
(2.4427 0.81472 0)
(2.49231 0.772876 0)
(2.53519 0.727813 0)
(2.55801 0.7234 0)
(2.62934 0.658093 0)
(2.6625 0.577315 0)
(2.64956 0.446127 0)
(2.64621 0.263885 0)
(2.60543 0.0165107 0)
(2.52646 -0.26019 0)
(2.51537 -0.377879 0)
(2.5104 -0.49915 0)
(2.51178 -0.55398 0)
(2.52012 -0.580417 0)
(2.5481 -0.567015 0)
(2.58427 -0.544406 0)
(2.62828 -0.543581 0)
(2.66704 -0.545091 0)
(2.70014 -0.536166 0)
(2.72635 -0.528397 0)
(2.74695 -0.53043 0)
(2.76096 -0.529594 0)
(2.77899 -0.508628 0)
(2.8101 -0.501239 0)
(2.85053 -0.520516 0)
(2.88896 -0.538944 0)
(2.93103 -0.531161 0)
(2.95962 -0.502892 0)
(2.96635 -0.477792 0)
(2.96592 -0.483891 0)
(2.97463 -0.494119 0)
(3.01917 -0.478401 0)
(3.06082 -0.45258 0)
(3.09039 -0.437339 0)
(3.10631 -0.451932 0)
(3.10523 -0.458162 0)
(3.11847 -0.417845 0)
(3.13366 -0.387882 0)
(3.15289 -0.393579 0)
(3.17246 -0.406137 0)
(3.19957 -0.381337 0)
(3.21065 -0.355546 0)
(3.21779 -0.344148 0)
(3.234 -0.336009 0)
(3.25252 -0.336527 0)
(3.27396 -0.321732 0)
(3.28694 -0.298904 0)
(3.28663 -0.261877 0)
(3.29057 -0.22915 0)
(3.30314 -0.216405 0)
(3.29235 -0.173754 0)
(3.2817 -0.132582 0)
(3.27625 -0.120989 0)
(3.25541 -0.112824 0)
(3.2212 -0.0697158 0)
(3.21785 -0.0252135 0)
(3.22705 -0.0119889 0)
(3.23301 -0.00921547 0)
(3.23481 -0.00664135 0)
(3.23271 -0.00268228 0)
(3.22978 0.00110289 0)
(3.22917 0.00166714 0)
(3.23083 -0.00312076 0)
(3.2335 -0.0153205 0)
(3.2346 -0.0312472 0)
(3.22721 -0.040936 0)
(3.21678 -0.0429809 0)
(3.20749 -0.0421393 0)
(3.19954 -0.0359251 0)
(3.1949 -0.0224615 0)
(3.18854 -0.0172976 0)
(3.18243 -0.0180628 0)
(3.17691 -0.0233394 0)
(3.167 -0.0308343 0)
(3.15732 -0.0381334 0)
(3.15459 -0.04152 0)
(3.14884 -0.0464996 0)
(3.14519 -0.0525368 0)
(3.1426 -0.0592148 0)
(3.14299 -0.0698875 0)
(3.15408 -0.0857043 0)
(3.16632 -0.0936479 0)
(3.16672 -0.0914889 0)
(3.16246 -0.0871657 0)
(3.14422 -0.0670331 0)
(3.10313 -0.0195235 0)
(3.06513 0.0186267 0)
(3.05702 0.0231214 0)
(2.37381 0.776018 0)
(2.3491 0.826391 0)
(2.34903 0.837563 0)
(2.34997 0.849383 0)
(2.35505 0.850822 0)
(2.36441 0.848698 0)
(2.37951 0.839515 0)
(2.39318 0.835124 0)
(2.42049 0.82628 0)
(2.45308 0.807359 0)
(2.48109 0.783224 0)
(2.51299 0.719953 0)
(2.51758 0.575988 0)
(2.50322 0.383388 0)
(2.45514 0.137653 0)
(2.46502 -0.0634846 0)
(2.42982 -0.236654 0)
(2.43675 -0.298664 0)
(2.44196 -0.325471 0)
(2.46608 -0.351959 0)
(2.50612 -0.382472 0)
(2.53383 -0.412978 0)
(2.54254 -0.414087 0)
(2.56411 -0.418479 0)
(2.60807 -0.440265 0)
(2.65562 -0.44984 0)
(2.69702 -0.442026 0)
(2.73369 -0.437509 0)
(2.76705 -0.447139 0)
(2.79021 -0.458274 0)
(2.80936 -0.442389 0)
(2.8272 -0.418252 0)
(2.84788 -0.424652 0)
(2.88834 -0.434583 0)
(2.93253 -0.42971 0)
(2.971 -0.413964 0)
(2.99025 -0.402531 0)
(2.9781 -0.39917 0)
(2.99583 -0.40962 0)
(3.03247 -0.410082 0)
(3.06991 -0.396088 0)
(3.10941 -0.375733 0)
(3.13618 -0.377386 0)
(3.12862 -0.384671 0)
(3.13343 -0.360441 0)
(3.14969 -0.337993 0)
(3.17204 -0.337102 0)
(3.19241 -0.342288 0)
(3.20973 -0.328201 0)
(3.22991 -0.295058 0)
(3.24712 -0.270011 0)
(3.26128 -0.278531 0)
(3.27661 -0.281015 0)
(3.29957 -0.263137 0)
(3.30865 -0.241628 0)
(3.31088 -0.222537 0)
(3.31073 -0.196622 0)
(3.31566 -0.174942 0)
(3.31887 -0.158877 0)
(3.30772 -0.125479 0)
(3.29814 -0.09268 0)
(3.28207 -0.0716529 0)
(3.25315 -0.0541906 0)
(3.22824 -0.00666776 0)
(3.2317 0.0246555 0)
(3.2347 0.027544 0)
(3.23272 0.0225585 0)
(3.22876 0.0146874 0)
(3.22633 0.00865962 0)
(3.22708 0.00530154 0)
(3.23001 0.00192526 0)
(3.23725 -0.00427939 0)
(3.24764 -0.0149681 0)
(3.24204 -0.0212525 0)
(3.22963 -0.0211574 0)
(3.21721 -0.0192109 0)
(3.20709 -0.0147757 0)
(3.19565 -0.01038 0)
(3.18612 -0.00981436 0)
(3.17795 -0.0106503 0)
(3.17054 -0.0114578 0)
(3.16298 -0.0127421 0)
(3.15283 -0.0201294 0)
(3.14527 -0.0321013 0)
(3.14068 -0.042262 0)
(3.13839 -0.049941 0)
(3.13671 -0.055255 0)
(3.13653 -0.0595905 0)
(3.14492 -0.0647909 0)
(3.16431 -0.0707913 0)
(3.17104 -0.0682595 0)
(3.16903 -0.0651266 0)
(3.1638 -0.061794 0)
(3.14273 -0.0479817 0)
(3.09974 -0.00614818 0)
(3.06406 0.023638 0)
(2.51426 0.656485 0)
(2.45232 0.757522 0)
(2.3766 0.802682 0)
(2.35872 0.834363 0)
(2.35785 0.841073 0)
(2.36603 0.843083 0)
(2.3818 0.842686 0)
(2.39291 0.844081 0)
(2.40763 0.831563 0)
(2.40913 0.779779 0)
(2.3851 0.650673 0)
(2.357 0.438125 0)
(2.28906 0.161242 0)
(2.27004 -0.039628 0)
(2.2871 -0.167634 0)
(2.31636 -0.256804 0)
(2.32374 -0.300692 0)
(2.34572 -0.309008 0)
(2.38364 -0.290065 0)
(2.42618 -0.287359 0)
(2.4709 -0.292674 0)
(2.50489 -0.301766 0)
(2.53504 -0.311984 0)
(2.57122 -0.331266 0)
(2.61277 -0.35273 0)
(2.65688 -0.353442 0)
(2.6967 -0.338117 0)
(2.72828 -0.330948 0)
(2.7556 -0.348645 0)
(2.78122 -0.366791 0)
(2.81634 -0.357745 0)
(2.85131 -0.340487 0)
(2.88312 -0.33361 0)
(2.9113 -0.337758 0)
(2.92906 -0.346763 0)
(2.94497 -0.340311 0)
(2.96315 -0.329376 0)
(2.99306 -0.325638 0)
(3.019 -0.317866 0)
(3.03404 -0.319734 0)
(3.04996 -0.319985 0)
(3.07576 -0.30766 0)
(3.09668 -0.295229 0)
(3.10608 -0.295222 0)
(3.11665 -0.285912 0)
(3.13356 -0.272725 0)
(3.15612 -0.271196 0)
(3.17571 -0.278097 0)
(3.19172 -0.267885 0)
(3.20926 -0.241744 0)
(3.22785 -0.231053 0)
(3.24777 -0.237652 0)
(3.26246 -0.242404 0)
(3.27994 -0.227938 0)
(3.29441 -0.203302 0)
(3.30166 -0.197393 0)
(3.30978 -0.192595 0)
(3.32449 -0.169102 0)
(3.32599 -0.156988 0)
(3.32498 -0.148549 0)
(3.31653 -0.120524 0)
(3.30213 -0.072738 0)
(3.28755 -0.0444034 0)
(3.26758 -0.0157896 0)
(3.24396 0.0345681 0)
(3.23798 0.05791 0)
(3.23564 0.0587818 0)
(3.23578 0.0492505 0)
(3.23675 0.0338391 0)
(3.23599 0.0210672 0)
(3.23564 0.01352 0)
(3.24088 0.00408519 0)
(3.25657 -0.00493116 0)
(3.2547 -0.0019769 0)
(3.24447 -0.00033867 0)
(3.23323 0.00126052 0)
(3.21609 0.00487684 0)
(3.2005 0.00603802 0)
(3.18726 0.00746119 0)
(3.17458 0.00744212 0)
(3.16524 0.0061406 0)
(3.15251 -0.000384933 0)
(3.13833 -0.0175638 0)
(3.13239 -0.0300615 0)
(3.13081 -0.0366662 0)
(3.12879 -0.0435889 0)
(3.12897 -0.0462798 0)
(3.13428 -0.0464171 0)
(3.14682 -0.0464538 0)
(3.16439 -0.0486204 0)
(3.17098 -0.0490729 0)
(3.16661 -0.0474578 0)
(3.16271 -0.046602 0)
(3.15648 -0.0465858 0)
(3.13533 -0.0303637 0)
(3.09692 0.0072468 0)
(2.87617 0.195445 0)
(2.69594 0.497443 0)
(2.4231 0.799117 0)
(2.38064 0.804384 0)
(2.39043 0.834733 0)
(2.38693 0.840984 0)
(2.38276 0.829435 0)
(2.36056 0.77923 0)
(2.30807 0.640903 0)
(2.25141 0.443346 0)
(2.21151 0.248303 0)
(2.20788 0.115663 0)
(2.19505 0.0373077 0)
(2.21606 -0.0195485 0)
(2.24283 -0.0747542 0)
(2.27227 -0.114078 0)
(2.30846 -0.160073 0)
(2.34424 -0.187771 0)
(2.38135 -0.194587 0)
(2.41832 -0.209762 0)
(2.44962 -0.217738 0)
(2.47641 -0.217267 0)
(2.50803 -0.216303 0)
(2.55189 -0.222483 0)
(2.59669 -0.23092 0)
(2.64045 -0.231109 0)
(2.68384 -0.230376 0)
(2.72512 -0.239262 0)
(2.7548 -0.25335 0)
(2.76927 -0.252495 0)
(2.78461 -0.230317 0)
(2.81198 -0.213479 0)
(2.85153 -0.21787 0)
(2.89225 -0.234075 0)
(2.92093 -0.245399 0)
(2.93783 -0.24063 0)
(2.95389 -0.227695 0)
(2.97539 -0.215604 0)
(3.00495 -0.213451 0)
(3.03545 -0.219849 0)
(3.05884 -0.220168 0)
(3.07949 -0.210429 0)
(3.10228 -0.203948 0)
(3.12652 -0.202544 0)
(3.14941 -0.193307 0)
(3.1696 -0.180885 0)
(3.18843 -0.176679 0)
(3.20356 -0.182397 0)
(3.2161 -0.176431 0)
(3.23102 -0.163899 0)
(3.24922 -0.157704 0)
(3.26958 -0.159873 0)
(3.28328 -0.168797 0)
(3.29558 -0.159033 0)
(3.30517 -0.138897 0)
(3.3134 -0.137944 0)
(3.31949 -0.143879 0)
(3.33388 -0.130898 0)
(3.33548 -0.120198 0)
(3.33638 -0.113369 0)
(3.33534 -0.100515 0)
(3.33182 -0.077454 0)
(3.32801 -0.0577849 0)
(3.31302 -0.0305383 0)
(3.2841 0.0116969 0)
(3.25915 0.0361859 0)
(3.24348 0.0409525 0)
(3.23625 0.0421424 0)
(3.23286 0.0384145 0)
(3.23061 0.0271619 0)
(3.2306 0.0149047 0)
(3.23631 0.00991088 0)
(3.24694 0.0110275 0)
(3.25076 0.0100266 0)
(3.24425 0.0127661 0)
(3.23096 0.0167845 0)
(3.21714 0.0190876 0)
(3.20324 0.0224153 0)
(3.18923 0.0247516 0)
(3.17772 0.0255812 0)
(3.15706 0.0199303 0)
(3.13508 0.00118621 0)
(3.12357 -0.0132552 0)
(3.12011 -0.017641 0)
(3.11665 -0.026523 0)
(3.11853 -0.0351027 0)
(3.12686 -0.0382927 0)
(3.138 -0.0345064 0)
(3.15087 -0.0286094 0)
(3.16583 -0.0257719 0)
(3.17111 -0.0289196 0)
(3.16633 -0.031815 0)
(3.16324 -0.0321773 0)
(3.15877 -0.0338733 0)
(3.14921 -0.0282592 0)
(3.12837 -0.00812528 0)
(2.99258 0.0166498 0)
(2.93995 0.117985 0)
(2.70596 0.450289 0)
(2.54849 0.679575 0)
(2.44328 0.834382 0)
(2.35449 0.771608 0)
(2.26222 0.608936 0)
(2.16754 0.383502 0)
(2.13584 0.192215 0)
(2.09704 0.0174332 0)
(2.09952 -0.0560605 0)
(2.12139 -0.0681113 0)
(2.13972 -0.0611235 0)
(2.17172 -0.048531 0)
(2.21356 -0.0445932 0)
(2.25645 -0.0491308 0)
(2.3069 -0.0628486 0)
(2.35948 -0.0944469 0)
(2.40629 -0.129914 0)
(2.44466 -0.155258 0)
(2.47401 -0.16766 0)
(2.5036 -0.162591 0)
(2.5415 -0.152626 0)
(2.58262 -0.148202 0)
(2.6268 -0.145903 0)
(2.66796 -0.140587 0)
(2.70468 -0.136235 0)
(2.73835 -0.140359 0)
(2.76654 -0.148355 0)
(2.78866 -0.145921 0)
(2.81093 -0.132538 0)
(2.8395 -0.124361 0)
(2.8748 -0.133417 0)
(2.90622 -0.148204 0)
(2.92836 -0.152306 0)
(2.94781 -0.143022 0)
(2.97224 -0.133698 0)
(3.00262 -0.132746 0)
(3.03256 -0.136048 0)
(3.05669 -0.141316 0)
(3.0758 -0.140145 0)
(3.09533 -0.13115 0)
(3.12069 -0.126853 0)
(3.15104 -0.127753 0)
(3.17919 -0.124455 0)
(3.20158 -0.117575 0)
(3.21913 -0.11433 0)
(3.23238 -0.117489 0)
(3.24315 -0.114337 0)
(3.25622 -0.107295 0)
(3.27342 -0.102231 0)
(3.29357 -0.102942 0)
(3.30972 -0.109564 0)
(3.31996 -0.103479 0)
(3.32638 -0.087678 0)
(3.33348 -0.0843706 0)
(3.34011 -0.092838 0)
(3.34667 -0.084486 0)
(3.35581 -0.0714827 0)
(3.3627 -0.0574158 0)
(3.3608 -0.0426009 0)
(3.36088 -0.0319246 0)
(3.35538 -0.0237724 0)
(3.34164 -0.0167205 0)
(3.31708 -0.00167028 0)
(3.28526 0.0178749 0)
(3.25332 0.0342469 0)
(3.23048 0.0450068 0)
(3.21907 0.0416765 0)
(3.21344 0.0265096 0)
(3.21131 0.0114136 0)
(3.22005 0.00333025 0)
(3.2349 0.00861692 0)
(3.23162 0.0157942 0)
(3.22296 0.0191923 0)
(3.21431 0.0211342 0)
(3.20629 0.0242115 0)
(3.19858 0.0291158 0)
(3.1876 0.0321861 0)
(3.16869 0.0299535 0)
(3.14271 0.014342 0)
(3.12159 -0.00288765 0)
(3.11536 -0.00934804 0)
(3.11116 -0.0149627 0)
(3.10658 -0.0217607 0)
(3.10915 -0.0296054 0)
(3.12507 -0.0333516 0)
(3.14454 -0.0281997 0)
(3.1565 -0.0185357 0)
(3.16242 -0.0126476 0)
(3.16396 -0.0133751 0)
(3.16442 -0.0158722 0)
(3.16147 -0.0171793 0)
(3.159 -0.01628 0)
(3.15441 -0.00860702 0)
(3.15045 -0.000532866 0)
(2.99988 0.00020976 0)
(2.99582 0.00695325 0)
(2.93496 0.0765498 0)
(2.73217 0.283493 0)
(2.46355 0.429268 0)
(2.30386 0.361994 0)
(2.21286 0.268862 0)
(2.15803 0.178764 0)
(2.16277 0.1124 0)
(2.14462 0.0389424 0)
(2.13963 0.0121283 0)
(2.14359 -0.0106131 0)
(2.16967 -0.0241212 0)
(2.20208 -0.0228194 0)
(2.23061 -0.0179465 0)
(2.26071 -0.018978 0)
(2.29592 -0.0199249 0)
(2.33546 -0.0213937 0)
(2.38533 -0.0299104 0)
(2.43867 -0.0413602 0)
(2.48533 -0.0503228 0)
(2.52531 -0.0494232 0)
(2.55618 -0.0498968 0)
(2.57914 -0.05884 0)
(2.60404 -0.0618851 0)
(2.63599 -0.0579994 0)
(2.67356 -0.0546221 0)
(2.71177 -0.0555054 0)
(2.74266 -0.0579953 0)
(2.76469 -0.0567779 0)
(2.78541 -0.052191 0)
(2.81134 -0.0507381 0)
(2.83929 -0.0563079 0)
(2.86126 -0.0620639 0)
(2.88063 -0.0612678 0)
(2.90624 -0.0561104 0)
(2.9396 -0.0536387 0)
(2.97313 -0.0555018 0)
(2.99744 -0.0584802 0)
(3.01253 -0.0612568 0)
(3.02706 -0.0594973 0)
(3.05016 -0.0546212 0)
(3.08176 -0.0534096 0)
(3.1144 -0.0549321 0)
(3.14086 -0.0543102 0)
(3.16118 -0.0516756 0)
(3.17819 -0.0505788 0)
(3.1918 -0.0523494 0)
(3.20372 -0.0512836 0)
(3.21922 -0.0482418 0)
(3.23867 -0.0456811 0)
(3.25998 -0.0458734 0)
(3.27746 -0.0498686 0)
(3.28795 -0.0467029 0)
(3.29616 -0.0392427 0)
(3.30634 -0.0390466 0)
(3.3169 -0.0411352 0)
(3.32043 -0.0414005 0)
(3.33414 -0.0322587 0)
(3.3359 -0.0295737 0)
(3.33788 -0.0250944 0)
(3.33943 -0.0196063 0)
(3.33758 -0.0158302 0)
(3.33005 -0.0124525 0)
(3.31509 -0.00705663 0)
(3.29093 -0.00329642 0)
(3.2577 0.00178986 0)
(3.22406 0.0115782 0)
(3.20456 0.015434 0)
(3.19604 0.0111188 0)
(3.19426 0.00594124 0)
(3.20748 0.0044561 0)
(3.22388 0.00726258 0)
(3.21955 0.00964405 0)
(3.21299 0.0106994 0)
(3.20612 0.0115994 0)
(3.20035 0.0129298 0)
(3.1956 0.0143536 0)
(3.18314 0.0150799 0)
(3.15993 0.00968471 0)
(3.13044 0.000947743 0)
(3.11649 -0.00381427 0)
(3.11201 -0.00610057 0)
(3.10587 -0.00782217 0)
(3.09955 -0.00935764 0)
(3.1008 -0.0115545 0)
(3.1241 -0.0138275 0)
(3.15361 -0.00968454 0)
(3.16014 -0.00574744 0)
(3.15771 -0.0061186 0)
(3.15584 -0.00726463 0)
(3.15458 -0.00821573 0)
(3.15637 -0.00791704 0)
(3.15974 -0.00423605 0)
(3.15839 0.00109368 0)
(3.16617 0.00317935 0)
(2.99988 -0.00020976 0)
(2.99582 -0.00695325 0)
(2.93496 -0.0765498 0)
(2.73217 -0.283493 0)
(2.46355 -0.429268 0)
(2.30386 -0.361994 0)
(2.21286 -0.268862 0)
(2.15803 -0.178764 0)
(2.16277 -0.1124 0)
(2.14462 -0.0389424 0)
(2.13963 -0.0121283 0)
(2.14359 0.0106131 0)
(2.16967 0.0241212 0)
(2.20208 0.0228194 0)
(2.23061 0.0179465 0)
(2.26071 0.018978 0)
(2.29592 0.0199249 0)
(2.33546 0.0213937 0)
(2.38533 0.0299104 0)
(2.43867 0.0413602 0)
(2.48533 0.0503228 0)
(2.52531 0.0494232 0)
(2.55618 0.0498968 0)
(2.57914 0.0588401 0)
(2.60404 0.0618851 0)
(2.63599 0.0579994 0)
(2.67356 0.0546221 0)
(2.71177 0.0555054 0)
(2.74266 0.0579953 0)
(2.76469 0.0567779 0)
(2.78541 0.052191 0)
(2.81134 0.0507381 0)
(2.83929 0.0563079 0)
(2.86126 0.0620638 0)
(2.88063 0.0612679 0)
(2.90624 0.0561104 0)
(2.9396 0.0536386 0)
(2.97313 0.0555018 0)
(2.99744 0.0584804 0)
(3.01253 0.0612566 0)
(3.02706 0.0594972 0)
(3.05016 0.0546213 0)
(3.08176 0.0534097 0)
(3.1144 0.054932 0)
(3.14086 0.0543101 0)
(3.16118 0.0516757 0)
(3.17819 0.050579 0)
(3.1918 0.0523492 0)
(3.20372 0.0512835 0)
(3.21922 0.0482417 0)
(3.23867 0.0456813 0)
(3.25998 0.0458734 0)
(3.27746 0.0498685 0)
(3.28795 0.0467027 0)
(3.29616 0.0392427 0)
(3.30634 0.0390467 0)
(3.3169 0.0411353 0)
(3.32043 0.0414004 0)
(3.33414 0.0322588 0)
(3.3359 0.0295738 0)
(3.33788 0.0250922 0)
(3.33943 0.0196109 0)
(3.33757 0.0158291 0)
(3.33005 0.0124471 0)
(3.31509 0.00705826 0)
(3.29092 0.0033105 0)
(3.25772 -0.00180229 0)
(3.22408 -0.011589 0)
(3.20446 -0.0154523 0)
(3.19593 -0.0110853 0)
(3.19424 -0.00607614 0)
(3.20747 -0.00434113 0)
(3.2238 -0.0073465 0)
(3.21968 -0.00982358 0)
(3.213 -0.010933 0)
(3.20591 -0.011787 0)
(3.20031 -0.0133004 0)
(3.19584 -0.0150988 0)
(3.18387 -0.015746 0)
(3.16017 -0.00885998 0)
(3.13003 0.000724189 0)
(3.11655 0.00446948 0)
(3.11256 0.00699725 0)
(3.10577 0.0103744 0)
(3.10008 0.0129952 0)
(3.10139 0.0158389 0)
(3.12204 0.0167682 0)
(3.15186 0.0109497 0)
(3.16099 0.00593401 0)
(3.15917 0.00569595 0)
(3.1574 0.00641254 0)
(3.15592 0.00711457 0)
(3.15785 0.00706031 0)
(3.1611 0.00368268 0)
(3.16012 -9.74276e-05 0)
(3.16655 -0.00197492 0)
(2.99258 -0.0166498 0)
(2.93995 -0.117985 0)
(2.70596 -0.450289 0)
(2.54849 -0.679575 0)
(2.44328 -0.834382 0)
(2.35449 -0.771608 0)
(2.26222 -0.608936 0)
(2.16754 -0.383502 0)
(2.13584 -0.192215 0)
(2.09704 -0.0174332 0)
(2.09952 0.0560605 0)
(2.12139 0.0681113 0)
(2.13972 0.0611235 0)
(2.17172 0.048531 0)
(2.21356 0.0445932 0)
(2.25645 0.0491308 0)
(2.3069 0.0628486 0)
(2.35948 0.0944469 0)
(2.40629 0.129914 0)
(2.44466 0.155258 0)
(2.47401 0.16766 0)
(2.5036 0.162591 0)
(2.5415 0.152626 0)
(2.58262 0.148202 0)
(2.6268 0.145903 0)
(2.66796 0.140587 0)
(2.70468 0.136235 0)
(2.73835 0.140359 0)
(2.76654 0.148355 0)
(2.78866 0.145921 0)
(2.81093 0.132538 0)
(2.8395 0.124361 0)
(2.8748 0.133417 0)
(2.90622 0.148203 0)
(2.92836 0.152306 0)
(2.94781 0.143022 0)
(2.97224 0.133698 0)
(3.00262 0.132746 0)
(3.03256 0.136048 0)
(3.05669 0.141316 0)
(3.0758 0.140145 0)
(3.09533 0.13115 0)
(3.12069 0.126853 0)
(3.15104 0.127753 0)
(3.17919 0.124455 0)
(3.20158 0.117575 0)
(3.21913 0.11433 0)
(3.23238 0.117489 0)
(3.24315 0.114337 0)
(3.25622 0.107295 0)
(3.27342 0.102231 0)
(3.29357 0.102942 0)
(3.30972 0.109564 0)
(3.31996 0.103478 0)
(3.32638 0.0876781 0)
(3.33348 0.0843707 0)
(3.34011 0.0928381 0)
(3.34667 0.0844857 0)
(3.35581 0.071483 0)
(3.3627 0.0574159 0)
(3.3608 0.0425991 0)
(3.36088 0.0319271 0)
(3.35538 0.0237742 0)
(3.34164 0.0167112 0)
(3.31708 0.00167271 0)
(3.28526 -0.0178461 0)
(3.25331 -0.0342652 0)
(3.23045 -0.0450495 0)
(3.21902 -0.0416597 0)
(3.21341 -0.0264859 0)
(3.21128 -0.0113887 0)
(3.21998 -0.0032593 0)
(3.23478 -0.00856483 0)
(3.23164 -0.01581 0)
(3.22261 -0.0190814 0)
(3.21385 -0.020785 0)
(3.20605 -0.0239227 0)
(3.19841 -0.028845 0)
(3.18751 -0.0317517 0)
(3.16869 -0.0289687 0)
(3.14262 -0.0140194 0)
(3.12227 0.00158987 0)
(3.11676 0.00674368 0)
(3.11175 0.0124228 0)
(3.10775 0.019374 0)
(3.11008 0.0278139 0)
(3.12441 0.0338869 0)
(3.14464 0.0289068 0)
(3.15767 0.0178587 0)
(3.16415 0.0109985 0)
(3.16607 0.0116652 0)
(3.16644 0.015462 0)
(3.16227 0.0175484 0)
(3.15931 0.0164156 0)
(3.15426 0.00854834 0)
(3.1508 0.000252205 0)
(2.87617 -0.195445 0)
(2.69594 -0.497443 0)
(2.4231 -0.799117 0)
(2.38064 -0.804384 0)
(2.39043 -0.834733 0)
(2.38693 -0.840984 0)
(2.38276 -0.829435 0)
(2.36056 -0.77923 0)
(2.30807 -0.640903 0)
(2.25141 -0.443346 0)
(2.21151 -0.248303 0)
(2.20788 -0.115663 0)
(2.19505 -0.0373077 0)
(2.21606 0.0195485 0)
(2.24283 0.0747542 0)
(2.27227 0.114078 0)
(2.30846 0.160073 0)
(2.34424 0.187771 0)
(2.38135 0.194587 0)
(2.41832 0.209762 0)
(2.44962 0.217738 0)
(2.47641 0.217267 0)
(2.50803 0.216303 0)
(2.55189 0.222483 0)
(2.59669 0.23092 0)
(2.64045 0.231109 0)
(2.68384 0.230376 0)
(2.72512 0.239262 0)
(2.7548 0.25335 0)
(2.76927 0.252495 0)
(2.78461 0.230317 0)
(2.81198 0.213479 0)
(2.85153 0.21787 0)
(2.89225 0.234075 0)
(2.92093 0.245399 0)
(2.93783 0.24063 0)
(2.95389 0.227694 0)
(2.97539 0.215604 0)
(3.00495 0.213451 0)
(3.03545 0.219849 0)
(3.05884 0.220168 0)
(3.07949 0.210429 0)
(3.10228 0.203948 0)
(3.12652 0.202544 0)
(3.14941 0.193307 0)
(3.1696 0.180885 0)
(3.18843 0.176679 0)
(3.20356 0.182397 0)
(3.2161 0.176431 0)
(3.23102 0.163899 0)
(3.24922 0.157704 0)
(3.26958 0.159873 0)
(3.28328 0.168797 0)
(3.29558 0.159033 0)
(3.30517 0.138897 0)
(3.3134 0.137944 0)
(3.31949 0.143879 0)
(3.33388 0.130897 0)
(3.33548 0.120198 0)
(3.33638 0.113368 0)
(3.33534 0.100514 0)
(3.33183 0.0774561 0)
(3.32801 0.0577858 0)
(3.31302 0.0305327 0)
(3.2841 -0.0116982 0)
(3.25915 -0.0361741 0)
(3.24348 -0.0409548 0)
(3.23625 -0.0421394 0)
(3.23286 -0.0384225 0)
(3.23059 -0.0271405 0)
(3.2306 -0.0148892 0)
(3.23625 -0.00995033 0)
(3.24693 -0.0108959 0)
(3.25089 -0.00992194 0)
(3.24412 -0.0127658 0)
(3.23079 -0.0166985 0)
(3.21712 -0.0190429 0)
(3.20331 -0.0225263 0)
(3.18923 -0.0247631 0)
(3.17783 -0.0255282 0)
(3.15767 -0.0194868 0)
(3.13591 0.000214874 0)
(3.12385 0.0150033 0)
(3.12032 0.0190799 0)
(3.11658 0.0270592 0)
(3.11774 0.034537 0)
(3.12597 0.037389 0)
(3.13773 0.0336858 0)
(3.15077 0.0281452 0)
(3.16444 0.026333 0)
(3.17017 0.030498 0)
(3.16589 0.0339177 0)
(3.16292 0.0340054 0)
(3.15878 0.0356045 0)
(3.1492 0.0299064 0)
(3.12777 0.00872145 0)
(2.51426 -0.656485 0)
(2.45232 -0.757522 0)
(2.3766 -0.802682 0)
(2.35872 -0.834363 0)
(2.35785 -0.841073 0)
(2.36603 -0.843083 0)
(2.3818 -0.842686 0)
(2.39291 -0.844081 0)
(2.40763 -0.831563 0)
(2.40913 -0.779779 0)
(2.3851 -0.650673 0)
(2.357 -0.438125 0)
(2.28906 -0.161242 0)
(2.27004 0.039628 0)
(2.2871 0.167634 0)
(2.31636 0.256804 0)
(2.32374 0.300692 0)
(2.34572 0.309008 0)
(2.38364 0.290065 0)
(2.42618 0.287359 0)
(2.4709 0.292674 0)
(2.50489 0.301766 0)
(2.53504 0.311983 0)
(2.57122 0.331266 0)
(2.61277 0.35273 0)
(2.65688 0.353442 0)
(2.6967 0.338117 0)
(2.72828 0.330948 0)
(2.7556 0.348645 0)
(2.78122 0.366791 0)
(2.81634 0.357745 0)
(2.85131 0.340487 0)
(2.88312 0.33361 0)
(2.9113 0.337758 0)
(2.92906 0.346763 0)
(2.94497 0.340311 0)
(2.96315 0.329376 0)
(2.99306 0.325638 0)
(3.019 0.317867 0)
(3.03404 0.319734 0)
(3.04996 0.319985 0)
(3.07576 0.30766 0)
(3.09668 0.295229 0)
(3.10608 0.295222 0)
(3.11665 0.285912 0)
(3.13356 0.272725 0)
(3.15612 0.271196 0)
(3.17571 0.278097 0)
(3.19172 0.267885 0)
(3.20926 0.241744 0)
(3.22785 0.231054 0)
(3.24777 0.237652 0)
(3.26246 0.242404 0)
(3.27994 0.227938 0)
(3.29441 0.203302 0)
(3.30166 0.197393 0)
(3.30978 0.192595 0)
(3.32449 0.169102 0)
(3.32599 0.156988 0)
(3.32498 0.148551 0)
(3.31653 0.120521 0)
(3.30213 0.0727405 0)
(3.28755 0.0444053 0)
(3.26757 0.015784 0)
(3.24396 -0.0345687 0)
(3.23798 -0.0579043 0)
(3.23565 -0.058778 0)
(3.23578 -0.0492556 0)
(3.23675 -0.0338451 0)
(3.23599 -0.0210552 0)
(3.23564 -0.0135289 0)
(3.24088 -0.0040629 0)
(3.25656 0.00494468 0)
(3.25469 0.00192331 0)
(3.24449 0.000283064 0)
(3.23327 -0.0012883 0)
(3.216 -0.00489238 0)
(3.20052 -0.0060375 0)
(3.18734 -0.00741637 0)
(3.17479 -0.00749937 0)
(3.16561 -0.00653474 0)
(3.15292 -0.000383762 0)
(3.13842 0.0161101 0)
(3.13231 0.0284556 0)
(3.13057 0.0352166 0)
(3.12829 0.0422864 0)
(3.12822 0.0454599 0)
(3.13334 0.0458513 0)
(3.14595 0.0458576 0)
(3.16389 0.0479185 0)
(3.17158 0.0490292 0)
(3.16714 0.0474739 0)
(3.16317 0.0465274 0)
(3.15689 0.0463394 0)
(3.1353 0.0296136 0)
(3.09604 -0.00814715 0)
(2.37381 -0.776018 0)
(2.3491 -0.826391 0)
(2.34903 -0.837563 0)
(2.34997 -0.849383 0)
(2.35505 -0.850822 0)
(2.36441 -0.848698 0)
(2.37951 -0.839515 0)
(2.39318 -0.835124 0)
(2.42049 -0.82628 0)
(2.45308 -0.807359 0)
(2.48109 -0.783224 0)
(2.51299 -0.719953 0)
(2.51758 -0.575988 0)
(2.50322 -0.383388 0)
(2.45514 -0.137653 0)
(2.46502 0.0634846 0)
(2.42982 0.236654 0)
(2.43675 0.298664 0)
(2.44196 0.325471 0)
(2.46608 0.351959 0)
(2.50612 0.382472 0)
(2.53383 0.412978 0)
(2.54254 0.414087 0)
(2.56411 0.418479 0)
(2.60807 0.440265 0)
(2.65562 0.44984 0)
(2.69702 0.442026 0)
(2.73369 0.437509 0)
(2.76705 0.447139 0)
(2.79021 0.458274 0)
(2.80936 0.442389 0)
(2.8272 0.418252 0)
(2.84788 0.424652 0)
(2.88834 0.434583 0)
(2.93253 0.42971 0)
(2.971 0.413964 0)
(2.99025 0.402531 0)
(2.9781 0.39917 0)
(2.99583 0.40962 0)
(3.03247 0.410082 0)
(3.06991 0.396088 0)
(3.10941 0.375733 0)
(3.13618 0.377386 0)
(3.12862 0.384671 0)
(3.13343 0.360441 0)
(3.14969 0.337993 0)
(3.17204 0.337102 0)
(3.19241 0.342288 0)
(3.20973 0.328201 0)
(3.22991 0.295057 0)
(3.24712 0.270011 0)
(3.26128 0.278531 0)
(3.27661 0.281015 0)
(3.29957 0.263137 0)
(3.30865 0.241628 0)
(3.31088 0.222537 0)
(3.31073 0.196623 0)
(3.31566 0.174942 0)
(3.31887 0.158877 0)
(3.30772 0.125481 0)
(3.29813 0.0926749 0)
(3.28207 0.0716574 0)
(3.25315 0.0541943 0)
(3.22824 0.00666069 0)
(3.2317 -0.0246583 0)
(3.2347 -0.0275424 0)
(3.23272 -0.0225538 0)
(3.22876 -0.0146882 0)
(3.22633 -0.00866452 0)
(3.22708 -0.00529857 0)
(3.23001 -0.00192905 0)
(3.23725 0.00426825 0)
(3.24764 0.0149908 0)
(3.24204 0.0212609 0)
(3.22965 0.0211309 0)
(3.21723 0.0192068 0)
(3.20708 0.0147766 0)
(3.19558 0.010358 0)
(3.18619 0.00978434 0)
(3.17813 0.0105711 0)
(3.1708 0.011284 0)
(3.16302 0.012401 0)
(3.15249 0.0196861 0)
(3.14523 0.03166 0)
(3.14112 0.0413935 0)
(3.13797 0.0491249 0)
(3.13612 0.0545653 0)
(3.13588 0.0591911 0)
(3.14418 0.0647286 0)
(3.16391 0.0711029 0)
(3.17131 0.0689486 0)
(3.16951 0.0658573 0)
(3.16413 0.0624802 0)
(3.14262 0.0480744 0)
(3.09906 0.0053144 0)
(3.06361 -0.0239903 0)
(2.32305 -0.826001 0)
(2.3251 -0.826609 0)
(2.33574 -0.832165 0)
(2.3471 -0.8417 0)
(2.35869 -0.842942 0)
(2.37229 -0.843381 0)
(2.38907 -0.836747 0)
(2.41107 -0.828765 0)
(2.4427 -0.81472 0)
(2.49231 -0.772876 0)
(2.53519 -0.727813 0)
(2.55801 -0.7234 0)
(2.62934 -0.658093 0)
(2.6625 -0.577315 0)
(2.64956 -0.446127 0)
(2.64621 -0.263885 0)
(2.60543 -0.0165107 0)
(2.52646 0.26019 0)
(2.51537 0.377879 0)
(2.5104 0.49915 0)
(2.51178 0.55398 0)
(2.52012 0.580417 0)
(2.5481 0.567015 0)
(2.58427 0.544406 0)
(2.62828 0.543581 0)
(2.66704 0.545091 0)
(2.70014 0.536166 0)
(2.72635 0.528397 0)
(2.74695 0.53043 0)
(2.76096 0.529594 0)
(2.77899 0.508628 0)
(2.8101 0.501239 0)
(2.85053 0.520516 0)
(2.88896 0.538944 0)
(2.93103 0.531161 0)
(2.95962 0.502892 0)
(2.96635 0.477792 0)
(2.96592 0.483891 0)
(2.97463 0.494119 0)
(3.01917 0.478401 0)
(3.06082 0.45258 0)
(3.09039 0.437339 0)
(3.10631 0.451932 0)
(3.10523 0.458162 0)
(3.11847 0.417845 0)
(3.13366 0.387882 0)
(3.15289 0.393579 0)
(3.17246 0.406138 0)
(3.19957 0.381337 0)
(3.21065 0.355546 0)
(3.21779 0.344148 0)
(3.234 0.336009 0)
(3.25252 0.336527 0)
(3.27396 0.321732 0)
(3.28694 0.298904 0)
(3.28663 0.261877 0)
(3.29057 0.22915 0)
(3.30314 0.216405 0)
(3.29235 0.173755 0)
(3.2817 0.132582 0)
(3.27624 0.120986 0)
(3.25541 0.112827 0)
(3.2212 0.0697182 0)
(3.21785 0.0252099 0)
(3.22705 0.0119874 0)
(3.23301 0.0092163 0)
(3.23481 0.00664638 0)
(3.23271 0.0026794 0)
(3.22978 -0.00110808 0)
(3.22917 -0.00166253 0)
(3.23083 0.00311976 0)
(3.2335 0.0153134 0)
(3.2346 0.0312547 0)
(3.22721 0.0409369 0)
(3.21678 0.0429635 0)
(3.20749 0.0421408 0)
(3.19953 0.0359746 0)
(3.19487 0.0224919 0)
(3.1885 0.0173135 0)
(3.18246 0.0180624 0)
(3.17698 0.0231953 0)
(3.16705 0.0303428 0)
(3.15732 0.0377091 0)
(3.15464 0.0412951 0)
(3.14881 0.0465745 0)
(3.14502 0.0527146 0)
(3.14237 0.0593195 0)
(3.14274 0.0698929 0)
(3.15391 0.0858102 0)
(3.16653 0.0939512 0)
(3.16701 0.0917068 0)
(3.16274 0.0872643 0)
(3.1443 0.0666327 0)
(3.10268 0.0185947 0)
(3.06485 -0.0190054 0)
(3.05699 -0.0231488 0)
(2.32483 -0.843104 0)
(2.32908 -0.841499 0)
(2.33796 -0.842712 0)
(2.34741 -0.843185 0)
(2.36047 -0.838529 0)
(2.37553 -0.837573 0)
(2.40214 -0.83116 0)
(2.43649 -0.815751 0)
(2.47592 -0.791926 0)
(2.54202 -0.721523 0)
(2.57911 -0.679753 0)
(2.60848 -0.666351 0)
(2.69847 -0.568701 0)
(2.73575 -0.506219 0)
(2.74767 -0.489973 0)
(2.7873 -0.458526 0)
(2.77425 -0.328331 0)
(2.74375 -0.115296 0)
(2.68615 0.118344 0)
(2.6755 0.311898 0)
(2.56221 0.552705 0)
(2.56098 0.609663 0)
(2.58019 0.628758 0)
(2.6088 0.628757 0)
(2.64208 0.636884 0)
(2.67976 0.654586 0)
(2.704 0.64594 0)
(2.72343 0.624853 0)
(2.75165 0.632096 0)
(2.78483 0.64342 0)
(2.82177 0.624938 0)
(2.84707 0.609544 0)
(2.87035 0.614135 0)
(2.89372 0.61708 0)
(2.9202 0.596652 0)
(2.94177 0.565477 0)
(2.95882 0.549247 0)
(2.97597 0.558217 0)
(2.99127 0.568891 0)
(3.02561 0.549786 0)
(3.04946 0.519553 0)
(3.06536 0.502805 0)
(3.08374 0.51314 0)
(3.09256 0.52925 0)
(3.09916 0.499386 0)
(3.11933 0.45359 0)
(3.13619 0.446714 0)
(3.15593 0.45705 0)
(3.18763 0.439979 0)
(3.21016 0.396669 0)
(3.20633 0.373581 0)
(3.2126 0.358861 0)
(3.23077 0.344198 0)
(3.24486 0.324917 0)
(3.25738 0.295643 0)
(3.26162 0.246307 0)
(3.2704 0.224152 0)
(3.27786 0.203515 0)
(3.26176 0.15678 0)
(3.26287 0.123115 0)
(3.261 0.118016 0)
(3.23102 0.0924765 0)
(3.21708 0.057149 0)
(3.2234 0.0388842 0)
(3.22511 0.040262 0)
(3.22633 0.0438218 0)
(3.22588 0.0437871 0)
(3.22438 0.0384617 0)
(3.2256 0.0307473 0)
(3.2294 0.026097 0)
(3.23119 0.0275431 0)
(3.22841 0.034866 0)
(3.22181 0.0461651 0)
(3.21192 0.0547641 0)
(3.20276 0.0579666 0)
(3.19589 0.0568234 0)
(3.19202 0.0511989 0)
(3.18927 0.0449791 0)
(3.18833 0.0379362 0)
(3.18271 0.0345331 0)
(3.17671 0.0344455 0)
(3.17226 0.035693 0)
(3.16427 0.0431068 0)
(3.16026 0.0525035 0)
(3.15525 0.061039 0)
(3.15087 0.0695234 0)
(3.14975 0.0807344 0)
(3.15668 0.09698 0)
(3.1657 0.106798 0)
(3.16524 0.105085 0)
(3.15951 0.0984679 0)
(3.13923 0.0757575 0)
(3.09993 0.0250484 0)
(3.06531 -0.0125531 0)
(3.05826 -0.0184603 0)
(3.05702 -0.018737 0)
(2.3358 -0.833468 0)
(2.3399 -0.844254 0)
(2.34699 -0.848558 0)
(2.35592 -0.846768 0)
(2.36657 -0.839617 0)
(2.38742 -0.832794 0)
(2.42787 -0.811825 0)
(2.47492 -0.780538 0)
(2.51893 -0.751503 0)
(2.58927 -0.669249 0)
(2.63953 -0.600576 0)
(2.67294 -0.584328 0)
(2.72294 -0.534898 0)
(2.77927 -0.437068 0)
(2.81323 -0.37738 0)
(2.8262 -0.390007 0)
(2.87571 -0.332201 0)
(2.88472 -0.230811 0)
(2.8735 -0.148378 0)
(2.84229 0.0288361 0)
(2.7487 0.302437 0)
(2.70798 0.496573 0)
(2.66712 0.632662 0)
(2.62555 0.755928 0)
(2.61719 0.790832 0)
(2.63299 0.792473 0)
(2.67001 0.774265 0)
(2.71418 0.738299 0)
(2.74299 0.732998 0)
(2.76388 0.736584 0)
(2.80146 0.704693 0)
(2.82699 0.676366 0)
(2.84934 0.678737 0)
(2.87329 0.682939 0)
(2.89824 0.664332 0)
(2.91888 0.634874 0)
(2.93693 0.616382 0)
(2.95837 0.622102 0)
(2.97754 0.633184 0)
(3.00006 0.618256 0)
(3.02994 0.581181 0)
(3.04779 0.554606 0)
(3.07071 0.552557 0)
(3.09273 0.565303 0)
(3.10899 0.544139 0)
(3.12102 0.500788 0)
(3.12979 0.461205 0)
(3.13292 0.455471 0)
(3.17042 0.427487 0)
(3.19793 0.3847 0)
(3.19701 0.353709 0)
(3.19154 0.338387 0)
(3.21252 0.328846 0)
(3.22937 0.318307 0)
(3.24083 0.296538 0)
(3.25074 0.249939 0)
(3.25373 0.239249 0)
(3.24774 0.216637 0)
(3.24022 0.179399 0)
(3.24215 0.164655 0)
(3.23235 0.141119 0)
(3.21953 0.127606 0)
(3.21399 0.101105 0)
(3.2176 0.0822954 0)
(3.21449 0.0814447 0)
(3.2085 0.0836041 0)
(3.20395 0.082356 0)
(3.20396 0.0767366 0)
(3.21008 0.0695017 0)
(3.21809 0.065681 0)
(3.2225 0.0647429 0)
(3.21993 0.0638007 0)
(3.21137 0.0631997 0)
(3.20072 0.0633214 0)
(3.19189 0.0640238 0)
(3.18583 0.0642517 0)
(3.1805 0.0646828 0)
(3.17575 0.0654176 0)
(3.17418 0.0618737 0)
(3.17715 0.0560956 0)
(3.17756 0.0547012 0)
(3.17339 0.0570518 0)
(3.16895 0.0608813 0)
(3.16496 0.0681599 0)
(3.16174 0.0787867 0)
(3.16101 0.0942635 0)
(3.16603 0.116421 0)
(3.16896 0.132561 0)
(3.16736 0.133659 0)
(3.15671 0.123534 0)
(3.12802 0.0879924 0)
(3.08526 0.0260083 0)
(3.06132 -0.00980136 0)
(3.05883 -0.0140701 0)
(3.05705 -0.0156346 0)
(3.05633 -0.0158719 0)
(2.3328 -0.839285 0)
(2.34507 -0.845031 0)
(2.35537 -0.848114 0)
(2.36809 -0.843765 0)
(2.38539 -0.835693 0)
(2.41889 -0.816123 0)
(2.47104 -0.772129 0)
(2.51688 -0.73784 0)
(2.5819 -0.683969 0)
(2.65879 -0.572376 0)
(2.68471 -0.539265 0)
(2.70419 -0.534349 0)
(2.79692 -0.439516 0)
(2.84501 -0.315175 0)
(2.86039 -0.295329 0)
(2.86208 -0.325197 0)
(2.90914 -0.270524 0)
(2.95456 -0.141507 0)
(2.95514 -0.109132 0)
(2.97563 -0.0476921 0)
(2.96128 0.0220502 0)
(2.90916 0.189331 0)
(2.84175 0.388103 0)
(2.74409 0.619555 0)
(2.63725 0.83231 0)
(2.63906 0.852084 0)
(2.66224 0.832082 0)
(2.69703 0.821688 0)
(2.72735 0.823001 0)
(2.75149 0.815649 0)
(2.77613 0.781716 0)
(2.79933 0.752528 0)
(2.81771 0.760343 0)
(2.84708 0.753909 0)
(2.89762 0.711757 0)
(2.9206 0.680032 0)
(2.93486 0.669554 0)
(2.95155 0.670624 0)
(2.96883 0.677988 0)
(2.98959 0.663536 0)
(3.02514 0.61624 0)
(3.04085 0.567436 0)
(3.05481 0.554485 0)
(3.07799 0.5601 0)
(3.10313 0.540057 0)
(3.12031 0.501493 0)
(3.12752 0.458678 0)
(3.12396 0.450442 0)
(3.15308 0.41886 0)
(3.18903 0.370826 0)
(3.19479 0.358643 0)
(3.1938 0.361325 0)
(3.20922 0.351664 0)
(3.22938 0.333191 0)
(3.2367 0.308304 0)
(3.23537 0.284433 0)
(3.23442 0.277872 0)
(3.22327 0.251124 0)
(3.22706 0.219262 0)
(3.22817 0.189186 0)
(3.22321 0.158895 0)
(3.21927 0.134104 0)
(3.21841 0.108519 0)
(3.21809 0.104133 0)
(3.21234 0.105701 0)
(3.20461 0.107455 0)
(3.19778 0.103696 0)
(3.20013 0.0941547 0)
(3.21037 0.0867843 0)
(3.21719 0.0891332 0)
(3.21526 0.0965878 0)
(3.20823 0.0981165 0)
(3.20126 0.0917028 0)
(3.19268 0.0837986 0)
(3.18442 0.0777186 0)
(3.17784 0.0730515 0)
(3.17317 0.0712146 0)
(3.1714 0.0722264 0)
(3.17242 0.0732516 0)
(3.17465 0.0732906 0)
(3.17739 0.0732018 0)
(3.17868 0.0767187 0)
(3.17796 0.0842146 0)
(3.17689 0.0960142 0)
(3.17805 0.114897 0)
(3.18116 0.138441 0)
(3.18013 0.150201 0)
(3.1762 0.148924 0)
(3.15772 0.133844 0)
(3.11593 0.0873421 0)
(3.06792 0.0221039 0)
(3.05349 -0.00386465 0)
(3.05371 -0.00736142 0)
(3.05745 -0.0102876 0)
(3.05747 -0.0122015 0)
(3.05714 -0.0124655 0)
(2.34145 -0.843779 0)
(2.35128 -0.84906 0)
(2.36283 -0.845895 0)
(2.37655 -0.841664 0)
(2.41344 -0.820875 0)
(2.45789 -0.787346 0)
(2.53089 -0.710642 0)
(2.59473 -0.649164 0)
(2.63542 -0.626553 0)
(2.70319 -0.521353 0)
(2.76237 -0.416 0)
(2.80244 -0.403262 0)
(2.84686 -0.363854 0)
(2.8884 -0.248037 0)
(2.90064 -0.21561 0)
(2.91248 -0.222349 0)
(2.97399 -0.141868 0)
(2.98122 -0.0522835 0)
(2.98628 -0.0471206 0)
(2.99656 -0.0606137 0)
(3.01233 -0.0291214 0)
(3.00552 0.00506759 0)
(2.98763 0.105016 0)
(2.93973 0.276938 0)
(2.80408 0.574522 0)
(2.76357 0.716854 0)
(2.75007 0.775422 0)
(2.69022 0.863974 0)
(2.67764 0.886024 0)
(2.70985 0.875326 0)
(2.75184 0.832957 0)
(2.78387 0.795599 0)
(2.81699 0.785179 0)
(2.84487 0.783391 0)
(2.88841 0.748994 0)
(2.91497 0.697674 0)
(2.92563 0.689995 0)
(2.94643 0.680926 0)
(2.97316 0.662413 0)
(2.99302 0.649412 0)
(3.01753 0.614324 0)
(3.03724 0.571599 0)
(3.04552 0.554102 0)
(3.06485 0.554686 0)
(3.08809 0.542728 0)
(3.12023 0.502573 0)
(3.12805 0.465537 0)
(3.12791 0.459469 0)
(3.14945 0.439121 0)
(3.18024 0.404424 0)
(3.19293 0.397465 0)
(3.20193 0.395262 0)
(3.22088 0.37916 0)
(3.23333 0.353763 0)
(3.22891 0.326561 0)
(3.22546 0.318134 0)
(3.22084 0.305833 0)
(3.22286 0.280495 0)
(3.22455 0.242334 0)
(3.20731 0.223503 0)
(3.20955 0.198937 0)
(3.20784 0.171508 0)
(3.20331 0.159358 0)
(3.20118 0.156478 0)
(3.20014 0.157098 0)
(3.19819 0.15673 0)
(3.1949 0.145774 0)
(3.20101 0.128094 0)
(3.21156 0.117062 0)
(3.21429 0.117657 0)
(3.20957 0.124985 0)
(3.20178 0.127919 0)
(3.18763 0.121525 0)
(3.17486 0.113803 0)
(3.16609 0.106823 0)
(3.16076 0.101367 0)
(3.16006 0.0976988 0)
(3.16489 0.0942555 0)
(3.17075 0.0947164 0)
(3.17492 0.0982894 0)
(3.17978 0.103106 0)
(3.18594 0.111143 0)
(3.19209 0.126202 0)
(3.19743 0.147818 0)
(3.19903 0.166383 0)
(3.19686 0.171151 0)
(3.18728 0.165838 0)
(3.15702 0.140945 0)
(3.10269 0.0772345 0)
(3.05519 0.0148622 0)
(3.04568 -0.000100014 0)
(3.04595 -0.00194716 0)
(3.05002 -0.00544091 0)
(3.05661 -0.00839503 0)
(3.05645 -0.00998107 0)
(3.05615 -0.0102505 0)
(2.34988 -0.848015 0)
(2.36056 -0.847628 0)
(2.36935 -0.842099 0)
(2.39879 -0.822533 0)
(2.44996 -0.7876 0)
(2.53447 -0.703335 0)
(2.58992 -0.631019 0)
(2.62969 -0.612155 0)
(2.73065 -0.516593 0)
(2.80164 -0.359588 0)
(2.8219 -0.320005 0)
(2.8381 -0.344257 0)
(2.89865 -0.267833 0)
(2.94239 -0.110347 0)
(2.95142 -0.0683139 0)
(2.96317 -0.0921763 0)
(3.00335 -0.0337476 0)
(3.00795 0.0503442 0)
(3.00516 0.0693732 0)
(3.01968 0.0673732 0)
(3.03018 0.0705059 0)
(3.03161 0.0779348 0)
(3.03621 0.0947484 0)
(3.03783 0.122167 0)
(3.01194 0.192664 0)
(2.94598 0.351982 0)
(2.86495 0.533749 0)
(2.77351 0.699978 0)
(2.71872 0.838149 0)
(2.73458 0.822776 0)
(2.75375 0.806927 0)
(2.77503 0.802203 0)
(2.8001 0.803229 0)
(2.82952 0.79075 0)
(2.8609 0.766548 0)
(2.89004 0.728708 0)
(2.90436 0.711393 0)
(2.93021 0.68569 0)
(2.96959 0.642584 0)
(2.9913 0.629329 0)
(3.00522 0.618037 0)
(3.03357 0.587701 0)
(3.04869 0.55963 0)
(3.06207 0.558351 0)
(3.08464 0.547551 0)
(3.11701 0.500588 0)
(3.12487 0.47992 0)
(3.13174 0.474714 0)
(3.15771 0.451843 0)
(3.18512 0.423337 0)
(3.20017 0.419646 0)
(3.21345 0.416433 0)
(3.22945 0.400591 0)
(3.23015 0.37731 0)
(3.22091 0.358549 0)
(3.21563 0.344845 0)
(3.21549 0.329558 0)
(3.22242 0.308935 0)
(3.20343 0.279681 0)
(3.18992 0.255675 0)
(3.19706 0.220441 0)
(3.20363 0.18781 0)
(3.20229 0.182128 0)
(3.2039 0.180066 0)
(3.20433 0.180045 0)
(3.20441 0.177823 0)
(3.20252 0.170902 0)
(3.20416 0.157129 0)
(3.20969 0.149791 0)
(3.21005 0.148708 0)
(3.20766 0.152743 0)
(3.20162 0.151124 0)
(3.18806 0.142006 0)
(3.17498 0.131098 0)
(3.16358 0.115739 0)
(3.15926 0.102385 0)
(3.16071 0.0999317 0)
(3.1685 0.107369 0)
(3.17705 0.121314 0)
(3.18395 0.13582 0)
(3.19138 0.151148 0)
(3.20099 0.168578 0)
(3.20986 0.185098 0)
(3.21197 0.19223 0)
(3.20969 0.190411 0)
(3.19462 0.178164 0)
(3.15435 0.139819 0)
(3.08845 0.0619384 0)
(3.04753 0.0104026 0)
(3.04269 0.00269986 0)
(3.04281 0.00188907 0)
(3.04411 0.00017236 0)
(3.04867 -0.00291552 0)
(3.05529 -0.006132 0)
(3.05572 -0.00781619 0)
(3.05546 -0.00808089 0)
(2.35599 -0.852908 0)
(2.36267 -0.848574 0)
(2.38945 -0.827381 0)
(2.4463 -0.777317 0)
(2.51313 -0.72146 0)
(2.593 -0.62508 0)
(2.67239 -0.507765 0)
(2.72763 -0.472335 0)
(2.78759 -0.408146 0)
(2.84059 -0.262447 0)
(2.86708 -0.204485 0)
(2.8835 -0.217708 0)
(2.92699 -0.139388 0)
(2.93461 -0.0378413 0)
(2.9474 -0.0279641 0)
(2.96685 -0.0523656 0)
(2.98571 -0.0200037 0)
(2.98959 0.0260445 0)
(2.98234 0.0431958 0)
(3.0036 0.0510502 0)
(3.01114 0.0523589 0)
(3.01531 0.0578244 0)
(3.01975 0.063102 0)
(3.03078 0.0638698 0)
(3.03124 0.0636168 0)
(3.02259 0.0748097 0)
(2.98562 0.144998 0)
(2.8991 0.328177 0)
(2.79399 0.590938 0)
(2.8212 0.625011 0)
(2.77225 0.722995 0)
(2.76719 0.787321 0)
(2.77516 0.787408 0)
(2.80302 0.769461 0)
(2.82937 0.749186 0)
(2.85667 0.738882 0)
(2.87814 0.7341 0)
(2.89885 0.711504 0)
(2.9377 0.671334 0)
(2.96259 0.645323 0)
(2.98837 0.634342 0)
(3.0152 0.620025 0)
(3.04101 0.590915 0)
(3.05459 0.577293 0)
(3.07975 0.548083 0)
(3.10097 0.509127 0)
(3.11051 0.503702 0)
(3.12655 0.499784 0)
(3.15554 0.478309 0)
(3.1747 0.463468 0)
(3.18396 0.46591 0)
(3.19791 0.459002 0)
(3.21461 0.432236 0)
(3.21048 0.400793 0)
(3.20763 0.390467 0)
(3.20134 0.373404 0)
(3.20051 0.361961 0)
(3.19072 0.335558 0)
(3.17497 0.312936 0)
(3.16511 0.275936 0)
(3.17812 0.243523 0)
(3.18888 0.223263 0)
(3.1917 0.222304 0)
(3.19889 0.220749 0)
(3.20159 0.219845 0)
(3.20339 0.215798 0)
(3.20348 0.203734 0)
(3.19992 0.188571 0)
(3.20036 0.18212 0)
(3.19604 0.184539 0)
(3.19056 0.188464 0)
(3.17951 0.18493 0)
(3.16818 0.178584 0)
(3.15593 0.168832 0)
(3.14495 0.157602 0)
(3.14138 0.147908 0)
(3.15405 0.144976 0)
(3.17418 0.157689 0)
(3.19 0.180346 0)
(3.20024 0.200256 0)
(3.20778 0.214232 0)
(3.2127 0.218461 0)
(3.21359 0.215211 0)
(3.20984 0.203208 0)
(3.19354 0.18189 0)
(3.14837 0.127655 0)
(3.07619 0.0430497 0)
(3.0437 0.00498729 0)
(3.04148 0.00162949 0)
(3.04149 0.00131837 0)
(3.04174 0.000537261 0)
(3.04286 -0.00053469 0)
(3.04666 -0.00237829 0)
(3.05341 -0.004937 0)
(3.05498 -0.00650278 0)
(3.0548 -0.0067095 0)
(2.35616 -0.850727 0)
(2.37943 -0.832341 0)
(2.44022 -0.776127 0)
(2.51581 -0.700919 0)
(2.5931 -0.62432 0)
(2.69579 -0.458735 0)
(2.74882 -0.362699 0)
(2.77761 -0.364811 0)
(2.86267 -0.238044 0)
(2.8894 -0.05991 0)
(2.89495 -0.0412031 0)
(2.90315 -0.0466135 0)
(2.94867 0.0166842 0)
(2.9542 0.102491 0)
(2.9648 0.126796 0)
(2.99945 0.0934009 0)
(2.99402 0.0766513 0)
(2.99095 0.0801445 0)
(2.9918 0.0811518 0)
(3.00394 0.0647622 0)
(3.0054 0.0591462 0)
(3.00138 0.0585233 0)
(2.99857 0.0483825 0)
(3.00337 0.0329148 0)
(3.01149 0.0207133 0)
(3.01742 0.0194061 0)
(3.0178 0.0235861 0)
(3.00616 0.0502893 0)
(2.96589 0.147372 0)
(2.91746 0.312438 0)
(2.84103 0.494232 0)
(2.80455 0.603838 0)
(2.77424 0.73786 0)
(2.78974 0.728608 0)
(2.82861 0.714933 0)
(2.84114 0.712197 0)
(2.85773 0.717255 0)
(2.87774 0.715239 0)
(2.90295 0.706493 0)
(2.92435 0.683162 0)
(2.94931 0.671907 0)
(2.98273 0.661944 0)
(3.01129 0.638343 0)
(3.0286 0.614729 0)
(3.03886 0.597789 0)
(3.07035 0.551945 0)
(3.09057 0.531873 0)
(3.11058 0.529965 0)
(3.13792 0.512965 0)
(3.15296 0.5004 0)
(3.16043 0.493412 0)
(3.17788 0.468639 0)
(3.18706 0.418464 0)
(3.18853 0.395711 0)
(3.18279 0.368721 0)
(3.17882 0.339443 0)
(3.1747 0.311367 0)
(3.15273 0.261414 0)
(3.14016 0.229679 0)
(3.14119 0.186053 0)
(3.16165 0.16594 0)
(3.17421 0.15826 0)
(3.18415 0.16075 0)
(3.20033 0.171747 0)
(3.20698 0.179713 0)
(3.20769 0.181694 0)
(3.20565 0.182133 0)
(3.20057 0.181617 0)
(3.19188 0.183167 0)
(3.18232 0.189844 0)
(3.17488 0.194629 0)
(3.16767 0.196723 0)
(3.16191 0.19658 0)
(3.15182 0.194502 0)
(3.14138 0.19071 0)
(3.1446 0.191618 0)
(3.16688 0.208316 0)
(3.19261 0.233529 0)
(3.20371 0.24687 0)
(3.20583 0.248937 0)
(3.20638 0.244603 0)
(3.20572 0.231367 0)
(3.20036 0.212307 0)
(3.18126 0.174426 0)
(3.13222 0.0991133 0)
(3.06893 0.0229901 0)
(3.04412 0.00209683 0)
(3.04111 0.00138887 0)
(3.04088 0.00135521 0)
(3.04088 0.00128521 0)
(3.041 0.000996875 0)
(3.04182 0.000417653 0)
(3.0451 -0.00083787 0)
(3.05198 -0.00294445 0)
(3.05484 -0.00454003 0)
(3.0548 -0.00474944 0)
(2.36956 -0.834919 0)
(2.42539 -0.78797 0)
(2.53407 -0.67275 0)
(2.62835 -0.564071 0)
(2.67379 -0.492961 0)
(2.74822 -0.314721 0)
(2.80256 -0.2303 0)
(2.83019 -0.236055 0)
(2.8622 -0.117549 0)
(2.87042 -0.0351707 0)
(2.88522 -0.0363706 0)
(2.93876 -0.00299937 0)
(2.95645 0.0153557 0)
(2.96386 0.0734486 0)
(2.97297 0.0884813 0)
(2.99548 0.0737602 0)
(2.99489 0.0668107 0)
(2.98533 0.0643795 0)
(2.99558 0.057016 0)
(3.00522 0.0421435 0)
(3.00869 0.0378314 0)
(3.00686 0.0344329 0)
(3.00632 0.0231466 0)
(3.00538 0.00901347 0)
(3.01119 0.000921364 0)
(3.0167 -0.00103085 0)
(3.02393 0.00229526 0)
(3.02895 0.00397633 0)
(3.02997 0.011776 0)
(3.0239 0.0364951 0)
(2.99199 0.11788 0)
(2.90736 0.308149 0)
(2.8866 0.432505 0)
(2.82368 0.606365 0)
(2.84656 0.621597 0)
(2.82683 0.685039 0)
(2.8432 0.717576 0)
(2.86485 0.712975 0)
(2.89519 0.700465 0)
(2.9123 0.687949 0)
(2.93311 0.686565 0)
(2.9555 0.685458 0)
(2.98118 0.666462 0)
(2.99743 0.646856 0)
(3.00841 0.624413 0)
(3.03609 0.587082 0)
(3.06625 0.551858 0)
(3.08081 0.521443 0)
(3.103 0.486615 0)
(3.12318 0.458962 0)
(3.12974 0.414954 0)
(3.13024 0.3481 0)
(3.14856 0.303276 0)
(3.15561 0.263643 0)
(3.15272 0.213153 0)
(3.15247 0.195422 0)
(3.14809 0.169644 0)
(3.13561 0.116131 0)
(3.12626 0.0867114 0)
(3.1418 0.0506672 0)
(3.15498 0.0397705 0)
(3.1677 0.0411428 0)
(3.18381 0.0482231 0)
(3.20122 0.0656433 0)
(3.21179 0.0854954 0)
(3.21412 0.0984824 0)
(3.21126 0.104694 0)
(3.20284 0.109087 0)
(3.18791 0.119575 0)
(3.17367 0.137818 0)
(3.16564 0.157003 0)
(3.16184 0.1769 0)
(3.15848 0.199078 0)
(3.1564 0.218982 0)
(3.15902 0.23916 0)
(3.17239 0.263336 0)
(3.19381 0.27554 0)
(3.19892 0.272026 0)
(3.19728 0.267275 0)
(3.19418 0.258345 0)
(3.1899 0.241963 0)
(3.18018 0.210047 0)
(3.15258 0.148094 0)
(3.1022 0.0619705 0)
(3.06358 0.00787078 0)
(3.05196 -0.00111218 0)
(3.04694 -0.000640252 0)
(3.04268 0.000652402 0)
(3.04078 0.000796746 0)
(3.04064 0.000637179 0)
(3.0407 0.000312249 0)
(3.04128 -0.000361998 0)
(3.0439 -0.0011964 0)
(3.05047 -0.00227556 0)
(3.05407 -0.00332312 0)
(3.05415 -0.00350961 0)
(2.44952 -0.792288 0)
(2.60145 -0.64853 0)
(2.70838 -0.47785 0)
(2.77407 -0.345413 0)
(2.87217 -0.136822 0)
(2.91655 0.0340312 0)
(2.96184 0.0835675 0)
(2.99803 0.116458 0)
(2.96924 0.193499 0)
(2.97126 0.188267 0)
(3.02001 0.151045 0)
(3.04181 0.082567 0)
(3.02904 0.0694435 0)
(3.01918 0.0757622 0)
(3.0205 0.072483 0)
(3.02136 0.0442275 0)
(3.01881 0.0286403 0)
(3.00532 0.0195207 0)
(3.00455 0.00520624 0)
(3.01616 -0.00974735 0)
(3.01856 -0.013582 0)
(3.01902 -0.0107386 0)
(3.01637 -0.00862135 0)
(3.01513 -0.00915656 0)
(3.01767 -0.0091772 0)
(3.02228 -0.0082462 0)
(3.03397 -0.00467682 0)
(3.03991 -0.00535024 0)
(3.0497 -0.00745092 0)
(3.05107 -0.0111147 0)
(3.05212 0.00294147 0)
(3.04295 0.026538 0)
(3.02118 0.103207 0)
(2.98564 0.226005 0)
(2.94801 0.367456 0)
(2.89572 0.518815 0)
(2.90794 0.579507 0)
(2.88745 0.689616 0)
(2.90043 0.680629 0)
(2.91861 0.669596 0)
(2.90942 0.635686 0)
(2.90054 0.588521 0)
(2.90816 0.534077 0)
(2.92329 0.4817 0)
(2.93969 0.424482 0)
(2.95435 0.345545 0)
(2.97344 0.273034 0)
(2.98125 0.208268 0)
(2.99959 0.154755 0)
(3.01316 0.099634 0)
(3.00981 0.034931 0)
(3.02581 -0.0186911 0)
(3.04725 -0.0548942 0)
(3.03685 -0.103084 0)
(3.03381 -0.132821 0)
(3.03083 -0.132567 0)
(3.03547 -0.14029 0)
(3.04389 -0.162663 0)
(3.04616 -0.182454 0)
(3.05559 -0.195382 0)
(3.06983 -0.194672 0)
(3.08212 -0.190598 0)
(3.09652 -0.180621 0)
(3.11179 -0.162777 0)
(3.12485 -0.142926 0)
(3.13577 -0.126026 0)
(3.14348 -0.111918 0)
(3.14567 -0.0968842 0)
(3.1421 -0.0776326 0)
(3.13843 -0.0521031 0)
(3.14193 -0.0201045 0)
(3.15439 0.0157967 0)
(3.17116 0.0544231 0)
(3.19028 0.10041 0)
(3.20713 0.15671 0)
(3.21386 0.209338 0)
(3.2128 0.248567 0)
(3.20298 0.272096 0)
(3.19854 0.26768 0)
(3.18242 0.241593 0)
(3.1519 0.182921 0)
(3.1104 0.0958509 0)
(3.07291 0.0242933 0)
(3.05945 0.000802178 0)
(3.05683 -0.00153668 0)
(3.05457 -0.00123494 0)
(3.05026 -4.0148e-05 0)
(3.04398 0.000587862 0)
(3.04098 0.000532855 0)
(3.04077 0.000428066 0)
(3.04078 0.000295846 0)
(3.04117 8.12903e-05 0)
(3.04335 -0.000201274 0)
(3.04941 -0.00105528 0)
(3.05327 -0.00183713 0)
(3.05349 -0.00196752 0)
(2.42781 -0.824303 0)
(2.54569 -0.774008 0)
(2.65111 -0.794851 0)
(2.70964 -0.698053 0)
(2.8713 -0.47545 0)
(2.93331 -0.345043 0)
(2.98902 -0.224505 0)
(3.01415 -0.118227 0)
(3.02039 -0.0448751 0)
(3.01608 0.0137037 0)
(3.04282 0.0508489 0)
(3.04994 0.0506881 0)
(3.03623 0.055245 0)
(3.03301 0.0581236 0)
(3.03917 0.0570962 0)
(3.04695 0.0434942 0)
(3.03901 0.0318204 0)
(3.02663 0.0298342 0)
(3.02043 0.0246613 0)
(3.03269 0.0181813 0)
(3.03624 0.0159492 0)
(3.03871 0.0107405 0)
(3.03316 0.00375393 0)
(3.02516 -0.000805239 0)
(3.02803 -0.00122086 0)
(3.03153 -0.00109669 0)
(3.04256 -0.000540533 0)
(3.04857 -0.000479562 0)
(3.05812 -0.000839181 0)
(3.06362 -0.00325111 0)
(3.05954 -0.00476482 0)
(3.05899 -0.00211769 0)
(3.0712 0.00291814 0)
(3.0693 0.0138044 0)
(3.05477 0.0478422 0)
(3.00945 0.121118 0)
(2.95036 0.221507 0)
(2.90964 0.308131 0)
(2.89024 0.347642 0)
(2.87025 0.384213 0)
(2.86646 0.384318 0)
(2.87111 0.375348 0)
(2.87413 0.367909 0)
(2.88381 0.373888 0)
(2.90138 0.338596 0)
(2.91637 0.306486 0)
(2.92413 0.285173 0)
(2.92502 0.258433 0)
(2.94413 0.236718 0)
(2.94931 0.213765 0)
(2.96315 0.182249 0)
(2.98236 0.163667 0)
(2.99497 0.136258 0)
(2.99301 0.111492 0)
(2.98922 0.0951857 0)
(2.98862 0.0877371 0)
(3.00178 0.0721898 0)
(3.01743 0.0510245 0)
(3.02567 0.0342412 0)
(3.03106 0.0261529 0)
(3.03893 0.0256821 0)
(3.04867 0.0273495 0)
(3.06017 0.0339763 0)
(3.07172 0.0448024 0)
(3.08436 0.0549441 0)
(3.09853 0.0625747 0)
(3.11091 0.0686082 0)
(3.11902 0.0759159 0)
(3.12376 0.0844618 0)
(3.12818 0.0947544 0)
(3.1387 0.109286 0)
(3.15998 0.126645 0)
(3.18516 0.142413 0)
(3.21135 0.156104 0)
(3.23491 0.166893 0)
(3.24565 0.17354 0)
(3.23251 0.173852 0)
(3.19105 0.162583 0)
(3.12903 0.134219 0)
(3.0868 0.0819153 0)
(3.06666 0.0291838 0)
(3.05876 0.00430689 0)
(3.05742 -5.87536e-05 0)
(3.05742 -0.000273769 0)
(3.05735 -4.78295e-05 0)
(3.05607 0.000433786 0)
(3.05154 0.000632209 0)
(3.04435 0.00046419 0)
(3.04116 0.00019052 0)
(3.04096 8.84718e-05 0)
(3.04097 -3.00258e-05 0)
(3.04127 -0.000345465 0)
(3.04304 -0.000779005 0)
(3.0485 -0.00110251 0)
(3.05233 -0.00118963 0)
(3.05249 -0.00117632 0)
)
;

boundaryField
{
    inlet
    {
        type            fixedValue;
        value           uniform (3 0 0);
    }
    outlet
    {
        type            inletOutlet;
        inletValue      uniform (3 0 0);
        value           nonuniform List<vector> 
32
(
(3.05249 0.00117632 0)
(3.05349 0.00196752 0)
(3.05415 0.00350962 0)
(3.0548 0.00474946 0)
(3.0548 0.00670958 0)
(3.05546 0.00808107 0)
(3.05614 0.0102511 0)
(3.05713 0.0124714 0)
(3.05634 0.0158723 0)
(3.05701 0.0187458 0)
(3.05702 0.0231214 0)
(3.06406 0.023638 0)
(3.09692 0.0072468 0)
(3.12837 -0.00812528 0)
(3.15045 -0.000532866 0)
(3.16617 0.00317935 0)
(3.16655 -0.00197492 0)
(3.1508 0.000252205 0)
(3.12777 0.00872145 0)
(3.09604 -0.00814715 0)
(3.06361 -0.0239903 0)
(3.05699 -0.0231488 0)
(3.05702 -0.018737 0)
(3.05633 -0.0158719 0)
(3.05714 -0.0124655 0)
(3.05615 -0.0102505 0)
(3.05546 -0.00808089 0)
(3.0548 -0.0067095 0)
(3.0548 -0.00474944 0)
(3.05415 -0.00350961 0)
(3.05349 -0.00196752 0)
(3.05249 -0.00117632 0)
)
;
    }
    bottom
    {
        type            symmetryPlane;
    }
    top
    {
        type            symmetryPlane;
    }
    obstacle
    {
        type            slip;
    }
    defaultFaces
    {
        type            empty;
    }
}


// ************************************************************************* //
