/*--------------------------------*- C++ -*----------------------------------*\
  =========                 |
  \\      /  F ield         | OpenFOAM: The Open Source CFD Toolbox
   \\    /   O peration     | Website:  https://openfoam.org
    \\  /    A nd           | Version:  7
     \\/     M anipulation  |
\*---------------------------------------------------------------------------*/
FoamFile
{
    version     2.0;
    format      ascii;
    class       volVectorField;
    location    "2.9";
    object      U;
}
// * * * * * * * * * * * * * * * * * * * * * * * * * * * * * * * * * * * * * //

dimensions      [0 1 -1 0 0 0 0];

internalField   nonuniform List<vector> 
4608
(
(3 2.25104e-17 0)
(3 -5.52049e-17 0)
(3 -8.37644e-17 0)
(3 -4.23634e-16 0)
(3 -6.72796e-16 0)
(3 -7.21748e-17 0)
(3 3.95058e-16 0)
(3 1.17389e-15 0)
(3 1.4786e-15 0)
(3 1.29098e-15 0)
(3 1.42255e-15 0)
(3 1.73816e-15 0)
(3 1.45433e-15 0)
(3 9.23468e-16 0)
(3 5.26662e-16 0)
(3 1.35514e-15 0)
(3 1.33936e-15 0)
(3 1.0774e-15 0)
(3 5.57183e-16 0)
(3 -3.20613e-16 0)
(3 1.78168e-16 0)
(3 7.32283e-16 0)
(3 1.0186e-15 0)
(3 -1.01916e-16 0)
(3 5.89282e-17 0)
(3 2.65495e-16 0)
(3 1.20834e-16 0)
(3 -4.34069e-16 0)
(3 -8.27341e-16 0)
(3 -2.54461e-16 0)
(3 9.56342e-16 0)
(3 1.95871e-15 0)
(3 2.25693e-15 0)
(3 1.50783e-15 0)
(3 1.75607e-15 0)
(3 1.88605e-15 0)
(3 1.91841e-15 0)
(3 1.30488e-15 0)
(3 1.54556e-16 0)
(3 1.02976e-15 0)
(3 9.90482e-16 0)
(3 8.83046e-16 0)
(3 -1.4351e-15 0)
(3 -2.30588e-15 0)
(3 -1.61967e-15 0)
(3 9.38309e-16 0)
(3 1.20429e-15 0)
(3 6.40161e-16 0)
(3 -1.03631e-16 0)
(3 2.23805e-18 0)
(3 -3.62691e-17 0)
(3 5.78536e-17 0)
(3 1.93849e-16 0)
(3 2.99276e-17 0)
(3 1.40873e-16 0)
(3 5.03356e-16 0)
(3 1.54285e-15 0)
(3 2.26889e-15 0)
(3 3.11142e-15 0)
(3 1.68409e-15 0)
(3 1.1852e-15 0)
(3 4.62759e-16 0)
(3 -7.32849e-16 0)
(3 -5.10115e-16 0)
(3 -2.16508e-16 0)
(3 -4.2437e-16 0)
(3 -1.15514e-15 0)
(3 -1.6462e-15 0)
(3 -1.67079e-15 0)
(3 -6.19037e-16 0)
(3 5.90346e-16 0)
(3 3.52619e-16 0)
(3 -5.63916e-17 0)
(3 -4.36891e-16 0)
(3 -1.27318e-16 0)
(3 3.02886e-16 0)
(3 4.40014e-16 0)
(3 2.32519e-16 0)
(3 1.02986e-16 0)
(3 1.0016e-16 0)
(3 4.60548e-16 0)
(3 2.17263e-15 0)
(3 3.13804e-15 0)
(3 1.55304e-15 0)
(3 8.25186e-16 0)
(3 -5.54639e-16 0)
(3 -1.38434e-15 0)
(3 -1.12879e-15 0)
(3 -8.30717e-16 0)
(3 -9.88484e-16 0)
(3 -4.97993e-16 0)
(3 -6.44716e-16 0)
(3 -1.41078e-15 0)
(3 -1.30973e-15 0)
(3 -2.1232e-16 0)
(3 6.09849e-16 0)
(3 1.63275e-16 0)
(3 2.54674e-16 0)
(3 2.70989e-16 0)
(3 4.89044e-16 0)
(3 5.25079e-16 0)
(3 7.37495e-16 0)
(3 1.04908e-15 0)
(3 8.38248e-16 0)
(3 7.2285e-16 0)
(3 1.13201e-15 0)
(3 8.06128e-16 0)
(3 5.66768e-16 0)
(3 3.83166e-16 0)
(3 -9.02479e-16 0)
(3 -8.57883e-16 0)
(3 -6.52928e-16 0)
(3 -2.10156e-16 0)
(3 1.46405e-16 0)
(3 -8.37605e-16 0)
(3 -1.3762e-15 0)
(3 -1.21519e-15 0)
(3 -9.89498e-16 0)
(3 -4.91805e-16 0)
(3 1.59416e-15 0)
(3 2.7815e-17 0)
(3 1.3854e-16 0)
(3 -1.20658e-16 0)
(3 -1.74172e-16 0)
(3 1.10943e-17 0)
(3 3.73263e-16 0)
(3 1.23793e-15 0)
(3 1.47759e-15 0)
(3 1.38097e-15 0)
(3 4.244e-16 0)
(3 2.64307e-17 0)
(3 -1.06365e-15 0)
(3 -1.795e-15 0)
(3 -1.78429e-15 0)
(3 -6.68466e-16 0)
(3 1.36171e-16 0)
(3 8.20157e-16 0)
(3 8.24829e-16 0)
(3 -2.42791e-16 0)
(3 -6.36288e-16 0)
(3 -7.08789e-16 0)
(3 -6.67323e-16 0)
(3 -2.01859e-16 0)
(3 9.36125e-16 0)
(3 1.40983e-16 0)
(3 2.25135e-16 0)
(3 1.86958e-16 0)
(3 1.19187e-16 0)
(3 -1.91439e-16 0)
(3 -1.03602e-17 0)
(3 1.49211e-16 0)
(3 5.71704e-16 0)
(3 -8.1022e-17 0)
(3 -1.16795e-15 0)
(3 -1.73419e-15 0)
(3 -2.03053e-15 0)
(3 -1.91842e-15 0)
(3 -9.40488e-16 0)
(3 -2.60514e-16 0)
(3 3.56761e-16 0)
(3 7.64651e-16 0)
(3 4.83325e-16 0)
(3 2.13721e-16 0)
(3 2.62778e-16 0)
(3 -1.16679e-15 0)
(3 -1.47006e-15 0)
(3 -7.99023e-16 0)
(3 4.87025e-17 0)
(3 1.36073e-16 0)
(3 4.77821e-16 0)
(3 3.44899e-16 0)
(3 -3.74259e-16 0)
(3 -7.6578e-16 0)
(3 -7.23606e-16 0)
(3 -1.80785e-15 0)
(3 -1.67558e-15 0)
(3 -1.81603e-15 0)
(3 -1.75593e-15 0)
(3 -2.07724e-15 0)
(3 -1.73289e-15 0)
(3 -5.44676e-16 0)
(3 1.8625e-16 0)
(3 8.35084e-17 0)
(3 2.3389e-16 0)
(3 7.39629e-16 0)
(3 9.06896e-16 0)
(3 9.35927e-16 0)
(3 1.18699e-15 0)
(3 5.36133e-16 0)
(3 -2.93597e-16 0)
(3 -1.18899e-16 0)
(3 -2.16519e-16 0)
(3 -1.98348e-16 0)
(3 -8.01858e-16 0)
(3 -1.00266e-15 0)
(3 -1.42237e-15 0)
(3 -1.23033e-15 0)
(3 -1.18905e-15 0)
(3 -1.10735e-15 0)
(3 -8.94274e-16 0)
(3 -6.02792e-16 0)
(3 -1.15777e-15 0)
(3 -2.09054e-15 0)
(3 -1.65387e-15 0)
(3 -1.50919e-15 0)
(3 -7.71193e-16 0)
(3 -1.45047e-16 0)
(3 -4.84715e-17 0)
(3 3.88195e-16 0)
(3 9.36925e-16 0)
(3 8.43806e-16 0)
(3 7.12587e-16 0)
(3 9.14256e-16 0)
(3 7.61355e-16 0)
(3 -1.48603e-16 0)
(3 -6.6016e-16 0)
(3 -1.17802e-16 0)
(3 -4.52344e-16 0)
(3 -4.82403e-16 0)
(3 -1.55633e-16 0)
(3 -3.9738e-16 0)
(3 -7.89228e-16 0)
(3 -5.64067e-16 0)
(3 -1.02327e-16 0)
(3 2.8337e-17 0)
(3 -3.05448e-16 0)
(3 -1.07249e-15 0)
(3 -4.9853e-16 0)
(3 -1.41653e-16 0)
(3 -2.90166e-16 0)
(3 5.31809e-16 0)
(3 9.72776e-16 0)
(3 3.08557e-16 0)
(3 9.22414e-17 0)
(3 -5.69484e-17 0)
(3 3.60265e-17 0)
(3 3.97843e-16 0)
(3 3.30034e-16 0)
(3 -4.99113e-17 0)
(3 -1.06125e-15 0)
(3 2.47481e-17 0)
(3 7.99966e-17 0)
(3 2.45224e-16 0)
(3 2.11136e-16 0)
(3 -5.24309e-17 0)
(3 -7.96976e-17 0)
(3 -1.9952e-16 0)
(3 -1.61604e-16 0)
(3 1.01655e-16 0)
(3 4.70193e-16 0)
(3 9.19487e-16 0)
(3 1.70927e-15 0)
(3 1.96679e-15 0)
(3 1.56743e-15 0)
(3 1.31837e-15 0)
(3 1.01045e-15 0)
(3 1.97494e-16 0)
(3 -1.41784e-16 0)
(3 2.27758e-17 0)
(3 1.95021e-16 0)
(3 6.57979e-17 0)
(3 6.73438e-18 0)
(3 4.40607e-16 0)
(3 4.63426e-16 0)
(3 -3.59668e-17 0)
(3 -2.95593e-16 0)
(3 -3.94225e-16 0)
(3 -3.91739e-16 0)
(3 3.18365e-16 0)
(3 9.49056e-16 0)
(3 8.35507e-16 0)
(3 6.81784e-16 0)
(3 6.0244e-16 0)
(3 3.95621e-16 0)
(3 1.30103e-15 0)
(3 1.80166e-15 0)
(3 2.12917e-15 0)
(3 2.65239e-15 0)
(3 1.7541e-15 0)
(3 1.14014e-15 0)
(3 -3.94197e-16 0)
(3 -4.0907e-16 0)
(3 -1.30664e-16 0)
(3 -1.58201e-16 0)
(3 -8.70004e-17 0)
(3 4.42481e-16 0)
(3 5.971e-16 0)
(3 1.20605e-15 0)
(3 -9.44385e-19 0)
(3 1.01692e-17 0)
(3 3.39131e-17 0)
(3 1.04111e-16 0)
(3 2.96059e-16 0)
(3 1.27377e-16 0)
(3 5.45364e-16 0)
(3 5.84989e-16 0)
(3 1.11365e-15 0)
(3 8.24676e-16 0)
(3 3.54673e-16 0)
(3 1.60793e-15 0)
(3 2.24342e-15 0)
(3 2.69e-15 0)
(3 1.58456e-15 0)
(3 -9.49082e-16 0)
(3 -1.72681e-15 0)
(3 -2.53375e-15 0)
(3 -1.67108e-15 0)
(3 -7.99732e-16 0)
(3 -3.38264e-16 0)
(3 5.66591e-16 0)
(3 1.40734e-15 0)
(3 1.89473e-15 0)
(3 3.88459e-17 0)
(3 3.94659e-16 0)
(3 9.40583e-16 0)
(3 8.13207e-16 0)
(3 1.75307e-16 0)
(3 9.85684e-17 0)
(3 2.33454e-16 0)
(3 2.68566e-17 0)
(3 1.03446e-16 0)
(3 4.52051e-16 0)
(3 1.49902e-16 0)
(3 6.41114e-16 0)
(3 8.25599e-16 0)
(3 7.92784e-16 0)
(3 2.47895e-16 0)
(3 -7.89121e-16 0)
(3 -2.48603e-15 0)
(3 -3.18187e-15 0)
(3 -1.68041e-15 0)
(3 -1.33748e-15 0)
(3 -9.64264e-16 0)
(3 -2.51571e-17 0)
(3 7.78907e-16 0)
(3 9.99234e-16 0)
(3 -1.2938e-17 0)
(3 1.74097e-16 0)
(3 3.90289e-16 0)
(3 9.85286e-17 0)
(3 -2.25677e-17 0)
(3 2.79777e-16 0)
(3 1.52358e-16 0)
(3 -2.03708e-16 0)
(3 -9.56522e-16 0)
(3 -6.02295e-16 0)
(3 -1.13617e-16 0)
(3 -7.24225e-16 0)
(3 -1.62829e-15 0)
(3 -2.30023e-15 0)
(3 -1.15661e-15 0)
(3 -3.42211e-16 0)
(3 -7.30725e-16 0)
(3 -1.41968e-15 0)
(3 -1.35774e-15 0)
(3 -9.15601e-16 0)
(3 -3.65118e-16 0)
(3 -2.02616e-16 0)
(3 3.71058e-17 0)
(3 1.93726e-16 0)
(3 -6.42768e-17 0)
(3 -2.66985e-17 0)
(3 -2.35503e-16 0)
(3 -5.6319e-16 0)
(3 -4.16591e-16 0)
(3 -3.75271e-16 0)
(3 -4.8804e-16 0)
(3 -6.15009e-16 0)
(3 -5.26775e-16 0)
(3 -6.22607e-16 0)
(3 -6.58131e-16 0)
(3 -1.27466e-15 0)
(3 -1.92137e-15 0)
(3 -2.05214e-15 0)
(3 -1.66113e-15 0)
(3 -1.29987e-15 0)
(3 -8.86626e-16 0)
(3 -1.05321e-15 0)
(3 -3.15648e-16 0)
(3 9.22929e-16 0)
(3 1.36853e-15 0)
(3 -1.14316e-17 0)
(3 -8.97501e-16 0)
(3 -1.07476e-15 0)
(3 1.82881e-17 0)
(3 8.11217e-18 0)
(3 -4.33002e-16 0)
(3 -7.13839e-16 0)
(3 -6.89327e-16 0)
(3 -4.03437e-16 0)
(3 -6.42696e-16 0)
(3 -7.08045e-16 0)
(3 -9.62454e-16 0)
(3 -1.13922e-15 0)
(3 -1.49633e-15 0)
(3 -2.11966e-15 0)
(3 -2.51933e-15 0)
(3 -2.46649e-15 0)
(3 -2.06459e-15 0)
(3 -8.70306e-16 0)
(3 3.24374e-16 0)
(3 9.11802e-16 0)
(3 1.94509e-15 0)
(3 1.99194e-15 0)
(3 4.74998e-16 0)
(3 -6.61444e-16 0)
(3 -9.76987e-16 0)
(3 -2.04722e-15 0)
(3 -3.53317e-17 0)
(3 9.78818e-17 0)
(3 3.507e-16 0)
(3 4.81297e-16 0)
(3 3.07588e-16 0)
(3 4.69005e-16 0)
(3 4.83366e-16 0)
(3 -5.73239e-17 0)
(3 -1.1425e-15 0)
(3 -2.22329e-15 0)
(3 -3.05799e-15 0)
(3 -3.14134e-15 0)
(3 -2.37475e-15 0)
(3 -1.96214e-15 0)
(3 -2.05358e-15 0)
(3 -1.56963e-15 0)
(3 6.39796e-16 0)
(3 1.18151e-15 0)
(3 6.59132e-16 0)
(3 -1.49248e-16 0)
(3 -2.56268e-15 0)
(3 -2.97451e-15 0)
(3 -1.67357e-15 0)
(3 -3.71795e-16 0)
(3 1.68361e-18 0)
(3 -5.95966e-17 0)
(3 4.99488e-17 0)
(3 7.0483e-16 0)
(3 1.38121e-15 0)
(3 1.36508e-15 0)
(3 7.19276e-16 0)
(3 -4.84306e-16 0)
(3 -1.12483e-15 0)
(3 -1.90915e-15 0)
(3 -1.80185e-15 0)
(3 -2.02191e-15 0)
(3 -7.1562e-16 0)
(3 -3.21008e-17 0)
(3 -3.74405e-16 0)
(3 -1.82555e-16 0)
(3 4.13227e-16 0)
(3 -3.30203e-17 0)
(3 -1.72982e-15 0)
(3 -2.24981e-15 0)
(3 -3.46671e-15 0)
(3 -3.57153e-15 0)
(3 -2.41384e-15 0)
(3 -1.61424e-15 0)
(3 3.94562e-16 0)
(3 2.25284e-16 0)
(3 -3.2553e-17 0)
(3 3.42672e-16 0)
(3 1.11959e-15 0)
(3 7.12965e-16 0)
(3 -1.21513e-15 0)
(3 -1.9921e-15 0)
(3 -1.69007e-15 0)
(3 -2.0616e-15 0)
(3 -7.79778e-16 0)
(3 -4.11787e-16 0)
(3 -3.98117e-16 0)
(3 -7.57874e-17 0)
(3 4.15444e-16 0)
(3 1.077e-15 0)
(3 9.31677e-16 0)
(3 2.946e-16 0)
(3 -7.32997e-16 0)
(3 -1.70013e-15 0)
(3 -1.51355e-15 0)
(3 -1.70774e-15 0)
(3 -1.7904e-15 0)
(3 -1.49377e-15 0)
(3 8.07755e-17 0)
(3 2.68464e-16 0)
(3 7.13283e-16 0)
(3 6.18013e-17 0)
(3 -9.77662e-16 0)
(3 -1.97099e-15 0)
(3 -2.43771e-15 0)
(3 -1.72455e-15 0)
(3 -1.24967e-15 0)
(3 -1.94124e-15 0)
(3 -1.52801e-15 0)
(3 -7.71907e-16 0)
(3 -3.94627e-16 0)
(3 -8.44303e-17 0)
(3 7.50606e-16 0)
(3 1.37105e-15 0)
(3 1.32567e-15 0)
(3 6.01968e-16 0)
(3 -4.71586e-16 0)
(3 -9.4447e-16 0)
(3 -7.12721e-16 0)
(3 9.82217e-17 0)
(3 -2.04938e-16 0)
(3 -2.337e-16 0)
(3 -2.79942e-16 0)
(3 -1.48977e-16 0)
(3 1.63393e-17 0)
(3 -8.74794e-16 0)
(3 -1.7499e-15 0)
(3 -2.06124e-15 0)
(3 -1.37799e-15 0)
(3 2.01822e-17 0)
(3 5.94894e-16 0)
(3 9.58888e-16 0)
(3 2.39385e-16 0)
(3 5.59384e-17 0)
(3 2.57297e-16 0)
(3 1.40245e-15 0)
(3 1.73469e-15 0)
(3 1.54453e-15 0)
(3 8.09854e-16 0)
(3 6.0812e-16 0)
(3 8.31396e-16 0)
(3 1.15779e-15 0)
(3 1.16223e-15 0)
(3 1.14311e-15 0)
(3 4.60519e-16 0)
(3 -3.16659e-16 0)
(3 -6.12443e-17 0)
(3 -1.45178e-16 0)
(3 -2.6529e-16 0)
(3 1.11883e-16 0)
(3 2.79336e-16 0)
(3 6.77827e-16 0)
(3 1.53049e-15 0)
(3 2.0714e-15 0)
(3 2.1985e-15 0)
(3 1.68101e-15 0)
(3 1.43739e-15 0)
(3 1.80933e-15 0)
(3 1.71927e-15 0)
(3 1.55407e-15 0)
(3 1.70812e-15 0)
(3 1.08989e-15 0)
(3 1.04458e-15 0)
(3 1.13771e-15 0)
(3 2.16846e-15 0)
(3 2.24503e-15 0)
(3 2.30697e-15 0)
(3 1.43594e-15 0)
(3 7.05084e-16 0)
(3 2.01979e-16 0)
(3 -1.21809e-16 0)
(3 -3.78748e-16 0)
(3 -3.0603e-16 0)
(3 2.70081e-16 0)
(3 6.23804e-16 0)
(3 1.19563e-15 0)
(3 1.59537e-15 0)
(3 1.65012e-15 0)
(3 1.16869e-15 0)
(3 1.06876e-15 0)
(3 1.75904e-15 0)
(3 1.59199e-15 0)
(3 1.28026e-15 0)
(3 -2.18902e-17 0)
(3 -3.84605e-16 0)
(3 1.04765e-15 0)
(3 1.10526e-15 0)
(3 6.31473e-16 0)
(3 7.08345e-16 0)
(3 4.87182e-16 0)
(3 4.38178e-16 0)
(3 4.24602e-16 0)
(3 -3.92878e-17 0)
(3 -5.30945e-16 0)
(3 -3.29281e-17 0)
(3 -1.94121e-16 0)
(3 -3.17677e-16 0)
(3 3.28735e-16 0)
(3 9.97272e-16 0)
(3 1.03288e-15 0)
(3 1.06577e-15 0)
(3 7.75288e-16 0)
(3 4.59202e-16 0)
(3 1.40751e-15 0)
(3 1.6136e-15 0)
(3 6.64893e-16 0)
(3 -3.31063e-16 0)
(3 -1.26761e-15 0)
(3 -2.39571e-15 0)
(3 -5.24667e-16 0)
(3 -3.28712e-16 0)
(3 -2.08133e-16 0)
(3 -3.37738e-16 0)
(3 -1.52479e-16 0)
(3 -9.85538e-17 0)
(3 -8.2051e-17 0)
(3 -3.31152e-16 0)
(3 2.02627e-16 0)
(3 4.1177e-17 0)
(3 1.82996e-16 0)
(3 4.52048e-17 0)
(3 -9.01099e-17 0)
(3 4.02466e-16 0)
(3 2.51238e-16 0)
(3 -1.34122e-16 0)
(3 -6.21594e-17 0)
(3 3.49009e-16 0)
(3 1.76788e-15 0)
(3 2.22833e-15 0)
(3 1.74475e-15 0)
(3 2.52472e-16 0)
(3 -1.7275e-15 0)
(3 -2.36262e-15 0)
(3 -2.99278e-15 0)
(3 -1.7618e-15 0)
(3 -4.68137e-16 0)
(3 -2.46299e-16 0)
(3 5.59779e-16 0)
(3 2.14509e-16 0)
(3 3.07648e-16 0)
(3 -1.25952e-17 0)
(3 -3.30125e-16 0)
(3 2.13893e-17 0)
(3 6.02367e-17 0)
(3 1.98224e-16 0)
(3 -2.40794e-16 0)
(3 -4.80643e-16 0)
(3 -7.22916e-16 0)
(3 -8.79998e-16 0)
(3 -6.49417e-16 0)
(3 3.66303e-16 0)
(3 1.20453e-15 0)
(3 1.4013e-15 0)
(3 1.08704e-15 0)
(3 6.99325e-16 0)
(3 2.89979e-16 0)
(3 -2.05088e-16 0)
(3 -4.23701e-16 0)
(3 -1.29213e-16 0)
(3 1.59641e-16 0)
(3 7.61718e-16 0)
(3 9.22343e-16 0)
(3 1.06576e-15 0)
(3 1.00876e-15 0)
(3 3.72293e-16 0)
(3 -1.10576e-15 0)
(3 3.32335e-16 0)
(3 2.59083e-16 0)
(3 1.2486e-16 0)
(3 4.96188e-16 0)
(3 5.45077e-16 0)
(3 4.85733e-16 0)
(3 2.3156e-16 0)
(3 2.58221e-16 0)
(3 7.06312e-16 0)
(3 4.82105e-16 0)
(3 3.08348e-16 0)
(3 7.47022e-16 0)
(3 1.18396e-15 0)
(3 1.02192e-15 0)
(3 9.96681e-16 0)
(3 1.32746e-15 0)
(3 1.82833e-15 0)
(3 8.41792e-16 0)
(3 5.62031e-16 0)
(3 4.81522e-16 0)
(3 8.94291e-16 0)
(3 8.71134e-16 0)
(3 1.32266e-15 0)
(3 -3.95444e-16 0)
(3 1.5922e-16 0)
(3 2.95487e-16 0)
(3 4.9766e-16 0)
(3 9.86359e-16 0)
(3 3.23976e-16 0)
(3 -3.07089e-16 0)
(3 -1.795e-16 0)
(3 6.66655e-17 0)
(3 3.30407e-16 0)
(3 1.01944e-15 0)
(3 1.57348e-15 0)
(3 1.29678e-15 0)
(3 1.33631e-15 0)
(3 5.94893e-16 0)
(3 -3.69941e-17 0)
(3 4.04886e-17 0)
(3 -1.60887e-16 0)
(3 -6.46713e-16 0)
(3 -1.05679e-15 0)
(3 -1.31563e-15 0)
(3 -5.86222e-16 0)
(3 1.21992e-16 0)
(3 1.94003e-15 0)
(3 1.47049e-15 0)
(3 -2.13217e-16 0)
(3 -1.87152e-16 0)
(3 5.70501e-17 0)
(3 1.41061e-16 0)
(3 -8.02669e-16 0)
(3 -8.13678e-16 0)
(3 -6.98246e-16 0)
(3 -6.08643e-16 0)
(3 -4.02871e-16 0)
(3 -2.42595e-16 0)
(3 -1.66353e-17 0)
(3 1.40708e-16 0)
(3 4.54251e-16 0)
(3 5.66438e-16 0)
(3 -1.03597e-15 0)
(3 -1.52939e-15 0)
(3 -2.08041e-15 0)
(3 -1.33896e-15 0)
(3 -1.84372e-15 0)
(3 -2.67493e-15 0)
(3 -2.16984e-15 0)
(3 -4.4191e-16 0)
(3 3.92217e-16 0)
(3 1.63056e-15 0)
(3 -1.65556e-16 0)
(3 -3.29565e-16 0)
(3 -1.02373e-15 0)
(3 -1.14878e-15 0)
(3 -2.73207e-16 0)
(3 2.80407e-16 0)
(3 3.91474e-16 0)
(3 2.64185e-16 0)
(3 -7.32335e-16 0)
(3 -1.62626e-15 0)
(3 -2.08629e-15 0)
(3 -9.00324e-16 0)
(3 4.41814e-16 0)
(3 4.56889e-16 0)
(3 6.87676e-17 0)
(3 -2.05117e-15 0)
(3 -2.26571e-15 0)
(3 -1.99072e-15 0)
(3 -1.28768e-15 0)
(3 -1.28763e-15 0)
(3 -1.49543e-15 0)
(3 -7.98388e-16 0)
(3 -2.21794e-16 0)
(3 8.60969e-16 0)
(3 -7.18318e-17 0)
(3 -9.86519e-17 0)
(3 -4.75834e-16 0)
(3 -4.55029e-16 0)
(3 -3.78866e-17 0)
(3 2.82531e-16 0)
(3 5.65921e-16 0)
(3 8.30823e-16 0)
(3 -2.75786e-16 0)
(3 -1.84367e-15 0)
(3 -1.89622e-15 0)
(3 -1.13861e-15 0)
(3 4.72236e-16 0)
(3 7.77719e-16 0)
(3 -2.57618e-16 0)
(3 -7.89849e-16 0)
(3 -1.27156e-15 0)
(3 -1.8401e-15 0)
(3 -8.49793e-16 0)
(3 -1.11282e-16 0)
(3 3.82789e-17 0)
(3 1.01177e-16 0)
(3 4.69934e-16 0)
(3 6.46711e-16 0)
(2.93137 0.0362666 0)
(2.85526 0.0376575 0)
(2.751 0.155804 0)
(2.66847 0.24371 0)
(2.58437 0.339759 0)
(2.49116 0.452078 0)
(2.4298 0.541802 0)
(2.34954 0.625633 0)
(2.31038 0.722941 0)
(2.25736 0.800297 0)
(2.2505 0.855289 0)
(2.28485 0.887053 0)
(2.32354 0.899737 0)
(2.33474 0.886461 0)
(2.34538 0.881686 0)
(2.3482 0.865265 0)
(2.3494 0.858233 0)
(2.34655 0.852956 0)
(2.34155 0.85016 0)
(2.34028 0.849615 0)
(2.34055 0.848821 0)
(2.33966 0.848362 0)
(2.33839 0.848767 0)
(2.33728 0.849421 0)
(2.99846 0.00166576 0)
(2.99127 0.0106842 0)
(2.96058 0.0482149 0)
(2.89997 0.134593 0)
(2.80883 0.270096 0)
(2.671 0.470919 0)
(2.54154 0.679033 0)
(2.38505 0.900617 0)
(2.21393 1.0748 0)
(2.16536 1.10128 0)
(2.14761 1.04434 0)
(2.19118 1.00066 0)
(2.24083 0.950729 0)
(2.30346 0.90092 0)
(2.32975 0.858836 0)
(2.3477 0.826614 0)
(2.35649 0.832394 0)
(2.35746 0.841801 0)
(2.35298 0.846803 0)
(2.34811 0.847354 0)
(2.34571 0.846995 0)
(2.34463 0.846866 0)
(2.34252 0.847087 0)
(2.34017 0.849322 0)
(3 4.27664e-07 0)
(3.00002 -1.90251e-05 0)
(2.99996 6.60763e-06 0)
(2.99983 0.000256899 0)
(2.99868 0.0017835 0)
(2.99105 0.0132002 0)
(2.96656 0.0519917 0)
(2.89704 0.174916 0)
(2.7665 0.419135 0)
(2.61374 0.685221 0)
(2.43646 0.858727 0)
(2.33246 0.92711 0)
(2.29961 0.91586 0)
(2.30378 0.901967 0)
(2.30562 0.896311 0)
(2.34254 0.862374 0)
(2.35786 0.856395 0)
(2.35997 0.856275 0)
(2.358 0.849468 0)
(2.35464 0.848801 0)
(2.35212 0.848114 0)
(2.35268 0.847689 0)
(2.35042 0.848514 0)
(2.34581 0.851024 0)
(3 -9.77719e-10 0)
(3 -9.18149e-07 0)
(3 -1.96604e-06 0)
(3 -1.49365e-06 0)
(3 -8.54509e-06 0)
(2.99999 2.36849e-05 0)
(3.00003 -7.75682e-05 0)
(2.9993 0.00103044 0)
(2.98864 0.0203782 0)
(2.92207 0.137752 0)
(2.68255 0.488697 0)
(2.50535 0.720922 0)
(2.3494 0.884198 0)
(2.27015 0.972213 0)
(2.27255 0.956272 0)
(2.30326 0.915854 0)
(2.33232 0.875246 0)
(2.34833 0.8605 0)
(2.35479 0.850197 0)
(2.36066 0.840803 0)
(2.36036 0.841689 0)
(2.35917 0.845703 0)
(2.35804 0.846002 0)
(2.35278 0.847186 0)
(3 -1.69943e-10 0)
(3 2.81974e-09 0)
(3 -8.35853e-08 0)
(3 -1.3939e-07 0)
(3 -5.53856e-07 0)
(3 -6.40492e-07 0)
(3 -5.38396e-06 0)
(3 -5.63105e-06 0)
(3.00002 -4.93962e-05 0)
(2.99944 0.000599091 0)
(2.98222 0.0232275 0)
(2.88104 0.160371 0)
(2.65974 0.460365 0)
(2.36275 0.815973 0)
(2.359 0.839728 0)
(2.3085 0.879087 0)
(2.31281 0.876561 0)
(2.32909 0.871535 0)
(2.34898 0.852157 0)
(2.35586 0.843283 0)
(2.35966 0.843233 0)
(2.36131 0.840929 0)
(2.35922 0.842878 0)
(2.35343 0.84268 0)
(3 -1.04649e-12 0)
(3 1.40352e-10 0)
(3 3.26586e-10 0)
(3 -9.48137e-10 0)
(3 -4.68477e-10 0)
(3 -3.36826e-08 0)
(3 -7.99252e-08 0)
(3 -3.44012e-07 0)
(3 -5.99938e-06 0)
(3 -5.60213e-06 0)
(3.00003 -5.34046e-05 0)
(2.99891 0.00141823 0)
(2.96859 0.0397642 0)
(2.80755 0.23639 0)
(2.6275 0.513516 0)
(2.31223 0.868835 0)
(2.25534 0.894362 0)
(2.30467 0.879246 0)
(2.31176 0.873731 0)
(2.32249 0.865067 0)
(2.3442 0.852251 0)
(2.35074 0.846531 0)
(2.35052 0.840928 0)
(2.34758 0.841326 0)
(3 3.02756e-14 0)
(3 -9.16431e-14 0)
(3 2.28412e-11 0)
(3 1.73418e-11 0)
(3 1.73349e-11 0)
(3 -2.33632e-10 0)
(3 -5.41845e-10 0)
(3 -6.09505e-10 0)
(3 -8.68071e-09 0)
(3 -3.46881e-07 0)
(3 -3.89312e-06 0)
(3.00001 -9.76699e-06 0)
(2.99998 -1.42499e-06 0)
(2.99596 0.0061198 0)
(2.94907 0.0680857 0)
(2.70594 0.371426 0)
(2.55962 0.59522 0)
(2.32873 0.82857 0)
(2.26676 0.89824 0)
(2.28249 0.878603 0)
(2.31229 0.855151 0)
(2.3248 0.849469 0)
(2.33595 0.850035 0)
(2.33834 0.842264 0)
(3 6.26761e-15 0)
(3 6.8817e-15 0)
(3 1.98998e-14 0)
(3 1.29585e-12 0)
(3 2.22339e-12 0)
(3 2.29448e-12 0)
(3 2.8121e-12 0)
(3 4.10158e-12 0)
(3 7.21153e-11 0)
(3 -6.44336e-10 0)
(3 -1.12682e-08 0)
(3 -1.69027e-06 0)
(3 -1.69024e-06 0)
(3.00001 -1.63575e-05 0)
(2.99965 0.000448721 0)
(2.98379 0.0229921 0)
(2.9054 0.149556 0)
(2.56882 0.547583 0)
(2.42718 0.731093 0)
(2.35444 0.802908 0)
(2.32363 0.84472 0)
(2.31491 0.851932 0)
(2.32189 0.849534 0)
(2.32801 0.838108 0)
(3 -1.49778e-15 0)
(3 -1.45719e-15 0)
(3 -2.19259e-15 0)
(3 1.84054e-15 0)
(3 2.19768e-14 0)
(3 2.70551e-13 0)
(3 7.8784e-13 0)
(3 1.74988e-12 0)
(3 1.29958e-11 0)
(3 1.95147e-11 0)
(3 4.35155e-11 0)
(3 -1.61014e-08 0)
(3 -1.55348e-07 0)
(3 -3.71578e-06 0)
(3 -2.01594e-06 0)
(2.99999 9.23814e-06 0)
(2.99774 0.00372511 0)
(2.93966 0.081507 0)
(2.81347 0.288727 0)
(2.45588 0.707537 0)
(2.34773 0.831822 0)
(2.32466 0.842147 0)
(2.32002 0.843686 0)
(2.31643 0.841978 0)
(3 -1.99762e-15 0)
(3 -2.21793e-15 0)
(3 -1.92757e-15 0)
(3 -1.36962e-15 0)
(3 -8.89874e-16 0)
(3 2.8244e-15 0)
(3 4.28413e-14 0)
(3 1.55438e-13 0)
(3 4.82687e-13 0)
(3 3.78887e-12 0)
(3 6.69904e-12 0)
(3 1.09084e-10 0)
(3 -1.41604e-09 0)
(3 -3.81525e-08 0)
(3 -4.11761e-07 0)
(3 -8.00447e-07 0)
(3.00001 -1.43759e-05 0)
(2.99933 0.00124444 0)
(2.98916 0.0204564 0)
(2.84356 0.214826 0)
(2.64051 0.50024 0)
(2.44625 0.736188 0)
(2.32099 0.881776 0)
(2.3019 0.868626 0)
(3 5.1555e-16 0)
(3 1.24532e-17 0)
(3 -4.06498e-16 0)
(3 -2.58976e-16 0)
(3 -9.36463e-17 0)
(3 -1.99752e-16 0)
(3 -1.54589e-16 0)
(3 4.71565e-15 0)
(3 4.53327e-15 0)
(3 3.88194e-14 0)
(3 4.89413e-13 0)
(3 1.80702e-11 0)
(3 1.5496e-11 0)
(3 2.45841e-10 0)
(3 -4.66975e-09 0)
(3 -6.70954e-08 0)
(3 -2.24228e-06 0)
(3 -5.03441e-06 0)
(2.99996 5.65267e-05 0)
(2.99356 0.0105355 0)
(2.94112 0.097853 0)
(2.71171 0.420856 0)
(2.45056 0.757905 0)
(2.37218 0.784546 0)
(3 1.74981e-15 0)
(3 1.89311e-15 0)
(3 1.07257e-15 0)
(3 1.25238e-16 0)
(3 8.75309e-17 0)
(3 -1.67615e-16 0)
(3 -1.97625e-15 0)
(3 -1.12423e-15 0)
(3 -2.40144e-16 0)
(3 8.57428e-16 0)
(3 2.58431e-15 0)
(3 3.27852e-13 0)
(3 2.6693e-12 0)
(3 2.605e-11 0)
(3 5.19651e-11 0)
(3 -1.92669e-09 0)
(3 -4.20287e-08 0)
(3 -1.31233e-06 0)
(3 -1.24098e-06 0)
(3 -2.90151e-06 0)
(2.99838 0.00338225 0)
(2.96851 0.0505029 0)
(2.75632 0.350141 0)
(2.53339 0.642199 0)
(3 1.8704e-15 0)
(3 1.54862e-15 0)
(3 1.15906e-15 0)
(3 8.91219e-16 0)
(3 1.48978e-15 0)
(3 1.39613e-15 0)
(3 4.49181e-16 0)
(3 7.0057e-17 0)
(3 -1.97913e-16 0)
(3 -7.24328e-16 0)
(3 -8.85306e-16 0)
(3 -1.72071e-15 0)
(3 1.746e-14 0)
(3 8.43663e-13 0)
(3 1.54228e-11 0)
(3 1.19462e-11 0)
(3 1.14177e-10 0)
(3 -2.50427e-08 0)
(3 -2.8946e-07 0)
(3 -4.57773e-07 0)
(3 -2.75537e-06 0)
(2.99932 0.00146426 0)
(2.97818 0.0350587 0)
(2.84257 0.250066 0)
(3 1.30546e-15 0)
(3 3.4323e-16 0)
(3 -2.5949e-16 0)
(3 -4.36821e-16 0)
(3 4.722e-16 0)
(3 8.48244e-16 0)
(3 1.36505e-15 0)
(3 1.95062e-15 0)
(3 7.80483e-16 0)
(3 -6.54454e-16 0)
(3 -1.22111e-15 0)
(3 -2.20921e-15 0)
(3 -1.48387e-15 0)
(3 -2.18755e-16 0)
(3 7.73519e-13 0)
(3 3.34819e-12 0)
(3 2.59873e-11 0)
(3 5.2979e-11 0)
(3 -1.61472e-08 0)
(3 -1.3532e-07 0)
(3 -3.00973e-07 0)
(3 -5.33909e-07 0)
(2.99967 0.000701693 0)
(2.99109 0.0164906 0)
(3 -4.34509e-16 0)
(3 -1.12684e-15 0)
(3 -1.09569e-15 0)
(3 -1.18578e-15 0)
(3 3.47741e-17 0)
(3 1.1728e-15 0)
(3 1.62858e-15 0)
(3 1.7052e-15 0)
(3 4.3528e-16 0)
(3 1.10008e-16 0)
(3 -5.58784e-16 0)
(3 -1.47888e-16 0)
(3 -8.61077e-17 0)
(3 5.03889e-17 0)
(3 2.00146e-15 0)
(3 1.51311e-13 0)
(3 2.86e-12 0)
(3 3.99951e-12 0)
(3 -1.00162e-10 0)
(3 -1.15541e-08 0)
(3 -7.99666e-08 0)
(3 -6.78187e-08 0)
(3 -3.16447e-06 0)
(2.99998 1.03064e-05 0)
(3 -2.27387e-15 0)
(3 -2.08225e-15 0)
(3 -1.14521e-15 0)
(3 4.96448e-16 0)
(3 1.78267e-15 0)
(3 3.1454e-15 0)
(3 2.69733e-15 0)
(3 1.13321e-15 0)
(3 1.03586e-16 0)
(3 -1.62064e-15 0)
(3 -2.36198e-15 0)
(3 -2.00964e-15 0)
(3 -1.65603e-15 0)
(3 -1.10612e-15 0)
(3 -3.59e-15 0)
(3 1.39078e-16 0)
(3 1.57776e-16 0)
(3 4.92386e-13 0)
(3 6.85197e-13 0)
(3 -1.71798e-10 0)
(3 -2.26457e-09 0)
(3 -2.49183e-08 0)
(3 -1.53006e-06 0)
(3 1.88961e-06 0)
(3 -1.97023e-15 0)
(3 -6.80736e-16 0)
(3 6.03392e-17 0)
(3 2.96428e-16 0)
(3 2.2358e-16 0)
(3 2.38095e-16 0)
(3 1.66094e-15 0)
(3 1.95342e-15 0)
(3 8.43705e-16 0)
(3 -1.62743e-15 0)
(3 -3.19693e-15 0)
(3 -4.23025e-15 0)
(3 -4.15733e-15 0)
(3 -4.23035e-15 0)
(3 -4.20709e-15 0)
(3 -4.0086e-15 0)
(3 -2.17854e-14 0)
(3 -1.13263e-12 0)
(3 -2.66151e-13 0)
(3 3.65366e-11 0)
(3 3.31869e-09 0)
(3 1.1778e-07 0)
(3 4.19875e-08 0)
(3 8.35947e-06 0)
(3 5.04012e-16 0)
(3 7.88014e-16 0)
(3 9.99779e-16 0)
(3 5.76418e-16 0)
(3 -1.73095e-15 0)
(3 -2.66579e-15 0)
(3 -1.93332e-15 0)
(3 -6.76611e-16 0)
(3 -9.9557e-16 0)
(3 -9.65161e-16 0)
(3 -1.98565e-15 0)
(3 -1.97861e-15 0)
(3 -2.12067e-15 0)
(3 -1.93833e-15 0)
(3 -4.33065e-15 0)
(3 -9.68538e-14 0)
(3 -1.97462e-12 0)
(3 -9.03563e-12 0)
(3 4.18125e-11 0)
(3 8.22353e-09 0)
(3 4.02009e-08 0)
(3 7.69516e-07 0)
(3 -5.45743e-06 0)
(2.99999 2.02464e-05 0)
(3 -1.39377e-15 0)
(3 -1.2441e-15 0)
(3 3.13571e-16 0)
(3 9.4543e-16 0)
(3 -6.83544e-16 0)
(3 -2.69213e-15 0)
(3 -3.64147e-15 0)
(3 -3.27141e-15 0)
(3 -2.76228e-15 0)
(3 -1.51506e-15 0)
(3 -2.00475e-15 0)
(3 -1.29312e-15 0)
(3 -4.99032e-16 0)
(3 -2.11375e-15 0)
(3 -7.30442e-13 0)
(3 -2.94461e-12 0)
(3 -2.39456e-11 0)
(3 -6.32593e-11 0)
(3 1.63531e-08 0)
(3 1.3109e-07 0)
(3 1.75078e-07 0)
(3 3.50641e-06 0)
(2.99957 -0.000937867 0)
(2.99406 -0.0132395 0)
(3 -1.24795e-15 0)
(3 -1.46442e-15 0)
(3 -1.10109e-15 0)
(3 -5.20979e-16 0)
(3 -4.65245e-16 0)
(3 -9.08334e-16 0)
(3 -1.05494e-15 0)
(3 -1.27288e-15 0)
(3 -8.50435e-16 0)
(3 -1.1677e-15 0)
(3 -1.83205e-15 0)
(3 -3.34923e-15 0)
(3 -2.88986e-14 0)
(3 -8.16451e-13 0)
(3 -1.6333e-11 0)
(3 -1.21933e-11 0)
(3 -3.61339e-11 0)
(3 2.21385e-08 0)
(3 3.47231e-07 0)
(3 5.85309e-07 0)
(3 -1.54019e-06 0)
(2.99931 -0.00121198 0)
(2.97569 -0.0424981 0)
(2.86635 -0.231425 0)
(3 -8.10592e-16 0)
(3 -1.03617e-15 0)
(3 -2.48244e-15 0)
(3 -3.85136e-15 0)
(3 -2.95863e-15 0)
(3 -6.29976e-16 0)
(3 1.1772e-15 0)
(3 3.87042e-16 0)
(3 3.0008e-16 0)
(3 -7.85479e-16 0)
(3 -2.9569e-15 0)
(3 -3.44881e-13 0)
(3 -2.73872e-12 0)
(3 -2.43878e-11 0)
(3 -5.88911e-11 0)
(3 1.72284e-09 0)
(3 4.72541e-08 0)
(3 1.33762e-06 0)
(3 1.50784e-06 0)
(2.99999 -1.63259e-05 0)
(2.99866 -0.00280786 0)
(2.96236 -0.0567036 0)
(2.76608 -0.341356 0)
(2.57605 -0.616515 0)
(3 -4.87484e-16 0)
(3 -7.43672e-16 0)
(3 -1.54091e-15 0)
(3 -1.99964e-15 0)
(3 -1.8356e-15 0)
(3 -6.57729e-16 0)
(3 1.21279e-15 0)
(3 -2.54429e-15 0)
(3 -3.7572e-15 0)
(3 -4.03233e-14 0)
(3 -4.85221e-13 0)
(3 -1.81661e-11 0)
(3 -1.55031e-11 0)
(3 -2.25464e-10 0)
(3 4.64425e-09 0)
(3 7.21292e-08 0)
(3 2.24954e-06 0)
(3 5.20436e-06 0)
(2.99996 -5.14141e-05 0)
(2.99314 -0.0114986 0)
(2.94575 -0.090925 0)
(2.69247 -0.442958 0)
(2.46902 -0.731533 0)
(2.38193 -0.789957 0)
(3 1.09398e-16 0)
(3 -7.08861e-16 0)
(3 -1.55605e-16 0)
(3 2.48159e-16 0)
(3 7.41201e-16 0)
(3 4.13249e-18 0)
(3 -3.79168e-14 0)
(3 -1.55792e-13 0)
(3 -4.55819e-13 0)
(3 -3.81145e-12 0)
(3 -6.08503e-12 0)
(3 -1.13589e-10 0)
(3 1.58982e-09 0)
(3 3.15793e-08 0)
(3 4.77757e-07 0)
(3 7.84542e-07 0)
(3.00001 1.4865e-05 0)
(2.99932 -0.00126406 0)
(2.98948 -0.0205042 0)
(2.84389 -0.215422 0)
(2.63036 -0.509016 0)
(2.45393 -0.731928 0)
(2.32549 -0.870611 0)
(2.30687 -0.861404 0)
(3 -1.4073e-16 0)
(3 -8.07253e-16 0)
(3 -1.14416e-15 0)
(3 -2.96435e-15 0)
(3 -2.11347e-14 0)
(3 -2.70617e-13 0)
(3 -7.98568e-13 0)
(3 -1.72756e-12 0)
(3 -1.27723e-11 0)
(3 -1.92769e-11 0)
(3 -4.25267e-11 0)
(3 1.61088e-08 0)
(3 1.54129e-07 0)
(3 3.6645e-06 0)
(3 2.63108e-06 0)
(2.99999 -1.27746e-05 0)
(2.99779 -0.00364818 0)
(2.93914 -0.0824816 0)
(2.81919 -0.285943 0)
(2.45612 -0.710684 0)
(2.33965 -0.841586 0)
(2.32444 -0.838434 0)
(2.32154 -0.839471 0)
(2.31705 -0.841125 0)
(3 -6.27814e-15 0)
(3 -6.42776e-15 0)
(3 -1.93473e-14 0)
(3 -1.29757e-12 0)
(3 -2.23484e-12 0)
(3 -2.30418e-12 0)
(3 -2.82508e-12 0)
(3 -4.10669e-12 0)
(3 -6.90353e-11 0)
(3 6.46292e-10 0)
(3 1.12156e-08 0)
(3 1.68532e-06 0)
(3 1.69119e-06 0)
(3.00001 1.66111e-05 0)
(2.99965 -0.000449751 0)
(2.9837 -0.0231276 0)
(2.90641 -0.148835 0)
(2.56656 -0.550379 0)
(2.4314 -0.726875 0)
(2.35483 -0.805271 0)
(2.3223 -0.845601 0)
(2.31376 -0.851042 0)
(2.32286 -0.847407 0)
(2.32855 -0.83773 0)
(3 -2.99066e-14 0)
(3 9.13723e-14 0)
(3 -2.2834e-11 0)
(3 -1.73073e-11 0)
(3 -1.73749e-11 0)
(3 2.3183e-10 0)
(3 5.39401e-10 0)
(3 6.77684e-10 0)
(3 8.54875e-09 0)
(3 3.45569e-07 0)
(3 3.92692e-06 0)
(3.00001 9.62024e-06 0)
(2.99998 2.70528e-06 0)
(2.99595 -0.00613683 0)
(2.94926 -0.0679211 0)
(2.70548 -0.372093 0)
(2.5595 -0.595463 0)
(2.32859 -0.828376 0)
(2.26754 -0.896603 0)
(2.28343 -0.878559 0)
(2.3119 -0.855922 0)
(2.32432 -0.849707 0)
(2.33525 -0.849059 0)
(2.33924 -0.842231 0)
(3 1.05041e-12 0)
(3 -1.40458e-10 0)
(3 -3.26801e-10 0)
(3 9.49288e-10 0)
(3 4.68457e-10 0)
(3 3.37203e-08 0)
(3 7.98219e-08 0)
(3 3.44392e-07 0)
(3 5.99431e-06 0)
(3 5.60363e-06 0)
(3.00003 5.36271e-05 0)
(2.99891 -0.00142173 0)
(2.96863 -0.0396867 0)
(2.80726 -0.236719 0)
(2.62823 -0.513105 0)
(2.31238 -0.869021 0)
(2.25457 -0.894916 0)
(2.30443 -0.879079 0)
(2.31163 -0.873412 0)
(2.3224 -0.865127 0)
(2.344 -0.852782 0)
(2.35005 -0.846724 0)
(2.35058 -0.840418 0)
(2.34804 -0.841006 0)
(3 1.69709e-10 0)
(3 -2.81818e-09 0)
(3 8.3575e-08 0)
(3 1.39509e-07 0)
(3 5.54099e-07 0)
(3 6.40522e-07 0)
(3 5.38243e-06 0)
(3 5.63157e-06 0)
(3.00002 4.93097e-05 0)
(2.99944 -0.000598247 0)
(2.98222 -0.0232343 0)
(2.88105 -0.160314 0)
(2.65972 -0.460352 0)
(2.36265 -0.816072 0)
(2.35917 -0.839683 0)
(2.30851 -0.879097 0)
(2.31267 -0.876641 0)
(2.32896 -0.871497 0)
(2.349 -0.851669 0)
(2.35593 -0.843351 0)
(2.35962 -0.843373 0)
(2.36107 -0.841127 0)
(2.35917 -0.842819 0)
(2.35361 -0.842553 0)
(3 9.75688e-10 0)
(3 9.17595e-07 0)
(3 1.96519e-06 0)
(3 1.49495e-06 0)
(3 8.54502e-06 0)
(2.99999 -2.36899e-05 0)
(3.00003 7.75407e-05 0)
(2.9993 -0.00103058 0)
(2.98864 -0.0203742 0)
(2.92202 -0.137802 0)
(2.68268 -0.488553 0)
(2.50526 -0.720952 0)
(2.34929 -0.884295 0)
(2.27015 -0.972224 0)
(2.27263 -0.956201 0)
(2.30333 -0.915785 0)
(2.3323 -0.875325 0)
(2.34808 -0.860673 0)
(2.35492 -0.849966 0)
(2.36082 -0.840763 0)
(2.36044 -0.84179 0)
(2.35913 -0.84579 0)
(2.35794 -0.845964 0)
(2.35275 -0.847146 0)
(3 -4.27903e-07 0)
(3.00002 1.8963e-05 0)
(2.99996 -6.17839e-06 0)
(2.99983 -0.000257224 0)
(2.99868 -0.0017831 0)
(2.99104 -0.0132009 0)
(2.96655 -0.0519986 0)
(2.89705 -0.174901 0)
(2.76651 -0.419132 0)
(2.61366 -0.685297 0)
(2.43654 -0.858662 0)
(2.33247 -0.927108 0)
(2.2996 -0.915877 0)
(2.30376 -0.901989 0)
(2.30568 -0.89626 0)
(2.34255 -0.862318 0)
(2.35789 -0.856536 0)
(2.35986 -0.856301 0)
(2.35799 -0.849378 0)
(2.35472 -0.848763 0)
(2.35216 -0.848216 0)
(2.35262 -0.847746 0)
(2.35041 -0.848466 0)
(2.3458 -0.850981 0)
(2.99846 -0.00166592 0)
(2.99127 -0.010685 0)
(2.96058 -0.0482076 0)
(2.89996 -0.134605 0)
(2.80885 -0.270087 0)
(2.671 -0.470913 0)
(2.54149 -0.679058 0)
(2.3851 -0.900595 0)
(2.21394 -1.07479 0)
(2.16534 -1.1013 0)
(2.1476 -1.04434 0)
(2.19124 -1.00065 0)
(2.24085 -0.950719 0)
(2.30341 -0.900962 0)
(2.3298 -0.858768 0)
(2.34769 -0.826578 0)
(2.35653 -0.832449 0)
(2.35741 -0.841856 0)
(2.35298 -0.846762 0)
(2.34812 -0.847319 0)
(2.34572 -0.84701 0)
(2.34462 -0.846902 0)
(2.34251 -0.847087 0)
(2.34017 -0.849291 0)
(2.93137 -0.0362754 0)
(2.85526 -0.03766 0)
(2.75102 -0.15576 0)
(2.66843 -0.243786 0)
(2.58443 -0.339689 0)
(2.49115 -0.452096 0)
(2.42977 -0.541831 0)
(2.34954 -0.625632 0)
(2.31039 -0.722917 0)
(2.25737 -0.800302 0)
(2.25051 -0.8553 0)
(2.28486 -0.887042 0)
(2.32358 -0.899727 0)
(2.33472 -0.886496 0)
(2.34535 -0.881679 0)
(2.34819 -0.865251 0)
(2.34941 -0.858251 0)
(2.34655 -0.852985 0)
(2.34153 -0.850153 0)
(2.34029 -0.849596 0)
(2.34058 -0.848819 0)
(2.33967 -0.848354 0)
(2.33841 -0.848751 0)
(2.33728 -0.849412 0)
(2.42904 0.817741 0)
(2.53962 0.801611 0)
(2.63205 0.796843 0)
(2.76771 0.619773 0)
(2.87189 0.472411 0)
(2.94417 0.371617 0)
(2.96476 0.198069 0)
(2.9723 0.120809 0)
(2.96241 0.0411912 0)
(2.98647 -0.0275574 0)
(3.00307 -0.0541414 0)
(3.00275 -0.0640634 0)
(2.99024 -0.0680628 0)
(2.98771 -0.0661135 0)
(2.97833 -0.0496112 0)
(2.96369 -0.0318598 0)
(2.94577 -0.0299911 0)
(2.93752 -0.0276903 0)
(2.95778 -0.0199453 0)
(2.96458 -0.0134147 0)
(2.96283 -0.00911202 0)
(2.95242 -0.00177826 0)
(2.93769 0.00193154 0)
(2.90894 -0.0208366 0)
(2.73923 -0.148066 0)
(2.44731 -0.403506 0)
(2.25501 -0.397988 0)
(2.04501 -0.401133 0)
(1.88424 -0.246437 0)
(1.80585 -0.131562 0)
(1.83785 -0.0155909 0)
(1.92206 0.0258965 0)
(1.99538 0.0306683 0)
(2.02621 0.0329565 0)
(2.03981 0.0257374 0)
(2.05629 0.0202106 0)
(2.07574 0.019738 0)
(2.09671 0.0224984 0)
(2.1229 0.0252456 0)
(2.15191 0.0271093 0)
(2.18164 0.0274424 0)
(2.21252 0.026809 0)
(2.24345 0.026634 0)
(2.26981 0.0274559 0)
(2.28716 0.0270226 0)
(2.29633 0.0241147 0)
(2.30155 0.0221873 0)
(2.30997 0.0245182 0)
(2.32634 0.0297605 0)
(2.34702 0.0333393 0)
(2.36882 0.0328177 0)
(2.39206 0.0305638 0)
(2.41585 0.028153 0)
(2.43726 0.0271498 0)
(2.4521 0.0263256 0)
(2.46032 0.0261218 0)
(2.46825 0.0254692 0)
(2.481 0.0256466 0)
(2.49606 0.0277077 0)
(2.50911 0.0293318 0)
(2.51823 0.0316614 0)
(2.52422 0.0321099 0)
(2.53154 0.0307872 0)
(2.54303 0.0306167 0)
(2.5579 0.0291265 0)
(2.5732 0.0331518 0)
(2.58758 0.0310548 0)
(2.60245 0.0268511 0)
(2.61832 0.030607 0)
(2.62802 0.0325184 0)
(2.62048 0.0174707 0)
(2.60663 0.00331282 0)
(2.56296 -0.0298799 0)
(2.47608 -0.088257 0)
(2.35241 -0.119316 0)
(2.27238 -0.156735 0)
(2.23423 -0.175576 0)
(2.22789 -0.121626 0)
(2.18058 -0.0579919 0)
(2.16436 -0.0261472 0)
(2.16221 -0.0045892 0)
(2.18538 0.00525302 0)
(2.1959 0.017662 0)
(2.19365 0.0216212 0)
(2.20693 0.0211787 0)
(2.22531 0.0192685 0)
(2.24909 0.0139518 0)
(2.26997 0.0131935 0)
(2.28582 0.0136168 0)
(2.29854 0.0132674 0)
(2.3066 0.0124957 0)
(2.30168 0.0132177 0)
(2.29044 0.0152547 0)
(2.30146 0.0157384 0)
(2.31518 0.0156038 0)
(2.33887 0.0148863 0)
(2.45014 0.792446 0)
(2.59583 0.650151 0)
(2.69753 0.499887 0)
(2.79257 0.328114 0)
(2.87841 0.113604 0)
(2.91466 -0.0175284 0)
(2.9515 -0.0690896 0)
(2.94598 -0.159456 0)
(2.9179 -0.205161 0)
(2.94881 -0.168798 0)
(2.99059 -0.110266 0)
(2.98683 -0.0931215 0)
(2.97203 -0.0984358 0)
(2.96595 -0.09425 0)
(2.95204 -0.0572259 0)
(2.94259 -0.0320524 0)
(2.92038 -0.0174381 0)
(2.91464 -0.00539408 0)
(2.93779 0.00808576 0)
(2.94403 0.0141534 0)
(2.94459 0.0147297 0)
(2.93304 0.00791036 0)
(2.91051 -0.0276842 0)
(2.71671 -0.28171 0)
(2.52327 -0.537614 0)
(2.36519 -0.777624 0)
(2.29516 -0.723573 0)
(2.1991 -0.505071 0)
(2.08101 -0.190452 0)
(1.91457 0.0474661 0)
(1.86365 0.135954 0)
(1.91369 0.107848 0)
(1.97153 0.0813411 0)
(2.02252 0.0537869 0)
(2.05603 0.035698 0)
(2.0824 0.0301565 0)
(2.10313 0.034316 0)
(2.12037 0.0391197 0)
(2.14452 0.0465007 0)
(2.17355 0.0568845 0)
(2.20074 0.0638598 0)
(2.22752 0.0619965 0)
(2.25612 0.0584855 0)
(2.28364 0.0570859 0)
(2.30516 0.0546698 0)
(2.31801 0.0470732 0)
(2.32371 0.0373242 0)
(2.33244 0.0383393 0)
(2.34989 0.0509927 0)
(2.36929 0.0619546 0)
(2.38952 0.0662263 0)
(2.41061 0.0652767 0)
(2.43169 0.0619155 0)
(2.45095 0.0593563 0)
(2.46563 0.0560162 0)
(2.47471 0.0522856 0)
(2.48299 0.0479229 0)
(2.49613 0.0464865 0)
(2.51255 0.0488909 0)
(2.5277 0.0521358 0)
(2.53939 0.0572418 0)
(2.54706 0.0606628 0)
(2.55292 0.0616788 0)
(2.56135 0.0620547 0)
(2.5743 0.0621429 0)
(2.58897 0.0688361 0)
(2.60353 0.0642286 0)
(2.61669 0.058029 0)
(2.63121 0.0541154 0)
(2.62505 0.0239694 0)
(2.60679 -0.029975 0)
(2.56898 -0.0957115 0)
(2.49313 -0.227142 0)
(2.4401 -0.287125 0)
(2.39902 -0.319915 0)
(2.34219 -0.286498 0)
(2.28356 -0.19582 0)
(2.25462 -0.101272 0)
(2.22437 0.0109535 0)
(2.19216 0.0554458 0)
(2.17883 0.0488379 0)
(2.1826 0.0370453 0)
(2.19517 0.0456684 0)
(2.20389 0.0464954 0)
(2.22206 0.0406128 0)
(2.24243 0.0302321 0)
(2.26246 0.0208795 0)
(2.28293 0.0216263 0)
(2.29925 0.0251196 0)
(2.31167 0.0269291 0)
(2.31885 0.0273135 0)
(2.31384 0.0275283 0)
(2.30097 0.0283393 0)
(2.31042 0.0284439 0)
(2.32451 0.0284246 0)
(2.34768 0.027229 0)
(2.36519 0.837761 0)
(2.42505 0.787454 0)
(2.53406 0.668385 0)
(2.59884 0.597573 0)
(2.66525 0.475589 0)
(2.75053 0.28483 0)
(2.79563 0.246053 0)
(2.81217 0.207121 0)
(2.82731 0.0755031 0)
(2.82574 0.0561403 0)
(2.85492 0.0217792 0)
(2.8969 -0.00298668 0)
(2.90493 -0.0679885 0)
(2.8995 -0.0929872 0)
(2.91269 -0.0788325 0)
(2.9095 -0.056187 0)
(2.90168 -0.0499151 0)
(2.90375 -0.0512715 0)
(2.92012 -0.0428545 0)
(2.92801 -0.0362541 0)
(2.92552 -0.0284834 0)
(2.87762 -0.0918594 0)
(2.72665 -0.321569 0)
(2.46412 -0.632054 0)
(2.36107 -0.748815 0)
(2.33945 -0.78365 0)
(2.34455 -0.772852 0)
(2.34901 -0.730761 0)
(2.35243 -0.634714 0)
(2.28301 -0.39047 0)
(2.16075 -0.127278 0)
(2.03884 0.038553 0)
(2.01634 0.0715753 0)
(2.0255 0.0818832 0)
(2.06834 0.0841584 0)
(2.09544 0.0725301 0)
(2.11232 0.0768948 0)
(2.13137 0.0790949 0)
(2.15434 0.0817401 0)
(2.18339 0.093462 0)
(2.20828 0.106165 0)
(2.2286 0.105631 0)
(2.24918 0.0976518 0)
(2.27102 0.0911946 0)
(2.29192 0.0865122 0)
(2.30841 0.0819561 0)
(2.32093 0.0802654 0)
(2.336 0.0862324 0)
(2.35364 0.0953892 0)
(2.37098 0.100846 0)
(2.38872 0.103137 0)
(2.4076 0.104541 0)
(2.42626 0.105527 0)
(2.44194 0.105385 0)
(2.4524 0.0995481 0)
(2.46043 0.0916942 0)
(2.47233 0.0839198 0)
(2.48907 0.0805397 0)
(2.5071 0.0827419 0)
(2.5226 0.0870003 0)
(2.53476 0.0925844 0)
(2.54496 0.0976273 0)
(2.55356 0.102075 0)
(2.56123 0.104464 0)
(2.56975 0.104316 0)
(2.57801 0.107534 0)
(2.5928 0.0988693 0)
(2.6055 0.0865815 0)
(2.60162 0.0642892 0)
(2.57758 0.00265701 0)
(2.53466 -0.103804 0)
(2.45265 -0.255432 0)
(2.42919 -0.316006 0)
(2.38229 -0.342542 0)
(2.37553 -0.349261 0)
(2.37868 -0.340438 0)
(2.3703 -0.318083 0)
(2.34431 -0.252446 0)
(2.31097 -0.144913 0)
(2.30907 -0.0752547 0)
(2.27944 -0.00400152 0)
(2.23128 0.0242492 0)
(2.21529 0.0477774 0)
(2.21548 0.0765634 0)
(2.23004 0.077811 0)
(2.2512 0.0676738 0)
(2.26984 0.0464601 0)
(2.28818 0.0433221 0)
(2.30657 0.0484545 0)
(2.31859 0.0507921 0)
(2.32364 0.0476789 0)
(2.31521 0.0451788 0)
(2.30167 0.0464128 0)
(2.3105 0.0476026 0)
(2.32371 0.0476002 0)
(2.34629 0.0458296 0)
(2.35544 0.84483 0)
(2.37581 0.828108 0)
(2.43218 0.77459 0)
(2.50195 0.703996 0)
(2.58314 0.61381 0)
(2.68035 0.448504 0)
(2.71986 0.385433 0)
(2.76658 0.343919 0)
(2.84967 0.161252 0)
(2.84447 0.0670312 0)
(2.83268 0.0782144 0)
(2.87689 0.0199567 0)
(2.90229 -0.073842 0)
(2.89221 -0.125915 0)
(2.91201 -0.119502 0)
(2.92581 -0.0764611 0)
(2.91108 -0.0567865 0)
(2.91315 -0.0610273 0)
(2.91546 -0.0635255 0)
(2.91772 -0.0655903 0)
(2.88288 -0.121766 0)
(2.63934 -0.478505 0)
(2.45681 -0.701108 0)
(2.3651 -0.795009 0)
(2.35354 -0.812232 0)
(2.35235 -0.812215 0)
(2.36473 -0.797656 0)
(2.38088 -0.764154 0)
(2.40867 -0.71329 0)
(2.41559 -0.644434 0)
(2.37076 -0.477448 0)
(2.20288 -0.165815 0)
(2.0874 0.0457646 0)
(2.04814 0.15426 0)
(2.05836 0.143236 0)
(2.09039 0.124869 0)
(2.12301 0.111174 0)
(2.15437 0.109646 0)
(2.18404 0.109365 0)
(2.20848 0.120656 0)
(2.22428 0.13446 0)
(2.23753 0.137615 0)
(2.25476 0.137159 0)
(2.27462 0.13904 0)
(2.29437 0.137598 0)
(2.31458 0.128863 0)
(2.3373 0.121233 0)
(2.36306 0.120354 0)
(2.3826 0.128342 0)
(2.39231 0.138296 0)
(2.40218 0.141785 0)
(2.41459 0.14186 0)
(2.42791 0.142801 0)
(2.43973 0.145357 0)
(2.45396 0.147848 0)
(2.46973 0.144896 0)
(2.48732 0.13454 0)
(2.50513 0.124859 0)
(2.52083 0.123021 0)
(2.53359 0.127912 0)
(2.54663 0.13237 0)
(2.56052 0.137967 0)
(2.57096 0.142546 0)
(2.57519 0.146852 0)
(2.57747 0.152947 0)
(2.57777 0.144798 0)
(2.58491 0.123539 0)
(2.57991 0.0833549 0)
(2.5468 0.0142486 0)
(2.46136 -0.149639 0)
(2.43395 -0.245149 0)
(2.40375 -0.311078 0)
(2.38198 -0.333751 0)
(2.37669 -0.329409 0)
(2.3774 -0.335087 0)
(2.37817 -0.333702 0)
(2.394 -0.328606 0)
(2.39583 -0.315316 0)
(2.38706 -0.269632 0)
(2.37442 -0.196628 0)
(2.33907 -0.0907267 0)
(2.2949 0.00767384 0)
(2.24447 0.0587619 0)
(2.23016 0.108717 0)
(2.23355 0.114148 0)
(2.24865 0.102921 0)
(2.26827 0.0783898 0)
(2.28747 0.0732364 0)
(2.31016 0.0739324 0)
(2.32815 0.0703637 0)
(2.33535 0.062884 0)
(2.32606 0.0586628 0)
(2.31168 0.0631229 0)
(2.32221 0.0703808 0)
(2.33408 0.0719589 0)
(2.35412 0.0689315 0)
(2.35432 0.844084 0)
(2.35909 0.840352 0)
(2.38144 0.821815 0)
(2.43858 0.76809 0)
(2.49953 0.706732 0)
(2.55644 0.631869 0)
(2.65767 0.499683 0)
(2.7169 0.432713 0)
(2.75337 0.387842 0)
(2.80302 0.262703 0)
(2.83423 0.188618 0)
(2.83542 0.185751 0)
(2.86929 0.114258 0)
(2.88705 0.0340088 0)
(2.90437 0.0235066 0)
(2.92624 0.0545163 0)
(2.91779 0.0259423 0)
(2.91216 -0.033592 0)
(2.9113 -0.0695439 0)
(2.8688 -0.163364 0)
(2.6479 -0.498607 0)
(2.40683 -0.813409 0)
(2.33922 -0.848657 0)
(2.34405 -0.840471 0)
(2.36086 -0.827795 0)
(2.38183 -0.817682 0)
(2.40048 -0.796894 0)
(2.40489 -0.769664 0)
(2.43414 -0.727757 0)
(2.45168 -0.693099 0)
(2.4578 -0.650135 0)
(2.43077 -0.551798 0)
(2.28932 -0.269766 0)
(2.15302 0.00827789 0)
(2.09958 0.111924 0)
(2.09608 0.15135 0)
(2.11232 0.156036 0)
(2.14406 0.15906 0)
(2.18208 0.150527 0)
(2.21067 0.155999 0)
(2.22795 0.165719 0)
(2.24135 0.167265 0)
(2.2558 0.171288 0)
(2.27074 0.183466 0)
(2.28361 0.187118 0)
(2.30278 0.175297 0)
(2.32627 0.163823 0)
(2.35584 0.166404 0)
(2.38409 0.171601 0)
(2.41149 0.174401 0)
(2.42967 0.175031 0)
(2.43439 0.177136 0)
(2.43671 0.181697 0)
(2.44646 0.185132 0)
(2.45515 0.186526 0)
(2.45854 0.176765 0)
(2.46877 0.167856 0)
(2.49113 0.168227 0)
(2.51439 0.169931 0)
(2.53785 0.168336 0)
(2.56162 0.166856 0)
(2.5833 0.169916 0)
(2.59451 0.17454 0)
(2.59061 0.178254 0)
(2.57342 0.181095 0)
(2.56693 0.147801 0)
(2.54865 0.0977753 0)
(2.50049 -0.00189337 0)
(2.41762 -0.156928 0)
(2.39386 -0.255264 0)
(2.36685 -0.318537 0)
(2.36763 -0.318943 0)
(2.37452 -0.30841 0)
(2.38237 -0.296564 0)
(2.38822 -0.298727 0)
(2.37778 -0.302613 0)
(2.3871 -0.305292 0)
(2.40183 -0.304341 0)
(2.41359 -0.294221 0)
(2.42452 -0.274531 0)
(2.41125 -0.219197 0)
(2.36877 -0.116949 0)
(2.32673 -0.0259802 0)
(2.27441 0.0618011 0)
(2.25118 0.104112 0)
(2.25608 0.10974 0)
(2.2643 0.108691 0)
(2.28054 0.105037 0)
(2.302 0.0990059 0)
(2.31888 0.0903223 0)
(2.32656 0.0770922 0)
(2.32724 0.0669138 0)
(2.32595 0.0741589 0)
(2.32484 0.0888027 0)
(2.33019 0.0934495 0)
(2.35077 0.0901402 0)
(2.34575 0.846889 0)
(2.35421 0.843815 0)
(2.36033 0.838302 0)
(2.38436 0.818704 0)
(2.44373 0.764087 0)
(2.50625 0.691107 0)
(2.53712 0.656133 0)
(2.62516 0.566398 0)
(2.72204 0.437685 0)
(2.75756 0.362511 0)
(2.77269 0.341118 0)
(2.79364 0.305651 0)
(2.8611 0.208263 0)
(2.91122 0.117267 0)
(2.91312 0.0618433 0)
(2.93608 0.071726 0)
(2.94907 0.0271515 0)
(2.91587 -0.086464 0)
(2.83096 -0.244837 0)
(2.60104 -0.55134 0)
(2.41288 -0.78206 0)
(2.29835 -0.871418 0)
(2.31004 -0.862054 0)
(2.33946 -0.836687 0)
(2.37151 -0.810722 0)
(2.39323 -0.804016 0)
(2.41227 -0.795544 0)
(2.42687 -0.7735 0)
(2.44538 -0.738827 0)
(2.46914 -0.696531 0)
(2.48584 -0.681396 0)
(2.50507 -0.655026 0)
(2.48747 -0.58975 0)
(2.40133 -0.395688 0)
(2.23839 -0.0791907 0)
(2.12411 0.13108 0)
(2.10827 0.230935 0)
(2.12683 0.215985 0)
(2.15906 0.200753 0)
(2.19026 0.193292 0)
(2.22157 0.200325 0)
(2.24628 0.206084 0)
(2.25878 0.208871 0)
(2.26633 0.219626 0)
(2.27741 0.226439 0)
(2.30129 0.218707 0)
(2.32594 0.209878 0)
(2.34978 0.206403 0)
(2.37522 0.20696 0)
(2.3981 0.210358 0)
(2.41587 0.214286 0)
(2.43335 0.216278 0)
(2.44755 0.220692 0)
(2.45145 0.223436 0)
(2.44461 0.217304 0)
(2.44751 0.212549 0)
(2.46781 0.212096 0)
(2.4916 0.214355 0)
(2.51496 0.218989 0)
(2.53653 0.217386 0)
(2.55438 0.210671 0)
(2.56911 0.207971 0)
(2.57213 0.212294 0)
(2.56626 0.209752 0)
(2.54093 0.154239 0)
(2.51061 0.0810483 0)
(2.44106 -0.0423249 0)
(2.35885 -0.18447 0)
(2.34539 -0.248291 0)
(2.34771 -0.278768 0)
(2.35126 -0.278405 0)
(2.36097 -0.274085 0)
(2.37643 -0.264331 0)
(2.39179 -0.260319 0)
(2.38647 -0.264474 0)
(2.37003 -0.273098 0)
(2.3842 -0.276492 0)
(2.40218 -0.276456 0)
(2.4207 -0.274614 0)
(2.43341 -0.270005 0)
(2.44387 -0.259649 0)
(2.43639 -0.225548 0)
(2.39587 -0.138324 0)
(2.34347 -0.0289309 0)
(2.28892 0.0666668 0)
(2.25179 0.123934 0)
(2.25349 0.145927 0)
(2.27033 0.134688 0)
(2.28703 0.124626 0)
(2.30394 0.116506 0)
(2.3153 0.10146 0)
(2.3232 0.0880857 0)
(2.3332 0.0888137 0)
(2.33815 0.101886 0)
(2.33643 0.116397 0)
(2.35465 0.117131 0)
(2.33855 0.842984 0)
(2.34183 0.847724 0)
(2.35212 0.84513 0)
(2.35823 0.839933 0)
(2.38329 0.819647 0)
(2.43289 0.775451 0)
(2.50611 0.691494 0)
(2.5534 0.644667 0)
(2.58167 0.604038 0)
(2.67976 0.496877 0)
(2.7347 0.396818 0)
(2.76543 0.335832 0)
(2.79252 0.333902 0)
(2.80281 0.295354 0)
(2.86202 0.215171 0)
(2.89995 0.162236 0)
(2.87242 0.0358058 0)
(2.78687 -0.181332 0)
(2.51428 -0.545948 0)
(2.36007 -0.740916 0)
(2.27246 -0.824161 0)
(2.29489 -0.817134 0)
(2.32822 -0.799462 0)
(2.36341 -0.772722 0)
(2.39225 -0.751982 0)
(2.41427 -0.751595 0)
(2.43127 -0.75217 0)
(2.45255 -0.728622 0)
(2.46026 -0.705087 0)
(2.47909 -0.679245 0)
(2.50078 -0.662655 0)
(2.51899 -0.652902 0)
(2.54032 -0.657802 0)
(2.52469 -0.586754 0)
(2.49128 -0.466551 0)
(2.34641 -0.189893 0)
(2.21489 0.0844831 0)
(2.16831 0.178912 0)
(2.16932 0.224476 0)
(2.18366 0.23028 0)
(2.21545 0.239285 0)
(2.24427 0.243929 0)
(2.2554 0.242774 0)
(2.25896 0.247886 0)
(2.26871 0.253781 0)
(2.29032 0.253386 0)
(2.31499 0.24896 0)
(2.34102 0.246685 0)
(2.36788 0.252126 0)
(2.39147 0.258098 0)
(2.4122 0.258535 0)
(2.42885 0.252647 0)
(2.43726 0.24977 0)
(2.43414 0.252382 0)
(2.43893 0.253959 0)
(2.45706 0.250948 0)
(2.47931 0.254923 0)
(2.50027 0.25518 0)
(2.51375 0.260597 0)
(2.53129 0.257688 0)
(2.55208 0.25298 0)
(2.56218 0.249681 0)
(2.55591 0.231857 0)
(2.529 0.165676 0)
(2.47413 0.0544946 0)
(2.37425 -0.101551 0)
(2.31685 -0.195892 0)
(2.29181 -0.263867 0)
(2.30494 -0.268069 0)
(2.31827 -0.261631 0)
(2.33631 -0.254461 0)
(2.35558 -0.242864 0)
(2.37381 -0.23807 0)
(2.38205 -0.238508 0)
(2.36908 -0.243301 0)
(2.3638 -0.248783 0)
(2.37937 -0.248139 0)
(2.39507 -0.24627 0)
(2.41037 -0.24386 0)
(2.42644 -0.244226 0)
(2.44119 -0.24486 0)
(2.45513 -0.243601 0)
(2.45079 -0.224926 0)
(2.41934 -0.154959 0)
(2.37899 -0.0694239 0)
(2.31126 0.0217104 0)
(2.26923 0.0917636 0)
(2.26631 0.102056 0)
(2.28222 0.127051 0)
(2.29165 0.132736 0)
(2.30385 0.130539 0)
(2.31059 0.119564 0)
(2.32008 0.115013 0)
(2.33508 0.11967 0)
(2.33985 0.134378 0)
(2.34582 0.135724 0)
(2.33227 0.836536 0)
(2.33312 0.838174 0)
(2.33853 0.841151 0)
(2.34548 0.841629 0)
(2.35888 0.834952 0)
(2.38591 0.814553 0)
(2.42552 0.77666 0)
(2.50154 0.697289 0)
(2.55102 0.628411 0)
(2.57264 0.615446 0)
(2.6221 0.545453 0)
(2.71137 0.43358 0)
(2.75139 0.364682 0)
(2.76991 0.361777 0)
(2.799 0.291639 0)
(2.76396 0.19263 0)
(2.63192 -0.11233 0)
(2.43542 -0.474989 0)
(2.29339 -0.656388 0)
(2.26412 -0.720724 0)
(2.28373 -0.722603 0)
(2.31344 -0.715295 0)
(2.34113 -0.704475 0)
(2.36935 -0.690413 0)
(2.39674 -0.685079 0)
(2.42313 -0.694784 0)
(2.44616 -0.701687 0)
(2.47087 -0.686545 0)
(2.48988 -0.666357 0)
(2.50803 -0.644804 0)
(2.52672 -0.619479 0)
(2.53544 -0.617147 0)
(2.54591 -0.612271 0)
(2.55404 -0.599302 0)
(2.57213 -0.555631 0)
(2.55782 -0.476163 0)
(2.49235 -0.310649 0)
(2.30475 0.0153349 0)
(2.22161 0.190989 0)
(2.19479 0.29253 0)
(2.20515 0.288468 0)
(2.2312 0.281361 0)
(2.25409 0.275325 0)
(2.25878 0.279778 0)
(2.26751 0.287982 0)
(2.28605 0.291095 0)
(2.30662 0.286744 0)
(2.32741 0.285584 0)
(2.35211 0.293195 0)
(2.37684 0.299377 0)
(2.40022 0.29687 0)
(2.41773 0.286906 0)
(2.42306 0.283682 0)
(2.42285 0.28945 0)
(2.42802 0.292159 0)
(2.44422 0.287784 0)
(2.46663 0.289401 0)
(2.48955 0.292952 0)
(2.50612 0.297087 0)
(2.52345 0.290334 0)
(2.53648 0.27612 0)
(2.5325 0.248241 0)
(2.48422 0.15333 0)
(2.41864 0.0150059 0)
(2.34545 -0.109717 0)
(2.27915 -0.204721 0)
(2.26572 -0.216503 0)
(2.2823 -0.217007 0)
(2.29799 -0.218455 0)
(2.32014 -0.217984 0)
(2.34221 -0.215102 0)
(2.36163 -0.213771 0)
(2.37389 -0.213744 0)
(2.37298 -0.216306 0)
(2.3599 -0.222105 0)
(2.35936 -0.222453 0)
(2.37547 -0.217736 0)
(2.39175 -0.214723 0)
(2.40733 -0.212493 0)
(2.42621 -0.213373 0)
(2.44448 -0.215454 0)
(2.46075 -0.218217 0)
(2.46651 -0.220585 0)
(2.46571 -0.216061 0)
(2.43408 -0.161963 0)
(2.40325 -0.107267 0)
(2.33879 -0.0151108 0)
(2.28724 0.0734014 0)
(2.27676 0.115449 0)
(2.28856 0.155697 0)
(2.29589 0.159013 0)
(2.30533 0.154606 0)
(2.31343 0.14429 0)
(2.32713 0.142804 0)
(2.33741 0.154733 0)
(2.33978 0.150845 0)
(2.32302 0.835747 0)
(2.32937 0.831459 0)
(2.33462 0.83228 0)
(2.34029 0.834641 0)
(2.34588 0.835824 0)
(2.36089 0.826059 0)
(2.38753 0.80125 0)
(2.42115 0.766938 0)
(2.48153 0.706163 0)
(2.54332 0.631343 0)
(2.5729 0.604595 0)
(2.62414 0.548578 0)
(2.65027 0.508851 0)
(2.68488 0.396171 0)
(2.65867 0.235401 0)
(2.47203 -0.13033 0)
(2.33159 -0.408924 0)
(2.22632 -0.590386 0)
(2.22096 -0.619713 0)
(2.25111 -0.618216 0)
(2.28287 -0.614615 0)
(2.3086 -0.616843 0)
(2.33389 -0.614774 0)
(2.36124 -0.606582 0)
(2.3889 -0.604242 0)
(2.41383 -0.613351 0)
(2.43572 -0.616661 0)
(2.45591 -0.610018 0)
(2.48462 -0.603109 0)
(2.5186 -0.596193 0)
(2.54907 -0.576393 0)
(2.56742 -0.570349 0)
(2.57789 -0.562087 0)
(2.57607 -0.553856 0)
(2.586 -0.526574 0)
(2.60434 -0.50843 0)
(2.60316 -0.456135 0)
(2.57268 -0.355342 0)
(2.43745 -0.0905624 0)
(2.31885 0.157902 0)
(2.25574 0.271487 0)
(2.24281 0.315735 0)
(2.24867 0.308298 0)
(2.26563 0.312208 0)
(2.28696 0.319513 0)
(2.29963 0.332316 0)
(2.31008 0.332384 0)
(2.3281 0.331712 0)
(2.34935 0.335851 0)
(2.37311 0.339172 0)
(2.39446 0.333312 0)
(2.40809 0.322931 0)
(2.41378 0.320072 0)
(2.41898 0.329164 0)
(2.43258 0.333423 0)
(2.45326 0.331822 0)
(2.47118 0.330185 0)
(2.47902 0.32902 0)
(2.50144 0.322559 0)
(2.50444 0.302421 0)
(2.48521 0.243433 0)
(2.43111 0.122666 0)
(2.34732 -0.0419954 0)
(2.28922 -0.150166 0)
(2.24963 -0.202674 0)
(2.23386 -0.222562 0)
(2.24735 -0.215737 0)
(2.26934 -0.201738 0)
(2.29047 -0.188095 0)
(2.30873 -0.18275 0)
(2.32853 -0.186334 0)
(2.34801 -0.191725 0)
(2.3617 -0.193918 0)
(2.3657 -0.197703 0)
(2.3609 -0.202737 0)
(2.36122 -0.19853 0)
(2.37352 -0.191226 0)
(2.38957 -0.186398 0)
(2.40621 -0.183199 0)
(2.42164 -0.182966 0)
(2.43502 -0.185152 0)
(2.44785 -0.191019 0)
(2.4585 -0.199957 0)
(2.46131 -0.202933 0)
(2.45849 -0.195665 0)
(2.44709 -0.159211 0)
(2.42927 -0.122089 0)
(2.38268 -0.0444169 0)
(2.32252 0.0515049 0)
(2.31689 0.119451 0)
(2.31099 0.170766 0)
(2.30902 0.177475 0)
(2.31039 0.175343 0)
(2.31845 0.167069 0)
(2.33058 0.172562 0)
(2.3352 0.16858 0)
(2.30574 0.84804 0)
(2.32068 0.835327 0)
(2.33022 0.834809 0)
(2.33275 0.83656 0)
(2.33359 0.839161 0)
(2.33703 0.836788 0)
(2.35575 0.819812 0)
(2.38067 0.794689 0)
(2.43227 0.74819 0)
(2.46656 0.720074 0)
(2.53624 0.642779 0)
(2.58535 0.617206 0)
(2.56852 0.501898 0)
(2.51774 0.289696 0)
(2.31959 -0.0999079 0)
(2.22534 -0.336297 0)
(2.16475 -0.477071 0)
(2.17852 -0.491789 0)
(2.21414 -0.49977 0)
(2.24937 -0.504183 0)
(2.27958 -0.514659 0)
(2.30547 -0.527757 0)
(2.33217 -0.531223 0)
(2.36241 -0.525305 0)
(2.39395 -0.525174 0)
(2.42448 -0.538618 0)
(2.45232 -0.545841 0)
(2.47513 -0.540942 0)
(2.493 -0.529961 0)
(2.5098 -0.520432 0)
(2.53354 -0.506523 0)
(2.5581 -0.504218 0)
(2.58494 -0.500392 0)
(2.60625 -0.499555 0)
(2.62103 -0.484593 0)
(2.62872 -0.452521 0)
(2.62865 -0.450184 0)
(2.64979 -0.427808 0)
(2.63492 -0.361143 0)
(2.57108 -0.203514 0)
(2.40716 0.0896729 0)
(2.32688 0.257509 0)
(2.27533 0.354516 0)
(2.2685 0.368204 0)
(2.28167 0.371479 0)
(2.29813 0.379648 0)
(2.30856 0.38027 0)
(2.32251 0.372205 0)
(2.34175 0.371558 0)
(2.36543 0.37571 0)
(2.38816 0.370202 0)
(2.40333 0.363368 0)
(2.41176 0.361814 0)
(2.41913 0.372463 0)
(2.42993 0.373206 0)
(2.44357 0.366985 0)
(2.45262 0.360783 0)
(2.4709 0.348652 0)
(2.46796 0.312659 0)
(2.42409 0.214771 0)
(2.34257 0.0439499 0)
(2.31619 -0.0573796 0)
(2.2644 -0.132484 0)
(2.24727 -0.146906 0)
(2.2336 -0.166402 0)
(2.22544 -0.184105 0)
(2.24654 -0.180254 0)
(2.2738 -0.170955 0)
(2.29416 -0.157239 0)
(2.30924 -0.153513 0)
(2.32489 -0.160016 0)
(2.33976 -0.168498 0)
(2.35223 -0.172926 0)
(2.35958 -0.175945 0)
(2.36295 -0.177453 0)
(2.36882 -0.175363 0)
(2.37948 -0.168375 0)
(2.39224 -0.160791 0)
(2.4057 -0.154874 0)
(2.41921 -0.153802 0)
(2.43228 -0.156578 0)
(2.44425 -0.160038 0)
(2.45473 -0.166527 0)
(2.46097 -0.178113 0)
(2.46261 -0.181103 0)
(2.46877 -0.169785 0)
(2.46576 -0.148213 0)
(2.45799 -0.114056 0)
(2.4276 -0.0567606 0)
(2.37127 0.0486109 0)
(2.36428 0.133745 0)
(2.32895 0.196557 0)
(2.3162 0.207499 0)
(2.31584 0.196255 0)
(2.31857 0.189714 0)
(2.32684 0.185578 0)
(2.34344 0.814105 0)
(2.34099 0.827692 0)
(2.33876 0.838172 0)
(2.3322 0.845586 0)
(2.3257 0.845127 0)
(2.32422 0.839984 0)
(2.33034 0.832136 0)
(2.34868 0.816724 0)
(2.38298 0.792507 0)
(2.42629 0.760193 0)
(2.47064 0.7047 0)
(2.45597 0.563039 0)
(2.33312 0.25212 0)
(2.18703 -0.090889 0)
(2.0989 -0.313187 0)
(2.08245 -0.395859 0)
(2.1113 -0.40848 0)
(2.15395 -0.409777 0)
(2.1957 -0.410125 0)
(2.23521 -0.416862 0)
(2.27118 -0.428439 0)
(2.30146 -0.439646 0)
(2.32734 -0.441376 0)
(2.35215 -0.432878 0)
(2.37738 -0.429481 0)
(2.40504 -0.438947 0)
(2.43692 -0.445177 0)
(2.47351 -0.449584 0)
(2.50878 -0.455569 0)
(2.53914 -0.455105 0)
(2.56028 -0.443272 0)
(2.57177 -0.431419 0)
(2.58426 -0.427852 0)
(2.60242 -0.424371 0)
(2.62241 -0.415526 0)
(2.64958 -0.398668 0)
(2.6703 -0.394149 0)
(2.67794 -0.393324 0)
(2.68958 -0.380968 0)
(2.68554 -0.334435 0)
(2.65482 -0.239184 0)
(2.53004 0.00184983 0)
(2.40849 0.231873 0)
(2.3401 0.35016 0)
(2.30914 0.411394 0)
(2.30982 0.41441 0)
(2.32448 0.419597 0)
(2.33582 0.416953 0)
(2.34749 0.413913 0)
(2.36525 0.414607 0)
(2.38533 0.406049 0)
(2.40392 0.402839 0)
(2.42364 0.404803 0)
(2.44182 0.41618 0)
(2.44481 0.414755 0)
(2.44347 0.401709 0)
(2.4379 0.367861 0)
(2.41763 0.307908 0)
(2.35102 0.172353 0)
(2.27152 0.00789783 0)
(2.24087 -0.10871 0)
(2.22559 -0.164816 0)
(2.21449 -0.17251 0)
(2.21727 -0.162552 0)
(2.22486 -0.150327 0)
(2.23485 -0.146774 0)
(2.24966 -0.147247 0)
(2.27261 -0.139135 0)
(2.29411 -0.129004 0)
(2.31286 -0.127182 0)
(2.32861 -0.135149 0)
(2.33927 -0.14482 0)
(2.34745 -0.14975 0)
(2.35686 -0.151035 0)
(2.36846 -0.151771 0)
(2.37992 -0.151529 0)
(2.39116 -0.146941 0)
(2.40216 -0.139849 0)
(2.41298 -0.131874 0)
(2.42265 -0.12778 0)
(2.43159 -0.129403 0)
(2.44095 -0.134039 0)
(2.45011 -0.139662 0)
(2.45792 -0.147302 0)
(2.46745 -0.153717 0)
(2.47866 -0.152528 0)
(2.4866 -0.146264 0)
(2.49175 -0.130032 0)
(2.49078 -0.10507 0)
(2.46581 -0.0530724 0)
(2.43421 0.0326035 0)
(2.3926 0.127771 0)
(2.36201 0.191039 0)
(2.33036 0.19204 0)
(2.32123 0.18871 0)
(2.32498 0.197376 0)
(2.38202 0.79934 0)
(2.35083 0.855646 0)
(2.33505 0.852041 0)
(2.32593 0.846266 0)
(2.32183 0.836732 0)
(2.32151 0.830702 0)
(2.32492 0.829881 0)
(2.34092 0.820503 0)
(2.36495 0.814438 0)
(2.36761 0.755207 0)
(2.31139 0.567138 0)
(2.15026 0.203466 0)
(2.05058 -0.0512643 0)
(2.02774 -0.174543 0)
(2.03525 -0.22981 0)
(2.06267 -0.276336 0)
(2.09851 -0.305628 0)
(2.13773 -0.323843 0)
(2.1798 -0.333112 0)
(2.22334 -0.340292 0)
(2.26504 -0.348779 0)
(2.30141 -0.359062 0)
(2.33249 -0.365237 0)
(2.36257 -0.363652 0)
(2.39346 -0.363207 0)
(2.42451 -0.366395 0)
(2.45311 -0.362608 0)
(2.47574 -0.358322 0)
(2.49641 -0.362535 0)
(2.52591 -0.362202 0)
(2.56381 -0.356314 0)
(2.59592 -0.358675 0)
(2.62 -0.367569 0)
(2.63954 -0.365413 0)
(2.64894 -0.351065 0)
(2.65766 -0.33147 0)
(2.67073 -0.325441 0)
(2.68561 -0.336186 0)
(2.71409 -0.324644 0)
(2.71912 -0.312784 0)
(2.73646 -0.280418 0)
(2.72261 -0.217634 0)
(2.65422 -0.0779872 0)
(2.48209 0.206843 0)
(2.41496 0.356455 0)
(2.34512 0.454111 0)
(2.33085 0.470346 0)
(2.33821 0.469157 0)
(2.35154 0.464228 0)
(2.36306 0.459993 0)
(2.38015 0.449416 0)
(2.39809 0.444658 0)
(2.41674 0.446828 0)
(2.43064 0.456231 0)
(2.43455 0.444867 0)
(2.41654 0.385528 0)
(2.3674 0.290163 0)
(2.26813 0.11826 0)
(2.22063 0.00500849 0)
(2.20691 -0.0621191 0)
(2.21281 -0.104925 0)
(2.21362 -0.118363 0)
(2.22006 -0.135312 0)
(2.22719 -0.138648 0)
(2.23669 -0.121163 0)
(2.24566 -0.111088 0)
(2.25847 -0.113238 0)
(2.27638 -0.110433 0)
(2.29717 -0.105026 0)
(2.31792 -0.10431 0)
(2.33423 -0.111811 0)
(2.34374 -0.121041 0)
(2.35099 -0.124581 0)
(2.36126 -0.121931 0)
(2.37457 -0.119099 0)
(2.38786 -0.118495 0)
(2.40016 -0.117142 0)
(2.41194 -0.114664 0)
(2.42278 -0.109137 0)
(2.43227 -0.104396 0)
(2.44063 -0.105707 0)
(2.44849 -0.11156 0)
(2.45685 -0.117074 0)
(2.46527 -0.122488 0)
(2.47337 -0.120134 0)
(2.48365 -0.119717 0)
(2.49657 -0.122422 0)
(2.50808 -0.120034 0)
(2.5225 -0.112059 0)
(2.51872 -0.0910423 0)
(2.50346 -0.0541778 0)
(2.47507 0.00825823 0)
(2.42186 0.105631 0)
(2.39447 0.158099 0)
(2.33927 0.185638 0)
(2.32838 0.212196 0)
(2.58281 0.590283 0)
(2.47573 0.740524 0)
(2.35732 0.834779 0)
(2.31881 0.860895 0)
(2.31754 0.854561 0)
(2.32332 0.843193 0)
(2.32918 0.837353 0)
(2.33191 0.824738 0)
(2.30875 0.754271 0)
(2.16964 0.505315 0)
(1.97568 0.143276 0)
(1.91613 -0.0926899 0)
(1.9104 -0.179078 0)
(1.94109 -0.182664 0)
(1.98681 -0.178353 0)
(2.03256 -0.191299 0)
(2.08222 -0.219695 0)
(2.13349 -0.245674 0)
(2.18421 -0.260737 0)
(2.23074 -0.269302 0)
(2.27094 -0.276116 0)
(2.30562 -0.282701 0)
(2.33606 -0.286518 0)
(2.36576 -0.285017 0)
(2.39936 -0.284856 0)
(2.43586 -0.286702 0)
(2.47149 -0.283197 0)
(2.5037 -0.280456 0)
(2.53072 -0.285285 0)
(2.55226 -0.284195 0)
(2.56685 -0.271844 0)
(2.58369 -0.268225 0)
(2.60399 -0.272252 0)
(2.63407 -0.271177 0)
(2.66728 -0.27582 0)
(2.69349 -0.278276 0)
(2.70761 -0.268608 0)
(2.70313 -0.273344 0)
(2.70687 -0.258851 0)
(2.72499 -0.244859 0)
(2.7478 -0.234945 0)
(2.77647 -0.218932 0)
(2.7755 -0.199455 0)
(2.72767 -0.0929585 0)
(2.6138 0.130355 0)
(2.49148 0.334477 0)
(2.40317 0.471055 0)
(2.3613 0.517357 0)
(2.35542 0.516968 0)
(2.37151 0.508458 0)
(2.39729 0.502567 0)
(2.4168 0.486024 0)
(2.42634 0.482546 0)
(2.41414 0.453169 0)
(2.37651 0.358119 0)
(2.32602 0.223387 0)
(2.20776 0.0373339 0)
(2.15132 -0.0647313 0)
(2.16399 -0.0919323 0)
(2.18832 -0.0977477 0)
(2.20063 -0.0979652 0)
(2.21615 -0.0936375 0)
(2.23106 -0.0940199 0)
(2.24486 -0.10648 0)
(2.26019 -0.105218 0)
(2.27502 -0.095817 0)
(2.28422 -0.0908555 0)
(2.29389 -0.0881276 0)
(2.30936 -0.0856454 0)
(2.32691 -0.0853814 0)
(2.34009 -0.0892419 0)
(2.35032 -0.0967047 0)
(2.36239 -0.10234 0)
(2.37785 -0.101891 0)
(2.39383 -0.0968208 0)
(2.40698 -0.0907682 0)
(2.41771 -0.0868116 0)
(2.42763 -0.0862864 0)
(2.43627 -0.0847789 0)
(2.44349 -0.0840987 0)
(2.45059 -0.0876555 0)
(2.45876 -0.094366 0)
(2.46789 -0.0982989 0)
(2.47788 -0.0985111 0)
(2.48814 -0.0973519 0)
(2.49987 -0.0954347 0)
(2.51105 -0.0967733 0)
(2.52198 -0.0965676 0)
(2.53256 -0.0945546 0)
(2.54037 -0.0858513 0)
(2.54238 -0.0768235 0)
(2.53278 -0.0530078 0)
(2.51031 -0.00660909 0)
(2.46948 0.0657568 0)
(2.41797 0.129846 0)
(2.36178 0.210212 0)
(2.88565 0.187307 0)
(2.70541 0.487505 0)
(2.39843 0.819241 0)
(2.32284 0.85893 0)
(2.34167 0.851756 0)
(2.34061 0.836207 0)
(2.31163 0.796159 0)
(2.22437 0.65417 0)
(2.0776 0.36989 0)
(1.91803 0.113881 0)
(1.87126 0.0184154 0)
(1.87233 -0.0272265 0)
(1.90574 -0.088741 0)
(1.94796 -0.122306 0)
(1.98502 -0.122705 0)
(2.02545 -0.13127 0)
(2.07308 -0.145316 0)
(2.12707 -0.160667 0)
(2.18319 -0.171331 0)
(2.2344 -0.180825 0)
(2.27991 -0.194869 0)
(2.32063 -0.209355 0)
(2.35611 -0.215695 0)
(2.38427 -0.211184 0)
(2.40798 -0.204588 0)
(2.43528 -0.200481 0)
(2.46652 -0.195223 0)
(2.49826 -0.190791 0)
(2.52953 -0.194669 0)
(2.55929 -0.201081 0)
(2.59015 -0.203315 0)
(2.6195 -0.208978 0)
(2.64542 -0.209766 0)
(2.65594 -0.198116 0)
(2.65613 -0.192647 0)
(2.67863 -0.185531 0)
(2.70427 -0.18675 0)
(2.73041 -0.199461 0)
(2.74045 -0.202795 0)
(2.75309 -0.191597 0)
(2.77499 -0.182509 0)
(2.79533 -0.173193 0)
(2.81964 -0.168193 0)
(2.82081 -0.127777 0)
(2.79279 -0.066516 0)
(2.70527 0.0844522 0)
(2.59374 0.280085 0)
(2.46771 0.468243 0)
(2.38888 0.552958 0)
(2.38576 0.558298 0)
(2.40454 0.553259 0)
(2.40416 0.531164 0)
(2.3679 0.4517 0)
(2.30991 0.29855 0)
(2.25198 0.107939 0)
(2.23806 0.0356391 0)
(2.176 -0.016326 0)
(2.16466 -0.0434924 0)
(2.17212 -0.056875 0)
(2.19713 -0.065262 0)
(2.21393 -0.0719424 0)
(2.22331 -0.0680156 0)
(2.23219 -0.0626811 0)
(2.2472 -0.0655208 0)
(2.26857 -0.0687653 0)
(2.29072 -0.0643076 0)
(2.30422 -0.0595581 0)
(2.31219 -0.0627901 0)
(2.3214 -0.0655123 0)
(2.33462 -0.0664153 0)
(2.34857 -0.069399 0)
(2.36166 -0.0729804 0)
(2.37443 -0.0743591 0)
(2.38845 -0.0712459 0)
(2.40288 -0.064051 0)
(2.41494 -0.0559073 0)
(2.42409 -0.0513309 0)
(2.43252 -0.0542333 0)
(2.44361 -0.0576683 0)
(2.45321 -0.0639926 0)
(2.46067 -0.0714884 0)
(2.46564 -0.0741265 0)
(2.4696 -0.0713416 0)
(2.47591 -0.06631 0)
(2.48667 -0.0631272 0)
(2.50026 -0.0616201 0)
(2.51527 -0.065004 0)
(2.52993 -0.0659151 0)
(2.54282 -0.0673576 0)
(2.55262 -0.0650176 0)
(2.56229 -0.0632751 0)
(2.56506 -0.0597027 0)
(2.55303 -0.0335098 0)
(2.5384 -0.00612383 0)
(2.50618 0.0445124 0)
(2.43631 0.16281 0)
(2.99266 0.0151642 0)
(2.95118 0.110841 0)
(2.63287 0.54942 0)
(2.51658 0.693493 0)
(2.41015 0.765815 0)
(2.36667 0.770677 0)
(2.10933 0.523431 0)
(1.88972 0.190121 0)
(1.84507 -0.0190573 0)
(1.83638 -0.0628287 0)
(1.84487 -0.0387127 0)
(1.85739 -0.0287366 0)
(1.89594 -0.0395088 0)
(1.9526 -0.0722565 0)
(2.00346 -0.0938916 0)
(2.05302 -0.0940628 0)
(2.10295 -0.0923139 0)
(2.15392 -0.097858 0)
(2.1994 -0.102069 0)
(2.24047 -0.0985345 0)
(2.27885 -0.105513 0)
(2.31832 -0.122981 0)
(2.36057 -0.134266 0)
(2.40552 -0.13014 0)
(2.43916 -0.124828 0)
(2.46622 -0.12247 0)
(2.4935 -0.125202 0)
(2.52108 -0.128798 0)
(2.54424 -0.122767 0)
(2.56443 -0.116874 0)
(2.58541 -0.112253 0)
(2.60948 -0.118957 0)
(2.63983 -0.128574 0)
(2.67569 -0.129292 0)
(2.69179 -0.121985 0)
(2.67897 -0.11425 0)
(2.6818 -0.12124 0)
(2.70012 -0.12558 0)
(2.72736 -0.118179 0)
(2.75577 -0.107017 0)
(2.77888 -0.0997741 0)
(2.79303 -0.105855 0)
(2.8051 -0.114981 0)
(2.80259 -0.114185 0)
(2.81347 -0.0882409 0)
(2.81105 -0.0560951 0)
(2.78806 0.0247612 0)
(2.64506 0.277151 0)
(2.58229 0.417913 0)
(2.48738 0.507193 0)
(2.44089 0.533492 0)
(2.34085 0.451517 0)
(2.16873 0.242085 0)
(2.13209 0.0267421 0)
(2.17464 -0.0916686 0)
(2.17128 -0.0730672 0)
(2.17372 -0.051456 0)
(2.17701 -0.0495622 0)
(2.18607 -0.0469723 0)
(2.20512 -0.0426095 0)
(2.22762 -0.041892 0)
(2.24494 -0.0390397 0)
(2.25765 -0.0403617 0)
(2.27108 -0.0435308 0)
(2.28711 -0.0421221 0)
(2.30536 -0.035498 0)
(2.32022 -0.0296944 0)
(2.32897 -0.0355002 0)
(2.33209 -0.0455996 0)
(2.34264 -0.0462437 0)
(2.36006 -0.0458753 0)
(2.3775 -0.0483895 0)
(2.39335 -0.0518652 0)
(2.40766 -0.0522165 0)
(2.4216 -0.0467006 0)
(2.43325 -0.0358165 0)
(2.43952 -0.0259118 0)
(2.4435 -0.0271136 0)
(2.4445 -0.0323735 0)
(2.44998 -0.0386882 0)
(2.45971 -0.0453457 0)
(2.46954 -0.050772 0)
(2.47842 -0.0516295 0)
(2.48844 -0.045786 0)
(2.49831 -0.039062 0)
(2.50906 -0.0348129 0)
(2.52227 -0.0368415 0)
(2.53642 -0.0375554 0)
(2.55059 -0.0378261 0)
(2.56307 -0.0365199 0)
(2.57263 -0.0388415 0)
(2.56835 -0.0440066 0)
(2.56269 -0.0363338 0)
(2.56406 -0.0247 0)
(2.5605 -0.00674375 0)
(2.52075 0.0792263 0)
(2.99988 0.000249299 0)
(2.99926 0.00142698 0)
(2.9217 0.136773 0)
(2.71433 0.304796 0)
(2.4745 0.189277 0)
(2.30562 0.376258 0)
(2.00043 0.308194 0)
(1.88649 0.0927706 0)
(1.84174 -0.0225763 0)
(1.84856 -0.014674 0)
(1.87124 0.00462736 0)
(1.88594 -0.000940493 0)
(1.90747 -0.0251179 0)
(1.94851 -0.0426775 0)
(2.00374 -0.0449672 0)
(2.05963 -0.0320858 0)
(2.10576 -0.0257708 0)
(2.14799 -0.0312896 0)
(2.19889 -0.0310267 0)
(2.24695 -0.0283928 0)
(2.29526 -0.0286433 0)
(2.34002 -0.036238 0)
(2.37657 -0.043591 0)
(2.40061 -0.0365994 0)
(2.42795 -0.0331851 0)
(2.45273 -0.0387331 0)
(2.47009 -0.0414644 0)
(2.50391 -0.0408399 0)
(2.54329 -0.0435487 0)
(2.58328 -0.0458268 0)
(2.6152 -0.0429005 0)
(2.63743 -0.0421744 0)
(2.65398 -0.0471458 0)
(2.65868 -0.0415558 0)
(2.67172 -0.0322933 0)
(2.68016 -0.0283894 0)
(2.68584 -0.0360536 0)
(2.71761 -0.046014 0)
(2.74321 -0.0459959 0)
(2.77868 -0.0407714 0)
(2.81411 -0.0312479 0)
(2.82722 -0.0347736 0)
(2.81492 -0.0423635 0)
(2.80544 -0.0288493 0)
(2.80477 -0.0338766 0)
(2.83967 -0.0298659 0)
(2.8435 -0.0214171 0)
(2.8153 0.0278669 0)
(2.70059 0.158288 0)
(2.54267 0.167188 0)
(2.4171 0.240263 0)
(2.30298 0.282093 0)
(2.15048 0.156244 0)
(2.14022 -0.00352484 0)
(2.1665 -0.0356742 0)
(2.173 -0.0204511 0)
(2.19296 0.00484496 0)
(2.21234 -0.00246781 0)
(2.20465 -0.0278277 0)
(2.20749 -0.0278029 0)
(2.22613 -0.0155258 0)
(2.2445 -0.00659272 0)
(2.26201 -0.00616376 0)
(2.28301 -0.0101535 0)
(2.30085 -0.00974496 0)
(2.3173 -0.00595482 0)
(2.32954 -0.00246113 0)
(2.3272 -0.00691297 0)
(2.32379 -0.0179943 0)
(2.33103 -0.0225232 0)
(2.35172 -0.0190913 0)
(2.37225 -0.0157948 0)
(2.39216 -0.016573 0)
(2.41088 -0.0179384 0)
(2.42877 -0.0155172 0)
(2.44084 -0.00730844 0)
(2.43794 0.000433331 0)
(2.43331 0.000884612 0)
(2.44363 -0.00715045 0)
(2.45715 -0.0135996 0)
(2.47154 -0.0173225 0)
(2.48192 -0.0191862 0)
(2.48841 -0.0180673 0)
(2.4929 -0.0152997 0)
(2.49771 -0.0131043 0)
(2.50481 -0.00976102 0)
(2.5157 -0.00983215 0)
(2.52823 -0.0110082 0)
(2.5409 -0.0116144 0)
(2.55241 -0.0105702 0)
(2.56022 -0.0148019 0)
(2.5591 -0.019866 0)
(2.56084 -0.0138735 0)
(2.57737 -0.0113986 0)
(2.57988 -0.00757659 0)
(2.56511 0.0152842 0)
(2.99986 -0.000209078 0)
(2.99606 -0.0116805 0)
(2.98811 0.00485642 0)
(2.72127 -0.305517 0)
(2.42157 -0.631305 0)
(2.09083 -0.242668 0)
(2.05934 -0.064249 0)
(1.98896 -0.102131 0)
(1.83193 -0.0782846 0)
(1.82971 -0.00295377 0)
(1.84488 0.0378987 0)
(1.87424 0.0284351 0)
(1.90064 0.00313706 0)
(1.9451 0.00078978 0)
(2.01066 0.0133507 0)
(2.07743 0.0290763 0)
(2.13441 0.0308858 0)
(2.17184 0.0298976 0)
(2.19891 0.0326121 0)
(2.23354 0.0366868 0)
(2.27079 0.0410204 0)
(2.30484 0.0428447 0)
(2.348 0.0448036 0)
(2.4021 0.0425744 0)
(2.45098 0.0369927 0)
(2.48476 0.0323578 0)
(2.50771 0.0389812 0)
(2.52161 0.0467384 0)
(2.53529 0.0358613 0)
(2.55748 0.0284549 0)
(2.58249 0.0317178 0)
(2.60357 0.0416943 0)
(2.62535 0.0427067 0)
(2.65924 0.0375836 0)
(2.69073 0.0291594 0)
(2.7151 0.0268478 0)
(2.73109 0.0462511 0)
(2.73514 0.0514251 0)
(2.74687 0.0383343 0)
(2.76771 0.032303 0)
(2.78803 0.0404736 0)
(2.79997 0.0358275 0)
(2.81261 0.028883 0)
(2.8183 0.034296 0)
(2.83703 0.022002 0)
(2.85881 0.0130213 0)
(2.85757 0.00832647 0)
(2.82809 -0.0128106 0)
(2.69607 -0.146767 0)
(2.52512 -0.359861 0)
(2.31532 -0.243673 0)
(2.26194 -0.0469227 0)
(2.23946 -0.0711471 0)
(2.17077 -0.0895871 0)
(2.14686 -0.0618444 0)
(2.15541 0.0108803 0)
(2.17144 0.0525003 0)
(2.2055 0.0379508 0)
(2.21425 -0.00053635 0)
(2.21473 -0.0104546 0)
(2.22719 0.0100463 0)
(2.23978 0.0287488 0)
(2.26369 0.0259087 0)
(2.28711 0.0198106 0)
(2.30422 0.0187906 0)
(2.31627 0.0189088 0)
(2.3232 0.0193674 0)
(2.32018 0.0175405 0)
(2.31922 0.0132185 0)
(2.33819 0.0103958 0)
(2.3561 0.00965109 0)
(2.37916 0.0098441 0)
(2.39839 0.0100663 0)
(2.41759 0.0100301 0)
(2.43638 0.010961 0)
(2.45033 0.0152364 0)
(2.44548 0.0230567 0)
(2.42809 0.0207614 0)
(2.43196 0.011967 0)
(2.44554 0.0102783 0)
(2.45966 0.0118271 0)
(2.47348 0.012808 0)
(2.48765 0.0121975 0)
(2.50028 0.0106847 0)
(2.5081 0.0126236 0)
(2.51068 0.0179527 0)
(2.51464 0.0191085 0)
(2.52539 0.0179459 0)
(2.53966 0.0189163 0)
(2.55237 0.0217902 0)
(2.55451 0.0175232 0)
(2.55714 0.0127817 0)
(2.56812 0.00561848 0)
(2.58752 0.00569903 0)
(2.58875 0.00568394 0)
(2.5739 -0.00653528 0)
(2.99081 -0.0174818 0)
(2.90476 -0.163783 0)
(2.80189 -0.37395 0)
(2.52098 -0.704912 0)
(2.40132 -0.904001 0)
(2.18753 -0.700585 0)
(2.13356 -0.468559 0)
(2.07488 -0.235101 0)
(1.85213 -0.0286906 0)
(1.79129 0.0716299 0)
(1.8064 0.061541 0)
(1.84842 0.0357585 0)
(1.89234 0.032289 0)
(1.95738 0.0543207 0)
(2.01283 0.0879494 0)
(2.05983 0.104788 0)
(2.10997 0.105381 0)
(2.16112 0.102092 0)
(2.20825 0.103636 0)
(2.24855 0.114779 0)
(2.28521 0.125562 0)
(2.3243 0.13169 0)
(2.36378 0.136022 0)
(2.39846 0.127375 0)
(2.42978 0.116661 0)
(2.45567 0.110089 0)
(2.48032 0.114087 0)
(2.50743 0.122954 0)
(2.53471 0.122525 0)
(2.56214 0.120126 0)
(2.59283 0.120902 0)
(2.6223 0.124452 0)
(2.6505 0.131283 0)
(2.66439 0.124534 0)
(2.67349 0.111221 0)
(2.68533 0.110339 0)
(2.69553 0.127387 0)
(2.71156 0.126655 0)
(2.73447 0.115461 0)
(2.76509 0.110282 0)
(2.79667 0.120798 0)
(2.81579 0.116363 0)
(2.80516 0.105689 0)
(2.79441 0.0934054 0)
(2.81804 0.0804897 0)
(2.82046 0.0506563 0)
(2.77524 -0.052518 0)
(2.69515 -0.221707 0)
(2.56983 -0.440609 0)
(2.47835 -0.598702 0)
(2.34793 -0.521878 0)
(2.28065 -0.34703 0)
(2.29373 -0.236768 0)
(2.22526 -0.0987209 0)
(2.12251 0.026235 0)
(2.12417 0.0847636 0)
(2.15217 0.0780819 0)
(2.18215 0.0570129 0)
(2.20207 0.0285193 0)
(2.21247 0.0229427 0)
(2.22981 0.0470384 0)
(2.24189 0.0643117 0)
(2.26068 0.0580685 0)
(2.27768 0.0477987 0)
(2.29159 0.0403402 0)
(2.30461 0.0368799 0)
(2.31425 0.0369666 0)
(2.31908 0.0377889 0)
(2.32497 0.0398562 0)
(2.33719 0.0436048 0)
(2.35332 0.0417148 0)
(2.37224 0.0396911 0)
(2.39087 0.0395612 0)
(2.40924 0.0399083 0)
(2.42645 0.0408811 0)
(2.43861 0.0412201 0)
(2.43505 0.0405749 0)
(2.42229 0.0424985 0)
(2.43407 0.0426285 0)
(2.44814 0.0400806 0)
(2.46226 0.0386865 0)
(2.47818 0.0373724 0)
(2.49369 0.0358735 0)
(2.50726 0.0350605 0)
(2.51746 0.0366305 0)
(2.52208 0.0403323 0)
(2.52365 0.0455307 0)
(2.52802 0.0476227 0)
(2.53433 0.0451901 0)
(2.5392 0.0408365 0)
(2.53559 0.0373282 0)
(2.54659 0.036601 0)
(2.55779 0.0347379 0)
(2.5669 0.0314351 0)
(2.57069 0.0147183 0)
(2.54116 -0.0685942 0)
(2.87348 -0.21741 0)
(2.60725 -0.581699 0)
(2.48222 -0.692702 0)
(2.37135 -0.811493 0)
(2.34637 -0.88591 0)
(2.32576 -0.873642 0)
(2.29671 -0.812894 0)
(2.22528 -0.647998 0)
(2.08648 -0.380417 0)
(1.90792 -0.116591 0)
(1.85283 -0.00989411 0)
(1.86984 0.0370381 0)
(1.90777 0.0768186 0)
(1.95466 0.107475 0)
(1.99249 0.135824 0)
(2.03259 0.151862 0)
(2.08167 0.159041 0)
(2.13462 0.163963 0)
(2.18367 0.171801 0)
(2.22523 0.18605 0)
(2.26344 0.196749 0)
(2.30263 0.198559 0)
(2.34141 0.197137 0)
(2.37569 0.197039 0)
(2.40959 0.19723 0)
(2.44868 0.195439 0)
(2.4898 0.196788 0)
(2.52735 0.202576 0)
(2.55538 0.208397 0)
(2.57156 0.215088 0)
(2.58228 0.217728 0)
(2.60278 0.213623 0)
(2.62335 0.204677 0)
(2.63769 0.193319 0)
(2.64744 0.187163 0)
(2.66879 0.191392 0)
(2.7024 0.19917 0)
(2.73466 0.193688 0)
(2.75702 0.188137 0)
(2.77144 0.184853 0)
(2.77343 0.19172 0)
(2.78145 0.182935 0)
(2.77498 0.1805 0)
(2.7915 0.138513 0)
(2.77821 0.0891521 0)
(2.70713 -0.0517214 0)
(2.55442 -0.312992 0)
(2.50642 -0.43829 0)
(2.41981 -0.537061 0)
(2.39502 -0.567357 0)
(2.39004 -0.556704 0)
(2.38386 -0.518924 0)
(2.37558 -0.45161 0)
(2.32718 -0.332023 0)
(2.2289 -0.158894 0)
(2.19213 -0.0504278 0)
(2.18089 0.0218065 0)
(2.18427 0.0467598 0)
(2.19128 0.0538858 0)
(2.20083 0.0681715 0)
(2.20647 0.0843701 0)
(2.22151 0.08309 0)
(2.23932 0.0745186 0)
(2.25356 0.068414 0)
(2.27119 0.0622871 0)
(2.28811 0.0570001 0)
(2.29912 0.0568054 0)
(2.30886 0.0592815 0)
(2.31768 0.0636533 0)
(2.32739 0.0672262 0)
(2.34397 0.0707595 0)
(2.36437 0.0742751 0)
(2.38291 0.0748991 0)
(2.39965 0.0735684 0)
(2.41308 0.0691163 0)
(2.42135 0.0618849 0)
(2.42345 0.0567164 0)
(2.42222 0.058679 0)
(2.42516 0.063802 0)
(2.43733 0.0649843 0)
(2.45149 0.0639174 0)
(2.46552 0.0618061 0)
(2.47978 0.059874 0)
(2.49365 0.0592343 0)
(2.50562 0.0618379 0)
(2.51269 0.0663252 0)
(2.5152 0.0723458 0)
(2.51702 0.072612 0)
(2.52139 0.0654013 0)
(2.52616 0.0622779 0)
(2.53274 0.0583359 0)
(2.54618 0.0535118 0)
(2.54773 0.0436699 0)
(2.53803 0.0142956 0)
(2.52258 -0.0477551 0)
(2.46693 -0.173046 0)
(2.60527 -0.601281 0)
(2.40201 -0.831319 0)
(2.33811 -0.80457 0)
(2.34405 -0.823054 0)
(2.34216 -0.833114 0)
(2.34212 -0.843389 0)
(2.33386 -0.847961 0)
(2.3304 -0.835332 0)
(2.3037 -0.758765 0)
(2.16157 -0.496214 0)
(1.9753 -0.133387 0)
(1.90544 0.0951881 0)
(1.92534 0.179452 0)
(1.94857 0.191354 0)
(1.98783 0.193308 0)
(2.03493 0.20255 0)
(2.08683 0.2199 0)
(2.13639 0.237459 0)
(2.17969 0.25362 0)
(2.21913 0.267023 0)
(2.25874 0.270205 0)
(2.29679 0.267303 0)
(2.33136 0.269182 0)
(2.36649 0.277191 0)
(2.40411 0.283024 0)
(2.44082 0.283902 0)
(2.47376 0.287108 0)
(2.50295 0.293647 0)
(2.52776 0.293631 0)
(2.54511 0.286374 0)
(2.55908 0.277687 0)
(2.57582 0.276096 0)
(2.60162 0.27965 0)
(2.63399 0.272978 0)
(2.66212 0.265598 0)
(2.6891 0.275916 0)
(2.70406 0.281888 0)
(2.71621 0.265284 0)
(2.72607 0.246696 0)
(2.73367 0.246162 0)
(2.75039 0.247442 0)
(2.77581 0.240516 0)
(2.76519 0.194226 0)
(2.72045 0.080264 0)
(2.6277 -0.116814 0)
(2.47747 -0.350676 0)
(2.41508 -0.460318 0)
(2.37181 -0.498835 0)
(2.37596 -0.497842 0)
(2.38337 -0.497698 0)
(2.40124 -0.498631 0)
(2.3923 -0.505096 0)
(2.40215 -0.489029 0)
(2.39923 -0.463979 0)
(2.36904 -0.382947 0)
(2.29089 -0.206107 0)
(2.22805 -0.0445629 0)
(2.19739 0.0707343 0)
(2.18144 0.122554 0)
(2.17412 0.117287 0)
(2.18245 0.102123 0)
(2.20202 0.0923321 0)
(2.22247 0.0927696 0)
(2.2376 0.0972309 0)
(2.25322 0.0863655 0)
(2.27245 0.0840181 0)
(2.29066 0.0863474 0)
(2.30442 0.087921 0)
(2.31914 0.0896227 0)
(2.33287 0.0944895 0)
(2.34156 0.102964 0)
(2.35168 0.106017 0)
(2.3666 0.103423 0)
(2.38186 0.0983217 0)
(2.39483 0.0916293 0)
(2.40523 0.0854066 0)
(2.41507 0.0821318 0)
(2.42322 0.0817661 0)
(2.42603 0.0844504 0)
(2.42867 0.0899853 0)
(2.44082 0.0947825 0)
(2.45651 0.0949404 0)
(2.47189 0.0941714 0)
(2.4863 0.0935304 0)
(2.49817 0.0944443 0)
(2.50652 0.0945729 0)
(2.51118 0.0964878 0)
(2.51461 0.0973425 0)
(2.51577 0.09526 0)
(2.52711 0.0794096 0)
(2.53006 0.064493 0)
(2.52715 0.0442784 0)
(2.50936 0.00507623 0)
(2.46062 -0.0893051 0)
(2.45438 -0.158531 0)
(2.40409 -0.228271 0)
(2.35413 -0.854482 0)
(2.32303 -0.884836 0)
(2.30549 -0.852778 0)
(2.3162 -0.826221 0)
(2.32677 -0.822249 0)
(2.33201 -0.825471 0)
(2.33754 -0.833302 0)
(2.34511 -0.829125 0)
(2.36337 -0.822907 0)
(2.3643 -0.760156 0)
(2.30535 -0.558045 0)
(2.16158 -0.213379 0)
(2.0559 0.0472497 0)
(2.02406 0.197611 0)
(2.02909 0.247017 0)
(2.06264 0.278587 0)
(2.10461 0.29323 0)
(2.14365 0.309891 0)
(2.18001 0.329224 0)
(2.2161 0.342273 0)
(2.25415 0.343838 0)
(2.29207 0.343561 0)
(2.32894 0.350879 0)
(2.36386 0.364694 0)
(2.39604 0.375921 0)
(2.42812 0.377456 0)
(2.46 0.376372 0)
(2.49048 0.376793 0)
(2.51884 0.371797 0)
(2.54403 0.365371 0)
(2.56594 0.363713 0)
(2.58402 0.368096 0)
(2.59832 0.371566 0)
(2.61633 0.350124 0)
(2.63449 0.328326 0)
(2.65223 0.337405 0)
(2.67278 0.343394 0)
(2.69806 0.331123 0)
(2.72395 0.317412 0)
(2.73567 0.309284 0)
(2.74672 0.279253 0)
(2.72663 0.222397 0)
(2.65354 0.0764194 0)
(2.48194 -0.223171 0)
(2.41564 -0.357359 0)
(2.3504 -0.441836 0)
(2.33776 -0.462356 0)
(2.34461 -0.460415 0)
(2.35747 -0.460789 0)
(2.36791 -0.461752 0)
(2.37796 -0.454102 0)
(2.38623 -0.458816 0)
(2.40019 -0.451078 0)
(2.41271 -0.448951 0)
(2.42647 -0.436697 0)
(2.42048 -0.391809 0)
(2.36845 -0.274759 0)
(2.29808 -0.110779 0)
(2.23136 0.0384482 0)
(2.20107 0.0695906 0)
(2.19865 0.0864847 0)
(2.20407 0.0967344 0)
(2.21587 0.12202 0)
(2.22221 0.124771 0)
(2.23457 0.113 0)
(2.25209 0.108051 0)
(2.27319 0.110719 0)
(2.29522 0.113055 0)
(2.31122 0.115592 0)
(2.31949 0.123018 0)
(2.32604 0.130517 0)
(2.33589 0.129997 0)
(2.34913 0.122995 0)
(2.36259 0.115372 0)
(2.37563 0.110102 0)
(2.38896 0.107105 0)
(2.40141 0.105639 0)
(2.41095 0.104911 0)
(2.41558 0.108851 0)
(2.41851 0.116572 0)
(2.42805 0.124027 0)
(2.44277 0.125276 0)
(2.45785 0.123454 0)
(2.47159 0.120577 0)
(2.48385 0.119407 0)
(2.49795 0.118648 0)
(2.51008 0.120226 0)
(2.51527 0.119454 0)
(2.51295 0.109456 0)
(2.50829 0.0852373 0)
(2.49653 0.060476 0)
(2.46186 0.00318722 0)
(2.40333 -0.0980509 0)
(2.39079 -0.158135 0)
(2.3699 -0.223721 0)
(2.36258 -0.239352 0)
(2.3425 -0.8211 0)
(2.32919 -0.83352 0)
(2.32848 -0.840076 0)
(2.32788 -0.838898 0)
(2.32874 -0.837652 0)
(2.33104 -0.836197 0)
(2.33593 -0.832669 0)
(2.35337 -0.817814 0)
(2.3824 -0.796478 0)
(2.42636 -0.758433 0)
(2.46859 -0.704343 0)
(2.45734 -0.564045 0)
(2.32783 -0.248531 0)
(2.18981 0.0874949 0)
(2.10524 0.313305 0)
(2.0871 0.388109 0)
(2.11521 0.392612 0)
(2.149 0.393686 0)
(2.18439 0.405244 0)
(2.22203 0.42018 0)
(2.26027 0.42887 0)
(2.29586 0.43393 0)
(2.32786 0.439815 0)
(2.35754 0.449122 0)
(2.38643 0.456297 0)
(2.41753 0.455249 0)
(2.45076 0.453584 0)
(2.48428 0.457435 0)
(2.5129 0.455245 0)
(2.53209 0.44739 0)
(2.5447 0.436536 0)
(2.55252 0.431477 0)
(2.56171 0.428502 0)
(2.59148 0.408622 0)
(2.62379 0.393799 0)
(2.65752 0.401378 0)
(2.68773 0.408884 0)
(2.70813 0.395924 0)
(2.70999 0.38594 0)
(2.69438 0.329132 0)
(2.65113 0.231187 0)
(2.53417 0.013168 0)
(2.38738 -0.242373 0)
(2.3366 -0.376031 0)
(2.2937 -0.422391 0)
(2.30453 -0.417227 0)
(2.32626 -0.414974 0)
(2.34625 -0.408162 0)
(2.36437 -0.409446 0)
(2.3749 -0.414546 0)
(2.38245 -0.412427 0)
(2.3942 -0.415862 0)
(2.41343 -0.410648 0)
(2.43132 -0.412355 0)
(2.44468 -0.409753 0)
(2.45939 -0.408435 0)
(2.45317 -0.380841 0)
(2.42558 -0.3102 0)
(2.36002 -0.172401 0)
(2.26206 0.0145278 0)
(2.22647 0.0938435 0)
(2.19932 0.143702 0)
(2.20058 0.159049 0)
(2.21518 0.152125 0)
(2.23224 0.143992 0)
(2.25004 0.137486 0)
(2.27544 0.140804 0)
(2.30121 0.146472 0)
(2.31606 0.1531 0)
(2.31903 0.154817 0)
(2.3189 0.148156 0)
(2.32247 0.1396 0)
(2.33164 0.134314 0)
(2.34564 0.132328 0)
(2.36189 0.132366 0)
(2.37936 0.132313 0)
(2.39659 0.132558 0)
(2.41127 0.13337 0)
(2.42095 0.13854 0)
(2.42329 0.148136 0)
(2.42268 0.156334 0)
(2.4311 0.15396 0)
(2.4457 0.149384 0)
(2.4609 0.14517 0)
(2.47511 0.140509 0)
(2.48809 0.136614 0)
(2.49669 0.137546 0)
(2.50432 0.132687 0)
(2.49015 0.100347 0)
(2.46753 0.0607801 0)
(2.42213 -0.00169955 0)
(2.35451 -0.0954578 0)
(2.32699 -0.154146 0)
(2.33305 -0.19457 0)
(2.33738 -0.221763 0)
(2.34649 -0.221592 0)
(2.30644 -0.851437 0)
(2.31373 -0.840327 0)
(2.32635 -0.83556 0)
(2.33159 -0.835502 0)
(2.33564 -0.836812 0)
(2.3407 -0.834702 0)
(2.35971 -0.818318 0)
(2.38326 -0.795369 0)
(2.43357 -0.749916 0)
(2.467 -0.718094 0)
(2.53533 -0.63855 0)
(2.58524 -0.61624 0)
(2.56697 -0.501884 0)
(2.51493 -0.286433 0)
(2.329 0.0959262 0)
(2.22612 0.321909 0)
(2.17007 0.459208 0)
(2.17604 0.482445 0)
(2.20628 0.500684 0)
(2.24139 0.512291 0)
(2.27503 0.518397 0)
(2.30466 0.522952 0)
(2.3344 0.529946 0)
(2.36642 0.541645 0)
(2.39897 0.551253 0)
(2.43004 0.550355 0)
(2.45721 0.540776 0)
(2.47881 0.534562 0)
(2.49341 0.521263 0)
(2.50209 0.510389 0)
(2.52225 0.498544 0)
(2.54816 0.497732 0)
(2.57512 0.491582 0)
(2.60579 0.474053 0)
(2.62781 0.460276 0)
(2.64471 0.460145 0)
(2.65152 0.464848 0)
(2.66202 0.443221 0)
(2.64362 0.362493 0)
(2.57301 0.206896 0)
(2.39337 -0.084775 0)
(2.31028 -0.260839 0)
(2.25845 -0.374555 0)
(2.25766 -0.390121 0)
(2.27601 -0.386811 0)
(2.29867 -0.379717 0)
(2.32171 -0.369286 0)
(2.34195 -0.363841 0)
(2.35749 -0.363299 0)
(2.36256 -0.367257 0)
(2.36186 -0.370545 0)
(2.37123 -0.371324 0)
(2.39402 -0.366434 0)
(2.4201 -0.367024 0)
(2.4435 -0.371358 0)
(2.46588 -0.375093 0)
(2.47571 -0.368802 0)
(2.47927 -0.354796 0)
(2.46267 -0.303161 0)
(2.41886 -0.207754 0)
(2.34841 -0.0814864 0)
(2.25193 0.061297 0)
(2.22964 0.113876 0)
(2.23783 0.146328 0)
(2.24223 0.162454 0)
(2.25724 0.172656 0)
(2.27516 0.17598 0)
(2.29192 0.176582 0)
(2.30444 0.179173 0)
(2.31133 0.176802 0)
(2.31373 0.166218 0)
(2.31409 0.156673 0)
(2.32017 0.154165 0)
(2.33887 0.157568 0)
(2.35782 0.160072 0)
(2.37629 0.161017 0)
(2.39377 0.162061 0)
(2.409 0.164686 0)
(2.41893 0.17069 0)
(2.41996 0.17643 0)
(2.41438 0.177623 0)
(2.42034 0.171893 0)
(2.43523 0.169242 0)
(2.4513 0.16433 0)
(2.46576 0.158315 0)
(2.47678 0.154916 0)
(2.48103 0.14259 0)
(2.46935 0.103456 0)
(2.44438 0.0425141 0)
(2.38535 -0.0459953 0)
(2.3369 -0.0992292 0)
(2.29544 -0.139178 0)
(2.29259 -0.165581 0)
(2.31127 -0.197171 0)
(2.31848 -0.204583 0)
(2.33929 -0.200921 0)
(2.32293 -0.836358 0)
(2.32634 -0.834188 0)
(2.3329 -0.833589 0)
(2.33895 -0.834834 0)
(2.34627 -0.835972 0)
(2.3621 -0.826236 0)
(2.38821 -0.802028 0)
(2.42236 -0.76738 0)
(2.48115 -0.707094 0)
(2.54134 -0.630736 0)
(2.57118 -0.602756 0)
(2.62316 -0.546908 0)
(2.6496 -0.50814 0)
(2.68422 -0.396461 0)
(2.6605 -0.238289 0)
(2.47193 0.12006 0)
(2.32572 0.406786 0)
(2.21905 0.595631 0)
(2.21356 0.626576 0)
(2.24705 0.625917 0)
(2.28489 0.617847 0)
(2.31505 0.613086 0)
(2.34144 0.613896 0)
(2.3686 0.619801 0)
(2.39677 0.624598 0)
(2.42296 0.616602 0)
(2.44568 0.599868 0)
(2.46583 0.596366 0)
(2.4908 0.593644 0)
(2.51432 0.585847 0)
(2.53457 0.571239 0)
(2.54607 0.562538 0)
(2.56175 0.549535 0)
(2.58163 0.534808 0)
(2.60086 0.515323 0)
(2.62508 0.519653 0)
(2.61712 0.47986 0)
(2.57478 0.366582 0)
(2.45873 0.11649 0)
(2.30119 -0.159208 0)
(2.23732 -0.263838 0)
(2.22571 -0.318275 0)
(2.23575 -0.321897 0)
(2.26448 -0.329746 0)
(2.28912 -0.327475 0)
(2.3082 -0.326366 0)
(2.32862 -0.327413 0)
(2.34738 -0.326758 0)
(2.35947 -0.325193 0)
(2.36432 -0.327761 0)
(2.3663 -0.33267 0)
(2.37653 -0.333299 0)
(2.39744 -0.330326 0)
(2.42168 -0.32885 0)
(2.44478 -0.33139 0)
(2.46786 -0.333838 0)
(2.48916 -0.329032 0)
(2.50142 -0.325725 0)
(2.50032 -0.32324 0)
(2.48987 -0.282459 0)
(2.46563 -0.235402 0)
(2.40061 -0.129266 0)
(2.31618 0.0237093 0)
(2.28212 0.131678 0)
(2.26387 0.20123 0)
(2.25979 0.213253 0)
(2.27109 0.209766 0)
(2.28808 0.204406 0)
(2.30416 0.20514 0)
(2.31653 0.203948 0)
(2.31798 0.194471 0)
(2.31546 0.185397 0)
(2.32398 0.186139 0)
(2.34139 0.188016 0)
(2.35868 0.189127 0)
(2.37743 0.190385 0)
(2.39609 0.191681 0)
(2.41353 0.192766 0)
(2.42786 0.19505 0)
(2.42904 0.199115 0)
(2.41722 0.201523 0)
(2.41866 0.197857 0)
(2.43185 0.19022 0)
(2.4445 0.186662 0)
(2.45308 0.177762 0)
(2.4562 0.154757 0)
(2.43891 0.10212 0)
(2.40615 0.00165825 0)
(2.36354 -0.0870233 0)
(2.32862 -0.131859 0)
(2.2985 -0.130236 0)
(2.28462 -0.134963 0)
(2.28873 -0.157919 0)
(2.30171 -0.173481 0)
(2.31348 -0.176061 0)
(2.33362 -0.174739 0)
(2.33219 -0.837888 0)
(2.33257 -0.839409 0)
(2.33788 -0.841342 0)
(2.34485 -0.841566 0)
(2.35845 -0.834954 0)
(2.38563 -0.81472 0)
(2.42561 -0.777186 0)
(2.50154 -0.697764 0)
(2.55041 -0.630039 0)
(2.57111 -0.616019 0)
(2.62227 -0.544182 0)
(2.71077 -0.432212 0)
(2.75091 -0.363974 0)
(2.76934 -0.362777 0)
(2.79802 -0.29206 0)
(2.76199 -0.192899 0)
(2.62711 0.114178 0)
(2.42597 0.486852 0)
(2.29215 0.668903 0)
(2.26615 0.726841 0)
(2.29079 0.725347 0)
(2.32275 0.714883 0)
(2.34995 0.703792 0)
(2.37658 0.700667 0)
(2.40186 0.704731 0)
(2.4267 0.692607 0)
(2.44764 0.670834 0)
(2.46451 0.656817 0)
(2.48121 0.652673 0)
(2.49628 0.642284 0)
(2.50222 0.636421 0)
(2.52303 0.618549 0)
(2.55192 0.599727 0)
(2.57521 0.582566 0)
(2.59519 0.55009 0)
(2.57691 0.490225 0)
(2.49156 0.316 0)
(2.30101 -0.00699648 0)
(2.23722 -0.180715 0)
(2.18153 -0.293989 0)
(2.17622 -0.303988 0)
(2.19604 -0.300451 0)
(2.22484 -0.297427 0)
(2.25614 -0.286649 0)
(2.2816 -0.277348 0)
(2.30592 -0.280094 0)
(2.33019 -0.286537 0)
(2.35132 -0.28819 0)
(2.36447 -0.287229 0)
(2.36879 -0.290906 0)
(2.37133 -0.298586 0)
(2.38383 -0.298964 0)
(2.40364 -0.294238 0)
(2.42475 -0.287862 0)
(2.44471 -0.288632 0)
(2.46651 -0.288469 0)
(2.49311 -0.290243 0)
(2.51551 -0.28675 0)
(2.52015 -0.285225 0)
(2.50618 -0.281134 0)
(2.51444 -0.265164 0)
(2.50774 -0.238791 0)
(2.47705 -0.165438 0)
(2.39551 -0.00828627 0)
(2.3441 0.117061 0)
(2.3213 0.179653 0)
(2.30226 0.210682 0)
(2.30209 0.212224 0)
(2.31019 0.220497 0)
(2.31863 0.226904 0)
(2.31657 0.222748 0)
(2.31616 0.218736 0)
(2.33368 0.218217 0)
(2.35241 0.219682 0)
(2.37122 0.217909 0)
(2.38934 0.21635 0)
(2.40779 0.217711 0)
(2.42582 0.219139 0)
(2.43612 0.219014 0)
(2.43277 0.221029 0)
(2.41248 0.218727 0)
(2.41923 0.215226 0)
(2.42614 0.212896 0)
(2.4321 0.203173 0)
(2.4272 0.171372 0)
(2.3971 0.100792 0)
(2.35402 -0.0165928 0)
(2.35175 -0.108464 0)
(2.30565 -0.161436 0)
(2.29702 -0.162012 0)
(2.29084 -0.150557 0)
(2.28737 -0.147288 0)
(2.28676 -0.155818 0)
(2.29825 -0.152851 0)
(2.31276 -0.149798 0)
(2.33595 -0.143385 0)
(2.3397 -0.843143 0)
(2.34237 -0.847997 0)
(2.35199 -0.845343 0)
(2.35803 -0.840103 0)
(2.38289 -0.819633 0)
(2.43312 -0.775027 0)
(2.50646 -0.691599 0)
(2.55322 -0.646463 0)
(2.5816 -0.604621 0)
(2.68066 -0.49655 0)
(2.73467 -0.396105 0)
(2.7655 -0.336037 0)
(2.79212 -0.334353 0)
(2.80355 -0.294061 0)
(2.86226 -0.214728 0)
(2.89786 -0.160462 0)
(2.87028 -0.0317268 0)
(2.78358 0.19119 0)
(2.51018 0.564621 0)
(2.37991 0.748342 0)
(2.27763 0.817452 0)
(2.29575 0.815154 0)
(2.3326 0.796683 0)
(2.36782 0.772726 0)
(2.38777 0.767446 0)
(2.41149 0.745709 0)
(2.42565 0.722486 0)
(2.43792 0.705515 0)
(2.45239 0.704713 0)
(2.47696 0.691701 0)
(2.48967 0.681814 0)
(2.52227 0.649485 0)
(2.54633 0.635173 0)
(2.54727 0.588475 0)
(2.50211 0.467693 0)
(2.36398 0.199887 0)
(2.23688 -0.0594281 0)
(2.15806 -0.202997 0)
(2.15441 -0.24422 0)
(2.17136 -0.240601 0)
(2.19816 -0.244227 0)
(2.22144 -0.249121 0)
(2.24219 -0.249299 0)
(2.2689 -0.241127 0)
(2.29362 -0.23911 0)
(2.31685 -0.243605 0)
(2.34075 -0.247461 0)
(2.36206 -0.247197 0)
(2.36963 -0.24669 0)
(2.36975 -0.25292 0)
(2.37966 -0.261941 0)
(2.39587 -0.263562 0)
(2.41426 -0.258165 0)
(2.43401 -0.248263 0)
(2.45639 -0.247841 0)
(2.47894 -0.247601 0)
(2.50145 -0.249119 0)
(2.52545 -0.250832 0)
(2.53942 -0.251303 0)
(2.53021 -0.252539 0)
(2.52245 -0.247372 0)
(2.53642 -0.240042 0)
(2.53996 -0.226989 0)
(2.52067 -0.170723 0)
(2.47572 -0.0597463 0)
(2.39361 0.112262 0)
(2.36231 0.199336 0)
(2.32085 0.248015 0)
(2.31539 0.252881 0)
(2.31414 0.25295 0)
(2.31884 0.249956 0)
(2.32679 0.247555 0)
(2.33917 0.252611 0)
(2.35275 0.253795 0)
(2.37064 0.250593 0)
(2.38733 0.245024 0)
(2.40449 0.242365 0)
(2.42218 0.241571 0)
(2.43582 0.241879 0)
(2.43903 0.243602 0)
(2.42107 0.241545 0)
(2.41728 0.230569 0)
(2.4144 0.219548 0)
(2.39783 0.182039 0)
(2.34943 0.0930211 0)
(2.30509 -0.00661696 0)
(2.31345 -0.0819205 0)
(2.30084 -0.134044 0)
(2.29728 -0.135377 0)
(2.29641 -0.131099 0)
(2.30453 -0.132703 0)
(2.30422 -0.141889 0)
(2.29428 -0.139961 0)
(2.30355 -0.126206 0)
(2.31712 -0.119713 0)
(2.33965 -0.113987 0)
(2.34632 -0.847056 0)
(2.35431 -0.843911 0)
(2.3603 -0.838439 0)
(2.38444 -0.81876 0)
(2.44414 -0.763607 0)
(2.50575 -0.692163 0)
(2.53673 -0.65709 0)
(2.62734 -0.564963 0)
(2.72223 -0.436922 0)
(2.75623 -0.364933 0)
(2.77189 -0.342131 0)
(2.79502 -0.303792 0)
(2.86159 -0.206916 0)
(2.91061 -0.116735 0)
(2.91252 -0.0617089 0)
(2.93482 -0.0721132 0)
(2.94739 -0.0243133 0)
(2.91712 0.0903152 0)
(2.84174 0.23843 0)
(2.59094 0.577963 0)
(2.42975 0.781407 0)
(2.29521 0.852908 0)
(2.30803 0.849798 0)
(2.3419 0.836885 0)
(2.36474 0.829572 0)
(2.38752 0.802534 0)
(2.40965 0.766757 0)
(2.42835 0.741178 0)
(2.44633 0.726428 0)
(2.4692 0.715063 0)
(2.48508 0.702468 0)
(2.50305 0.670896 0)
(2.49189 0.596247 0)
(2.41132 0.409671 0)
(2.21743 0.0726753 0)
(2.15124 -0.0988309 0)
(2.12778 -0.211352 0)
(2.12554 -0.229512 0)
(2.14639 -0.227627 0)
(2.17455 -0.209084 0)
(2.19884 -0.190032 0)
(2.22693 -0.195368 0)
(2.25604 -0.209908 0)
(2.2824 -0.208353 0)
(2.30428 -0.200073 0)
(2.32511 -0.201666 0)
(2.34393 -0.210496 0)
(2.35505 -0.216001 0)
(2.3614 -0.213234 0)
(2.37317 -0.213055 0)
(2.39102 -0.218576 0)
(2.41083 -0.220439 0)
(2.4304 -0.2188 0)
(2.44843 -0.210701 0)
(2.46614 -0.201258 0)
(2.48287 -0.203677 0)
(2.4977 -0.213071 0)
(2.51244 -0.219149 0)
(2.52861 -0.219165 0)
(2.53559 -0.222916 0)
(2.52796 -0.213409 0)
(2.52766 -0.207787 0)
(2.54651 -0.204749 0)
(2.55567 -0.196334 0)
(2.56109 -0.166014 0)
(2.52976 -0.0792157 0)
(2.46873 0.0572685 0)
(2.40712 0.168032 0)
(2.34958 0.235882 0)
(2.3312 0.257237 0)
(2.33145 0.265392 0)
(2.34004 0.27466 0)
(2.35589 0.283265 0)
(2.36856 0.290754 0)
(2.37674 0.287717 0)
(2.39626 0.279928 0)
(2.41572 0.277652 0)
(2.43287 0.27355 0)
(2.44641 0.266941 0)
(2.44738 0.26133 0)
(2.42553 0.237247 0)
(2.40628 0.208227 0)
(2.37055 0.159291 0)
(2.31142 0.0687514 0)
(2.26541 -0.0125154 0)
(2.26132 -0.0731108 0)
(2.27717 -0.121628 0)
(2.28341 -0.131077 0)
(2.28996 -0.128789 0)
(2.30138 -0.120777 0)
(2.31557 -0.122791 0)
(2.31611 -0.13487 0)
(2.3109 -0.12676 0)
(2.32009 -0.106425 0)
(2.33516 -0.0958743 0)
(2.35546 -0.0923363 0)
(2.35443 -0.844081 0)
(2.35914 -0.840375 0)
(2.3816 -0.821769 0)
(2.43869 -0.768042 0)
(2.49877 -0.707751 0)
(2.55741 -0.630914 0)
(2.65826 -0.499313 0)
(2.71649 -0.434943 0)
(2.75236 -0.387961 0)
(2.80307 -0.260621 0)
(2.83461 -0.188397 0)
(2.8353 -0.186311 0)
(2.86938 -0.113605 0)
(2.88671 -0.0335766 0)
(2.90448 -0.0240762 0)
(2.92553 -0.0548247 0)
(2.91706 -0.0244074 0)
(2.91337 0.0352266 0)
(2.91341 0.0673559 0)
(2.86508 0.165432 0)
(2.6252 0.534962 0)
(2.47391 0.740105 0)
(2.33648 0.838658 0)
(2.33326 0.853126 0)
(2.34321 0.851664 0)
(2.36615 0.825733 0)
(2.39588 0.777862 0)
(2.41258 0.743694 0)
(2.43888 0.713885 0)
(2.46113 0.703596 0)
(2.46293 0.677233 0)
(2.4222 0.562266 0)
(2.29118 0.283089 0)
(2.16803 0.024829 0)
(2.09061 -0.111157 0)
(2.09339 -0.15842 0)
(2.11601 -0.1659 0)
(2.14796 -0.178927 0)
(2.17188 -0.180729 0)
(2.19598 -0.160798 0)
(2.21561 -0.148959 0)
(2.23842 -0.15734 0)
(2.26057 -0.165652 0)
(2.28541 -0.16279 0)
(2.31187 -0.159279 0)
(2.33458 -0.164848 0)
(2.34495 -0.178489 0)
(2.34885 -0.185607 0)
(2.3596 -0.180184 0)
(2.37445 -0.173215 0)
(2.39001 -0.170496 0)
(2.40442 -0.168736 0)
(2.42261 -0.163345 0)
(2.44838 -0.163164 0)
(2.4745 -0.164844 0)
(2.49759 -0.169216 0)
(2.50963 -0.174723 0)
(2.51462 -0.180102 0)
(2.52158 -0.180332 0)
(2.53244 -0.184722 0)
(2.53861 -0.181432 0)
(2.53699 -0.170871 0)
(2.54359 -0.164384 0)
(2.56811 -0.162005 0)
(2.58348 -0.16187 0)
(2.5896 -0.142894 0)
(2.56622 -0.0740792 0)
(2.52519 0.0124452 0)
(2.42332 0.156091 0)
(2.37924 0.223711 0)
(2.35512 0.279939 0)
(2.35314 0.311381 0)
(2.35426 0.320704 0)
(2.3634 0.327336 0)
(2.3779 0.323919 0)
(2.39658 0.31841 0)
(2.41067 0.304604 0)
(2.42384 0.293223 0)
(2.43119 0.285556 0)
(2.42152 0.254699 0)
(2.39221 0.182852 0)
(2.35542 0.0991038 0)
(2.30427 0.0209478 0)
(2.25821 -0.0355834 0)
(2.24741 -0.047177 0)
(2.26173 -0.0753097 0)
(2.27253 -0.0942905 0)
(2.28747 -0.0945369 0)
(2.29862 -0.0911256 0)
(2.30975 -0.0994911 0)
(2.31566 -0.110379 0)
(2.3183 -0.110746 0)
(2.32677 -0.105257 0)
(2.33917 -0.0949226 0)
(2.35013 -0.0837756 0)
(2.36835 -0.077805 0)
(2.35542 -0.844812 0)
(2.37589 -0.828063 0)
(2.43216 -0.774664 0)
(2.50154 -0.70477 0)
(2.58431 -0.612079 0)
(2.67986 -0.448355 0)
(2.71882 -0.389354 0)
(2.76834 -0.342494 0)
(2.84907 -0.15659 0)
(2.84307 -0.0700704 0)
(2.83208 -0.0811431 0)
(2.87904 -0.0187405 0)
(2.90192 0.0767573 0)
(2.89183 0.125859 0)
(2.91204 0.118419 0)
(2.92502 0.0756154 0)
(2.91098 0.0576905 0)
(2.91296 0.0618683 0)
(2.91561 0.0637966 0)
(2.91832 0.0643491 0)
(2.86891 0.135544 0)
(2.68642 0.438227 0)
(2.46923 0.687309 0)
(2.34376 0.835751 0)
(2.31614 0.833517 0)
(2.33517 0.814293 0)
(2.36402 0.776528 0)
(2.39113 0.744188 0)
(2.42321 0.709404 0)
(2.4256 0.66117 0)
(2.37308 0.49512 0)
(2.20049 0.171063 0)
(2.08575 -0.041834 0)
(2.05175 -0.140881 0)
(2.05163 -0.143459 0)
(2.07859 -0.142377 0)
(2.11589 -0.125234 0)
(2.15145 -0.121167 0)
(2.18661 -0.134262 0)
(2.2116 -0.133165 0)
(2.22942 -0.123459 0)
(2.24692 -0.124114 0)
(2.26641 -0.126183 0)
(2.2871 -0.122692 0)
(2.30386 -0.123845 0)
(2.3185 -0.13613 0)
(2.33097 -0.150339 0)
(2.34393 -0.152744 0)
(2.36398 -0.146853 0)
(2.38578 -0.141983 0)
(2.40627 -0.139144 0)
(2.42326 -0.133443 0)
(2.43916 -0.122327 0)
(2.45657 -0.116088 0)
(2.46691 -0.121401 0)
(2.47296 -0.131883 0)
(2.48155 -0.1399 0)
(2.49514 -0.144451 0)
(2.51205 -0.143763 0)
(2.52789 -0.146242 0)
(2.54159 -0.146761 0)
(2.55166 -0.141281 0)
(2.56125 -0.132103 0)
(2.57378 -0.121756 0)
(2.59032 -0.117637 0)
(2.59325 -0.128254 0)
(2.59462 -0.111869 0)
(2.58484 -0.0870837 0)
(2.54136 -0.0158776 0)
(2.48523 0.0914855 0)
(2.41435 0.2233 0)
(2.38969 0.297853 0)
(2.37873 0.337616 0)
(2.37584 0.344678 0)
(2.3852 0.357833 0)
(2.39196 0.353928 0)
(2.40227 0.335064 0)
(2.40516 0.30813 0)
(2.3983 0.264128 0)
(2.35878 0.166579 0)
(2.31729 0.0437728 0)
(2.29971 -0.0326197 0)
(2.25604 -0.0862958 0)
(2.24081 -0.092463 0)
(2.24448 -0.0797208 0)
(2.2567 -0.0742803 0)
(2.27237 -0.0678673 0)
(2.28703 -0.0560381 0)
(2.2996 -0.055223 0)
(2.30938 -0.0713065 0)
(2.31212 -0.0860382 0)
(2.32483 -0.0875706 0)
(2.33819 -0.0819988 0)
(2.34925 -0.0699104 0)
(2.35811 -0.0620886 0)
(2.37359 -0.0594668 0)
(2.3651 -0.837797 0)
(2.4255 -0.787056 0)
(2.53395 -0.668637 0)
(2.59714 -0.599351 0)
(2.66652 -0.472779 0)
(2.7512 -0.284737 0)
(2.79551 -0.249264 0)
(2.81273 -0.203684 0)
(2.82662 -0.0746299 0)
(2.82505 -0.0588746 0)
(2.8573 -0.0220125 0)
(2.89615 0.00268206 0)
(2.9039 0.0706018 0)
(2.89979 0.0929496 0)
(2.9125 0.0775083 0)
(2.90942 0.0559598 0)
(2.90101 0.050346 0)
(2.9039 0.0524065 0)
(2.92043 0.0419895 0)
(2.92843 0.0369005 0)
(2.92629 0.0270975 0)
(2.88079 0.091556 0)
(2.73985 0.319507 0)
(2.41918 0.69183 0)
(2.34408 0.745009 0)
(2.34419 0.770315 0)
(2.35173 0.761044 0)
(2.36285 0.728214 0)
(2.36526 0.646755 0)
(2.28604 0.410662 0)
(2.17106 0.142287 0)
(2.03649 -0.0499901 0)
(2.00713 -0.081125 0)
(2.01252 -0.0882273 0)
(2.05489 -0.0902696 0)
(2.08119 -0.0912225 0)
(2.10984 -0.0786905 0)
(2.13663 -0.0748433 0)
(2.16352 -0.0783755 0)
(2.18697 -0.0792729 0)
(2.21082 -0.0809996 0)
(2.23136 -0.0902983 0)
(2.24735 -0.0975732 0)
(2.26303 -0.0960058 0)
(2.28077 -0.0951404 0)
(2.30112 -0.102106 0)
(2.31891 -0.112146 0)
(2.33806 -0.111418 0)
(2.36034 -0.101546 0)
(2.38251 -0.0930538 0)
(2.40355 -0.0879217 0)
(2.41954 -0.0851538 0)
(2.42744 -0.0837977 0)
(2.43013 -0.0844468 0)
(2.43923 -0.0878192 0)
(2.45438 -0.0928405 0)
(2.47216 -0.100199 0)
(2.4907 -0.106577 0)
(2.50984 -0.108279 0)
(2.52846 -0.108213 0)
(2.54511 -0.101903 0)
(2.55725 -0.0902489 0)
(2.56087 -0.0819115 0)
(2.55681 -0.0819736 0)
(2.56137 -0.0868464 0)
(2.57379 -0.0983057 0)
(2.58324 -0.0983058 0)
(2.60087 -0.0959311 0)
(2.60365 -0.081906 0)
(2.58934 -0.0324446 0)
(2.54018 0.0718069 0)
(2.45978 0.223916 0)
(2.43642 0.308746 0)
(2.39657 0.368821 0)
(2.38186 0.382996 0)
(2.38127 0.369425 0)
(2.36898 0.329004 0)
(2.34848 0.262279 0)
(2.32549 0.179585 0)
(2.28134 0.0756479 0)
(2.25497 -0.0229266 0)
(2.23483 -0.0679637 0)
(2.23425 -0.0662518 0)
(2.23748 -0.0542042 0)
(2.25094 -0.0497105 0)
(2.26747 -0.0493068 0)
(2.27083 -0.0487721 0)
(2.27013 -0.0449741 0)
(2.27668 -0.0482053 0)
(2.28768 -0.0549766 0)
(2.299 -0.0588773 0)
(2.31236 -0.0582824 0)
(2.32595 -0.0521203 0)
(2.34128 -0.0410549 0)
(2.35597 -0.037579 0)
(2.37094 -0.0407474 0)
(2.45024 -0.792279 0)
(2.59548 -0.650242 0)
(2.69682 -0.501233 0)
(2.79402 -0.326193 0)
(2.8783 -0.112005 0)
(2.9149 0.0151538 0)
(2.95094 0.0678491 0)
(2.94411 0.162149 0)
(2.91842 0.205135 0)
(2.95069 0.166537 0)
(2.99066 0.109391 0)
(2.98607 0.0942954 0)
(2.97202 0.099861 0)
(2.96606 0.0946207 0)
(2.95242 0.0558031 0)
(2.94247 0.0321327 0)
(2.91963 0.0179921 0)
(2.9149 0.00646833 0)
(2.93829 -0.00885379 0)
(2.94416 -0.0138192 0)
(2.94486 -0.0144226 0)
(2.93311 -0.00832483 0)
(2.91047 0.0314135 0)
(2.69004 0.323371 0)
(2.53573 0.538956 0)
(2.37653 0.757437 0)
(2.29734 0.706658 0)
(2.20369 0.504388 0)
(2.08362 0.206912 0)
(1.92363 -0.0277709 0)
(1.8759 -0.126088 0)
(1.90685 -0.118355 0)
(1.96301 -0.0954888 0)
(2.00767 -0.0622754 0)
(2.04175 -0.0399874 0)
(2.07564 -0.0442126 0)
(2.10653 -0.0440758 0)
(2.13431 -0.040158 0)
(2.16027 -0.0379731 0)
(2.18566 -0.0395984 0)
(2.21198 -0.0459287 0)
(2.23547 -0.0528434 0)
(2.2507 -0.0539442 0)
(2.26203 -0.0512412 0)
(2.27851 -0.0547995 0)
(2.29883 -0.0641874 0)
(2.31959 -0.0686446 0)
(2.34342 -0.0634828 0)
(2.36889 -0.0570347 0)
(2.39461 -0.0538385 0)
(2.41675 -0.0532003 0)
(2.43106 -0.0510548 0)
(2.43407 -0.0431133 0)
(2.43073 -0.0372734 0)
(2.4369 -0.045868 0)
(2.45363 -0.0569891 0)
(2.47332 -0.064719 0)
(2.49258 -0.0686481 0)
(2.51316 -0.0661725 0)
(2.53392 -0.0612825 0)
(2.55459 -0.0556949 0)
(2.5722 -0.0507101 0)
(2.5782 -0.0456425 0)
(2.5655 -0.0387557 0)
(2.55909 -0.0397298 0)
(2.57265 -0.0521772 0)
(2.58754 -0.0627977 0)
(2.60194 -0.0630591 0)
(2.6277 -0.0549713 0)
(2.63167 -0.0403273 0)
(2.62764 -0.00564891 0)
(2.58514 0.0822826 0)
(2.5245 0.210149 0)
(2.47994 0.297585 0)
(2.42407 0.354318 0)
(2.34989 0.316541 0)
(2.27835 0.235748 0)
(2.23087 0.112797 0)
(2.20187 0.023769 0)
(2.16853 -0.0386319 0)
(2.16271 -0.0706138 0)
(2.18491 -0.0695823 0)
(2.20058 -0.0611441 0)
(2.2244 -0.040063 0)
(2.24632 -0.0338303 0)
(2.26233 -0.030052 0)
(2.26632 -0.0244641 0)
(2.25814 -0.0199238 0)
(2.26614 -0.0244569 0)
(2.28196 -0.0310303 0)
(2.29644 -0.03585 0)
(2.31077 -0.0348694 0)
(2.32676 -0.0282504 0)
(2.34435 -0.0229103 0)
(2.361 -0.0209764 0)
(2.37555 -0.0214907 0)
(2.4292 -0.817522 0)
(2.5391 -0.803156 0)
(2.63118 -0.796134 0)
(2.77014 -0.615194 0)
(2.87148 -0.474762 0)
(2.94463 -0.373252 0)
(2.96308 -0.197726 0)
(2.97084 -0.121914 0)
(2.96306 -0.0411665 0)
(2.98791 0.0272979 0)
(3.00303 0.0547017 0)
(3.0019 0.0645502 0)
(2.99048 0.0683058 0)
(2.98809 0.0661797 0)
(2.97844 0.0483609 0)
(2.96311 0.0325023 0)
(2.945 0.0306779 0)
(2.9381 0.0280931 0)
(2.95852 0.0195882 0)
(2.96459 0.0133345 0)
(2.96288 0.00912182 0)
(2.95236 0.00101222 0)
(2.93666 -0.00110304 0)
(2.9042 0.027617 0)
(2.76262 0.14937 0)
(2.46607 0.36354 0)
(2.23114 0.388151 0)
(2.03218 0.414502 0)
(1.89148 0.258111 0)
(1.8192 0.132661 0)
(1.8479 0.0140753 0)
(1.92372 -0.032485 0)
(1.97918 -0.0390978 0)
(2.00747 -0.0265298 0)
(2.02802 -0.0221213 0)
(2.05618 -0.0243332 0)
(2.08578 -0.024368 0)
(2.1161 -0.022509 0)
(2.14449 -0.0205099 0)
(2.17053 -0.020266 0)
(2.19473 -0.0231034 0)
(2.21271 -0.0266049 0)
(2.22337 -0.0275417 0)
(2.23562 -0.0258916 0)
(2.25561 -0.0263872 0)
(2.27983 -0.0298736 0)
(2.3038 -0.0308583 0)
(2.32879 -0.0288588 0)
(2.35504 -0.026495 0)
(2.38041 -0.0257515 0)
(2.40006 -0.0263908 0)
(2.41096 -0.0266999 0)
(2.41249 -0.0257436 0)
(2.40846 -0.0258025 0)
(2.41531 -0.0294781 0)
(2.43281 -0.03326 0)
(2.45201 -0.0340475 0)
(2.47388 -0.0333244 0)
(2.49571 -0.031243 0)
(2.51844 -0.0285391 0)
(2.54125 -0.0266661 0)
(2.55823 -0.0253436 0)
(2.561 -0.0250827 0)
(2.54641 -0.0267633 0)
(2.53661 -0.0301748 0)
(2.54909 -0.0310682 0)
(2.56601 -0.0349371 0)
(2.58484 -0.0338809 0)
(2.60692 -0.032398 0)
(2.62806 -0.0296904 0)
(2.64707 -0.0237498 0)
(2.64247 -0.00790784 0)
(2.59662 0.0344723 0)
(2.49938 0.0963239 0)
(2.37616 0.168301 0)
(2.28802 0.163946 0)
(2.22488 0.122985 0)
(2.17939 0.12609 0)
(2.13801 0.081865 0)
(2.14419 0.0357989 0)
(2.16216 -0.0121389 0)
(2.17403 -0.0283605 0)
(2.1952 -0.0224451 0)
(2.22248 -0.0144575 0)
(2.2447 -0.0130651 0)
(2.25491 -0.0159749 0)
(2.25042 -0.0181451 0)
(2.23989 -0.0168163 0)
(2.25055 -0.015956 0)
(2.26781 -0.017015 0)
(2.28308 -0.0177518 0)
(2.30005 -0.0158889 0)
(2.31791 -0.0129676 0)
(2.33681 -0.0120975 0)
(2.35293 -0.0123268 0)
(2.36408 -0.013403 0)
)
;

boundaryField
{
    inlet
    {
        type            fixedValue;
        value           uniform (3 0 0);
    }
    outlet
    {
        type            inletOutlet;
        inletValue      uniform (3 0 0);
        value           nonuniform List<vector> 
32
(
(2.33887 0.0148863 0)
(2.34768 0.027229 0)
(2.34629 0.0458296 0)
(2.35412 0.0689315 0)
(2.35077 0.0901402 0)
(2.35465 0.117131 0)
(2.34582 0.135724 0)
(2.33978 0.150845 0)
(2.3352 0.16858 0)
(2.32684 0.185578 0)
(2.32498 0.197376 0)
(2.32838 0.212196 0)
(2.36178 0.210212 0)
(2.43631 0.16281 0)
(2.52075 0.0792263 0)
(2.56511 0.0152842 0)
(2.5739 -0.00653528 0)
(2.54116 -0.0685942 0)
(2.46693 -0.173046 0)
(2.40409 -0.228271 0)
(2.36258 -0.239352 0)
(2.34649 -0.221592 0)
(2.33929 -0.200921 0)
(2.33362 -0.174739 0)
(2.33595 -0.143385 0)
(2.33965 -0.113987 0)
(2.35546 -0.0923363 0)
(2.36835 -0.077805 0)
(2.37359 -0.0594668 0)
(2.37094 -0.0407474 0)
(2.37555 -0.0214907 0)
(2.36408 -0.013403 0)
)
;
    }
    bottom
    {
        type            symmetryPlane;
    }
    top
    {
        type            symmetryPlane;
    }
    obstacle
    {
        type            slip;
    }
    defaultFaces
    {
        type            empty;
    }
}


// ************************************************************************* //
