/*--------------------------------*- C++ -*----------------------------------*\
  =========                 |
  \\      /  F ield         | OpenFOAM: The Open Source CFD Toolbox
   \\    /   O peration     | Website:  https://openfoam.org
    \\  /    A nd           | Version:  7
     \\/     M anipulation  |
\*---------------------------------------------------------------------------*/
FoamFile
{
    version     2.0;
    format      ascii;
    class       volScalarField;
    location    "3.2";
    object      rho;
}
// * * * * * * * * * * * * * * * * * * * * * * * * * * * * * * * * * * * * * //

dimensions      [1 -3 0 0 0 0 0];

internalField   nonuniform List<scalar> 
4608
(
1.40001
1.40001
1.40001
1.40001
1.40001
1.40001
1.40001
1.40001
1.40001
1.40001
1.40001
1.40001
1.40001
1.40001
1.40001
1.40001
1.40001
1.40001
1.40001
1.40001
1.40001
1.40001
1.40001
1.40001
1.40001
1.40001
1.40001
1.40001
1.40001
1.40001
1.40001
1.40001
1.40001
1.40001
1.40001
1.40001
1.40001
1.40001
1.40001
1.40001
1.40001
1.40001
1.40001
1.40001
1.40001
1.40001
1.40001
1.40001
1.40001
1.40001
1.40001
1.40001
1.40001
1.40001
1.40001
1.40001
1.40001
1.40001
1.40001
1.40001
1.40001
1.40001
1.40001
1.40001
1.40001
1.40001
1.40001
1.40001
1.40001
1.40001
1.40001
1.40001
1.40001
1.40001
1.40001
1.40001
1.40001
1.40001
1.40001
1.40001
1.40001
1.40001
1.40001
1.40001
1.40001
1.40001
1.40001
1.40001
1.40001
1.40001
1.40001
1.40001
1.40001
1.40001
1.40001
1.40001
1.40001
1.40001
1.40001
1.40001
1.40001
1.40001
1.40001
1.40001
1.40001
1.40001
1.40001
1.40001
1.40001
1.40001
1.40001
1.40001
1.40001
1.40001
1.40001
1.40001
1.40001
1.40001
1.40001
1.40001
1.40001
1.40001
1.40001
1.40001
1.40001
1.40001
1.40001
1.40001
1.40001
1.40001
1.40001
1.40001
1.40001
1.40001
1.40001
1.40001
1.40001
1.40001
1.40001
1.40001
1.40001
1.40001
1.40001
1.40001
1.40001
1.40001
1.40001
1.40001
1.40001
1.40001
1.40001
1.40001
1.40001
1.40001
1.40001
1.40001
1.40001
1.40001
1.40001
1.40001
1.40001
1.40001
1.40001
1.40001
1.40001
1.40001
1.40001
1.40001
1.40001
1.40001
1.40001
1.40001
1.40001
1.40001
1.40001
1.40001
1.40001
1.40001
1.40001
1.40001
1.40001
1.40001
1.40001
1.40001
1.40001
1.40001
1.40001
1.40001
1.40001
1.40001
1.40001
1.40001
1.40001
1.40001
1.40001
1.40001
1.40001
1.40001
1.40001
1.40001
1.40001
1.40001
1.40001
1.40001
1.40001
1.40001
1.40001
1.40001
1.40001
1.40001
1.40001
1.40001
1.40001
1.40001
1.40001
1.40001
1.40001
1.40001
1.40001
1.40001
1.40001
1.40001
1.40001
1.40001
1.40001
1.40001
1.40001
1.40001
1.40001
1.40001
1.40001
1.40001
1.40001
1.40001
1.40001
1.40001
1.40001
1.40001
1.40001
1.40001
1.40001
1.40001
1.40001
1.40001
1.40001
1.40001
1.40001
1.40001
1.40001
1.40001
1.40001
1.40001
1.40001
1.40001
1.40001
1.40001
1.40001
1.40001
1.40001
1.40001
1.40001
1.40001
1.40001
1.40001
1.40001
1.40001
1.40001
1.40001
1.40001
1.40001
1.40001
1.40001
1.40001
1.40001
1.40001
1.40001
1.40001
1.40001
1.40001
1.40001
1.40001
1.40001
1.40001
1.40001
1.40001
1.40001
1.40001
1.40001
1.40001
1.40001
1.40001
1.40001
1.40001
1.40001
1.40001
1.40001
1.40001
1.40001
1.40001
1.40001
1.40001
1.40001
1.40001
1.40001
1.40001
1.40001
1.40001
1.40001
1.40001
1.40001
1.40001
1.40001
1.40001
1.40001
1.40001
1.40001
1.40001
1.40001
1.40001
1.40001
1.40001
1.40001
1.40001
1.40001
1.40001
1.40001
1.40001
1.40001
1.40001
1.40001
1.40001
1.40001
1.40001
1.40001
1.40001
1.40001
1.40001
1.40001
1.40001
1.40001
1.40001
1.40001
1.40001
1.40001
1.40001
1.40001
1.40001
1.40001
1.40001
1.40001
1.40001
1.40001
1.40001
1.40001
1.40001
1.40001
1.40001
1.40001
1.40001
1.40001
1.40001
1.40001
1.40001
1.40001
1.40001
1.40001
1.40001
1.40001
1.40001
1.40001
1.40001
1.40001
1.40001
1.40001
1.40001
1.40001
1.40001
1.40001
1.40001
1.40001
1.40001
1.40001
1.40001
1.40001
1.40001
1.40001
1.40001
1.40001
1.40001
1.40001
1.40001
1.40001
1.40001
1.40001
1.40001
1.40001
1.40001
1.40001
1.40001
1.40001
1.40001
1.40001
1.40001
1.40001
1.40001
1.40001
1.40001
1.40001
1.40001
1.40001
1.40001
1.40001
1.40001
1.40001
1.40001
1.40001
1.40001
1.40001
1.40001
1.40001
1.40001
1.40001
1.40001
1.40001
1.40001
1.40001
1.40001
1.40001
1.40001
1.40001
1.40001
1.40001
1.40001
1.40001
1.40001
1.40001
1.40001
1.40001
1.40001
1.40001
1.40001
1.40001
1.40001
1.40001
1.40001
1.40001
1.40001
1.40001
1.40001
1.40001
1.40001
1.40001
1.40001
1.40001
1.40001
1.40001
1.40001
1.40001
1.40001
1.40001
1.40001
1.40001
1.40001
1.40001
1.40001
1.40001
1.40001
1.40001
1.40001
1.40001
1.40001
1.40001
1.40001
1.40001
1.40001
1.40001
1.40001
1.40001
1.40001
1.40001
1.40001
1.40001
1.40001
1.40001
1.40001
1.40001
1.40001
1.40001
1.40001
1.40001
1.40001
1.40001
1.40001
1.40001
1.40001
1.40001
1.40001
1.40001
1.40001
1.40001
1.40001
1.40001
1.40001
1.40001
1.40001
1.40001
1.40001
1.40001
1.40001
1.40001
1.40001
1.40001
1.40001
1.40001
1.40001
1.40001
1.40001
1.40001
1.40001
1.40001
1.40001
1.40001
1.40001
1.40001
1.40001
1.40001
1.40001
1.40001
1.40001
1.40001
1.40001
1.40001
1.40001
1.40001
1.40001
1.40001
1.40001
1.40001
1.40001
1.40001
1.40001
1.40001
1.40001
1.40001
1.40001
1.40001
1.40001
1.40001
1.40001
1.40001
1.40001
1.40001
1.40001
1.40001
1.40001
1.40001
1.40001
1.40001
1.40001
1.40001
1.40001
1.40001
1.40001
1.40001
1.40001
1.40001
1.40001
1.40001
1.40001
1.40001
1.40001
1.40001
1.40001
1.40001
1.40001
1.40001
1.40001
1.40001
1.40001
1.40001
1.40001
1.40001
1.40001
1.40001
1.40001
1.40001
1.40001
1.40001
1.40001
1.40001
1.40001
1.40001
1.40001
1.40001
1.40001
1.40001
1.40001
1.40001
1.40001
1.40001
1.40001
1.40001
1.40001
1.40001
1.40001
1.40001
1.40001
1.40001
1.40001
1.40001
1.40001
1.40001
1.40001
1.40001
1.40001
1.40001
1.40001
1.40001
1.40001
1.40001
1.40001
1.40001
1.40001
1.40001
1.40001
1.40001
1.40001
1.40001
1.40001
1.40001
1.40001
1.40001
1.40001
1.40001
1.40001
1.40001
1.40001
1.40001
1.40001
1.40001
1.40001
1.40001
1.40001
1.40001
1.40001
1.40001
1.40001
1.40001
1.40001
1.40001
1.40001
1.40001
1.40001
1.40001
1.40001
1.40001
1.40001
1.40001
1.40001
1.40001
1.40001
1.40001
1.40001
1.40001
1.40001
1.40001
1.40001
1.40001
1.40001
1.40001
1.40001
1.40001
1.40001
1.40001
1.40001
1.40001
1.40001
1.40001
1.40001
1.40001
1.40001
1.40001
1.40001
1.40001
1.40001
1.40001
1.40001
1.40001
1.40001
1.40001
1.40001
1.40001
1.40001
1.40001
1.40001
1.40001
1.40001
1.40001
1.40001
1.40001
1.40001
1.40001
1.40001
1.40001
1.40001
1.40001
1.40001
1.40001
1.40001
1.40001
1.40001
1.40001
1.40001
1.40001
1.40001
1.40001
1.40001
1.40001
1.40001
1.40001
1.40001
1.40001
1.40001
1.40001
1.40001
1.40001
1.40001
1.40001
1.40001
1.40001
1.40001
1.40001
1.40001
1.40001
1.40001
1.40001
1.40001
1.40001
1.40001
1.40001
1.40001
1.40001
1.40001
1.40001
1.40001
1.40001
1.40001
1.40001
1.40001
1.40001
1.40001
1.40001
1.40001
1.40001
1.40001
1.40001
1.40001
1.40001
1.40001
1.40001
1.40001
1.40001
1.40001
1.40001
1.40001
1.40001
1.40001
1.40001
1.6768
2.09338
2.52732
2.99409
3.43262
3.81456
4.13979
4.4094
4.42664
4.30385
4.03904
3.71743
3.47303
3.36755
3.29866
3.30509
3.33373
3.36523
3.39327
3.40298
3.40654
3.41073
3.42357
3.43772
1.40223
1.41658
1.47956
1.58704
1.80291
2.10678
2.51937
2.96004
3.37932
3.5467
3.6522
3.60438
3.55833
3.49255
3.40944
3.39248
3.37713
3.36731
3.37719
3.38819
3.39416
3.40165
3.4126
3.42625
1.4
1.39995
1.40023
1.4002
1.40331
1.42162
1.49611
1.71073
2.1823
2.89913
3.42613
3.71297
3.76108
3.72032
3.6135
3.45781
3.34087
3.3311
3.34639
3.36004
3.36676
3.37346
3.38106
3.39315
1.40001
1.4
1.4
1.4
1.39999
1.40004
1.39992
1.40179
1.427
1.6477
2.16606
2.9778
3.39668
3.57143
3.55387
3.50722
3.40108
3.34725
3.34742
3.32999
3.32697
3.33511
3.34735
3.36018
1.40001
1.40001
1.4
1.4
1.4
1.4
1.39999
1.4
1.39991
1.40151
1.43487
1.68337
2.30988
2.99126
3.47499
3.53948
3.49602
3.44021
3.37468
3.31743
3.29946
3.30811
3.32485
3.33865
1.40001
1.40001
1.40001
1.40001
1.40001
1.4
1.4
1.4
1.4
1.4
1.39993
1.40245
1.47245
1.78091
2.50878
3.13346
3.45748
3.45528
3.42379
3.37077
3.31761
3.30945
3.30849
3.31097
1.40001
1.40001
1.40001
1.40001
1.40001
1.40001
1.40001
1.40001
1.40001
1.4
1.4
1.39998
1.40008
1.40733
1.54497
2.01652
2.81329
3.19468
3.38042
3.39926
3.37175
3.30504
3.28971
3.2847
1.40001
1.40001
1.40001
1.40001
1.40001
1.40001
1.40001
1.40001
1.40001
1.40001
1.4
1.4
1.4
1.39998
1.40139
1.42926
1.70192
2.32747
3.08043
3.33275
3.33673
3.31778
3.30253
3.29407
1.40001
1.40001
1.40001
1.40001
1.40001
1.40001
1.40001
1.40001
1.40001
1.40001
1.40001
1.40001
1.4
1.4
1.4
1.4
1.40803
1.50968
1.9847
2.72084
3.23124
3.36108
3.35676
3.34436
1.40001
1.40001
1.40001
1.40001
1.40001
1.40001
1.40001
1.40001
1.40001
1.40001
1.40001
1.40001
1.40001
1.4
1.4
1.4
1.39998
1.40102
1.43899
1.7373
2.47991
3.01177
3.24812
3.3469
1.40001
1.40001
1.40001
1.40001
1.40001
1.40001
1.40001
1.40001
1.40001
1.40001
1.40001
1.40001
1.40001
1.40001
1.40001
1.4
1.4
1.4
1.40021
1.41416
1.58048
2.18783
2.91417
3.31808
1.40001
1.40001
1.40001
1.40001
1.40001
1.40001
1.40001
1.40001
1.40001
1.40001
1.40001
1.40001
1.40001
1.40001
1.40001
1.40001
1.4
1.4
1.4
1.40003
1.40476
1.51244
1.97276
2.79667
1.40001
1.40001
1.40001
1.40001
1.40001
1.40001
1.40001
1.40001
1.40001
1.40001
1.40001
1.40001
1.40001
1.40001
1.40001
1.40001
1.40001
1.40001
1.4
1.4
1.40001
1.40237
1.45999
1.81028
1.40001
1.40001
1.40001
1.40001
1.40001
1.40001
1.40001
1.40001
1.40001
1.40001
1.40001
1.40001
1.40001
1.40001
1.40001
1.40001
1.40001
1.40001
1.4
1.4
1.4
1.4
1.40114
1.42389
1.40001
1.40001
1.40001
1.40001
1.40001
1.40001
1.40001
1.40001
1.40001
1.40001
1.40001
1.40001
1.40001
1.40001
1.40001
1.40001
1.40001
1.40001
1.40001
1.40001
1.4
1.4
1.40001
1.40007
1.40001
1.40001
1.40001
1.40001
1.40001
1.40001
1.40001
1.40001
1.40001
1.40001
1.40001
1.40001
1.40001
1.40001
1.40001
1.40001
1.40001
1.40001
1.40001
1.40001
1.40001
1.4
1.4
1.4
1.40001
1.40001
1.40001
1.40001
1.40001
1.40001
1.40001
1.40001
1.40001
1.40001
1.40001
1.40001
1.40001
1.40001
1.40001
1.40001
1.40001
1.40001
1.40001
1.40001
1.40001
1.4
1.4
1.4
1.40001
1.40001
1.40001
1.40001
1.40001
1.40001
1.40001
1.40001
1.40001
1.40001
1.40001
1.40001
1.40001
1.40001
1.40001
1.40001
1.40001
1.40001
1.40001
1.40001
1.4
1.4
1.4
1.40005
1.40001
1.40001
1.40001
1.40001
1.40001
1.40001
1.40001
1.40001
1.40001
1.40001
1.40001
1.40001
1.40001
1.40001
1.40001
1.40001
1.40001
1.40001
1.40001
1.4
1.4
1.4
1.4009
1.42937
1.40001
1.40001
1.40001
1.40001
1.40001
1.40001
1.40001
1.40001
1.40001
1.40001
1.40001
1.40001
1.40001
1.40001
1.40001
1.40001
1.40001
1.40001
1.4
1.4
1.40001
1.40278
1.45784
1.84671
1.40001
1.40001
1.40001
1.40001
1.40001
1.40001
1.40001
1.40001
1.40001
1.40001
1.40001
1.40001
1.40001
1.40001
1.40001
1.40001
1.4
1.4
1.4
1.40003
1.40458
1.51443
2.00727
2.766
1.40001
1.40001
1.40001
1.40001
1.40001
1.40001
1.40001
1.40001
1.40001
1.40001
1.40001
1.40001
1.40001
1.40001
1.40001
1.4
1.4
1.4
1.40019
1.4147
1.57803
2.1869
2.94772
3.30203
1.40001
1.40001
1.40001
1.40001
1.40001
1.40001
1.40001
1.40001
1.40001
1.40001
1.40001
1.40001
1.40001
1.4
1.4
1.4
1.39998
1.40103
1.43877
1.73898
2.479
3.02193
3.23931
3.3383
1.40001
1.40001
1.40001
1.40001
1.40001
1.40001
1.40001
1.40001
1.40001
1.40001
1.40001
1.40001
1.4
1.4
1.4
1.4
1.40802
1.5096
1.98848
2.71406
3.23637
3.36407
3.35604
3.34229
1.40001
1.40001
1.40001
1.40001
1.40001
1.40001
1.40001
1.40001
1.40001
1.40001
1.4
1.4
1.4
1.39998
1.40138
1.4293
1.70138
2.32769
3.08407
3.32814
3.3375
3.31891
3.30334
3.29366
1.40001
1.40001
1.40001
1.40001
1.40001
1.40001
1.40001
1.40001
1.40001
1.4
1.4
1.39998
1.40008
1.40733
1.54502
2.01635
2.81304
3.19592
3.37988
3.39813
3.37079
3.30605
3.29019
3.28397
1.40001
1.40001
1.40001
1.40001
1.40001
1.4
1.4
1.4
1.4
1.4
1.39993
1.40245
1.47244
1.78087
2.50917
3.13281
3.45764
3.45554
3.42412
3.37014
3.31744
3.3104
3.30815
3.31082
1.40001
1.40001
1.4
1.4
1.4
1.4
1.39999
1.4
1.39991
1.40151
1.43488
1.68337
2.30978
2.9914
3.47499
3.53939
3.4959
3.4404
3.37493
3.3167
3.29968
3.30859
3.32469
3.33849
1.40001
1.4
1.4
1.4
1.39999
1.40004
1.39992
1.40179
1.427
1.64767
2.16614
2.97765
3.39677
3.57154
3.55388
3.50728
3.40066
3.34761
3.34746
3.32941
3.32698
3.33525
3.34736
3.36017
1.4
1.39995
1.40023
1.4002
1.40331
1.42162
1.4961
1.71074
2.18227
2.89912
3.42621
3.71296
3.76109
3.72032
3.61355
3.45772
3.34064
3.3314
3.34644
3.35983
3.36683
3.37363
3.38104
3.3931
1.40223
1.41658
1.47955
1.58703
1.80292
2.10678
2.51937
2.96006
3.37923
3.54674
3.65223
3.60441
3.55826
3.49256
3.4095
3.39244
3.37716
3.3673
3.37714
3.38822
3.39421
3.40166
3.41247
3.42621
1.6768
2.09337
2.52733
2.99411
3.43261
3.81448
4.13986
4.40941
4.42662
4.30384
4.03905
3.71743
3.47293
3.36757
3.29872
3.30511
3.33374
3.36523
3.39334
3.40307
3.40662
3.41073
3.42334
3.43767
2.66916
1.95303
1.45809
1.09631
0.943719
0.957983
1.00959
1.01373
1.03097
1.09558
1.14882
1.1895
1.24093
1.30814
1.32592
1.32306
1.31239
1.31343
1.32691
1.34905
1.35323
1.34966
1.34171
1.39742
1.7214
2.53405
3.63202
4.79648
5.80645
6.0118
5.71131
5.1969
4.82159
4.62383
4.50496
4.37984
4.26476
4.17669
4.09767
4.01527
3.91648
3.79787
3.66491
3.52438
3.39678
3.30091
3.22667
3.1681
3.12194
3.07814
3.02822
2.96799
2.89605
2.81293
2.72334
2.63635
2.5635
2.50898
2.46802
2.43517
2.40733
2.37597
2.34219
2.30264
2.25594
2.19659
2.12544
2.06009
2.00522
1.98301
1.98311
2.0116
2.14714
2.47374
2.93041
3.35149
3.64774
3.86165
3.94945
3.91772
3.84933
3.74914
3.67382
3.62075
3.56485
3.50801
3.45935
3.41357
3.36037
3.28634
3.20912
3.1721
3.14962
3.13
3.11991
3.08125
3.16273
2.72465
2.34618
2.01703
1.67873
1.53918
1.47501
1.37098
1.29385
1.26182
1.22746
1.20716
1.21231
1.23574
1.26866
1.28425
1.28529
1.2882
1.3034
1.3258
1.33164
1.33386
1.39511
1.80086
2.45888
2.75005
3.07876
3.48944
4.18065
4.79981
5.18495
5.12615
4.93383
4.72872
4.54209
4.38438
4.28827
4.20872
4.1272
4.04055
3.93813
3.81677
3.68664
3.55073
3.42745
3.33937
3.27462
3.21325
3.15979
3.11107
3.05865
2.99965
2.92943
2.84241
2.74683
2.65899
2.59845
2.55623
2.51525
2.47539
2.43982
2.40417
2.36606
2.32411
2.27801
2.21979
2.15054
2.08963
2.04179
2.04324
2.08205
2.22956
2.47879
2.71914
2.86406
3.04888
3.30087
3.45638
3.55976
3.66636
3.74772
3.74808
3.7126
3.65046
3.5824
3.5177
3.46507
3.42591
3.37861
3.30092
3.21806
3.18189
3.16416
3.15083
3.13712
3.09592
3.33379
3.12617
2.79244
2.49229
2.17606
1.84583
1.69247
1.58254
1.41716
1.31562
1.30234
1.26598
1.24011
1.245
1.26576
1.27742
1.274
1.27745
1.29391
1.3121
1.32954
1.42868
1.8866
2.56099
2.91277
2.91518
2.90452
2.91838
3.05567
3.618
4.46324
4.97849
4.99743
4.86642
4.57947
4.37201
4.2399
4.13562
4.02676
3.92627
3.83969
3.74361
3.64067
3.54309
3.45124
3.35671
3.25852
3.16851
3.09557
3.04176
2.99021
2.93427
2.87207
2.79727
2.71486
2.64865
2.60003
2.54843
2.49367
2.44225
2.39355
2.34821
2.30395
2.25934
2.21729
2.17027
2.13327
2.10301
2.10682
2.17415
2.36615
2.63547
2.80236
2.83122
2.84772
2.86645
2.92425
3.04551
3.2312
3.45657
3.62649
3.69625
3.69927
3.6753
3.61727
3.54029
3.47563
3.42038
3.36048
3.28457
3.22477
3.18956
3.15991
3.13124
3.10816
3.06178
3.35232
3.28636
3.08925
2.82905
2.5842
2.23794
1.97356
1.87902
1.74056
1.53965
1.49024
1.45572
1.35405
1.30232
1.3102
1.30695
1.28662
1.2689
1.26609
1.27687
1.41365
1.89018
2.65102
2.89629
2.89412
2.86893
2.82516
2.76638
2.70762
2.76635
3.12801
3.9538
4.597
4.64155
4.58678
4.4274
4.26145
4.11733
3.9792
3.86437
3.79322
3.72719
3.65479
3.57785
3.48733
3.37208
3.26713
3.17141
3.0852
3.02107
2.96581
2.90508
2.84145
2.78519
2.73351
2.68209
2.62863
2.56408
2.50036
2.44201
2.38394
2.32889
2.27901
2.23314
2.19216
2.15498
2.14983
2.19484
2.34415
2.59675
2.84611
2.94056
2.93497
2.9115
2.87155
2.83366
2.81194
2.82521
2.89761
3.06057
3.26809
3.44855
3.55316
3.58132
3.57805
3.55524
3.49955
3.42162
3.34409
3.2783
3.24074
3.20957
3.1733
3.1331
3.10069
3.04739
3.34377
3.33151
3.25417
3.06857
2.85706
2.61647
2.28144
2.0912
1.9927
1.83275
1.66167
1.5785
1.48005
1.36894
1.34867
1.33364
1.30106
1.27435
1.29137
1.46709
1.9935
2.64977
2.93525
2.90358
2.8276
2.74067
2.69717
2.64783
2.61377
2.56466
2.5763
2.7643
3.3605
4.05834
4.41806
4.38782
4.30713
4.13448
3.99038
3.86596
3.75704
3.65526
3.56052
3.4824
3.42516
3.37506
3.30582
3.21303
3.10702
3.01739
2.94311
2.875
2.80826
2.74564
2.69211
2.64379
2.59383
2.55782
2.52102
2.47044
2.40833
2.3373
2.25958
2.20909
2.18314
2.18595
2.28516
2.51891
2.80457
3.02446
3.07458
3.0465
2.98009
2.89996
2.85788
2.82555
2.79506
2.78836
2.7854
2.81504
2.90491
3.06876
3.27563
3.41401
3.50701
3.51744
3.48498
3.40966
3.33505
3.28469
3.25011
3.20997
3.16806
3.12414
3.08912
3.02972
3.32719
3.32646
3.31128
3.2268
3.05129
2.85649
2.62686
2.36911
2.18585
2.04798
1.9035
1.79126
1.68916
1.516
1.44965
1.44106
1.41583
1.43749
1.65027
2.20397
2.77776
2.99342
2.95801
2.86473
2.75806
2.67098
2.61888
2.56876
2.52616
2.47522
2.42183
2.36679
2.43118
2.81791
3.52413
4.03399
4.15997
4.13361
4.03419
3.89189
3.7368
3.60618
3.50289
3.42819
3.37249
3.31221
3.25252
3.19514
3.11708
3.0078
2.90427
2.83131
2.77524
2.72511
2.679
2.63685
2.59532
2.5471
2.49114
2.4361
2.37785
2.3119
2.25135
2.22343
2.24804
2.38889
2.68966
2.98262
3.16289
3.19046
3.17104
3.081
2.95137
2.88103
2.84966
2.8282
2.81796
2.80117
2.77901
2.76297
2.73666
2.75198
2.85143
3.04397
3.2359
3.3567
3.40456
3.39743
3.35834
3.32003
3.28403
3.23742
3.18826
3.13342
3.08325
3.01128
3.29622
3.30635
3.29826
3.27939
3.19385
3.03606
2.83779
2.63886
2.46103
2.2671
2.05878
1.96793
1.90792
1.77858
1.60737
1.53508
1.58141
1.87954
2.51161
3.01687
3.15067
3.08832
2.96198
2.84782
2.74913
2.66651
2.60191
2.54354
2.48098
2.4171
2.35515
2.29323
2.23566
2.25012
2.44913
2.9964
3.62874
4.00686
4.00093
3.89667
3.71547
3.57178
3.47105
3.3919
3.33559
3.28424
3.23366
3.17201
3.08637
2.98087
2.88023
2.81095
2.76165
2.71836
2.67116
2.6144
2.55819
2.51613
2.47154
2.41894
2.37502
2.32316
2.29292
2.3566
2.57051
2.87204
3.14423
3.24501
3.24962
3.23134
3.17187
3.0608
2.93825
2.88942
2.86535
2.84247
2.81789
2.79595
2.77413
2.74648
2.71507
2.64938
2.61502
2.67088
2.83923
3.06607
3.24873
3.36302
3.376
3.34802
3.29253
3.22164
3.1659
3.11435
3.06677
3.00312
3.28117
3.28164
3.28223
3.27081
3.2436
3.16493
3.02331
2.81055
2.65093
2.5137
2.32788
2.11628
2.01772
1.96116
1.8398
1.8959
2.28977
2.9575
3.39764
3.3937
3.29932
3.15604
3.0223
2.9146
2.81018
2.71384
2.62849
2.55415
2.4735
2.40015
2.32692
2.25998
2.20736
2.17481
2.14362
2.21013
2.55778
3.20552
3.69809
3.7734
3.71654
3.59464
3.48673
3.38913
3.31879
3.25964
3.20267
3.13871
3.06091
2.96566
2.8698
2.79847
2.74706
2.69836
2.64667
2.59167
2.5391
2.4878
2.43426
2.41584
2.39239
2.415
2.53699
2.80884
3.06866
3.25067
3.35064
3.3489
3.31401
3.24346
3.15414
3.04654
2.94457
2.90373
2.88104
2.85571
2.82737
2.80239
2.78
2.75347
2.7174
2.64986
2.57201
2.54947
2.57817
2.71183
2.9321
3.17577
3.30247
3.31382
3.30177
3.25005
3.16548
3.0868
3.0478
3.00233
3.31913
3.30338
3.2912
3.27899
3.26853
3.23289
3.14566
3.00087
2.81809
2.65092
2.52582
2.3412
2.1888
2.1214
2.26208
2.82804
3.54179
3.78568
3.72319
3.5586
3.39004
3.24613
3.12143
3.01094
2.90587
2.80519
2.71393
2.62461
2.52585
2.42792
2.33108
2.24747
2.20177
2.15408
2.10976
2.05868
2.06478
2.23669
2.71008
3.29097
3.59686
3.57496
3.5187
3.4053
3.30587
3.22933
3.17116
3.11188
3.04055
2.95545
2.86728
2.78733
2.72625
2.67168
2.62337
2.57427
2.52494
2.48138
2.44754
2.45606
2.54046
2.78326
3.10283
3.26975
3.32944
3.3784
3.37933
3.33995
3.29092
3.22945
3.14109
3.03892
2.96841
2.93333
2.90525
2.87468
2.84309
2.81049
2.77658
2.74089
2.70686
2.66031
2.58653
2.53519
2.52982
2.54163
2.63291
2.83958
3.08436
3.23716
3.27294
3.26176
3.16979
3.06108
3.0324
3.00939
3.34749
3.33166
3.30664
3.29281
3.28851
3.27713
3.2301
3.13398
2.99052
2.82112
2.67053
2.48758
2.50661
2.80076
3.49713
4.13935
4.23768
4.12585
3.91713
3.70967
3.52822
3.37742
3.24778
3.12652
3.00792
2.89011
2.7839
2.68254
2.58366
2.48465
2.38877
2.29749
2.22592
2.15946
2.10065
2.03797
1.98871
1.9698
2.03053
2.34137
2.89191
3.31799
3.40372
3.37461
3.29169
3.20896
3.14204
3.08272
3.01657
2.94422
2.86393
2.77345
2.69935
2.6406
2.59894
2.56061
2.52911
2.50533
2.55061
2.7446
3.0499
3.37184
3.47958
3.50583
3.48096
3.43862
3.38096
3.32842
3.277
3.21728
3.13862
3.06009
3.01284
2.97399
2.93586
2.89752
2.8593
2.82104
2.78325
2.74196
2.69611
2.65136
2.60409
2.55855
2.52793
2.52132
2.52582
2.57761
2.73407
2.93522
3.09602
3.16286
3.12334
3.05525
3.0324
3.02531
3.32177
3.29304
3.27895
3.28143
3.28154
3.28636
3.26838
3.21398
3.10139
2.98018
2.83676
2.948
3.50974
4.30826
4.69987
4.65916
4.48504
4.27892
4.06608
3.85754
3.66619
3.49821
3.35293
3.22403
3.10407
2.98517
2.8689
2.74947
2.63327
2.52617
2.43052
2.34325
2.26412
2.19315
2.12595
2.05548
1.98618
1.93688
1.90438
1.92228
2.07448
2.47697
2.96766
3.24517
3.26252
3.22471
3.14114
3.06811
2.99315
2.91902
2.84347
2.7524
2.67053
2.61859
2.58808
2.56888
2.58673
2.70663
3.02648
3.40064
3.59875
3.58894
3.5579
3.53645
3.50197
3.45715
3.40066
3.34344
3.27825
3.20566
3.13227
3.09201
3.05967
3.01947
2.97451
2.92759
2.88103
2.83697
2.79537
2.75138
2.69664
2.64459
2.60887
2.58265
2.558
2.53535
2.51651
2.50362
2.5261
2.60023
2.73515
2.91103
3.02266
3.03032
3.04473
3.0501
3.18013
3.32482
3.35486
3.34499
3.31391
3.29743
3.28665
3.26543
3.19415
3.20333
3.55595
4.38009
5.12952
5.34555
5.23943
4.95852
4.67469
4.42844
4.20418
3.99464
3.80187
3.62522
3.46341
3.31506
3.17957
3.05272
2.93289
2.81639
2.70715
2.60449
2.4971
2.38624
2.28015
2.20038
2.13718
2.07857
2.01153
1.95514
1.90054
1.85806
1.82505
1.87599
2.12495
2.60662
2.98322
3.10911
3.11035
3.06616
2.99287
2.91957
2.83748
2.74084
2.66221
2.62634
2.61855
2.67671
2.92962
3.33625
3.69238
3.84032
3.82758
3.74697
3.62717
3.53132
3.4916
3.46135
3.42171
3.36412
3.29037
3.21265
3.15148
3.11473
3.07981
3.04201
3.00176
2.95594
2.90599
2.85648
2.80878
2.76112
2.70721
2.65375
2.61798
2.59499
2.57414
2.55317
2.53085
2.50239
2.47556
2.45591
2.47747
2.57522
2.76392
2.92782
3.00224
3.05193
2.64345
3.12215
3.3043
3.31186
3.29555
3.2911
3.30382
3.33542
3.50017
4.24336
5.3648
5.75938
5.71824
5.60276
5.40905
5.17148
4.89518
4.61483
4.35165
4.11619
3.91136
3.72966
3.56173
3.40241
3.2521
3.11489
2.98463
2.85279
2.72593
2.62017
2.5368
2.45266
2.35278
2.24985
2.15113
2.0692
2.01396
1.96693
1.90749
1.84454
1.80459
1.76076
1.7591
1.88294
2.2496
2.65689
2.92941
2.9928
2.97666
2.92525
2.83111
2.75124
2.68034
2.69743
2.83729
3.21042
3.63431
3.9018
3.91442
3.88789
3.83471
3.77084
3.68959
3.59451
3.5209
3.47061
3.42756
3.37014
3.3009
3.23433
3.1827
3.14206
3.10258
3.06033
3.01703
2.97213
2.92459
2.87566
2.82515
2.77061
2.71182
2.66472
2.63752
2.61498
2.59222
2.56755
2.54079
2.5093
2.46984
2.42642
2.38453
2.39842
2.48484
2.66161
2.84332
2.98499
1.75662
2.4342
2.98919
3.2959
3.30229
3.32976
3.47317
3.88663
4.89508
6.03361
6.47657
6.3788
6.03848
5.71071
5.48864
5.27567
5.02092
4.74918
4.49029
4.24897
4.02757
3.82635
3.64128
3.47025
3.30261
3.14305
3.0067
2.89367
2.79127
2.67996
2.55199
2.43418
2.36247
2.29683
2.20707
2.10836
2.02868
1.9911
1.95296
1.89653
1.83427
1.75123
1.70432
1.6855
1.7356
1.95633
2.34801
2.69615
2.85705
2.83944
2.80213
2.8195
2.93787
3.19094
3.57999
3.95601
4.12458
4.10644
4.00927
3.88542
3.78994
3.74364
3.69427
3.62829
3.55382
3.48038
3.42582
3.37225
3.32033
3.27085
3.2174
3.16321
3.10786
3.05564
3.00892
2.96854
2.92844
2.8832
2.83248
2.77999
2.72731
2.68163
2.6509
2.6256
2.60387
2.58458
2.56469
2.53548
2.48724
2.42596
2.36922
2.34497
2.34957
2.40815
2.54066
2.78046
1.42694
1.65417
2.17088
2.94157
3.1123
3.72401
4.63522
5.47464
6.42793
6.61255
6.56903
6.42925
6.19924
5.89555
5.61215
5.3399
5.05895
4.79495
4.56808
4.35559
4.13151
3.91411
3.71791
3.53883
3.36197
3.18945
3.04506
2.91576
2.80061
2.69828
2.59224
2.47349
2.33728
2.24535
2.19867
2.13657
2.07031
2.00816
1.93228
1.84715
1.77527
1.71937
1.67606
1.64815
1.62591
1.63423
1.73948
2.05342
2.4876
2.69507
2.86509
3.26459
3.68804
3.98767
4.20283
4.2173
4.18082
4.08945
4.00458
3.92044
3.82274
3.7536
3.69916
3.64734
3.59381
3.51751
3.44279
3.38565
3.34065
3.29498
3.23965
3.17556
3.11253
3.06687
3.03086
2.99494
2.95455
2.90698
2.85316
2.79695
2.74812
2.70531
2.67021
2.64311
2.61934
2.59303
2.56105
2.52142
2.4824
2.43836
2.37978
2.33153
2.31378
2.31359
2.34322
2.51558
1.40058
1.41528
1.53208
2.20755
3.1833
4.71134
5.87037
6.49712
7.00785
6.89748
6.61004
6.41493
6.26748
6.02195
5.69269
5.38095
5.12024
4.88495
4.65446
4.4249
4.1804
3.94242
3.71709
3.50716
3.37219
3.27788
3.1576
3.02255
2.88764
2.75055
2.61132
2.48577
2.36746
2.25968
2.20225
2.17781
2.13678
2.05953
1.95542
1.8466
1.76877
1.72566
1.68953
1.64885
1.60144
1.56922
1.57457
1.65342
1.9504
2.58756
3.20917
3.8698
4.27875
4.50273
4.48761
4.38116
4.19877
4.04742
3.96864
3.92471
3.85883
3.77016
3.69492
3.63092
3.55513
3.48768
3.42619
3.37275
3.32797
3.28608
3.24018
3.18732
3.13147
3.07495
3.0106
2.95761
2.91869
2.87487
2.82147
2.76757
2.73097
2.71346
2.69851
2.68101
2.65405
2.61812
2.57747
2.53437
2.4836
2.42385
2.37159
2.33588
2.3116
2.293
2.28772
2.34477
1.40041
1.41186
1.56257
2.08914
3.44976
4.66736
5.73538
6.58167
6.94022
6.84571
6.67923
6.50795
6.37078
6.12167
5.75056
5.3817
5.06997
4.81155
4.57576
4.36839
4.20444
4.01226
3.78224
3.56781
3.39142
3.22896
3.09159
2.96257
2.82855
2.72504
2.65128
2.56136
2.45134
2.33421
2.24203
2.16467
2.0901
2.00048
1.91454
1.86937
1.82321
1.78157
1.73632
1.6792
1.61179
1.577
1.57428
1.62628
1.88931
2.49324
3.28727
3.83331
4.20855
4.51575
4.50357
4.31519
4.12429
4.033
3.96543
3.92949
3.88922
3.81762
3.73595
3.6498
3.54333
3.46545
3.43441
3.39892
3.35639
3.31731
3.27573
3.227
3.16694
3.09494
3.01735
2.94869
2.90578
2.86542
2.81018
2.76754
2.74443
2.72189
2.69703
2.66889
2.63643
2.59429
2.54698
2.505
2.46529
2.41808
2.37356
2.34323
2.32145
2.29839
2.2898
2.34031
1.42542
1.60682
2.23043
2.80957
3.35009
3.74532
4.47552
5.52547
6.2117
6.55129
6.61014
6.52773
6.30781
5.97985
5.66104
5.3488
5.04944
4.78214
4.54749
4.32649
4.09957
3.87905
3.68041
3.50376
3.34115
3.201
3.08073
2.96706
2.84939
2.71607
2.57814
2.46928
2.37991
2.29232
2.20443
2.12597
2.06319
1.9928
1.90612
1.82606
1.77652
1.73891
1.69855
1.66495
1.6286
1.63868
1.75865
2.07252
2.47187
2.64364
2.92356
3.23011
3.58387
4.04467
4.17275
4.15652
4.14268
4.10546
4.02703
3.95047
3.8661
3.79225
3.71984
3.63902
3.54957
3.46516
3.39389
3.34971
3.31517
3.28164
3.24238
3.19531
3.13833
3.08096
3.0261
2.95832
2.89442
2.84808
2.8198
2.79908
2.77413
2.74551
2.71465
2.67816
2.63845
2.59289
2.54034
2.48774
2.44789
2.42053
2.39654
2.36899
2.3535
2.34257
2.35513
2.48089
1.7253
2.40855
3.01486
3.21671
3.33853
3.35788
3.44378
3.89053
4.89512
6.00011
6.5308
6.47137
6.12049
5.75451
5.49486
5.2471
4.97755
4.70097
4.43929
4.20213
3.986
3.80372
3.65569
3.51394
3.36085
3.19721
3.03566
2.89465
2.77625
2.66225
2.54116
2.42893
2.34905
2.28761
2.21438
2.13654
2.06529
1.98722
1.90047
1.81886
1.76617
1.73026
1.70482
1.68541
1.7369
1.98454
2.38114
2.69508
2.82762
2.81028
2.79696
2.80772
2.90027
3.20548
3.64843
3.97404
4.122
4.11873
4.03265
3.91316
3.80954
3.76142
3.70898
3.63341
3.55157
3.47428
3.39381
3.33336
3.30483
3.27422
3.23537
3.1908
3.13972
3.07765
3.00931
2.94211
2.88302
2.83628
2.79807
2.77165
2.74574
2.71947
2.69297
2.66366
2.62927
2.58923
2.53663
2.47238
2.42068
2.39161
2.37704
2.38031
2.3906
2.4317
2.51844
2.71682
2.548
3.15531
3.33688
3.33002
3.30931
3.29391
3.28877
3.30272
3.48334
4.21521
5.33169
5.79974
5.74374
5.60894
5.38503
5.11855
4.83934
4.56589
4.31456
4.09524
3.9139
3.76186
3.61691
3.46328
3.30262
3.1343
2.96852
2.82342
2.70398
2.60599
2.51925
2.43652
2.35568
2.27373
2.18474
2.09563
2.01841
1.9691
1.9235
1.85559
1.79674
1.75844
1.76419
1.88221
2.23837
2.67954
2.93884
2.97621
2.95924
2.88705
2.7892
2.73572
2.7044
2.73167
2.92265
3.29749
3.69328
3.87752
3.87769
3.84423
3.79609
3.74596
3.68009
3.60532
3.53862
3.47843
3.40388
3.3366
3.29494
3.2568
3.21229
3.16392
3.11408
3.0611
3.00091
2.93324
2.87688
2.832
2.79405
2.76385
2.73717
2.71152
2.68696
2.66001
2.62456
2.57433
2.50848
2.4444
2.40619
2.39609
2.39632
2.426
2.52694
2.68786
2.85187
2.93418
3.1329
3.33878
3.37634
3.36494
3.32733
3.29017
3.28648
3.27173
3.19634
3.19549
3.51354
4.36729
5.1126
5.32815
5.21913
4.92717
4.64971
4.41181
4.19938
4.00543
3.8304
3.67016
3.51779
3.36653
3.21459
3.0605
2.9092
2.77115
2.65665
2.56164
2.47227
2.38228
2.29515
2.21604
2.15158
2.09629
2.02838
1.95847
1.88817
1.8528
1.82394
1.86259
2.12114
2.58222
2.99142
3.12964
3.1135
3.047
2.95597
2.87595
2.79976
2.73153
2.68524
2.66565
2.65841
2.73187
2.95271
3.28992
3.62973
3.77561
3.77804
3.71501
3.63439
3.57533
3.53485
3.48655
3.41965
3.33333
3.25684
3.21079
3.16732
3.12326
3.08344
3.04555
3.0007
2.94007
2.86644
2.80665
2.77108
2.7481
2.72649
2.70465
2.68189
2.65312
2.60934
2.54928
2.48277
2.43331
2.4223
2.43003
2.49243
2.64325
2.84022
3.0108
3.06586
3.04154
3.30202
3.27682
3.28118
3.29109
3.29194
3.29455
3.27537
3.22289
3.11151
2.98807
2.83338
2.93959
3.505
4.30776
4.66838
4.64101
4.47473
4.26944
4.06781
3.87932
3.70498
3.54386
3.39375
3.25036
3.11158
2.97167
2.83307
2.70186
2.58459
2.4822
2.41106
2.35507
2.29369
2.22322
2.14548
2.06556
1.99015
1.93659
1.89185
1.89863
2.04675
2.45342
2.95879
3.24066
3.2734
3.23256
3.14396
3.05988
2.96286
2.88451
2.82499
2.76831
2.71723
2.66851
2.62855
2.58505
2.58651
2.6697
2.94002
3.30037
3.54186
3.58555
3.61181
3.60289
3.56836
3.50572
3.41884
3.31965
3.2195
3.16655
3.12637
3.08944
3.05957
3.03056
2.99563
2.94312
2.86296
2.78993
2.75838
2.73623
2.71313
2.68925
2.66292
2.62984
2.58594
2.53019
2.47174
2.45049
2.46848
2.56528
2.7629
2.96866
3.11515
3.1516
3.14474
3.08631
3.34142
3.32324
3.30261
3.29494
3.29187
3.27771
3.23034
3.13727
2.99796
2.82759
2.67269
2.48758
2.50615
2.80437
3.50223
4.14994
4.2485
4.1314
3.92622
3.72655
3.55202
3.39915
3.255
3.11605
2.98425
2.85744
2.73713
2.63284
2.54954
2.47021
2.39727
2.32467
2.2593
2.19107
2.11738
2.0322
1.98748
1.95224
2.00857
2.31593
2.84427
3.29719
3.42012
3.4103
3.35638
3.2619
3.154
3.05152
2.96136
2.89209
2.83961
2.79084
2.74264
2.68938
2.63387
2.56798
2.52429
2.48125
2.51019
2.68131
3.03418
3.36255
3.52714
3.57797
3.55399
3.47791
3.39295
3.30582
3.21211
3.14913
3.10382
3.06924
3.04216
3.01502
2.98438
2.94041
2.8687
2.78771
2.74133
2.7131
2.68536
2.65908
2.63186
2.60173
2.57148
2.53112
2.5034
2.53413
2.64809
2.86176
3.06351
3.15769
3.18488
3.17444
3.14545
3.078
3.32122
3.30294
3.28865
3.27865
3.2689
3.23187
3.14476
3.00199
2.82065
2.65546
2.52714
2.34132
2.18934
2.12274
2.2683
2.85318
3.56593
3.79556
3.73829
3.57629
3.40597
3.25503
3.11255
2.98341
2.87381
2.7771
2.67991
2.58791
2.50856
2.43506
2.36009
2.29152
2.23684
2.17966
2.12392
2.05387
2.04747
2.17916
2.66025
3.2353
3.55283
3.60061
3.56268
3.484
3.38967
3.28184
3.16533
3.05475
2.9672
2.90252
2.85211
2.80423
2.75696
2.70757
2.65535
2.59178
2.51503
2.44561
2.40887
2.41936
2.52788
2.81569
3.15362
3.34667
3.41559
3.40599
3.36769
3.29768
3.212
3.14597
3.09445
3.0546
3.02626
3.00055
2.97267
2.93397
2.86904
2.78192
2.71753
2.68211
2.65214
2.62694
2.6052
2.59261
2.57711
2.58791
2.65171
2.79229
2.99063
3.14692
3.17271
3.1928
3.17685
3.15404
3.13124
3.07267
3.28132
3.28195
3.28214
3.2705
3.24101
3.16058
3.0197
2.80928
2.65282
2.51538
2.32704
2.11657
2.02017
1.96246
1.84011
1.90236
2.30607
2.95574
3.40591
3.40259
3.30726
3.16008
3.00999
2.87733
2.77823
2.70098
2.62169
2.53911
2.4688
2.42095
2.36596
2.31402
2.24913
2.20516
2.15037
2.19802
2.51774
3.0978
3.61475
3.71913
3.71181
3.63683
3.54419
3.4627
3.37766
3.28016
3.17861
3.07742
2.9902
2.91919
2.8626
2.81806
2.77919
2.73661
2.68672
2.61776
2.52732
2.44205
2.38935
2.37015
2.36441
2.41051
2.60255
2.87671
3.16571
3.32761
3.31829
3.27292
3.20887
3.15083
3.09623
3.04883
3.01654
2.98732
2.95607
2.91957
2.86439
2.77891
2.69664
2.65432
2.63026
2.60822
2.60238
2.6076
2.67256
2.825
3.00875
3.16669
3.26855
3.24215
3.18073
3.1577
3.14684
3.1532
3.14347
3.09434
3.29556
3.30607
3.29849
3.27942
3.19325
3.03466
2.83606
2.63813
2.46202
2.26646
2.05852
1.97131
1.9101
1.77668
1.60658
1.53492
1.58323
1.87219
2.49635
3.02726
3.14566
3.0691
2.94019
2.81762
2.73147
2.67483
2.61736
2.54524
2.48195
2.44319
2.39218
2.34351
2.2682
2.27488
2.44601
2.98118
3.57633
3.92178
3.9448
3.88011
3.77114
3.65733
3.5564
3.46501
3.37549
3.28274
3.19245
3.10914
3.03201
2.95622
2.88556
2.83706
2.80273
2.76764
2.71525
2.63954
2.53641
2.45275
2.40005
2.36451
2.33842
2.3248
2.33758
2.42797
2.62964
2.94873
3.11084
3.17097
3.18557
3.16244
3.11788
3.06219
3.01638
2.97966
2.94264
2.90226
2.84855
2.77005
2.68815
2.6424
2.6273
2.62151
2.64184
2.75262
2.98845
3.22886
3.36232
3.40286
3.37252
3.26195
3.16018
3.13685
3.13107
3.13675
3.12277
3.0739
3.32743
3.32644
3.31108
3.22635
3.05082
2.85629
2.62549
2.36924
2.18655
2.04759
1.90429
1.79329
1.68831
1.51232
1.45161
1.4427
1.41517
1.43496
1.6393
2.19175
2.78958
2.97254
2.93736
2.8448
2.75504
2.69921
2.65098
2.58667
2.52864
2.48207
2.43579
2.38401
2.45548
2.83903
3.49933
4.01333
4.10248
4.08646
4.00404
3.90011
3.79452
3.68541
3.57436
3.46295
3.36305
3.27755
3.20486
3.13756
3.07251
3.00626
2.939
2.8763
2.8172
2.77497
2.73485
2.66548
2.56177
2.46949
2.41515
2.37995
2.35079
2.31569
2.29528
2.28964
2.31418
2.44998
2.69025
2.92501
3.10327
3.14818
3.13108
3.08092
3.02113
2.9704
2.92665
2.88416
2.83757
2.77296
2.69242
2.65075
2.65131
2.70023
2.86692
3.12037
3.3706
3.47886
3.48096
3.4577
3.37116
3.23559
3.16098
3.14136
3.13427
3.125
3.10862
3.07101
3.34374
3.33146
3.25395
3.06824
2.85752
2.61566
2.28026
2.09313
1.993
1.83184
1.66402
1.57877
1.4769
1.36853
1.35091
1.33523
1.30081
1.27381
1.28998
1.46242
1.99275
2.68287
2.88789
2.87413
2.84919
2.796
2.74224
2.67769
2.62316
2.55617
2.5617
2.72892
3.34379
4.01913
4.35868
4.38917
4.29049
4.1397
4.01285
3.90618
3.80751
3.6983
3.57889
3.46309
3.36849
3.29213
3.22576
3.15966
3.0875
3.01752
2.96637
2.92716
2.86898
2.79524
2.71057
2.62922
2.56815
2.51402
2.45615
2.40144
2.36146
2.33381
2.30893
2.26873
2.21461
2.21645
2.29008
2.48317
2.76498
2.99711
3.03759
3.02672
3.00305
2.96077
2.91291
2.86508
2.8173
2.77265
2.71154
2.71731
2.79442
3.00034
3.24786
3.45069
3.55299
3.56361
3.53937
3.46703
3.35955
3.25375
3.207
3.18208
3.15513
3.12711
3.10368
3.0544
3.35232
3.28634
3.08899
2.8294
2.58407
2.23635
1.97463
1.88028
1.73918
1.53969
1.4915
1.4553
1.35167
1.3041
1.31232
1.30789
1.28676
1.26843
1.26528
1.27683
1.40234
1.93624
2.62764
2.86122
2.91955
2.91323
2.86192
2.80035
2.72724
2.77741
3.11566
3.8771
4.53232
4.59646
4.56324
4.4378
4.3031
4.18174
4.06619
3.9455
3.82406
3.70548
3.59039
3.48144
3.38764
3.3122
3.25323
3.20012
3.14178
3.07707
3.00719
2.92537
2.84616
2.77021
2.6948
2.62498
2.57422
2.53544
2.49527
2.45491
2.41696
2.36968
2.30223
2.23453
2.18327
2.16393
2.16184
2.19308
2.33872
2.59717
2.81592
2.94106
2.9579
2.9437
2.90738
2.86378
2.83018
2.82383
2.87333
3.0016
3.20234
3.42379
3.52914
3.57293
3.57247
3.53594
3.48463
3.42279
3.3589
3.30147
3.26258
3.22421
3.18822
3.15183
3.10839
3.03124
3.33375
3.1261
2.79283
2.49274
2.17527
1.84551
1.69347
1.58275
1.41563
1.31661
1.3028
1.26488
1.24044
1.24597
1.26682
1.27761
1.27386
1.27719
1.29331
1.3118
1.33088
1.43627
1.92158
2.52932
2.89394
2.93133
2.9266
2.94082
3.08222
3.63637
4.42568
4.90375
4.9625
4.85113
4.61273
4.41933
4.29628
4.18677
4.07256
3.9492
3.82538
3.70568
3.59836
3.50781
3.42899
3.35912
3.29455
3.22404
3.14299
3.05765
2.97716
2.90514
2.83442
2.76091
2.69144
2.63835
2.6062
2.57381
2.52998
2.46793
2.39794
2.34118
2.28496
2.22653
2.18029
2.15561
2.13981
2.13779
2.15834
2.22961
2.39278
2.63747
2.7817
2.84237
2.8573
2.87467
2.93238
3.04889
3.27242
3.48287
3.63696
3.69965
3.6839
3.60844
3.52576
3.46092
3.42418
3.39797
3.36019
3.32881
3.30197
3.2573
3.18715
3.13
3.0825
3.01927
3.16258
2.72501
2.34705
2.01639
1.67812
1.54024
1.4754
1.3703
1.29338
1.26204
1.22759
1.2066
1.21235
1.2366
1.26947
1.28387
1.2848
1.28808
1.3041
1.32675
1.32976
1.33292
1.40232
1.77459
2.4084
2.75785
3.08308
3.48895
4.21033
4.79927
5.12011
5.08015
4.91136
4.73735
4.59371
4.46543
4.33684
4.21375
4.10088
3.98428
3.8617
3.74904
3.65599
3.57691
3.50507
3.43608
3.36297
3.27927
3.18572
3.08701
2.9847
2.89137
2.82637
2.77937
2.73833
2.71025
2.68212
2.646
2.59487
2.51937
2.417
2.31726
2.27548
2.2492
2.22073
2.19433
2.17388
2.15489
2.13331
2.1158
2.14479
2.25044
2.46896
2.64587
2.7867
2.9854
3.21226
3.41831
3.6513
3.76522
3.7858
3.76618
3.68625
3.58216
3.48549
3.44056
3.41663
3.41028
3.406
3.38329
3.35345
3.30425
3.21445
3.1008
3.05432
3.02518
2.66929
1.95341
1.45766
1.09497
0.944451
0.959653
1.00993
1.01269
1.03025
1.09559
1.14912
1.1893
1.24094
1.30885
1.32584
1.32242
1.31151
1.31309
1.32786
1.35023
1.35274
1.34889
1.34088
1.38648
1.67528
2.53119
3.64518
4.80853
5.81535
5.99784
5.67546
5.16079
4.81881
4.65688
4.55357
4.44842
4.32474
4.19843
4.07557
3.94943
3.82146
3.70647
3.6151
3.53688
3.46466
3.39622
3.32638
3.24798
3.1584
3.06027
2.95384
2.85127
2.78307
2.73775
2.70621
2.68136
2.65515
2.62193
2.57504
2.50379
2.39203
2.28032
2.23874
2.21651
2.19241
2.16738
2.14987
2.13046
2.10012
2.06684
2.02351
2.02353
2.10864
2.35296
2.75194
3.20326
3.54499
3.85297
4.04932
4.04489
3.97906
3.8496
3.69752
3.55819
3.45332
3.4253
3.4083
3.40211
3.39155
3.36845
3.34192
3.29766
3.20108
3.07549
3.03241
3.00247
)
;

boundaryField
{
    inlet
    {
        type            calculated;
        value           uniform 1.40001;
    }
    outlet
    {
        type            calculated;
        value           nonuniform List<scalar> 
32
(
3.08006
3.09488
3.06114
3.04751
3.03056
3.01243
3.00354
3.00155
3.00737
3.02128
3.04495
3.04897
2.98352
2.78016
2.51546
2.34545
2.34045
2.48146
2.71817
2.93729
3.04394
3.08819
3.07815
3.07154
3.09268
3.0726
3.06997
3.05468
3.03279
3.0197
3.02354
3.00107
)
;
    }
    bottom
    {
        type            symmetryPlane;
    }
    top
    {
        type            symmetryPlane;
    }
    obstacle
    {
        type            calculated;
        value           nonuniform List<scalar> 
240
(
1.6768
2.09337
2.52733
2.99411
3.43261
3.81448
4.13986
4.40941
4.42662
4.30384
4.03905
3.71743
3.47293
3.36757
3.29872
3.30511
3.33374
3.36523
3.39334
3.40307
3.40662
3.41073
3.42334
3.43767
2.66929
1.95341
1.45766
1.09497
0.944451
0.959653
1.00993
1.01269
1.03025
1.09559
1.14912
1.1893
1.24094
1.30885
1.32584
1.32242
1.31151
1.31309
1.32786
1.35023
1.35274
1.34889
1.34088
1.38648
1.67528
2.53119
3.64518
4.80853
5.81535
5.99784
5.67546
5.16079
4.81881
4.65688
4.55357
4.44842
4.32474
4.19843
4.07557
3.94943
3.82146
3.70647
3.6151
3.53688
3.46466
3.39622
3.32638
3.24798
3.1584
3.06027
2.95384
2.85127
2.78307
2.73775
2.70621
2.68136
2.65515
2.62193
2.57504
2.50379
2.39203
2.28032
2.23874
2.21651
2.19241
2.16738
2.14987
2.13046
2.10012
2.06684
2.02351
2.02353
2.10864
2.35296
2.75194
3.20326
3.54499
3.85297
4.04932
4.04489
3.97906
3.8496
3.69752
3.55819
3.45332
3.4253
3.4083
3.40211
3.39155
3.36845
3.34192
3.29766
3.20108
3.07549
3.03241
3.00247
1.6768
2.09338
2.52732
2.99409
3.43262
3.81456
4.13979
4.4094
4.42664
4.30385
4.03904
3.71743
3.47303
3.36755
3.29866
3.30509
3.33373
3.36523
3.39327
3.40298
3.40654
3.41073
3.42357
3.43772
2.66916
1.95303
1.45809
1.09631
0.943719
0.957983
1.00959
1.01373
1.03097
1.09558
1.14882
1.1895
1.24093
1.30814
1.32592
1.32306
1.31239
1.31343
1.32691
1.34905
1.35323
1.34966
1.34171
1.39742
1.7214
2.53405
3.63202
4.79648
5.80645
6.0118
5.71131
5.1969
4.82159
4.62383
4.50496
4.37984
4.26476
4.17669
4.09767
4.01527
3.91648
3.79787
3.66491
3.52438
3.39678
3.30091
3.22667
3.1681
3.12194
3.07814
3.02822
2.96799
2.89605
2.81293
2.72334
2.63635
2.5635
2.50898
2.46802
2.43517
2.40733
2.37597
2.34219
2.30264
2.25594
2.19659
2.12544
2.06009
2.00522
1.98301
1.98311
2.0116
2.14714
2.47374
2.93041
3.35149
3.64774
3.86165
3.94945
3.91772
3.84933
3.74914
3.67382
3.62075
3.56485
3.50801
3.45935
3.41357
3.36037
3.28634
3.20912
3.1721
3.14962
3.13
3.11991
3.08125
)
;
    }
    defaultFaces
    {
        type            empty;
    }
}


// ************************************************************************* //
