/*--------------------------------*- C++ -*----------------------------------*\
  =========                 |
  \\      /  F ield         | OpenFOAM: The Open Source CFD Toolbox
   \\    /   O peration     | Website:  https://openfoam.org
    \\  /    A nd           | Version:  7
     \\/     M anipulation  |
\*---------------------------------------------------------------------------*/
FoamFile
{
    version     2.0;
    format      ascii;
    class       volVectorField;
    location    "3.1";
    object      U;
}
// * * * * * * * * * * * * * * * * * * * * * * * * * * * * * * * * * * * * * //

dimensions      [0 1 -1 0 0 0 0];

internalField   nonuniform List<vector> 
4608
(
(3 -1.83441e-17 0)
(3 -5.39453e-19 0)
(3 3.407e-16 0)
(3 3.26827e-16 0)
(3 -1.68464e-16 0)
(3 2.3411e-16 0)
(3 4.2023e-16 0)
(3 1.34286e-15 0)
(3 2.00788e-15 0)
(3 1.78611e-15 0)
(3 1.6727e-15 0)
(3 6.94474e-16 0)
(3 -1.61325e-16 0)
(3 -8.95242e-16 0)
(3 8.55222e-16 0)
(3 1.14716e-15 0)
(3 5.14506e-16 0)
(3 2.33311e-16 0)
(3 -1.58841e-17 0)
(3 2.70861e-16 0)
(3 6.95819e-16 0)
(3 1.37461e-15 0)
(3 1.10074e-15 0)
(3 7.69118e-16 0)
(3 -1.16322e-17 0)
(3 -1.17756e-17 0)
(3 8.4789e-17 0)
(3 2.08607e-16 0)
(3 -6.3042e-16 0)
(3 -4.09919e-16 0)
(3 -1.74765e-16 0)
(3 1.033e-15 0)
(3 2.56193e-15 0)
(3 2.9626e-15 0)
(3 3.7763e-15 0)
(3 2.95318e-15 0)
(3 3.82395e-16 0)
(3 -7.53609e-16 0)
(3 1.44181e-16 0)
(3 5.17517e-16 0)
(3 6.71218e-16 0)
(3 8.50987e-16 0)
(3 7.25597e-16 0)
(3 6.82215e-16 0)
(3 1.00454e-15 0)
(3 2.0154e-15 0)
(3 1.91138e-15 0)
(3 9.85889e-16 0)
(3 -1.11659e-16 0)
(3 1.00347e-16 0)
(3 3.34781e-17 0)
(3 -1.51715e-16 0)
(3 -2.35195e-16 0)
(3 -6.07403e-16 0)
(3 -2.68277e-16 0)
(3 -5.809e-16 0)
(3 1.38378e-15 0)
(3 3.0468e-15 0)
(3 3.10362e-15 0)
(3 2.65503e-15 0)
(3 2.18762e-15 0)
(3 2.63761e-16 0)
(3 -5.70469e-17 0)
(3 6.78513e-16 0)
(3 1.50529e-15 0)
(3 2.10432e-15 0)
(3 1.39308e-15 0)
(3 2.9261e-16 0)
(3 6.43944e-16 0)
(3 1.16229e-15 0)
(3 1.76506e-15 0)
(3 1.73557e-15 0)
(3 -3.73213e-17 0)
(3 1.34687e-17 0)
(3 1.86727e-16 0)
(3 3.68323e-17 0)
(3 4.93191e-16 0)
(3 2.73871e-16 0)
(3 -3.87457e-16 0)
(3 -2.07654e-16 0)
(3 8.14052e-16 0)
(3 1.82311e-15 0)
(3 1.93385e-15 0)
(3 1.91232e-15 0)
(3 1.90878e-15 0)
(3 1.77849e-15 0)
(3 2.21197e-15 0)
(3 1.43096e-15 0)
(3 1.03654e-15 0)
(3 4.54598e-16 0)
(3 -7.49122e-16 0)
(3 -1.35175e-15 0)
(3 -1.36102e-15 0)
(3 -1.18525e-15 0)
(3 -7.04492e-16 0)
(3 -1.75016e-16 0)
(3 3.16762e-16 0)
(3 1.73016e-16 0)
(3 -1.267e-16 0)
(3 -3.63996e-16 0)
(3 4.02468e-16 0)
(3 1.1928e-15 0)
(3 7.38481e-16 0)
(3 1.46572e-16 0)
(3 3.12003e-16 0)
(3 2.23793e-16 0)
(3 1.92015e-17 0)
(3 6.92696e-16 0)
(3 8.68241e-16 0)
(3 1.50902e-15 0)
(3 1.79365e-15 0)
(3 1.32261e-15 0)
(3 9.36708e-16 0)
(3 1.08566e-15 0)
(3 8.54609e-16 0)
(3 8.09906e-16 0)
(3 2.59392e-16 0)
(3 -2.61973e-16 0)
(3 -9.78892e-16 0)
(3 -1.07637e-15 0)
(3 -4.05546e-18 0)
(3 5.70883e-17 0)
(3 -2.15485e-16 0)
(3 -1.2891e-16 0)
(3 7.01459e-17 0)
(3 3.06334e-16 0)
(3 4.34534e-16 0)
(3 1.93398e-16 0)
(3 5.46107e-16 0)
(3 4.17565e-16 0)
(3 2.53898e-16 0)
(3 2.08738e-16 0)
(3 2.94229e-16 0)
(3 1.42126e-15 0)
(3 1.65795e-15 0)
(3 1.46472e-15 0)
(3 1.58544e-15 0)
(3 1.86074e-15 0)
(3 2.15881e-15 0)
(3 1.3039e-15 0)
(3 2.55714e-16 0)
(3 -4.59743e-17 0)
(3 -1.16857e-15 0)
(3 -6.88074e-16 0)
(3 2.1926e-18 0)
(3 -1.6126e-16 0)
(3 -3.19411e-16 0)
(3 -1.04095e-16 0)
(3 -9.79677e-17 0)
(3 -4.32363e-17 0)
(3 2.10007e-16 0)
(3 5.63339e-16 0)
(3 9.40861e-16 0)
(3 8.88904e-16 0)
(3 5.27054e-16 0)
(3 2.57461e-16 0)
(3 8.59612e-16 0)
(3 9.72572e-16 0)
(3 8.3944e-16 0)
(3 7.70628e-16 0)
(3 5.93979e-16 0)
(3 4.92562e-16 0)
(3 3.88637e-16 0)
(3 -7.33405e-16 0)
(3 -8.13917e-16 0)
(3 -5.25544e-16 0)
(3 -2.29416e-16 0)
(3 -2.7698e-16 0)
(3 4.28891e-17 0)
(3 -1.57382e-16 0)
(3 -1.74022e-16 0)
(3 -2.47366e-16 0)
(3 -2.10464e-16 0)
(3 3.64758e-16 0)
(3 8.50814e-16 0)
(3 9.90611e-16 0)
(3 1.83726e-16 0)
(3 -7.38724e-17 0)
(3 -1.7202e-16 0)
(3 -7.02143e-16 0)
(3 -5.82598e-16 0)
(3 -6.9591e-16 0)
(3 -4.70284e-16 0)
(3 4.10824e-16 0)
(3 4.47496e-16 0)
(3 9.86878e-17 0)
(3 -4.15632e-16 0)
(3 -3.51043e-16 0)
(3 -1.7533e-17 0)
(3 2.84175e-17 0)
(3 3.96593e-16 0)
(3 2.02686e-16 0)
(3 -2.80451e-16 0)
(3 -3.35057e-16 0)
(3 3.05632e-17 0)
(3 9.00283e-17 0)
(3 -6.89605e-17 0)
(3 1.97183e-17 0)
(3 2.1521e-16 0)
(3 2.84332e-16 0)
(3 2.65476e-16 0)
(3 2.48452e-16 0)
(3 4.02218e-17 0)
(3 -5.20878e-16 0)
(3 -8.20462e-16 0)
(3 -5.47173e-16 0)
(3 6.41805e-18 0)
(3 6.09752e-16 0)
(3 3.27283e-16 0)
(3 -3.32642e-16 0)
(3 -8.01097e-16 0)
(3 -1.29451e-15 0)
(3 -1.606e-15 0)
(3 -2.04414e-15 0)
(3 -2.01402e-15 0)
(3 -1.32107e-15 0)
(3 -1.90591e-16 0)
(3 -2.6511e-16 0)
(3 -3.23184e-17 0)
(3 2.47738e-17 0)
(3 -2.82124e-16 0)
(3 -7.92054e-16 0)
(3 -7.32969e-16 0)
(3 -1.40127e-16 0)
(3 4.09591e-16 0)
(3 4.61223e-16 0)
(3 -8.28928e-17 0)
(3 -5.10031e-16 0)
(3 -7.7679e-16 0)
(3 -8.03047e-16 0)
(3 -9.62843e-16 0)
(3 -9.44592e-16 0)
(3 -7.63068e-16 0)
(3 -7.80022e-16 0)
(3 -1.67363e-15 0)
(3 -1.49617e-15 0)
(3 -1.57005e-15 0)
(3 -2.76591e-15 0)
(3 -2.99312e-15 0)
(3 -2.85715e-15 0)
(3 -1.47493e-17 0)
(3 1.15926e-16 0)
(3 4.45045e-16 0)
(3 7.70699e-16 0)
(3 2.57797e-16 0)
(3 -3.18826e-16 0)
(3 -6.34051e-16 0)
(3 -2.95234e-16 0)
(3 -2.84374e-16 0)
(3 -7.18584e-16 0)
(3 -8.50805e-16 0)
(3 -5.22124e-16 0)
(3 -6.58027e-16 0)
(3 -1.24665e-15 0)
(3 -2.23758e-15 0)
(3 -2.64723e-15 0)
(3 -2.67801e-15 0)
(3 -3.17327e-15 0)
(3 -1.03345e-15 0)
(3 -8.9301e-16 0)
(3 -1.02656e-15 0)
(3 -1.24919e-15 0)
(3 -1.80086e-15 0)
(3 -2.11696e-15 0)
(3 1.30034e-16 0)
(3 8.5884e-16 0)
(3 7.86175e-16 0)
(3 4.93849e-16 0)
(3 8.00873e-16 0)
(3 6.46416e-16 0)
(3 6.75415e-16 0)
(3 2.21579e-16 0)
(3 -3.49887e-16 0)
(3 -3.5687e-16 0)
(3 1.90458e-16 0)
(3 4.23824e-16 0)
(3 4.39826e-17 0)
(3 7.58652e-17 0)
(3 -5.20887e-16 0)
(3 -3.15433e-16 0)
(3 -7.26753e-16 0)
(3 -1.83988e-15 0)
(3 -1.54464e-15 0)
(3 -1.32659e-15 0)
(3 -1.34889e-15 0)
(3 -1.21428e-15 0)
(3 -1.26266e-15 0)
(3 -1.50675e-15 0)
(3 -1.33183e-17 0)
(3 2.06151e-16 0)
(3 2.92431e-16 0)
(3 -1.43416e-16 0)
(3 2.59977e-16 0)
(3 2.7046e-16 0)
(3 5.38732e-16 0)
(3 5.58145e-16 0)
(3 4.57086e-16 0)
(3 2.64396e-16 0)
(3 1.04463e-16 0)
(3 1.39988e-16 0)
(3 -1.03014e-16 0)
(3 -2.00323e-17 0)
(3 7.2445e-16 0)
(3 5.9711e-16 0)
(3 4.06653e-16 0)
(3 1.54538e-16 0)
(3 -6.41971e-16 0)
(3 -8.58092e-16 0)
(3 -1.25459e-15 0)
(3 -1.15763e-15 0)
(3 -1.46379e-15 0)
(3 -1.54812e-15 0)
(3 1.22685e-16 0)
(3 2.15119e-16 0)
(3 -4.72721e-18 0)
(3 -1.68633e-17 0)
(3 -8.20973e-18 0)
(3 7.07742e-17 0)
(3 8.13575e-17 0)
(3 2.94926e-16 0)
(3 3.34514e-16 0)
(3 1.02604e-16 0)
(3 -6.89898e-16 0)
(3 -5.17574e-16 0)
(3 -2.93459e-16 0)
(3 3.21215e-16 0)
(3 -5.65353e-18 0)
(3 -8.50553e-16 0)
(3 -9.77389e-16 0)
(3 -8.83495e-16 0)
(3 -7.76617e-16 0)
(3 -9.02655e-16 0)
(3 -1.43862e-15 0)
(3 -1.39069e-15 0)
(3 -1.01676e-15 0)
(3 -5.58823e-16 0)
(3 4.00166e-17 0)
(3 -1.0518e-16 0)
(3 -4.66832e-16 0)
(3 -6.75122e-16 0)
(3 -8.31014e-16 0)
(3 -4.39638e-16 0)
(3 -6.49025e-16 0)
(3 -9.9344e-16 0)
(3 -8.08966e-16 0)
(3 -7.0821e-16 0)
(3 -3.36251e-16 0)
(3 1.15192e-16 0)
(3 2.18362e-16 0)
(3 3.51782e-16 0)
(3 7.18234e-17 0)
(3 -4.70769e-16 0)
(3 -8.95677e-16 0)
(3 -1.40698e-15 0)
(3 -1.6126e-15 0)
(3 -7.93308e-16 0)
(3 -5.77008e-16 0)
(3 -5.28146e-16 0)
(3 -3.01018e-16 0)
(3 -5.12509e-16 0)
(3 -1.26302e-16 0)
(3 -3.72255e-16 0)
(3 -5.19786e-16 0)
(3 -5.07525e-16 0)
(3 -1.10209e-15 0)
(3 -1.5984e-15 0)
(3 -1.99319e-15 0)
(3 -2.13334e-15 0)
(3 -1.93367e-15 0)
(3 -1.25138e-15 0)
(3 -7.46847e-16 0)
(3 -5.48287e-16 0)
(3 -1.25245e-16 0)
(3 -3.89639e-17 0)
(3 -6.5455e-17 0)
(3 1.55913e-16 0)
(3 1.88355e-16 0)
(3 3.55435e-16 0)
(3 1.52612e-16 0)
(3 -3.04453e-16 0)
(3 -5.957e-17 0)
(3 -2.04595e-16 0)
(3 -4.86007e-16 0)
(3 -4.34772e-16 0)
(3 2.61483e-17 0)
(3 -1.38878e-16 0)
(3 -1.30901e-16 0)
(3 -3.28822e-17 0)
(3 -6.42743e-16 0)
(3 -1.41725e-15 0)
(3 -1.12084e-15 0)
(3 -9.13909e-16 0)
(3 -1.37021e-15 0)
(3 -1.09963e-15 0)
(3 -6.35685e-16 0)
(3 -1.53113e-16 0)
(3 2.81518e-16 0)
(3 2.23186e-16 0)
(3 3.48237e-16 0)
(3 5.99255e-16 0)
(3 9.39408e-16 0)
(3 1.14215e-15 0)
(3 1.54933e-15 0)
(3 1.02573e-15 0)
(3 3.20843e-16 0)
(3 -3.57129e-16 0)
(3 -6.51748e-16 0)
(3 -7.3355e-16 0)
(3 -1.00862e-17 0)
(3 -3.43811e-16 0)
(3 -8.20553e-17 0)
(3 2.58601e-16 0)
(3 2.94818e-16 0)
(3 7.20397e-16 0)
(3 8.63206e-16 0)
(3 4.01246e-17 0)
(3 -3.1953e-16 0)
(3 -7.31562e-16 0)
(3 -7.08913e-16 0)
(3 -2.55158e-16 0)
(3 -9.48457e-17 0)
(3 -7.50574e-17 0)
(3 8.06141e-16 0)
(3 1.19838e-15 0)
(3 1.06389e-15 0)
(3 1.0644e-15 0)
(3 1.09181e-15 0)
(3 1.11787e-15 0)
(3 4.683e-16 0)
(3 -2.20763e-16 0)
(3 -3.19259e-16 0)
(3 -4.49325e-16 0)
(3 5.77068e-18 0)
(3 9.86721e-17 0)
(3 2.4373e-16 0)
(3 5.82962e-16 0)
(3 5.40629e-16 0)
(3 4.20844e-16 0)
(3 -1.97917e-17 0)
(3 -2.71184e-16 0)
(3 -2.68663e-16 0)
(3 -2.10652e-16 0)
(3 -4.15225e-16 0)
(3 -5.20847e-16 0)
(3 -1.59086e-17 0)
(3 2.63049e-16 0)
(3 7.48556e-16 0)
(3 8.48202e-16 0)
(3 8.89011e-16 0)
(3 6.69162e-16 0)
(3 3.6512e-16 0)
(3 4.58639e-16 0)
(3 3.62049e-16 0)
(3 3.06574e-16 0)
(3 1.88214e-16 0)
(3 1.6176e-16 0)
(3 4.75797e-17 0)
(3 2.78554e-16 0)
(3 2.39826e-16 0)
(3 2.52822e-16 0)
(3 4.44906e-16 0)
(3 6.96124e-17 0)
(3 -2.92632e-16 0)
(3 -8.33657e-16 0)
(3 -1.1272e-15 0)
(3 -7.71145e-16 0)
(3 -2.38441e-16 0)
(3 6.66157e-17 0)
(3 2.51492e-16 0)
(3 5.43372e-16 0)
(3 5.66156e-16 0)
(3 1.05969e-15 0)
(3 1.95525e-15 0)
(3 1.1713e-15 0)
(3 6.30712e-16 0)
(3 7.86565e-16 0)
(3 1.11352e-15 0)
(3 1.15657e-15 0)
(3 6.66897e-16 0)
(3 3.98354e-16 0)
(3 -4.36589e-17 0)
(3 -9.06741e-17 0)
(3 -2.41727e-16 0)
(3 -4.56562e-16 0)
(3 1.8003e-16 0)
(3 4.32667e-16 0)
(3 -1.61246e-16 0)
(3 -6.67504e-16 0)
(3 -8.58627e-16 0)
(3 -1.37346e-15 0)
(3 -1.29735e-15 0)
(3 -1.21783e-17 0)
(3 3.73031e-17 0)
(3 -9.66451e-17 0)
(3 1.96193e-16 0)
(3 2.16854e-16 0)
(3 4.50789e-16 0)
(3 4.41944e-16 0)
(3 4.11408e-16 0)
(3 5.92521e-16 0)
(3 1.21061e-15 0)
(3 1.22834e-15 0)
(3 1.57487e-15 0)
(3 1.13627e-15 0)
(3 2.95562e-16 0)
(3 1.02176e-16 0)
(3 -1.16765e-16 0)
(3 -2.51479e-16 0)
(3 -2.48309e-16 0)
(3 -4.77576e-16 0)
(3 -7.67595e-16 0)
(3 -1.21953e-16 0)
(3 5.72333e-16 0)
(3 -2.07667e-16 0)
(3 -7.47525e-16 0)
(3 -8.73504e-16 0)
(3 -1.13551e-15 0)
(3 -1.16431e-15 0)
(3 -1.16295e-15 0)
(3 -1.64323e-15 0)
(3 -1.59661e-15 0)
(3 -1.18036e-15 0)
(3 -4.50847e-16 0)
(3 -5.22484e-17 0)
(3 4.50899e-16 0)
(3 1.03115e-15 0)
(3 1.50587e-15 0)
(3 7.40815e-16 0)
(3 -1.53314e-17 0)
(3 -2.11834e-17 0)
(3 -1.83485e-16 0)
(3 -2.87619e-16 0)
(3 -1.02677e-15 0)
(3 -7.6123e-16 0)
(3 -5.84975e-16 0)
(3 -3.63454e-16 0)
(3 7.93108e-17 0)
(3 7.04125e-16 0)
(3 4.14452e-16 0)
(3 -6.06308e-16 0)
(3 -1.00734e-15 0)
(3 -6.79285e-16 0)
(3 -1.80416e-15 0)
(3 -2.30155e-15 0)
(3 -1.50611e-15 0)
(3 -4.75513e-16 0)
(3 -2.65366e-16 0)
(3 -6.2983e-16 0)
(3 -3.17614e-16 0)
(3 3.25631e-16 0)
(3 3.4592e-16 0)
(3 2.68846e-16 0)
(3 -3.41914e-16 0)
(3 -8.88889e-17 0)
(3 -1.95018e-16 0)
(3 -4.97937e-16 0)
(3 -5.30717e-16 0)
(3 1.33665e-16 0)
(3 4.49277e-16 0)
(3 1.82819e-16 0)
(3 2.48092e-16 0)
(3 8.16502e-17 0)
(3 -3.38954e-17 0)
(3 -1.27214e-15 0)
(3 -1.00023e-15 0)
(3 -1.36765e-15 0)
(3 -1.77186e-15 0)
(3 -1.5216e-15 0)
(3 -8.87157e-16 0)
(3 3.55976e-17 0)
(3 4.08527e-16 0)
(3 -2.83461e-16 0)
(3 -5.20709e-17 0)
(3 4.91524e-16 0)
(3 9.50433e-16 0)
(3 1.06125e-15 0)
(3 4.91447e-17 0)
(3 1.35473e-16 0)
(3 2.30674e-16 0)
(3 -6.68002e-17 0)
(3 4.90584e-18 0)
(3 7.77279e-16 0)
(3 1.25652e-15 0)
(3 1.455e-15 0)
(3 1.1288e-15 0)
(3 4.42445e-16 0)
(3 8.90855e-17 0)
(3 -1.24961e-16 0)
(3 -3.64184e-16 0)
(3 -4.42932e-16 0)
(3 -2.61416e-16 0)
(3 -3.78938e-17 0)
(3 -5.36591e-16 0)
(3 -9.14054e-16 0)
(3 -5.7635e-16 0)
(3 -3.35953e-16 0)
(3 -3.83449e-16 0)
(3 -3.42338e-16 0)
(3 5.57417e-17 0)
(3 3.03692e-16 0)
(3 7.04708e-17 0)
(3 -9.57558e-17 0)
(3 -6.32586e-17 0)
(3 -2.78448e-18 0)
(3 -1.07742e-16 0)
(3 -3.81321e-16 0)
(3 -2.06655e-16 0)
(3 4.97215e-16 0)
(3 1.08908e-15 0)
(3 1.18847e-15 0)
(3 1.18853e-15 0)
(3 1.32901e-15 0)
(3 8.70332e-16 0)
(3 7.41606e-16 0)
(3 7.02091e-16 0)
(3 7.54554e-16 0)
(3 -1.68392e-17 0)
(3 -1.11734e-15 0)
(3 -1.37877e-15 0)
(3 -8.7101e-16 0)
(3 -1.40158e-15 0)
(3 -1.73233e-15 0)
(3 -8.14248e-16 0)
(3 -5.72102e-16 0)
(3 -5.18068e-17 0)
(3 9.36031e-17 0)
(3 1.61049e-16 0)
(3 4.65588e-17 0)
(3 4.24035e-17 0)
(3 -6.36901e-16 0)
(3 -1.08735e-15 0)
(3 -3.92385e-17 0)
(3 2.62853e-16 0)
(3 3.52333e-16 0)
(3 5.55253e-16 0)
(3 8.96207e-16 0)
(3 8.84324e-16 0)
(3 2.13943e-16 0)
(3 1.85793e-16 0)
(3 2.6322e-16 0)
(3 6.66896e-16 0)
(3 1.2409e-16 0)
(3 -6.63992e-16 0)
(3 -1.01639e-15 0)
(3 -3.17131e-16 0)
(3 2.69902e-16 0)
(3 1.21748e-15 0)
(3 1.61325e-15 0)
(3 -7.71036e-17 0)
(3 -2.54655e-17 0)
(3 6.58442e-17 0)
(3 1.64044e-16 0)
(3 2.11604e-16 0)
(3 -8.04927e-17 0)
(3 -6.40177e-16 0)
(3 -1.07953e-15 0)
(3 -1.19136e-15 0)
(3 -4.11675e-16 0)
(3 5.51939e-16 0)
(3 1.35664e-15 0)
(3 1.78752e-15 0)
(3 1.54375e-15 0)
(3 7.13781e-16 0)
(3 1.50014e-16 0)
(3 3.94708e-16 0)
(3 2.43467e-16 0)
(3 1.30238e-15 0)
(3 1.81292e-15 0)
(3 1.97499e-15 0)
(3 2.11488e-15 0)
(3 2.37012e-15 0)
(3 1.99827e-15 0)
(3 1.60934e-16 0)
(3 1.73781e-16 0)
(3 2.80114e-16 0)
(3 5.74701e-16 0)
(3 3.59721e-16 0)
(3 -1.96241e-16 0)
(3 -4.24769e-16 0)
(3 -7.98737e-16 0)
(3 -1.53722e-15 0)
(3 -1.0454e-15 0)
(3 -2.37204e-16 0)
(3 3.83607e-16 0)
(3 5.00932e-16 0)
(3 7.10295e-16 0)
(3 7.03478e-16 0)
(3 8.90116e-16 0)
(3 6.205e-16 0)
(3 4.79106e-16 0)
(3 1.30788e-15 0)
(3 1.6493e-15 0)
(3 1.59403e-15 0)
(3 1.59684e-15 0)
(3 1.55439e-15 0)
(3 1.39223e-15 0)
(3 -2.03118e-18 0)
(3 -7.26668e-17 0)
(3 1.34641e-16 0)
(3 6.98911e-16 0)
(3 4.48924e-16 0)
(3 2.54383e-16 0)
(3 8.25066e-16 0)
(3 1.41162e-15 0)
(3 1.02203e-15 0)
(3 -1.68257e-16 0)
(3 -6.49389e-16 0)
(3 -1.20217e-15 0)
(3 -1.37856e-15 0)
(3 -8.21731e-16 0)
(3 2.83771e-17 0)
(3 2.46156e-16 0)
(3 -2.40077e-16 0)
(3 -1.1777e-16 0)
(3 1.48183e-16 0)
(3 4.11003e-16 0)
(3 7.96033e-16 0)
(3 8.92319e-16 0)
(3 6.92186e-16 0)
(3 1.00627e-15 0)
(3 -1.68954e-16 0)
(3 -4.57675e-16 0)
(3 -5.13261e-16 0)
(3 1.58208e-16 0)
(3 5.1484e-16 0)
(3 1.11006e-15 0)
(3 1.17764e-15 0)
(3 1.17887e-15 0)
(3 1.24402e-15 0)
(3 9.43457e-16 0)
(3 2.31955e-16 0)
(3 -2.68392e-16 0)
(3 -1.22074e-16 0)
(3 -4.25239e-16 0)
(3 -4.60829e-16 0)
(3 -1.00337e-15 0)
(3 -1.20575e-15 0)
(3 -1.47573e-15 0)
(3 -5.78559e-16 0)
(3 2.37553e-16 0)
(3 1.62455e-15 0)
(3 1.57721e-15 0)
(3 5.04615e-16 0)
(3 3.80147e-16 0)
(3 8.33675e-18 0)
(3 -7.76076e-17 0)
(3 -1.48687e-16 0)
(3 -1.167e-16 0)
(3 2.30512e-16 0)
(3 4.99653e-16 0)
(3 3.87233e-16 0)
(3 2.48205e-16 0)
(3 1.15059e-16 0)
(3 2.85213e-17 0)
(3 -2.02412e-17 0)
(3 2.38153e-16 0)
(3 3.86737e-16 0)
(3 3.36485e-17 0)
(3 -5.03514e-17 0)
(3 1.21668e-16 0)
(3 -9.21506e-16 0)
(3 -1.28205e-15 0)
(3 -1.01045e-15 0)
(3 -4.75637e-16 0)
(3 7.00705e-16 0)
(3 1.42481e-15 0)
(3 3.75751e-16 0)
(3 -2.59002e-17 0)
(2.93419 0.00813215 0)
(2.84478 0.0757618 0)
(2.75307 0.155796 0)
(2.68022 0.221559 0)
(2.56376 0.366867 0)
(2.51466 0.435747 0)
(2.41709 0.544832 0)
(2.35254 0.628491 0)
(2.3133 0.723803 0)
(2.25435 0.798596 0)
(2.2463 0.852879 0)
(2.2824 0.884769 0)
(2.3293 0.896049 0)
(2.33643 0.887946 0)
(2.34532 0.885143 0)
(2.34699 0.866547 0)
(2.34836 0.857725 0)
(2.34419 0.851533 0)
(2.3392 0.847385 0)
(2.34158 0.84813 0)
(2.34437 0.849468 0)
(2.34301 0.849094 0)
(2.34086 0.849195 0)
(2.33634 0.849972 0)
(2.99892 0.001016 0)
(2.98921 0.0123867 0)
(2.95981 0.0519691 0)
(2.90579 0.128525 0)
(2.7969 0.279533 0)
(2.6927 0.455542 0)
(2.51913 0.69289 0)
(2.39414 0.897524 0)
(2.22677 1.06439 0)
(2.16466 1.10777 0)
(2.14417 1.03845 0)
(2.19173 0.99304 0)
(2.24561 0.946105 0)
(2.29518 0.904222 0)
(2.33529 0.856425 0)
(2.35097 0.823417 0)
(2.35792 0.830725 0)
(2.35568 0.838443 0)
(2.35342 0.839901 0)
(2.35116 0.841029 0)
(2.3517 0.842719 0)
(2.34916 0.845008 0)
(2.34479 0.845537 0)
(2.33962 0.847918 0)
(3 -2.44118e-06 0)
(2.99999 -2.24311e-05 0)
(2.99996 0.000106989 0)
(2.99997 3.43896e-05 0)
(2.99852 0.0020406 0)
(2.99198 0.0116274 0)
(2.96433 0.0548186 0)
(2.8998 0.172727 0)
(2.77963 0.40419 0)
(2.56893 0.727324 0)
(2.46671 0.843371 0)
(2.33759 0.928511 0)
(2.29285 0.913868 0)
(2.29514 0.900581 0)
(2.31 0.888397 0)
(2.34499 0.867886 0)
(2.36043 0.862103 0)
(2.36055 0.851314 0)
(2.36084 0.840711 0)
(2.35858 0.841128 0)
(2.3561 0.84165 0)
(2.35441 0.843206 0)
(2.3501 0.844956 0)
(2.34569 0.847246 0)
(3 -1.127e-07 0)
(3 -2.07977e-07 0)
(3 -2.48878e-07 0)
(3 -6.57216e-07 0)
(3.00001 -8.76378e-06 0)
(2.99999 1.9886e-05 0)
(3.00005 -0.000124999 0)
(2.99923 0.00137144 0)
(2.99073 0.0163985 0)
(2.88877 0.176537 0)
(2.78414 0.409824 0)
(2.43196 0.794294 0)
(2.32852 0.898334 0)
(2.27802 0.944471 0)
(2.28539 0.949979 0)
(2.30381 0.928402 0)
(2.33591 0.889412 0)
(2.35189 0.858543 0)
(2.35641 0.846301 0)
(2.35886 0.839294 0)
(2.35784 0.842017 0)
(2.35713 0.848784 0)
(2.35708 0.85177 0)
(2.35229 0.852933 0)
(3 2.61139e-10 0)
(3 -6.8418e-10 0)
(3 -2.09626e-08 0)
(3 -6.69305e-08 0)
(3 -7.3008e-07 0)
(3 -7.7439e-07 0)
(3 -3.52158e-06 0)
(3 -2.25657e-06 0)
(3.00003 -7.93352e-05 0)
(2.99921 0.00101092 0)
(2.98763 0.0188499 0)
(2.85951 0.177917 0)
(2.63902 0.476082 0)
(2.47469 0.709628 0)
(2.29832 0.909775 0)
(2.27626 0.907466 0)
(2.30619 0.884374 0)
(2.32006 0.875349 0)
(2.3428 0.868237 0)
(2.35036 0.854992 0)
(2.35699 0.84562 0)
(2.3562 0.847717 0)
(2.35523 0.851358 0)
(2.35108 0.859098 0)
(3 1.21865e-11 0)
(3 3.71118e-12 0)
(3 6.02738e-11 0)
(3 -4.24071e-10 0)
(3 9.02268e-10 0)
(3 -6.34682e-08 0)
(3 -8.59698e-08 0)
(3 -2.11719e-07 0)
(3 -6.56869e-06 0)
(3 -6.3175e-06 0)
(3.00002 -5.96268e-05 0)
(2.99837 0.00204738 0)
(2.97234 0.0374702 0)
(2.84233 0.211297 0)
(2.50275 0.612018 0)
(2.40687 0.741356 0)
(2.31065 0.869645 0)
(2.2912 0.892168 0)
(2.3048 0.884984 0)
(2.32587 0.864262 0)
(2.34067 0.841603 0)
(2.34428 0.84198 0)
(2.34689 0.840932 0)
(2.34789 0.841612 0)
(3 -2.84731e-14 0)
(3 3.50999e-13 0)
(3 7.12649e-12 0)
(3 1.71763e-11 0)
(3 2.72813e-11 0)
(3 -1.44518e-10 0)
(3 -3.80964e-10 0)
(3 -1.52201e-09 0)
(3 -1.93191e-08 0)
(3 -4.37638e-07 0)
(3 -7.94567e-06 0)
(3 -4.96221e-06 0)
(2.99999 -9.4181e-06 0)
(2.99608 0.00533838 0)
(2.92785 0.088961 0)
(2.79489 0.294514 0)
(2.4103 0.732875 0)
(2.34535 0.814696 0)
(2.31406 0.850857 0)
(2.31213 0.848888 0)
(2.31902 0.842833 0)
(2.33288 0.84001 0)
(2.33863 0.838232 0)
(2.34185 0.835732 0)
(3 -9.03881e-16 0)
(3 -2.02235e-15 0)
(3 9.45786e-14 0)
(3 1.52295e-12 0)
(3 6.68642e-12 0)
(3 7.3322e-12 0)
(3 8.17346e-12 0)
(3 3.20308e-12 0)
(3 1.55838e-10 0)
(3 -9.52754e-10 0)
(3 -3.41001e-08 0)
(3 -5.89546e-07 0)
(3 -1.3317e-06 0)
(3.00001 -2.59368e-05 0)
(2.99955 0.000782022 0)
(2.98988 0.0158113 0)
(2.84919 0.191256 0)
(2.7043 0.42968 0)
(2.38006 0.782656 0)
(2.27707 0.898544 0)
(2.29151 0.860857 0)
(2.31034 0.849314 0)
(2.31656 0.846849 0)
(2.32541 0.840774 0)
(3 -1.17253e-15 0)
(3 -2.92393e-15 0)
(3 -2.56349e-15 0)
(3 7.36371e-15 0)
(3 1.00126e-13 0)
(3 9.03344e-13 0)
(3 1.68515e-12 0)
(3 1.60074e-12 0)
(3 1.463e-11 0)
(3 1.56191e-11 0)
(3 3.47041e-10 0)
(3 -4.3331e-09 0)
(3 -6.07914e-08 0)
(3 -3.93531e-06 0)
(3.00001 -2.81556e-06 0)
(3.00001 -2.70938e-05 0)
(2.99655 0.00568931 0)
(2.96871 0.0546987 0)
(2.72271 0.365167 0)
(2.54743 0.613805 0)
(2.40595 0.775771 0)
(2.31954 0.853297 0)
(2.30169 0.855723 0)
(2.30768 0.843819 0)
(3 -2.14454e-15 0)
(3 -9.625e-16 0)
(3 -1.87004e-16 0)
(3 4.02288e-16 0)
(3 5.46434e-16 0)
(3 1.00931e-14 0)
(3 4.10172e-14 0)
(3 1.22661e-13 0)
(3 3.40409e-13 0)
(3 2.16988e-12 0)
(3 4.00346e-11 0)
(3 2.39785e-11 0)
(3 6.97991e-11 0)
(3 -3.64671e-08 0)
(3 -6.19031e-07 0)
(3 -2.33004e-06 0)
(3.00001 -1.13361e-05 0)
(2.99964 0.000578845 0)
(2.97979 0.0296477 0)
(2.89476 0.174035 0)
(2.59383 0.571491 0)
(2.39445 0.809241 0)
(2.34462 0.805417 0)
(2.33377 0.820728 0)
(3 -1.71588e-15 0)
(3 -4.02066e-16 0)
(3 1.47381e-16 0)
(3 7.83863e-16 0)
(3 8.66417e-16 0)
(3 9.00837e-16 0)
(3 -8.97839e-16 0)
(3 6.80702e-17 0)
(3 1.25888e-16 0)
(3 1.13605e-14 0)
(3 6.88524e-13 0)
(3 3.15983e-12 0)
(3 1.28635e-11 0)
(3 1.05208e-10 0)
(3 -2.13619e-08 0)
(3 -1.00051e-07 0)
(3 -1.56953e-06 0)
(3 -4.45223e-06 0)
(2.9999 0.000182504 0)
(2.99586 0.0081851 0)
(2.92249 0.113031 0)
(2.69418 0.432781 0)
(2.51395 0.676797 0)
(2.333 0.865294 0)
(3 -1.16715e-15 0)
(3 -9.81217e-16 0)
(3 -4.30412e-16 0)
(3 -4.46787e-16 0)
(3 -1.4048e-16 0)
(3 -1.07123e-15 0)
(3 -3.03096e-15 0)
(3 -4.1632e-15 0)
(3 -5.46245e-15 0)
(3 -4.54182e-15 0)
(3 -1.77202e-15 0)
(3 -1.01661e-14 0)
(3 1.25425e-12 0)
(3 6.09566e-12 0)
(3 8.89163e-11 0)
(3 -1.92797e-09 0)
(3 -1.89041e-08 0)
(3 -1.01781e-06 0)
(3 -1.77751e-06 0)
(2.99999 4.73499e-06 0)
(2.99771 0.00404004 0)
(2.96328 0.0599844 0)
(2.79412 0.326336 0)
(2.51753 0.673461 0)
(3 -9.95156e-16 0)
(3 -1.04636e-16 0)
(3 3.51488e-16 0)
(3 5.90475e-16 0)
(3 3.84992e-16 0)
(3 -5.02801e-16 0)
(3 -1.47872e-15 0)
(3 -2.25852e-15 0)
(3 -2.79259e-15 0)
(3 -2.16229e-15 0)
(3 -2.51314e-15 0)
(3 -5.27439e-16 0)
(3 -4.98532e-15 0)
(3 4.57583e-13 0)
(3 9.49401e-12 0)
(3 3.0957e-11 0)
(3 -4.81787e-11 0)
(3 -2.718e-08 0)
(3 -5.80035e-07 0)
(3 -7.04428e-07 0)
(3 1.33452e-06 0)
(2.99937 0.0013004 0)
(2.98159 0.0319969 0)
(2.82387 0.264284 0)
(3 -5.265e-16 0)
(3 -2.38196e-16 0)
(3 -2.74282e-16 0)
(3 -2.31898e-16 0)
(3 -3.41364e-16 0)
(3 -2.53286e-16 0)
(3 -6.74803e-16 0)
(3 -1.28688e-15 0)
(3 -1.9891e-15 0)
(3 -2.22516e-15 0)
(3 -2.97397e-15 0)
(3 -3.42695e-15 0)
(3 -3.62231e-15 0)
(3 -2.813e-16 0)
(3 7.89741e-13 0)
(3 8.77178e-12 0)
(3 8.81623e-12 0)
(3 -1.35491e-10 0)
(3 -2.28379e-08 0)
(3 -1.92042e-07 0)
(3 -2.49741e-07 0)
(3 -1.24337e-06 0)
(2.99968 0.000577897 0)
(2.9892 0.0202409 0)
(3 -1.12163e-15 0)
(3 -1.58263e-15 0)
(3 -2.36312e-15 0)
(3 -2.89386e-15 0)
(3 -3.30362e-15 0)
(3 -1.96061e-15 0)
(3 -1.18999e-15 0)
(3 -1.20716e-15 0)
(3 -1.3387e-15 0)
(3 -2.66024e-15 0)
(3 -3.00858e-15 0)
(3 -2.41111e-15 0)
(3 -2.3906e-15 0)
(3 -2.60963e-15 0)
(3 7.59097e-16 0)
(3 4.24664e-13 0)
(3 2.14829e-12 0)
(3 2.71674e-12 0)
(3 -6.70615e-11 0)
(3 -1.04312e-08 0)
(3 -3.58721e-08 0)
(3 -4.22353e-07 0)
(3 -4.88163e-06 0)
(2.99997 0.000103624 0)
(3 -6.87338e-16 0)
(3 -1.84679e-15 0)
(3 -3.40493e-15 0)
(3 -3.51791e-15 0)
(3 -3.10847e-15 0)
(3 -1.51857e-15 0)
(3 -9.47187e-16 0)
(3 -1.43801e-15 0)
(3 -1.77987e-15 0)
(3 -2.52187e-15 0)
(3 -2.7097e-15 0)
(3 -2.16029e-15 0)
(3 -2.41014e-15 0)
(3 -2.74916e-15 0)
(3 -2.21888e-15 0)
(3 2.21261e-15 0)
(3 5.22819e-14 0)
(3 1.00566e-12 0)
(3 1.87381e-12 0)
(3 -5.29012e-11 0)
(3 -9.97244e-10 0)
(3 -1.48629e-07 0)
(3 4.76483e-08 0)
(3 -1.23474e-06 0)
(3 -9.52716e-16 0)
(3 -1.28709e-15 0)
(3 -2.25657e-15 0)
(3 -2.29708e-15 0)
(3 -1.31286e-15 0)
(3 -1.01893e-15 0)
(3 -1.40424e-15 0)
(3 -1.25217e-15 0)
(3 -1.54365e-15 0)
(3 -1.11181e-15 0)
(3 -1.02044e-15 0)
(3 -2.00524e-15 0)
(3 -2.28493e-15 0)
(3 -2.16518e-15 0)
(3 -1.7593e-15 0)
(3 -9.74574e-16 0)
(3 -7.0755e-14 0)
(3 -4.72683e-13 0)
(3 -2.58809e-13 0)
(3 3.69857e-11 0)
(3 5.93068e-09 0)
(3 5.63446e-09 0)
(3 2.91985e-07 0)
(3 -1.14423e-08 0)
(3 -6.40057e-16 0)
(3 -4.25746e-16 0)
(3 -3.08184e-16 0)
(3 -6.24928e-16 0)
(3 -2.01052e-15 0)
(3 -2.63538e-15 0)
(3 -2.68441e-15 0)
(3 -1.46747e-15 0)
(3 5.14429e-16 0)
(3 1.85007e-15 0)
(3 1.21151e-15 0)
(3 4.3163e-16 0)
(3 5.0715e-16 0)
(3 6.40386e-16 0)
(3 -5.16252e-15 0)
(3 -3.41093e-13 0)
(3 -1.96182e-12 0)
(3 -2.01409e-12 0)
(3 9.92448e-11 0)
(3 6.50964e-09 0)
(3 4.59194e-08 0)
(3 3.92525e-07 0)
(3.00001 -5.5625e-06 0)
(3.00003 8.87816e-05 0)
(3 7.47609e-16 0)
(3 1.32183e-15 0)
(3 1.30434e-15 0)
(3 7.60668e-16 0)
(3 -1.19436e-16 0)
(3 -6.84791e-16 0)
(3 -6.12287e-16 0)
(3 -6.68815e-16 0)
(3 7.56799e-16 0)
(3 1.98968e-15 0)
(3 1.58757e-15 0)
(3 1.00924e-15 0)
(3 1.35382e-15 0)
(3 -2.33776e-15 0)
(3 -8.99786e-13 0)
(3 -8.21411e-12 0)
(3 -7.24779e-12 0)
(3 -1.40792e-11 0)
(3 2.65113e-08 0)
(3 1.05738e-07 0)
(3 2.44058e-07 0)
(3 2.34869e-06 0)
(2.99962 -0.000795658 0)
(2.99315 -0.0149552 0)
(3 1.3037e-15 0)
(3 2.26979e-15 0)
(3 2.0507e-15 0)
(3 1.59608e-15 0)
(3 1.1183e-15 0)
(3 7.8204e-16 0)
(3 1.18261e-15 0)
(3 8.82531e-16 0)
(3 1.24844e-16 0)
(3 8.53635e-16 0)
(3 1.34447e-15 0)
(3 -1.62404e-15 0)
(3 -1.46033e-15 0)
(3 -3.69261e-13 0)
(3 -1.34274e-11 0)
(3 -2.84515e-11 0)
(3 5.22897e-11 0)
(3 2.21742e-08 0)
(3 6.09248e-07 0)
(3 4.84219e-07 0)
(3 3.27369e-06 0)
(2.99935 -0.00127156 0)
(2.97907 -0.0387862 0)
(2.86645 -0.225823 0)
(3 2.04929e-16 0)
(3 2.06606e-16 0)
(3 1.03739e-15 0)
(3 9.39845e-16 0)
(3 6.98021e-16 0)
(3 1.18223e-15 0)
(3 1.31475e-15 0)
(3 1.14246e-15 0)
(3 1.12318e-15 0)
(3 -4.9751e-16 0)
(3 -3.16598e-15 0)
(3 -1.25748e-14 0)
(3 -1.47905e-12 0)
(3 -5.27346e-12 0)
(3 -9.5025e-11 0)
(3 2.09954e-09 0)
(3 1.69919e-08 0)
(3 1.22252e-06 0)
(3 1.51422e-06 0)
(2.99999 -5.44181e-06 0)
(2.99765 -0.00391533 0)
(2.96395 -0.0629995 0)
(2.80405 -0.315106 0)
(2.52464 -0.69265 0)
(3 -1.50937e-15 0)
(3 -1.47501e-15 0)
(3 1.55373e-16 0)
(3 1.19902e-15 0)
(3 1.55365e-15 0)
(3 1.29049e-15 0)
(3 1.44939e-16 0)
(3 -2.41969e-15 0)
(3 -1.85636e-15 0)
(3 -8.38231e-15 0)
(3 -7.30083e-13 0)
(3 -3.2081e-12 0)
(3 -1.31295e-11 0)
(3 -1.1117e-10 0)
(3 2.18663e-08 0)
(3 9.93102e-08 0)
(3 1.56255e-06 0)
(3 4.67191e-06 0)
(2.99989 -0.000211409 0)
(2.99632 -0.00754193 0)
(2.91625 -0.12106 0)
(2.71576 -0.413384 0)
(2.50959 -0.678578 0)
(2.34357 -0.882936 0)
(3 4.69911e-16 0)
(3 1.46973e-16 0)
(3 1.24682e-16 0)
(3 1.05055e-15 0)
(3 1.03748e-15 0)
(3 -8.34496e-15 0)
(3 -3.75822e-14 0)
(3 -1.29814e-13 0)
(3 -2.99761e-13 0)
(3 -2.18428e-12 0)
(3 -3.96667e-11 0)
(3 -2.49439e-11 0)
(3 -7.54046e-11 0)
(3 3.72243e-08 0)
(3 5.83367e-07 0)
(3 2.37069e-06 0)
(3.00001 1.14036e-05 0)
(2.99965 -0.000567299 0)
(2.97929 -0.030683 0)
(2.90083 -0.168427 0)
(2.58053 -0.588755 0)
(2.40951 -0.786744 0)
(2.3452 -0.81618 0)
(2.33354 -0.826319 0)
(3 1.30732e-15 0)
(3 3.25266e-15 0)
(3 2.20984e-15 0)
(3 -6.74877e-15 0)
(3 -9.90014e-14 0)
(3 -9.02893e-13 0)
(3 -1.68335e-12 0)
(3 -1.60161e-12 0)
(3 -1.41597e-11 0)
(3 -1.55594e-11 0)
(3 -3.46781e-10 0)
(3 4.26798e-09 0)
(3 6.22839e-08 0)
(3 3.90502e-06 0)
(3.00001 2.79872e-06 0)
(3.00001 2.82775e-05 0)
(2.99654 -0.00570795 0)
(2.96893 -0.0545197 0)
(2.72259 -0.365499 0)
(2.5444 -0.617968 0)
(2.40855 -0.774768 0)
(2.32097 -0.847952 0)
(2.30489 -0.85581 0)
(2.30865 -0.847854 0)
(3 1.06519e-15 0)
(3 2.64135e-15 0)
(3 -9.41305e-14 0)
(3 -1.52283e-12 0)
(3 -6.68022e-12 0)
(3 -7.35292e-12 0)
(3 -8.1635e-12 0)
(3 -3.20155e-12 0)
(3 -1.4982e-10 0)
(3 9.06318e-10 0)
(3 3.49881e-08 0)
(3 5.87457e-07 0)
(3 1.34353e-06 0)
(3.00001 2.59388e-05 0)
(2.99955 -0.000783685 0)
(2.98989 -0.0157775 0)
(2.84911 -0.19139 0)
(2.70515 -0.429358 0)
(2.38192 -0.781266 0)
(2.27748 -0.901955 0)
(2.28811 -0.860929 0)
(2.31078 -0.847461 0)
(2.31815 -0.846044 0)
(2.32541 -0.842004 0)
(3 2.85319e-14 0)
(3 -3.51077e-13 0)
(3 -7.09696e-12 0)
(3 -1.71578e-11 0)
(3 -2.72583e-11 0)
(3 1.39396e-10 0)
(3 3.87552e-10 0)
(3 1.52134e-09 0)
(3 1.93024e-08 0)
(3 4.37526e-07 0)
(3 7.94703e-06 0)
(3 4.96939e-06 0)
(2.99999 1.00297e-05 0)
(2.99608 -0.00534956 0)
(2.92785 -0.0889275 0)
(2.79476 -0.294591 0)
(2.40979 -0.733278 0)
(2.34702 -0.813475 0)
(2.31409 -0.851175 0)
(2.31152 -0.849773 0)
(2.31829 -0.843241 0)
(2.33278 -0.838578 0)
(2.3394 -0.838382 0)
(2.34152 -0.836316 0)
(3 -1.22191e-11 0)
(3 -3.71753e-12 0)
(3 -5.9996e-11 0)
(3 4.21452e-10 0)
(3 -8.97818e-10 0)
(3 6.34616e-08 0)
(3 8.59888e-08 0)
(3 2.11861e-07 0)
(3 6.56899e-06 0)
(3 6.31684e-06 0)
(3.00002 5.95522e-05 0)
(2.99837 -0.00204585 0)
(2.97233 -0.0374692 0)
(2.84235 -0.211316 0)
(2.50282 -0.611896 0)
(2.40649 -0.741711 0)
(2.3106 -0.869596 0)
(2.29139 -0.891787 0)
(2.30481 -0.884844 0)
(2.32547 -0.864764 0)
(2.34054 -0.841717 0)
(2.34444 -0.84143 0)
(2.34704 -0.841072 0)
(2.34798 -0.841656 0)
(3 -2.62427e-10 0)
(3 6.88078e-10 0)
(3 2.09851e-08 0)
(3 6.70321e-08 0)
(3 7.30351e-07 0)
(3 7.74412e-07 0)
(3 3.52407e-06 0)
(3 2.26063e-06 0)
(3.00003 7.93473e-05 0)
(2.99921 -0.0010106 0)
(2.98762 -0.0188567 0)
(2.85958 -0.177839 0)
(2.6388 -0.476299 0)
(2.47493 -0.709446 0)
(2.29838 -0.909669 0)
(2.27623 -0.907651 0)
(2.30616 -0.884434 0)
(2.31995 -0.875266 0)
(2.3431 -0.867915 0)
(2.34989 -0.855524 0)
(2.35692 -0.845603 0)
(2.35621 -0.847486 0)
(2.3553 -0.851164 0)
(2.35116 -0.859046 0)
(3 1.12771e-07 0)
(3 2.08531e-07 0)
(3 2.48523e-07 0)
(3 6.56671e-07 0)
(3.00001 8.76697e-06 0)
(2.99999 -1.98874e-05 0)
(3.00005 0.000124984 0)
(2.99923 -0.00137119 0)
(2.99073 -0.0163996 0)
(2.88878 -0.176522 0)
(2.78414 -0.409821 0)
(2.43193 -0.794324 0)
(2.32853 -0.89835 0)
(2.27803 -0.944399 0)
(2.28542 -0.949958 0)
(2.30379 -0.928474 0)
(2.33585 -0.889543 0)
(2.35199 -0.858326 0)
(2.35662 -0.84616 0)
(2.35872 -0.8395 0)
(2.35768 -0.842109 0)
(2.357 -0.848667 0)
(2.35707 -0.851664 0)
(2.35235 -0.85296 0)
(3 2.43385e-06 0)
(2.99999 2.24758e-05 0)
(2.99996 -0.000107071 0)
(2.99997 -3.43498e-05 0)
(2.99852 -0.00204027 0)
(2.99197 -0.0116308 0)
(2.96433 -0.0548153 0)
(2.89981 -0.172722 0)
(2.77962 -0.404205 0)
(2.56894 -0.727303 0)
(2.46671 -0.843356 0)
(2.33757 -0.928518 0)
(2.29284 -0.913876 0)
(2.29513 -0.900579 0)
(2.31003 -0.888338 0)
(2.34499 -0.867982 0)
(2.36027 -0.862224 0)
(2.36061 -0.851208 0)
(2.36096 -0.840641 0)
(2.35863 -0.841202 0)
(2.35603 -0.841716 0)
(2.35431 -0.843146 0)
(2.35008 -0.8449 0)
(2.34572 -0.847295 0)
(2.99893 -0.00101516 0)
(2.98921 -0.0123874 0)
(2.95981 -0.0519747 0)
(2.9058 -0.128525 0)
(2.7969 -0.279517 0)
(2.69267 -0.455559 0)
(2.51915 -0.692886 0)
(2.39414 -0.897528 0)
(2.22678 -1.0644 0)
(2.16466 -1.10776 0)
(2.14413 -1.03846 0)
(2.19183 -0.993041 0)
(2.24553 -0.946086 0)
(2.29514 -0.904231 0)
(2.33538 -0.856341 0)
(2.35107 -0.823498 0)
(2.35778 -0.830805 0)
(2.35565 -0.838432 0)
(2.35347 -0.839873 0)
(2.35122 -0.841023 0)
(2.35167 -0.84272 0)
(2.34912 -0.844998 0)
(2.34477 -0.845532 0)
(2.33963 -0.847941 0)
(2.9342 -0.00809705 0)
(2.84478 -0.0757792 0)
(2.75305 -0.155854 0)
(2.68026 -0.221484 0)
(2.56375 -0.366879 0)
(2.51461 -0.435784 0)
(2.41711 -0.544814 0)
(2.35253 -0.628484 0)
(2.31331 -0.723802 0)
(2.25436 -0.798603 0)
(2.24629 -0.852876 0)
(2.28241 -0.884767 0)
(2.32929 -0.896074 0)
(2.33642 -0.887915 0)
(2.34533 -0.885117 0)
(2.34703 -0.866543 0)
(2.34837 -0.857786 0)
(2.34416 -0.851533 0)
(2.33921 -0.847345 0)
(2.34166 -0.848121 0)
(2.34437 -0.849466 0)
(2.34296 -0.849081 0)
(2.34082 -0.84918 0)
(2.33634 -0.849977 0)
(2.42386 0.830332 0)
(2.52359 0.791186 0)
(2.66754 0.71498 0)
(2.7661 0.693189 0)
(2.84759 0.531398 0)
(2.88073 0.35909 0)
(2.97372 0.253517 0)
(2.99311 0.0813353 0)
(3.02491 0.0095233 0)
(3.01825 -0.0316002 0)
(2.9852 -0.0605867 0)
(2.9722 -0.0591809 0)
(2.97668 -0.0580174 0)
(2.98068 -0.0469829 0)
(2.97447 -0.0411785 0)
(2.9707 -0.0423254 0)
(2.97027 -0.0403142 0)
(2.96133 -0.0287016 0)
(2.95049 -0.0193959 0)
(2.93549 -0.0130602 0)
(2.93922 -0.00666046 0)
(2.95037 0.00207875 0)
(2.95194 0.00012651 0)
(2.91606 -0.028883 0)
(2.74104 -0.169152 0)
(2.46247 -0.406767 0)
(2.24172 -0.397897 0)
(2.02346 -0.406649 0)
(1.87939 -0.256831 0)
(1.8128 -0.119009 0)
(1.84837 -0.0176282 0)
(1.93482 0.0233988 0)
(1.99724 0.0333318 0)
(2.01477 0.0303767 0)
(2.0251 0.0212879 0)
(2.04589 0.0207244 0)
(2.07572 0.0255612 0)
(2.10654 0.0272972 0)
(2.13665 0.0258768 0)
(2.16683 0.0241636 0)
(2.19632 0.0232832 0)
(2.22247 0.024048 0)
(2.24221 0.0259122 0)
(2.25526 0.0264105 0)
(2.26541 0.0242819 0)
(2.27961 0.0237793 0)
(2.29904 0.0275238 0)
(2.31788 0.0328588 0)
(2.33524 0.0349153 0)
(2.35682 0.0318287 0)
(2.38177 0.0283302 0)
(2.40775 0.0268875 0)
(2.42954 0.0271579 0)
(2.44175 0.0278663 0)
(2.44333 0.026548 0)
(2.44107 0.0258057 0)
(2.446 0.0290047 0)
(2.45935 0.0325365 0)
(2.47708 0.0341714 0)
(2.4963 0.0317145 0)
(2.51669 0.0286061 0)
(2.53849 0.027408 0)
(2.55745 0.0265193 0)
(2.57017 0.0273877 0)
(2.57389 0.0305098 0)
(2.57665 0.0275271 0)
(2.58587 0.0242184 0)
(2.60099 0.0281106 0)
(2.61008 0.0340299 0)
(2.61348 0.030743 0)
(2.61074 0.0225797 0)
(2.60286 0.0139276 0)
(2.56437 -0.0237413 0)
(2.47701 -0.0775705 0)
(2.35658 -0.141224 0)
(2.30142 -0.170825 0)
(2.26292 -0.154155 0)
(2.22102 -0.102331 0)
(2.1582 -0.0735136 0)
(2.14388 -0.0492131 0)
(2.15288 -0.00927493 0)
(2.16679 0.0231902 0)
(2.18365 0.02387 0)
(2.20713 0.0223688 0)
(2.23085 0.0158229 0)
(2.25046 0.0121358 0)
(2.26891 0.0132083 0)
(2.28054 0.0148485 0)
(2.27914 0.0144707 0)
(2.26574 0.0149502 0)
(2.26584 0.0170184 0)
(2.28182 0.0180437 0)
(2.29685 0.0178545 0)
(2.31322 0.0173685 0)
(2.33026 0.0150139 0)
(2.35437 0.0140888 0)
(2.44594 0.790019 0)
(2.58662 0.664244 0)
(2.71321 0.472357 0)
(2.79868 0.281552 0)
(2.85337 0.158398 0)
(2.9006 0.0220278 0)
(2.93536 -0.100273 0)
(2.95303 -0.17791 0)
(2.99119 -0.157084 0)
(2.97298 -0.138079 0)
(2.94641 -0.154226 0)
(2.96808 -0.133869 0)
(2.96539 -0.0800497 0)
(2.9663 -0.0458895 0)
(2.95064 -0.0362741 0)
(2.94003 -0.0385026 0)
(2.93813 -0.0316301 0)
(2.93218 -0.0203276 0)
(2.92868 0.0013707 0)
(2.91979 0.00966679 0)
(2.92459 0.0213349 0)
(2.92999 0.0160582 0)
(2.92343 -0.0178202 0)
(2.71742 -0.291615 0)
(2.51991 -0.563481 0)
(2.37195 -0.788657 0)
(2.302 -0.732837 0)
(2.20197 -0.512736 0)
(2.07483 -0.191263 0)
(1.92442 0.0534284 0)
(1.8803 0.132373 0)
(1.9129 0.109032 0)
(1.97103 0.0834192 0)
(2.01822 0.0479907 0)
(2.04547 0.0273352 0)
(2.07307 0.0351084 0)
(2.09994 0.0486844 0)
(2.12521 0.0519681 0)
(2.1538 0.0521958 0)
(2.18244 0.0511864 0)
(2.21061 0.050558 0)
(2.23767 0.0519506 0)
(2.26045 0.0532663 0)
(2.2776 0.0509311 0)
(2.29013 0.0446495 0)
(2.30214 0.0426769 0)
(2.32001 0.05049 0)
(2.33981 0.0622722 0)
(2.35724 0.0703727 0)
(2.37621 0.0692231 0)
(2.39832 0.0623393 0)
(2.42191 0.0571062 0)
(2.44428 0.0549821 0)
(2.46005 0.0538519 0)
(2.46476 0.0476387 0)
(2.46312 0.0387152 0)
(2.46984 0.0427991 0)
(2.48373 0.0565189 0)
(2.49699 0.0664162 0)
(2.5129 0.0646829 0)
(2.53103 0.058938 0)
(2.551 0.0563055 0)
(2.57005 0.053714 0)
(2.58553 0.0567849 0)
(2.5919 0.060106 0)
(2.59532 0.0555822 0)
(2.60118 0.0504945 0)
(2.61397 0.0526277 0)
(2.62575 0.0497677 0)
(2.61896 0.0114267 0)
(2.60442 -0.017387 0)
(2.56427 -0.0747947 0)
(2.48245 -0.209736 0)
(2.44512 -0.262304 0)
(2.41229 -0.325462 0)
(2.35633 -0.291045 0)
(2.30028 -0.213305 0)
(2.25514 -0.104167 0)
(2.21877 -0.00279978 0)
(2.17669 0.0225495 0)
(2.15569 0.0445082 0)
(2.16972 0.0612469 0)
(2.19247 0.0612854 0)
(2.21575 0.0519917 0)
(2.23872 0.0370875 0)
(2.25897 0.0250953 0)
(2.27702 0.0214144 0)
(2.29084 0.0189894 0)
(2.29558 0.0131295 0)
(2.28625 0.0140593 0)
(2.2818 0.0286886 0)
(2.29331 0.0360163 0)
(2.307 0.0356955 0)
(2.32201 0.03473 0)
(2.33696 0.0298377 0)
(2.36196 0.0274011 0)
(2.3666 0.832587 0)
(2.42693 0.780925 0)
(2.50237 0.702762 0)
(2.62325 0.540566 0)
(2.70007 0.423394 0)
(2.72702 0.394729 0)
(2.77691 0.249288 0)
(2.80439 0.125542 0)
(2.82413 0.13144 0)
(2.84011 0.101969 0)
(2.86663 0.0100637 0)
(2.87386 -0.0419005 0)
(2.89388 -0.0437272 0)
(2.90791 -0.0391031 0)
(2.90919 -0.0476988 0)
(2.9131 -0.0797566 0)
(2.91772 -0.0873682 0)
(2.916 -0.0757709 0)
(2.91652 -0.0468801 0)
(2.91358 -0.0338891 0)
(2.90914 -0.0190758 0)
(2.86856 -0.0803557 0)
(2.75981 -0.281413 0)
(2.43973 -0.659058 0)
(2.3439 -0.760728 0)
(2.34339 -0.776007 0)
(2.35063 -0.764085 0)
(2.35827 -0.728042 0)
(2.35914 -0.631194 0)
(2.28985 -0.389634 0)
(2.17447 -0.133977 0)
(2.03494 0.0323228 0)
(2.01219 0.0706323 0)
(2.0207 0.079753 0)
(2.0667 0.0744803 0)
(2.09526 0.0856723 0)
(2.10995 0.0891266 0)
(2.13035 0.0826663 0)
(2.1605 0.0911095 0)
(2.1866 0.0997914 0)
(2.20677 0.0914738 0)
(2.22846 0.0843268 0)
(2.25164 0.0854877 0)
(2.27062 0.0891648 0)
(2.2865 0.0882583 0)
(2.30196 0.0850056 0)
(2.31957 0.088814 0)
(2.33948 0.0998 0)
(2.3577 0.108244 0)
(2.3746 0.109125 0)
(2.39331 0.105366 0)
(2.41247 0.100586 0)
(2.43022 0.0945295 0)
(2.4444 0.0884523 0)
(2.45292 0.0840678 0)
(2.45951 0.0844953 0)
(2.47161 0.0914963 0)
(2.48694 0.100819 0)
(2.4986 0.107129 0)
(2.51031 0.107644 0)
(2.52632 0.101639 0)
(2.54221 0.096233 0)
(2.55968 0.0911803 0)
(2.57557 0.0949345 0)
(2.58355 0.0990695 0)
(2.58534 0.0912238 0)
(2.59035 0.0805112 0)
(2.60014 0.0755288 0)
(2.59734 0.0604444 0)
(2.57755 0.00686525 0)
(2.53035 -0.0965234 0)
(2.45178 -0.227886 0)
(2.42014 -0.279677 0)
(2.38832 -0.334166 0)
(2.38249 -0.360938 0)
(2.38624 -0.356756 0)
(2.37528 -0.328439 0)
(2.34723 -0.256121 0)
(2.32624 -0.170974 0)
(2.30638 -0.0961486 0)
(2.2439 -0.00870077 0)
(2.21902 0.0514369 0)
(2.22427 0.0770063 0)
(2.22915 0.0782832 0)
(2.24448 0.0685056 0)
(2.26517 0.0519017 0)
(2.28179 0.0402464 0)
(2.29333 0.0351367 0)
(2.3008 0.0351936 0)
(2.30376 0.0399673 0)
(2.29966 0.0500144 0)
(2.29852 0.0571662 0)
(2.30926 0.0586752 0)
(2.32171 0.0576009 0)
(2.33527 0.0515928 0)
(2.35863 0.046333 0)
(2.35583 0.847422 0)
(2.37766 0.826503 0)
(2.4285 0.777869 0)
(2.50809 0.69174 0)
(2.59616 0.576504 0)
(2.65992 0.507754 0)
(2.73945 0.393655 0)
(2.79211 0.230881 0)
(2.80077 0.190428 0)
(2.83216 0.17035 0)
(2.90184 0.0421801 0)
(2.88139 -0.0548693 0)
(2.87538 -0.0492803 0)
(2.89832 -0.044573 0)
(2.92074 -0.066017 0)
(2.91419 -0.0962208 0)
(2.91053 -0.107054 0)
(2.92219 -0.0936505 0)
(2.92434 -0.0696471 0)
(2.91922 -0.0613899 0)
(2.86618 -0.127639 0)
(2.64643 -0.461948 0)
(2.47137 -0.672762 0)
(2.36139 -0.796458 0)
(2.33963 -0.818307 0)
(2.34067 -0.814774 0)
(2.36014 -0.787206 0)
(2.38378 -0.753564 0)
(2.41302 -0.71058 0)
(2.41837 -0.650197 0)
(2.37405 -0.488804 0)
(2.19296 -0.163821 0)
(2.07994 0.0394378 0)
(2.04973 0.13408 0)
(2.06346 0.127989 0)
(2.09491 0.128368 0)
(2.12471 0.124869 0)
(2.1468 0.117403 0)
(2.17234 0.12224 0)
(2.19262 0.13605 0)
(2.2161 0.135013 0)
(2.23848 0.128413 0)
(2.26049 0.126566 0)
(2.28087 0.127768 0)
(2.30237 0.1229 0)
(2.32371 0.116034 0)
(2.33948 0.120579 0)
(2.3564 0.133043 0)
(2.37388 0.143957 0)
(2.38697 0.147481 0)
(2.39879 0.144871 0)
(2.41231 0.146068 0)
(2.42637 0.14784 0)
(2.44067 0.140574 0)
(2.45766 0.126819 0)
(2.47781 0.119852 0)
(2.49937 0.120098 0)
(2.51387 0.131716 0)
(2.51948 0.144866 0)
(2.52418 0.1487 0)
(2.53603 0.14477 0)
(2.55594 0.145715 0)
(2.57639 0.144974 0)
(2.58558 0.149191 0)
(2.58784 0.141526 0)
(2.58216 0.132394 0)
(2.5881 0.106262 0)
(2.57951 0.0752806 0)
(2.53804 0.000874753 0)
(2.47104 -0.137545 0)
(2.4221 -0.249419 0)
(2.38819 -0.291392 0)
(2.37596 -0.318833 0)
(2.37385 -0.326731 0)
(2.37954 -0.346013 0)
(2.38143 -0.34861 0)
(2.39322 -0.342476 0)
(2.39698 -0.322838 0)
(2.39368 -0.276906 0)
(2.37902 -0.202134 0)
(2.32132 -0.0762019 0)
(2.29298 0.0223073 0)
(2.25381 0.0969852 0)
(2.24114 0.12018 0)
(2.24449 0.115297 0)
(2.2581 0.0911948 0)
(2.27033 0.0681112 0)
(2.28618 0.0589349 0)
(2.30571 0.0552885 0)
(2.32093 0.0552619 0)
(2.32369 0.0602375 0)
(2.31463 0.0721731 0)
(2.32234 0.0813196 0)
(2.33534 0.0822826 0)
(2.34805 0.0779483 0)
(2.36878 0.071748 0)
(2.35324 0.853345 0)
(2.35824 0.846554 0)
(2.38352 0.820954 0)
(2.42564 0.779471 0)
(2.50462 0.699934 0)
(2.5922 0.592512 0)
(2.63896 0.552758 0)
(2.68692 0.465047 0)
(2.77171 0.306326 0)
(2.81064 0.256153 0)
(2.82888 0.279914 0)
(2.8589 0.180375 0)
(2.87141 0.0493133 0)
(2.89325 0.0472765 0)
(2.89788 0.0665434 0)
(2.90486 -0.00169474 0)
(2.90246 -0.0343635 0)
(2.92421 -0.0349613 0)
(2.92373 -0.0493239 0)
(2.87227 -0.154585 0)
(2.63076 -0.536747 0)
(2.43697 -0.792667 0)
(2.34066 -0.841136 0)
(2.34315 -0.836922 0)
(2.35896 -0.83089 0)
(2.37438 -0.818722 0)
(2.38611 -0.788264 0)
(2.40295 -0.753832 0)
(2.43469 -0.710924 0)
(2.45153 -0.691596 0)
(2.45435 -0.657699 0)
(2.42662 -0.559434 0)
(2.26676 -0.254309 0)
(2.17216 -0.0290632 0)
(2.10459 0.10616 0)
(2.099 0.147623 0)
(2.11328 0.156435 0)
(2.1497 0.156734 0)
(2.17995 0.163984 0)
(2.19878 0.178723 0)
(2.21554 0.172585 0)
(2.23387 0.168878 0)
(2.25606 0.174954 0)
(2.27376 0.180057 0)
(2.28974 0.173205 0)
(2.31476 0.16221 0)
(2.34053 0.158966 0)
(2.36933 0.162712 0)
(2.3951 0.169184 0)
(2.41265 0.173158 0)
(2.41701 0.178346 0)
(2.41879 0.185715 0)
(2.41753 0.184735 0)
(2.42213 0.172938 0)
(2.44288 0.163444 0)
(2.46903 0.161506 0)
(2.49385 0.164887 0)
(2.519 0.169693 0)
(2.54341 0.174541 0)
(2.55357 0.180351 0)
(2.55424 0.185904 0)
(2.55662 0.184766 0)
(2.56045 0.176995 0)
(2.56337 0.179532 0)
(2.57865 0.171675 0)
(2.57617 0.139231 0)
(2.56066 0.0805269 0)
(2.51723 -0.0103658 0)
(2.4288 -0.169149 0)
(2.38979 -0.266625 0)
(2.35807 -0.310981 0)
(2.35816 -0.3041 0)
(2.36387 -0.295598 0)
(2.37657 -0.300938 0)
(2.37469 -0.313346 0)
(2.37171 -0.31699 0)
(2.38966 -0.311496 0)
(2.40357 -0.304251 0)
(2.42016 -0.294287 0)
(2.43205 -0.272834 0)
(2.41258 -0.206593 0)
(2.36786 -0.0943745 0)
(2.33281 -0.00814804 0)
(2.27375 0.068245 0)
(2.24536 0.0955808 0)
(2.2449 0.0953968 0)
(2.25786 0.0929684 0)
(2.27973 0.0881526 0)
(2.30045 0.0825244 0)
(2.31706 0.0780585 0)
(2.32778 0.0740598 0)
(2.32816 0.081758 0)
(2.32005 0.0961968 0)
(2.32859 0.0998448 0)
(2.34102 0.0968176 0)
(2.36253 0.0909317 0)
(2.34714 0.849296 0)
(2.35427 0.846952 0)
(2.35991 0.841306 0)
(2.38716 0.816498 0)
(2.42431 0.783035 0)
(2.49957 0.709623 0)
(2.58608 0.602214 0)
(2.6211 0.568579 0)
(2.6553 0.508846 0)
(2.74775 0.380529 0)
(2.80251 0.326252 0)
(2.83698 0.276149 0)
(2.85976 0.162577 0)
(2.86929 0.132327 0)
(2.89172 0.118819 0)
(2.93535 0.0393791 0)
(2.92207 -0.0377802 0)
(2.91829 -0.0818511 0)
(2.84974 -0.205233 0)
(2.60142 -0.55665 0)
(2.41994 -0.808805 0)
(2.30731 -0.868347 0)
(2.3165 -0.853453 0)
(2.34473 -0.827699 0)
(2.37321 -0.81761 0)
(2.38802 -0.812616 0)
(2.39986 -0.78912 0)
(2.41692 -0.757566 0)
(2.44287 -0.7199 0)
(2.46502 -0.689234 0)
(2.47726 -0.689776 0)
(2.49707 -0.661191 0)
(2.4821 -0.596063 0)
(2.40038 -0.404939 0)
(2.23885 -0.088915 0)
(2.13416 0.107084 0)
(2.12371 0.198394 0)
(2.13717 0.198467 0)
(2.16509 0.210479 0)
(2.19072 0.217406 0)
(2.21611 0.216319 0)
(2.23651 0.210175 0)
(2.25329 0.215563 0)
(2.26803 0.22632 0)
(2.28589 0.22244 0)
(2.30552 0.208758 0)
(2.32677 0.198983 0)
(2.35209 0.199734 0)
(2.37947 0.204925 0)
(2.40578 0.210084 0)
(2.42606 0.211396 0)
(2.42356 0.213327 0)
(2.40937 0.216118 0)
(2.42666 0.217384 0)
(2.45099 0.215848 0)
(2.47119 0.211777 0)
(2.4901 0.206452 0)
(2.51195 0.205123 0)
(2.53178 0.210517 0)
(2.543 0.217678 0)
(2.54671 0.217883 0)
(2.55052 0.219305 0)
(2.54732 0.215155 0)
(2.55533 0.199573 0)
(2.55022 0.158815 0)
(2.52668 0.0839577 0)
(2.44822 -0.0630102 0)
(2.39373 -0.167869 0)
(2.37329 -0.237589 0)
(2.34904 -0.278043 0)
(2.34598 -0.280063 0)
(2.35398 -0.271433 0)
(2.36897 -0.265086 0)
(2.36801 -0.272336 0)
(2.35818 -0.281042 0)
(2.37029 -0.280728 0)
(2.39061 -0.281383 0)
(2.4102 -0.279057 0)
(2.4308 -0.274669 0)
(2.44611 -0.269768 0)
(2.45563 -0.260011 0)
(2.43568 -0.21697 0)
(2.39335 -0.124706 0)
(2.33749 -0.0419113 0)
(2.26939 0.0388474 0)
(2.23596 0.102747 0)
(2.24169 0.126997 0)
(2.27316 0.118099 0)
(2.29038 0.110732 0)
(2.30445 0.105502 0)
(2.31807 0.0975762 0)
(2.33051 0.101247 0)
(2.32761 0.116365 0)
(2.3281 0.125155 0)
(2.34025 0.122577 0)
(2.35794 0.112808 0)
(2.34314 0.837367 0)
(2.34703 0.841981 0)
(2.35184 0.841169 0)
(2.36176 0.835631 0)
(2.39266 0.810165 0)
(2.43816 0.766449 0)
(2.47756 0.725101 0)
(2.5617 0.640416 0)
(2.63498 0.535811 0)
(2.66282 0.497217 0)
(2.68458 0.484149 0)
(2.75451 0.40557 0)
(2.82809 0.269923 0)
(2.83792 0.204382 0)
(2.85627 0.218976 0)
(2.88853 0.167029 0)
(2.8651 0.0704651 0)
(2.77655 -0.135134 0)
(2.49469 -0.538766 0)
(2.3692 -0.742439 0)
(2.28234 -0.824479 0)
(2.30431 -0.814317 0)
(2.3435 -0.79085 0)
(2.37662 -0.769141 0)
(2.39563 -0.769793 0)
(2.41385 -0.758467 0)
(2.42663 -0.737676 0)
(2.43834 -0.714002 0)
(2.45016 -0.697877 0)
(2.47454 -0.67463 0)
(2.48936 -0.670552 0)
(2.50388 -0.655993 0)
(2.52911 -0.629998 0)
(2.53414 -0.590663 0)
(2.50235 -0.47944 0)
(2.34646 -0.189104 0)
(2.24115 0.0460313 0)
(2.1782 0.172643 0)
(2.17402 0.236757 0)
(2.18047 0.246191 0)
(2.20802 0.252521 0)
(2.22728 0.250356 0)
(2.23932 0.251431 0)
(2.24893 0.247338 0)
(2.26623 0.243396 0)
(2.29217 0.244462 0)
(2.31862 0.246948 0)
(2.34538 0.250476 0)
(2.3737 0.252765 0)
(2.40143 0.251227 0)
(2.42073 0.24518 0)
(2.41848 0.245274 0)
(2.40516 0.252105 0)
(2.4139 0.255428 0)
(2.4359 0.255431 0)
(2.46127 0.253395 0)
(2.48807 0.252816 0)
(2.51286 0.254767 0)
(2.53662 0.258588 0)
(2.55458 0.25965 0)
(2.55711 0.254379 0)
(2.54707 0.249718 0)
(2.53258 0.215107 0)
(2.51413 0.166795 0)
(2.46311 0.0630528 0)
(2.37254 -0.105518 0)
(2.33771 -0.195201 0)
(2.3159 -0.256711 0)
(2.31598 -0.267588 0)
(2.32711 -0.26272 0)
(2.34247 -0.251002 0)
(2.35562 -0.244752 0)
(2.35882 -0.243328 0)
(2.34544 -0.247575 0)
(2.35406 -0.251192 0)
(2.37106 -0.25047 0)
(2.38593 -0.24477 0)
(2.40331 -0.242306 0)
(2.4225 -0.243925 0)
(2.43961 -0.246584 0)
(2.45252 -0.249252 0)
(2.459 -0.247901 0)
(2.43694 -0.211611 0)
(2.40891 -0.157234 0)
(2.36176 -0.0981015 0)
(2.29007 0.00796271 0)
(2.26507 0.0729954 0)
(2.26961 0.116624 0)
(2.29096 0.131796 0)
(2.29714 0.131773 0)
(2.31122 0.126971 0)
(2.3259 0.124344 0)
(2.32882 0.133585 0)
(2.31815 0.141682 0)
(2.32666 0.137048 0)
(2.345 0.127565 0)
(2.33019 0.838973 0)
(2.33561 0.84049 0)
(2.34253 0.84028 0)
(2.34572 0.838939 0)
(2.35844 0.830773 0)
(2.38971 0.805499 0)
(2.44152 0.754153 0)
(2.48126 0.720095 0)
(2.52768 0.666613 0)
(2.6108 0.565056 0)
(2.65306 0.490301 0)
(2.68568 0.475346 0)
(2.70021 0.439068 0)
(2.77089 0.349377 0)
(2.79885 0.26916 0)
(2.77617 0.131207 0)
(2.66537 -0.128973 0)
(2.43451 -0.478388 0)
(2.2878 -0.659193 0)
(2.254 -0.7279 0)
(2.28166 -0.728509 0)
(2.32055 -0.714591 0)
(2.35734 -0.696313 0)
(2.38487 -0.692843 0)
(2.4056 -0.706176 0)
(2.42317 -0.711856 0)
(2.44506 -0.698545 0)
(2.46654 -0.673622 0)
(2.48434 -0.652439 0)
(2.49942 -0.631577 0)
(2.50776 -0.626883 0)
(2.51246 -0.620424 0)
(2.53275 -0.596921 0)
(2.55772 -0.576608 0)
(2.5841 -0.550494 0)
(2.57748 -0.47998 0)
(2.51166 -0.319514 0)
(2.31166 0.0115999 0)
(2.23972 0.193386 0)
(2.19427 0.289412 0)
(2.19989 0.286021 0)
(2.21771 0.286692 0)
(2.23015 0.289844 0)
(2.23773 0.289943 0)
(2.25633 0.281107 0)
(2.28162 0.282323 0)
(2.30842 0.288558 0)
(2.33555 0.294852 0)
(2.36411 0.298542 0)
(2.39099 0.295558 0)
(2.40758 0.285752 0)
(2.40901 0.281307 0)
(2.40095 0.288838 0)
(2.41069 0.294621 0)
(2.43599 0.296276 0)
(2.46056 0.295477 0)
(2.48499 0.297173 0)
(2.505 0.297928 0)
(2.52455 0.295102 0)
(2.53301 0.293598 0)
(2.52933 0.281947 0)
(2.50909 0.229463 0)
(2.46813 0.148062 0)
(2.40296 0.0319652 0)
(2.31259 -0.121891 0)
(2.28276 -0.193293 0)
(2.28756 -0.212176 0)
(2.29796 -0.217344 0)
(2.30862 -0.222148 0)
(2.33107 -0.220242 0)
(2.35352 -0.216482 0)
(2.36077 -0.215876 0)
(2.34597 -0.217826 0)
(2.33515 -0.219696 0)
(2.34853 -0.219333 0)
(2.36552 -0.217326 0)
(2.38595 -0.214294 0)
(2.40781 -0.214904 0)
(2.42783 -0.215328 0)
(2.44554 -0.217371 0)
(2.45804 -0.221212 0)
(2.46246 -0.224164 0)
(2.44948 -0.224061 0)
(2.4362 -0.196753 0)
(2.42564 -0.169906 0)
(2.39664 -0.118472 0)
(2.33218 -0.00784181 0)
(2.29815 0.0818517 0)
(2.29287 0.154585 0)
(2.30066 0.168406 0)
(2.30529 0.160585 0)
(2.3103 0.150231 0)
(2.31914 0.147852 0)
(2.31702 0.156108 0)
(2.31593 0.157726 0)
(2.33437 0.146572 0)
(2.31986 0.840225 0)
(2.32697 0.841704 0)
(2.33411 0.842964 0)
(2.33635 0.84252 0)
(2.34152 0.838767 0)
(2.35466 0.828212 0)
(2.38172 0.804117 0)
(2.4393 0.750533 0)
(2.48031 0.711553 0)
(2.519 0.669413 0)
(2.5823 0.595431 0)
(2.65088 0.508843 0)
(2.67559 0.480913 0)
(2.69846 0.385434 0)
(2.65022 0.258726 0)
(2.47566 -0.103661 0)
(2.34425 -0.397745 0)
(2.22599 -0.593994 0)
(2.21532 -0.627344 0)
(2.24504 -0.625735 0)
(2.27856 -0.61671 0)
(2.30945 -0.609962 0)
(2.33959 -0.603161 0)
(2.3654 -0.604892 0)
(2.38805 -0.616811 0)
(2.41099 -0.627022 0)
(2.44228 -0.626069 0)
(2.4747 -0.621726 0)
(2.5052 -0.609486 0)
(2.52457 -0.591854 0)
(2.53389 -0.578214 0)
(2.53036 -0.573714 0)
(2.5514 -0.54393 0)
(2.56638 -0.532774 0)
(2.59347 -0.515228 0)
(2.62688 -0.502379 0)
(2.63161 -0.462869 0)
(2.58914 -0.353548 0)
(2.45201 -0.0902373 0)
(2.32899 0.145033 0)
(2.2484 0.27036 0)
(2.22928 0.313242 0)
(2.23111 0.312877 0)
(2.25316 0.318815 0)
(2.27336 0.321171 0)
(2.29265 0.329945 0)
(2.31317 0.333736 0)
(2.33527 0.333272 0)
(2.3581 0.331466 0)
(2.37885 0.328509 0)
(2.39272 0.32238 0)
(2.40148 0.320288 0)
(2.41108 0.323217 0)
(2.42069 0.335303 0)
(2.43676 0.339123 0)
(2.45726 0.341931 0)
(2.47746 0.336045 0)
(2.49473 0.331516 0)
(2.50708 0.330266 0)
(2.50334 0.304953 0)
(2.48031 0.234193 0)
(2.41856 0.109758 0)
(2.3218 -0.0389672 0)
(2.26928 -0.131902 0)
(2.23687 -0.209846 0)
(2.23822 -0.22194 0)
(2.26356 -0.207145 0)
(2.28311 -0.198859 0)
(2.30465 -0.193276 0)
(2.32531 -0.193706 0)
(2.34382 -0.194343 0)
(2.34888 -0.195467 0)
(2.33496 -0.1961 0)
(2.3347 -0.194646 0)
(2.35047 -0.192423 0)
(2.36628 -0.189701 0)
(2.38469 -0.188253 0)
(2.40384 -0.187329 0)
(2.42157 -0.186289 0)
(2.43749 -0.187364 0)
(2.44809 -0.190176 0)
(2.4506 -0.197772 0)
(2.44507 -0.206117 0)
(2.44267 -0.196996 0)
(2.447 -0.183932 0)
(2.44636 -0.158828 0)
(2.43224 -0.118619 0)
(2.3834 -0.0273945 0)
(2.33654 0.0852395 0)
(2.33381 0.144524 0)
(2.31229 0.169517 0)
(2.30964 0.162177 0)
(2.31059 0.154855 0)
(2.31728 0.16205 0)
(2.31274 0.17743 0)
(2.32805 0.169255 0)
(2.32906 0.829408 0)
(2.33008 0.837852 0)
(2.33225 0.83836 0)
(2.33308 0.838603 0)
(2.33344 0.83853 0)
(2.33709 0.834866 0)
(2.35501 0.818962 0)
(2.37684 0.799896 0)
(2.4333 0.749827 0)
(2.47459 0.71423 0)
(2.53437 0.648987 0)
(2.58091 0.631406 0)
(2.56481 0.507826 0)
(2.50708 0.27971 0)
(2.30836 -0.110231 0)
(2.22626 -0.335633 0)
(2.17211 -0.468035 0)
(2.18475 -0.482538 0)
(2.21329 -0.493852 0)
(2.24456 -0.50213 0)
(2.27658 -0.514942 0)
(2.30796 -0.524696 0)
(2.33935 -0.5264 0)
(2.36871 -0.53099 0)
(2.39472 -0.542012 0)
(2.41901 -0.549282 0)
(2.44467 -0.543746 0)
(2.47029 -0.53639 0)
(2.49852 -0.526358 0)
(2.52656 -0.518314 0)
(2.54879 -0.521069 0)
(2.5623 -0.522127 0)
(2.57467 -0.492261 0)
(2.57968 -0.477462 0)
(2.59514 -0.468027 0)
(2.62585 -0.458953 0)
(2.64647 -0.457464 0)
(2.66886 -0.425085 0)
(2.65478 -0.357479 0)
(2.58561 -0.202689 0)
(2.41602 0.0806015 0)
(2.31871 0.252356 0)
(2.26245 0.343818 0)
(2.25617 0.36955 0)
(2.2725 0.376235 0)
(2.29011 0.383789 0)
(2.30969 0.380387 0)
(2.32956 0.371839 0)
(2.34915 0.365356 0)
(2.36823 0.36506 0)
(2.38305 0.362621 0)
(2.3941 0.364308 0)
(2.40372 0.367478 0)
(2.41271 0.377029 0)
(2.42761 0.375943 0)
(2.44358 0.37222 0)
(2.46088 0.369246 0)
(2.47692 0.355264 0)
(2.47269 0.317981 0)
(2.42042 0.207017 0)
(2.34873 0.0479611 0)
(2.30857 -0.0558669 0)
(2.23839 -0.139716 0)
(2.22253 -0.153852 0)
(2.226 -0.163012 0)
(2.23961 -0.173769 0)
(2.26535 -0.169698 0)
(2.28846 -0.163719 0)
(2.30767 -0.162342 0)
(2.32274 -0.167952 0)
(2.3348 -0.173147 0)
(2.3371 -0.173363 0)
(2.32755 -0.169356 0)
(2.3309 -0.163439 0)
(2.34689 -0.161491 0)
(2.36505 -0.161652 0)
(2.38451 -0.16196 0)
(2.40379 -0.162062 0)
(2.42174 -0.162181 0)
(2.4367 -0.162605 0)
(2.44422 -0.164283 0)
(2.44142 -0.168096 0)
(2.43861 -0.175081 0)
(2.44825 -0.17656 0)
(2.45883 -0.171562 0)
(2.47136 -0.162957 0)
(2.46886 -0.144791 0)
(2.45947 -0.108905 0)
(2.43109 -0.0420458 0)
(2.38258 0.0667422 0)
(2.35255 0.138052 0)
(2.31884 0.179046 0)
(2.30986 0.174221 0)
(2.31263 0.172189 0)
(2.31689 0.190111 0)
(2.32838 0.189854 0)
(2.31825 0.870847 0)
(2.31257 0.853483 0)
(2.3197 0.838593 0)
(2.32486 0.835608 0)
(2.32809 0.834473 0)
(2.33294 0.829219 0)
(2.34174 0.822746 0)
(2.35979 0.807797 0)
(2.39029 0.787898 0)
(2.42878 0.756428 0)
(2.47119 0.700211 0)
(2.45526 0.563933 0)
(2.32684 0.248677 0)
(2.17571 -0.0911541 0)
(2.09528 -0.317081 0)
(2.07978 -0.396899 0)
(2.11579 -0.405159 0)
(2.16013 -0.398636 0)
(2.19837 -0.399289 0)
(2.23312 -0.409822 0)
(2.26514 -0.424001 0)
(2.29501 -0.432925 0)
(2.32403 -0.432187 0)
(2.35289 -0.433166 0)
(2.38332 -0.444626 0)
(2.41581 -0.456347 0)
(2.44943 -0.459895 0)
(2.48157 -0.458995 0)
(2.51014 -0.451289 0)
(2.53386 -0.439307 0)
(2.55191 -0.438254 0)
(2.56772 -0.436884 0)
(2.5876 -0.42119 0)
(2.60875 -0.415594 0)
(2.62777 -0.416606 0)
(2.64694 -0.407957 0)
(2.65972 -0.397034 0)
(2.67367 -0.384403 0)
(2.69759 -0.380189 0)
(2.69468 -0.341561 0)
(2.66031 -0.243069 0)
(2.53208 0.000925821 0)
(2.40651 0.222883 0)
(2.3312 0.345171 0)
(2.30272 0.412182 0)
(2.29866 0.421404 0)
(2.313 0.42614 0)
(2.33273 0.417681 0)
(2.35426 0.41011 0)
(2.37571 0.411329 0)
(2.39597 0.409026 0)
(2.41454 0.408692 0)
(2.42931 0.40967 0)
(2.43459 0.419233 0)
(2.42295 0.415166 0)
(2.43942 0.401886 0)
(2.44251 0.382998 0)
(2.41828 0.312473 0)
(2.35963 0.179339 0)
(2.26953 -0.0109662 0)
(2.23053 -0.121625 0)
(2.21332 -0.172963 0)
(2.20029 -0.183409 0)
(2.2092 -0.170827 0)
(2.22416 -0.151564 0)
(2.23936 -0.136178 0)
(2.26053 -0.133538 0)
(2.28587 -0.130595 0)
(2.30952 -0.131534 0)
(2.32612 -0.139447 0)
(2.3343 -0.14885 0)
(2.33366 -0.150539 0)
(2.3301 -0.143986 0)
(2.33895 -0.138753 0)
(2.35569 -0.138183 0)
(2.37329 -0.138583 0)
(2.39079 -0.138884 0)
(2.40815 -0.13931 0)
(2.42445 -0.140106 0)
(2.4376 -0.140831 0)
(2.44208 -0.141555 0)
(2.43703 -0.141785 0)
(2.44144 -0.145364 0)
(2.45683 -0.143753 0)
(2.47226 -0.144329 0)
(2.48595 -0.143365 0)
(2.49286 -0.138801 0)
(2.49513 -0.131734 0)
(2.4848 -0.100733 0)
(2.46859 -0.0527644 0)
(2.42645 0.0280057 0)
(2.37457 0.113656 0)
(2.34555 0.148036 0)
(2.32399 0.169074 0)
(2.32535 0.19434 0)
(2.33556 0.209262 0)
(2.40969 0.766691 0)
(2.35138 0.822425 0)
(2.33371 0.844277 0)
(2.32506 0.851395 0)
(2.32578 0.843455 0)
(2.33114 0.833205 0)
(2.33387 0.829554 0)
(2.34384 0.820952 0)
(2.36556 0.816919 0)
(2.36494 0.756632 0)
(2.30603 0.562567 0)
(2.14661 0.206495 0)
(2.05219 -0.0411631 0)
(2.02371 -0.173035 0)
(2.02951 -0.243044 0)
(2.05493 -0.288644 0)
(2.09668 -0.308525 0)
(2.1439 -0.317006 0)
(2.18985 -0.325741 0)
(2.2307 -0.336922 0)
(2.26518 -0.348736 0)
(2.29654 -0.356026 0)
(2.3283 -0.355149 0)
(2.3605 -0.352983 0)
(2.39154 -0.357526 0)
(2.42049 -0.361907 0)
(2.44714 -0.364349 0)
(2.47578 -0.367842 0)
(2.5123 -0.369618 0)
(2.55008 -0.369566 0)
(2.5799 -0.374735 0)
(2.60123 -0.372825 0)
(2.6136 -0.351303 0)
(2.61955 -0.33718 0)
(2.63365 -0.343191 0)
(2.65941 -0.341091 0)
(2.68647 -0.338009 0)
(2.70693 -0.333439 0)
(2.71776 -0.319867 0)
(2.71965 -0.323737 0)
(2.73795 -0.296569 0)
(2.72059 -0.229939 0)
(2.64497 -0.067524 0)
(2.49035 0.202255 0)
(2.41159 0.357225 0)
(2.33749 0.455193 0)
(2.32426 0.470234 0)
(2.33502 0.467468 0)
(2.35288 0.461839 0)
(2.36903 0.456908 0)
(2.38794 0.452364 0)
(2.40585 0.448923 0)
(2.41991 0.451375 0)
(2.42108 0.458494 0)
(2.42298 0.430791 0)
(2.40889 0.391215 0)
(2.35017 0.285521 0)
(2.28019 0.135569 0)
(2.22734 -0.0149007 0)
(2.20878 -0.0854707 0)
(2.19978 -0.111396 0)
(2.20045 -0.122066 0)
(2.21173 -0.138977 0)
(2.2247 -0.138625 0)
(2.24066 -0.119682 0)
(2.25303 -0.105371 0)
(2.26732 -0.103975 0)
(2.28657 -0.103302 0)
(2.30759 -0.103387 0)
(2.32541 -0.11025 0)
(2.33499 -0.120661 0)
(2.33899 -0.125105 0)
(2.34325 -0.121414 0)
(2.35262 -0.115685 0)
(2.36764 -0.112575 0)
(2.38373 -0.111288 0)
(2.39898 -0.111936 0)
(2.41433 -0.113732 0)
(2.42938 -0.116496 0)
(2.44153 -0.12023 0)
(2.4458 -0.124311 0)
(2.44358 -0.122077 0)
(2.44969 -0.115736 0)
(2.46224 -0.109226 0)
(2.4764 -0.107724 0)
(2.49284 -0.111098 0)
(2.50755 -0.112799 0)
(2.51497 -0.116255 0)
(2.51471 -0.115791 0)
(2.50962 -0.0872742 0)
(2.49815 -0.0586003 0)
(2.46468 -0.00286331 0)
(2.40755 0.0926003 0)
(2.37523 0.13616 0)
(2.35285 0.17886 0)
(2.3543 0.224399 0)
(2.61894 0.553368 0)
(2.41395 0.788924 0)
(2.33348 0.887393 0)
(2.30578 0.863695 0)
(2.31068 0.833292 0)
(2.33294 0.825398 0)
(2.33807 0.825052 0)
(2.33781 0.820009 0)
(2.31318 0.760098 0)
(2.16546 0.506105 0)
(1.97951 0.149653 0)
(1.90285 -0.0831932 0)
(1.90741 -0.176339 0)
(1.94221 -0.180411 0)
(1.9864 -0.183439 0)
(2.03152 -0.20185 0)
(2.08293 -0.227484 0)
(2.13715 -0.248116 0)
(2.18922 -0.260107 0)
(2.23319 -0.266148 0)
(2.26698 -0.273098 0)
(2.29695 -0.279133 0)
(2.33037 -0.279826 0)
(2.36781 -0.278344 0)
(2.40515 -0.281212 0)
(2.44086 -0.28218 0)
(2.47401 -0.280756 0)
(2.50185 -0.280765 0)
(2.52251 -0.278635 0)
(2.54019 -0.275323 0)
(2.56331 -0.279267 0)
(2.58557 -0.281363 0)
(2.61572 -0.273816 0)
(2.6434 -0.273475 0)
(2.66321 -0.277791 0)
(2.66769 -0.27204 0)
(2.67595 -0.26763 0)
(2.70633 -0.259652 0)
(2.73913 -0.262257 0)
(2.76168 -0.261381 0)
(2.77102 -0.247647 0)
(2.7766 -0.243831 0)
(2.75203 -0.189835 0)
(2.70737 -0.0834372 0)
(2.60056 0.133344 0)
(2.46325 0.355249 0)
(2.41407 0.454745 0)
(2.36773 0.50149 0)
(2.36678 0.504333 0)
(2.3799 0.506229 0)
(2.40185 0.503751 0)
(2.41556 0.491225 0)
(2.42219 0.488678 0)
(2.40579 0.452848 0)
(2.37199 0.364031 0)
(2.30285 0.225049 0)
(2.18553 0.0378969 0)
(2.1657 -0.0468235 0)
(2.17368 -0.114844 0)
(2.18342 -0.114177 0)
(2.19248 -0.109099 0)
(2.2052 -0.10213 0)
(2.2242 -0.10242 0)
(2.24417 -0.110686 0)
(2.26478 -0.101911 0)
(2.27935 -0.0880379 0)
(2.28823 -0.0831469 0)
(2.29788 -0.0822087 0)
(2.31268 -0.0817767 0)
(2.33049 -0.0844083 0)
(2.34501 -0.0906854 0)
(2.35461 -0.0969332 0)
(2.36272 -0.100227 0)
(2.37105 -0.0969805 0)
(2.38106 -0.0887203 0)
(2.3933 -0.0828872 0)
(2.40957 -0.0837474 0)
(2.42733 -0.0875775 0)
(2.4429 -0.0938608 0)
(2.45381 -0.101269 0)
(2.45452 -0.105844 0)
(2.45412 -0.102428 0)
(2.46409 -0.0962511 0)
(2.47914 -0.0902952 0)
(2.49328 -0.0860794 0)
(2.50644 -0.0843271 0)
(2.52124 -0.0861105 0)
(2.5321 -0.0888965 0)
(2.53342 -0.0943733 0)
(2.52629 -0.0935601 0)
(2.52487 -0.0760022 0)
(2.51875 -0.0576979 0)
(2.50257 -0.0192813 0)
(2.45031 0.0741852 0)
(2.41644 0.143709 0)
(2.3889 0.219864 0)
(2.914 0.172857 0)
(2.6092 0.577932 0)
(2.4384 0.798615 0)
(2.36903 0.806678 0)
(2.36605 0.812667 0)
(2.35068 0.834168 0)
(2.31541 0.806905 0)
(2.23351 0.674341 0)
(2.08025 0.377911 0)
(1.92255 0.125862 0)
(1.86488 0.0174611 0)
(1.86492 -0.0299706 0)
(1.89963 -0.0924135 0)
(1.9413 -0.111875 0)
(1.98188 -0.120907 0)
(2.02606 -0.139278 0)
(2.078 -0.152847 0)
(2.13538 -0.164186 0)
(2.19004 -0.177529 0)
(2.23802 -0.191272 0)
(2.27885 -0.203818 0)
(2.31316 -0.210884 0)
(2.34403 -0.20901 0)
(2.37544 -0.202878 0)
(2.40914 -0.201326 0)
(2.44193 -0.197884 0)
(2.47039 -0.191436 0)
(2.49842 -0.190607 0)
(2.53277 -0.196097 0)
(2.56729 -0.204923 0)
(2.59884 -0.212249 0)
(2.62238 -0.209298 0)
(2.62727 -0.190754 0)
(2.6319 -0.191058 0)
(2.65435 -0.205416 0)
(2.68774 -0.209452 0)
(2.709 -0.2053 0)
(2.71365 -0.190872 0)
(2.72463 -0.184939 0)
(2.76097 -0.186548 0)
(2.78918 -0.186943 0)
(2.81476 -0.173961 0)
(2.80643 -0.169305 0)
(2.79029 -0.142968 0)
(2.76608 -0.0862459 0)
(2.69415 0.0570244 0)
(2.56934 0.288486 0)
(2.47273 0.463178 0)
(2.39969 0.546193 0)
(2.39131 0.562638 0)
(2.40635 0.555984 0)
(2.40235 0.525316 0)
(2.36762 0.442471 0)
(2.31437 0.294571 0)
(2.24859 0.128278 0)
(2.21433 0.0505713 0)
(2.15767 -0.0116204 0)
(2.16251 -0.0504225 0)
(2.17532 -0.0698642 0)
(2.19918 -0.0753199 0)
(2.21273 -0.0727039 0)
(2.21617 -0.0748619 0)
(2.22841 -0.0732999 0)
(2.25064 -0.0727006 0)
(2.27595 -0.0695864 0)
(2.2981 -0.0654389 0)
(2.31221 -0.0653135 0)
(2.31897 -0.0675571 0)
(2.32716 -0.0651849 0)
(2.33823 -0.0600095 0)
(2.34723 -0.058442 0)
(2.35618 -0.0652598 0)
(2.36683 -0.0732826 0)
(2.38024 -0.0739752 0)
(2.39432 -0.0669132 0)
(2.4071 -0.057323 0)
(2.41877 -0.0541325 0)
(2.4317 -0.0580903 0)
(2.44711 -0.0635864 0)
(2.45815 -0.0718443 0)
(2.46211 -0.0795467 0)
(2.46678 -0.0767002 0)
(2.47504 -0.0681531 0)
(2.48305 -0.0584797 0)
(2.49595 -0.0541972 0)
(2.51289 -0.055585 0)
(2.52826 -0.0576173 0)
(2.54261 -0.0631357 0)
(2.54796 -0.0667192 0)
(2.53951 -0.0719231 0)
(2.5308 -0.0695816 0)
(2.53989 -0.0577097 0)
(2.54171 -0.0438552 0)
(2.53087 -0.0113372 0)
(2.50474 0.0511997 0)
(2.45295 0.177211 0)
(2.99514 0.0127133 0)
(2.90413 0.157659 0)
(2.69191 0.485401 0)
(2.57018 0.642031 0)
(2.44478 0.813126 0)
(2.30943 0.781773 0)
(2.02392 0.457977 0)
(1.9764 0.201648 0)
(1.89652 0.0128985 0)
(1.83314 -0.0449731 0)
(1.8278 -0.0423483 0)
(1.84515 -0.0374057 0)
(1.88278 -0.0428293 0)
(1.9431 -0.0658108 0)
(2.00113 -0.0832443 0)
(2.05418 -0.0943501 0)
(2.10569 -0.0998638 0)
(2.15522 -0.0974163 0)
(2.19962 -0.0994843 0)
(2.24336 -0.113147 0)
(2.29027 -0.129151 0)
(2.33582 -0.135948 0)
(2.37205 -0.132602 0)
(2.40396 -0.125861 0)
(2.43633 -0.129625 0)
(2.4645 -0.132912 0)
(2.48788 -0.121858 0)
(2.51008 -0.112835 0)
(2.53087 -0.108042 0)
(2.55547 -0.115574 0)
(2.58197 -0.124408 0)
(2.61545 -0.124059 0)
(2.64744 -0.119752 0)
(2.66758 -0.119912 0)
(2.67766 -0.127682 0)
(2.6842 -0.119956 0)
(2.70425 -0.114681 0)
(2.72904 -0.110052 0)
(2.749 -0.109425 0)
(2.76115 -0.118156 0)
(2.77226 -0.131539 0)
(2.78856 -0.112475 0)
(2.80755 -0.100041 0)
(2.81069 -0.108048 0)
(2.81546 -0.0975151 0)
(2.81261 -0.0570692 0)
(2.78788 0.0190934 0)
(2.64435 0.270257 0)
(2.57513 0.424644 0)
(2.47517 0.551872 0)
(2.4288 0.545731 0)
(2.31414 0.429996 0)
(2.17947 0.209452 0)
(2.17147 0.0242879 0)
(2.17367 -0.0549006 0)
(2.15999 -0.0553711 0)
(2.15798 -0.0568263 0)
(2.16213 -0.0620503 0)
(2.18303 -0.0534533 0)
(2.2084 -0.0428948 0)
(2.23039 -0.0362076 0)
(2.24593 -0.0425785 0)
(2.25521 -0.0509201 0)
(2.27423 -0.047279 0)
(2.29487 -0.0392381 0)
(2.31395 -0.0358456 0)
(2.32946 -0.0408015 0)
(2.33866 -0.0482928 0)
(2.34595 -0.0476417 0)
(2.3538 -0.0397919 0)
(2.36333 -0.0349393 0)
(2.37311 -0.0412807 0)
(2.37933 -0.0488119 0)
(2.38791 -0.0486596 0)
(2.40471 -0.0421479 0)
(2.41975 -0.0351746 0)
(2.43373 -0.0327874 0)
(2.44388 -0.0344639 0)
(2.44594 -0.0412528 0)
(2.45105 -0.0446539 0)
(2.46521 -0.0462214 0)
(2.47936 -0.0470325 0)
(2.49316 -0.0473982 0)
(2.505 -0.0418072 0)
(2.51292 -0.0298854 0)
(2.51732 -0.0268077 0)
(2.52107 -0.0333075 0)
(2.52645 -0.0397644 0)
(2.53501 -0.0402261 0)
(2.54512 -0.0468237 0)
(2.55002 -0.0493182 0)
(2.5505 -0.0438479 0)
(2.55641 -0.0334506 0)
(2.56565 -0.0234921 0)
(2.5663 -0.00457397 0)
(2.53374 0.0816223 0)
(2.99994 3.02645e-05 0)
(2.99348 0.0116491 0)
(2.94208 0.101446 0)
(2.80208 0.108892 0)
(2.44711 0.434246 0)
(2.20569 0.496479 0)
(1.92692 0.17451 0)
(1.96315 0.0127481 0)
(1.85511 0.0169684 0)
(1.84607 0.0216651 0)
(1.86777 -0.00563454 0)
(1.87536 -0.028722 0)
(1.89729 -0.0324396 0)
(1.94154 -0.0286355 0)
(1.99891 -0.0213791 0)
(2.059 -0.0228912 0)
(2.11935 -0.0306465 0)
(2.17322 -0.0304941 0)
(2.21793 -0.0249813 0)
(2.2567 -0.0263417 0)
(2.28991 -0.0403752 0)
(2.31982 -0.0452802 0)
(2.35631 -0.0393599 0)
(2.39035 -0.0360438 0)
(2.41526 -0.0420462 0)
(2.44866 -0.0445433 0)
(2.48899 -0.0393179 0)
(2.52645 -0.0355211 0)
(2.55654 -0.0338715 0)
(2.58107 -0.043087 0)
(2.60686 -0.0536642 0)
(2.62443 -0.046631 0)
(2.63915 -0.0319391 0)
(2.64554 -0.0283018 0)
(2.65582 -0.0374295 0)
(2.68937 -0.0413161 0)
(2.72084 -0.0423774 0)
(2.75211 -0.0374042 0)
(2.77884 -0.0341036 0)
(2.79247 -0.040956 0)
(2.78269 -0.0527186 0)
(2.78753 -0.0380216 0)
(2.8031 -0.0216643 0)
(2.81328 -0.0295196 0)
(2.81322 -0.0478445 0)
(2.84475 -0.0263842 0)
(2.84682 -0.0126683 0)
(2.81411 0.0289297 0)
(2.69922 0.173147 0)
(2.54319 0.230222 0)
(2.4147 0.288362 0)
(2.26697 0.261402 0)
(2.17522 0.0978308 0)
(2.16745 -0.0187029 0)
(2.16926 -0.00823455 0)
(2.1648 0.00497569 0)
(2.18681 -0.00648214 0)
(2.19462 -0.0322378 0)
(2.19564 -0.0349489 0)
(2.2103 -0.0192257 0)
(2.22463 -0.00610313 0)
(2.2456 -0.00484242 0)
(2.26851 -0.0151952 0)
(2.28977 -0.0140578 0)
(2.30618 -0.00446368 0)
(2.31567 9.47414e-05 0)
(2.32703 -0.00850022 0)
(2.34115 -0.0207574 0)
(2.35534 -0.0234179 0)
(2.36263 -0.0164904 0)
(2.36172 -0.00956817 0)
(2.36989 -0.0131237 0)
(2.38482 -0.0202686 0)
(2.40001 -0.0197303 0)
(2.4142 -0.0127605 0)
(2.42307 -0.00660708 0)
(2.42733 -0.00866542 0)
(2.43191 -0.0128597 0)
(2.43975 -0.014975 0)
(2.45166 -0.0139198 0)
(2.46444 -0.0117218 0)
(2.47735 -0.0106607 0)
(2.49028 -0.0093118 0)
(2.50286 -0.00490236 0)
(2.51309 -0.000126958 0)
(2.51566 -1.10259e-05 0)
(2.51262 -0.00764685 0)
(2.51636 -0.0155568 0)
(2.52619 -0.0178266 0)
(2.53608 -0.020709 0)
(2.54229 -0.0164093 0)
(2.55308 -0.0170607 0)
(2.5667 -0.011536 0)
(2.58401 -0.00630285 0)
(2.58591 -0.00473876 0)
(2.57182 0.0102615 0)
(2.99985 -0.000403978 0)
(2.99766 -0.00404921 0)
(2.96812 -0.0404421 0)
(2.69573 -0.478429 0)
(2.34975 -0.394304 0)
(2.21995 -0.119296 0)
(2.11777 -0.200262 0)
(1.93816 -0.173131 0)
(1.82103 -0.068473 0)
(1.8135 0.0391504 0)
(1.85949 0.0373947 0)
(1.88603 0.00311867 0)
(1.90514 -0.00676944 0)
(1.94888 0.00970209 0)
(2.01293 0.0330133 0)
(2.0745 0.0448863 0)
(2.11809 0.038279 0)
(2.15331 0.0291751 0)
(2.18846 0.0323557 0)
(2.22165 0.0403417 0)
(2.26803 0.0402314 0)
(2.32389 0.0366217 0)
(2.37729 0.0362666 0)
(2.42227 0.0379473 0)
(2.45322 0.0378514 0)
(2.47047 0.0387558 0)
(2.48197 0.0357801 0)
(2.50454 0.0345842 0)
(2.5275 0.0348558 0)
(2.54393 0.0362957 0)
(2.57548 0.0373765 0)
(2.61735 0.0364545 0)
(2.66094 0.03684 0)
(2.68893 0.0439461 0)
(2.69087 0.0479212 0)
(2.68403 0.0374503 0)
(2.70249 0.0369871 0)
(2.72866 0.0379056 0)
(2.74718 0.0367676 0)
(2.75315 0.0339024 0)
(2.77625 0.0232784 0)
(2.80122 0.0272027 0)
(2.82658 0.0404839 0)
(2.84659 0.0372187 0)
(2.83778 0.020544 0)
(2.83606 0.0191983 0)
(2.83634 0.0152938 0)
(2.81172 -0.016546 0)
(2.69774 -0.136073 0)
(2.51574 -0.317469 0)
(2.33939 -0.20619 0)
(2.28448 -0.0936097 0)
(2.26712 -0.119669 0)
(2.1589 -0.0954577 0)
(2.14382 -0.0438261 0)
(2.14168 0.0367979 0)
(2.16607 0.0445258 0)
(2.20529 0.019866 0)
(2.21192 -0.0106961 0)
(2.22188 -0.0034156 0)
(2.2328 0.0186241 0)
(2.24575 0.0291042 0)
(2.26589 0.0194252 0)
(2.28316 0.0127839 0)
(2.29817 0.0160961 0)
(2.30826 0.0216595 0)
(2.31922 0.0172443 0)
(2.33183 0.0053231 0)
(2.34283 0.000454895 0)
(2.35393 0.00587721 0)
(2.36525 0.0102492 0)
(2.37393 0.0131966 0)
(2.38367 0.0127653 0)
(2.39754 0.0128075 0)
(2.41319 0.0160115 0)
(2.42246 0.0205213 0)
(2.42556 0.0192819 0)
(2.43342 0.0129111 0)
(2.44447 0.00965403 0)
(2.45859 0.0116977 0)
(2.47367 0.0137791 0)
(2.48815 0.0155891 0)
(2.50147 0.0176381 0)
(2.51374 0.0201041 0)
(2.52263 0.0224824 0)
(2.52314 0.0244003 0)
(2.51974 0.0228621 0)
(2.52446 0.0152085 0)
(2.53165 0.00968208 0)
(2.53886 0.00860569 0)
(2.54766 0.0108394 0)
(2.55731 0.0132797 0)
(2.56336 0.0162707 0)
(2.57609 0.0104822 0)
(2.5785 0.00858972 0)
(2.56398 -0.00955553 0)
(2.9904 -0.0189873 0)
(2.93967 -0.115676 0)
(2.77796 -0.394268 0)
(2.44897 -0.809471 0)
(2.33735 -0.829775 0)
(2.26686 -0.665795 0)
(2.23527 -0.531484 0)
(1.98946 -0.238763 0)
(1.78759 0.0112606 0)
(1.78995 0.0944221 0)
(1.83496 0.0652898 0)
(1.86045 0.0266297 0)
(1.9012 0.028538 0)
(1.95869 0.0623367 0)
(2.00955 0.100406 0)
(2.05893 0.109631 0)
(2.10932 0.102478 0)
(2.15292 0.0959079 0)
(2.19542 0.101782 0)
(2.24123 0.116194 0)
(2.28444 0.126924 0)
(2.32407 0.122466 0)
(2.36217 0.118228 0)
(2.3966 0.120744 0)
(2.43049 0.123415 0)
(2.46685 0.124619 0)
(2.4999 0.124047 0)
(2.51991 0.122023 0)
(2.54059 0.120429 0)
(2.56843 0.123743 0)
(2.59713 0.131136 0)
(2.62016 0.122173 0)
(2.63711 0.113905 0)
(2.65095 0.119493 0)
(2.66525 0.129525 0)
(2.68156 0.124101 0)
(2.69904 0.118467 0)
(2.72367 0.117248 0)
(2.75205 0.121231 0)
(2.77181 0.118487 0)
(2.78397 0.110061 0)
(2.78852 0.102165 0)
(2.79639 0.106406 0)
(2.80802 0.105973 0)
(2.82316 0.0870577 0)
(2.81567 0.0478476 0)
(2.77354 -0.0502577 0)
(2.66438 -0.261128 0)
(2.56205 -0.441714 0)
(2.47653 -0.586823 0)
(2.37522 -0.511005 0)
(2.32302 -0.372216 0)
(2.31226 -0.263123 0)
(2.18779 -0.094742 0)
(2.11422 0.0412 0)
(2.12306 0.0954024 0)
(2.15251 0.0815098 0)
(2.17652 0.0519407 0)
(2.19235 0.0342843 0)
(2.20844 0.0392212 0)
(2.2293 0.0599111 0)
(2.24877 0.0612148 0)
(2.26716 0.0475206 0)
(2.27905 0.0365434 0)
(2.29113 0.0385524 0)
(2.30483 0.0468224 0)
(2.31706 0.0464272 0)
(2.32631 0.0390645 0)
(2.33858 0.0357119 0)
(2.3534 0.0372752 0)
(2.36669 0.0410267 0)
(2.38017 0.0420521 0)
(2.39325 0.0394737 0)
(2.40544 0.0402156 0)
(2.41286 0.0451886 0)
(2.41653 0.0470706 0)
(2.41906 0.0427987 0)
(2.42266 0.0365361 0)
(2.43338 0.0344314 0)
(2.44881 0.0358639 0)
(2.46456 0.0377384 0)
(2.4795 0.0406566 0)
(2.49345 0.0429527 0)
(2.50631 0.0451265 0)
(2.51502 0.0462989 0)
(2.51382 0.0437365 0)
(2.50525 0.0392393 0)
(2.50799 0.0411762 0)
(2.52335 0.0436679 0)
(2.53796 0.042476 0)
(2.55259 0.0416869 0)
(2.56678 0.0396089 0)
(2.56955 0.0377913 0)
(2.57014 0.0203021 0)
(2.5636 0.00607899 0)
(2.5219 -0.0699129 0)
(2.85797 -0.219478 0)
(2.67057 -0.496927 0)
(2.5007 -0.717789 0)
(2.3584 -0.857677 0)
(2.33439 -0.862517 0)
(2.32519 -0.846378 0)
(2.31019 -0.809305 0)
(2.22365 -0.668618 0)
(2.06911 -0.373698 0)
(1.90782 -0.101198 0)
(1.87376 -0.00627328 0)
(1.87748 0.0254347 0)
(1.90941 0.077083 0)
(1.95107 0.124535 0)
(1.98942 0.143215 0)
(2.03274 0.144318 0)
(2.08008 0.144163 0)
(2.12774 0.152428 0)
(2.1748 0.168374 0)
(2.22139 0.182561 0)
(2.26686 0.187594 0)
(2.3082 0.19186 0)
(2.34707 0.20133 0)
(2.38691 0.20872 0)
(2.42591 0.208499 0)
(2.45861 0.205869 0)
(2.48287 0.207385 0)
(2.5039 0.208115 0)
(2.52673 0.212523 0)
(2.55321 0.214303 0)
(2.57882 0.204688 0)
(2.59436 0.190933 0)
(2.61147 0.195065 0)
(2.64489 0.197873 0)
(2.67649 0.194425 0)
(2.70525 0.190033 0)
(2.72624 0.190336 0)
(2.73827 0.197709 0)
(2.73663 0.201828 0)
(2.74347 0.191384 0)
(2.75434 0.17742 0)
(2.75692 0.176157 0)
(2.7705 0.172108 0)
(2.79792 0.151238 0)
(2.79216 0.0856702 0)
(2.71469 -0.0824883 0)
(2.5785 -0.308512 0)
(2.50003 -0.446556 0)
(2.40833 -0.537597 0)
(2.3827 -0.564968 0)
(2.39795 -0.557516 0)
(2.3988 -0.522145 0)
(2.38379 -0.454147 0)
(2.3217 -0.331114 0)
(2.23926 -0.155889 0)
(2.1993 -0.0262982 0)
(2.179 0.0328618 0)
(2.17545 0.040349 0)
(2.17729 0.0586993 0)
(2.18346 0.0818444 0)
(2.19979 0.0850272 0)
(2.22707 0.0765306 0)
(2.24464 0.0650002 0)
(2.25709 0.0569938 0)
(2.27254 0.0590999 0)
(2.28948 0.0676554 0)
(2.30194 0.0662376 0)
(2.30821 0.0592746 0)
(2.31904 0.0594123 0)
(2.33808 0.0651289 0)
(2.35603 0.0717955 0)
(2.37249 0.073696 0)
(2.38643 0.0698126 0)
(2.39404 0.0663659 0)
(2.39582 0.0664793 0)
(2.39871 0.0655229 0)
(2.40573 0.0644603 0)
(2.41512 0.0637588 0)
(2.42641 0.0633623 0)
(2.44299 0.0645827 0)
(2.46213 0.0664781 0)
(2.47893 0.0709771 0)
(2.49267 0.0733397 0)
(2.50129 0.0724198 0)
(2.50343 0.0665817 0)
(2.50245 0.0642225 0)
(2.50299 0.0675469 0)
(2.50779 0.0730041 0)
(2.5179 0.0782782 0)
(2.53152 0.0713388 0)
(2.54173 0.0643686 0)
(2.55222 0.0596677 0)
(2.55129 0.0420047 0)
(2.54012 0.00280129 0)
(2.5209 -0.0565312 0)
(2.45364 -0.160258 0)
(2.52388 -0.653144 0)
(2.41756 -0.759959 0)
(2.35766 -0.833564 0)
(2.34852 -0.852692 0)
(2.33703 -0.847904 0)
(2.3303 -0.841584 0)
(2.32308 -0.836642 0)
(2.32143 -0.816435 0)
(2.29887 -0.743183 0)
(2.16622 -0.489498 0)
(1.97447 -0.137486 0)
(1.9144 0.0868805 0)
(1.91783 0.179206 0)
(1.93947 0.191957 0)
(1.98306 0.18708 0)
(2.03231 0.190697 0)
(2.08304 0.208746 0)
(2.1316 0.23178 0)
(2.17794 0.250768 0)
(2.2236 0.261206 0)
(2.26727 0.265721 0)
(2.30659 0.272956 0)
(2.34178 0.283631 0)
(2.37425 0.291363 0)
(2.40687 0.290875 0)
(2.4385 0.290019 0)
(2.46667 0.293495 0)
(2.49209 0.291106 0)
(2.51533 0.286972 0)
(2.53725 0.28219 0)
(2.56179 0.276813 0)
(2.59265 0.276228 0)
(2.62145 0.283826 0)
(2.64371 0.283834 0)
(2.6639 0.271732 0)
(2.67944 0.255589 0)
(2.6923 0.253117 0)
(2.70346 0.267751 0)
(2.71856 0.272922 0)
(2.74306 0.261773 0)
(2.74534 0.255608 0)
(2.75442 0.232091 0)
(2.755 0.195215 0)
(2.72193 0.0979052 0)
(2.63477 -0.107361 0)
(2.48532 -0.339711 0)
(2.40992 -0.449652 0)
(2.3765 -0.490106 0)
(2.36274 -0.500459 0)
(2.37537 -0.506271 0)
(2.39452 -0.508341 0)
(2.40551 -0.497569 0)
(2.41811 -0.487149 0)
(2.41341 -0.460583 0)
(2.37166 -0.359174 0)
(2.30247 -0.190172 0)
(2.24437 -0.0360406 0)
(2.171 0.0727404 0)
(2.15322 0.133377 0)
(2.15773 0.126569 0)
(2.17965 0.109109 0)
(2.20311 0.0914338 0)
(2.22693 0.0889007 0)
(2.2479 0.0928115 0)
(2.26545 0.0932631 0)
(2.28347 0.0951571 0)
(2.29859 0.0937362 0)
(2.30717 0.090755 0)
(2.31452 0.0928658 0)
(2.32656 0.0986281 0)
(2.342 0.103157 0)
(2.35839 0.100433 0)
(2.3704 0.0905747 0)
(2.3744 0.0816709 0)
(2.37731 0.0836558 0)
(2.38939 0.0903593 0)
(2.40571 0.0917707 0)
(2.41989 0.0901516 0)
(2.43318 0.0892528 0)
(2.44734 0.0926592 0)
(2.45933 0.097593 0)
(2.46852 0.100023 0)
(2.47705 0.0966682 0)
(2.48407 0.091915 0)
(2.49209 0.0875457 0)
(2.50241 0.0888161 0)
(2.50991 0.0937798 0)
(2.51381 0.104496 0)
(2.51264 0.0997676 0)
(2.52291 0.090634 0)
(2.52608 0.0796049 0)
(2.52688 0.0559622 0)
(2.50795 0.0015916 0)
(2.4763 -0.089738 0)
(2.46811 -0.157628 0)
(2.39695 -0.209129 0)
(2.37921 -0.799933 0)
(2.33385 -0.804363 0)
(2.33945 -0.826577 0)
(2.34264 -0.833125 0)
(2.34112 -0.843256 0)
(2.33483 -0.844925 0)
(2.32869 -0.841796 0)
(2.33683 -0.828865 0)
(2.3601 -0.821401 0)
(2.36087 -0.754316 0)
(2.31013 -0.568862 0)
(2.16098 -0.223362 0)
(2.04763 0.0512937 0)
(2.02631 0.18849 0)
(2.03212 0.231668 0)
(2.06404 0.268009 0)
(2.10225 0.290095 0)
(2.14051 0.312485 0)
(2.17878 0.329317 0)
(2.21944 0.337097 0)
(2.26133 0.34173 0)
(2.30098 0.35158 0)
(2.33651 0.366168 0)
(2.36862 0.377101 0)
(2.39957 0.376857 0)
(2.42885 0.374097 0)
(2.45655 0.375037 0)
(2.48466 0.370419 0)
(2.51217 0.368785 0)
(2.53725 0.373959 0)
(2.55931 0.369395 0)
(2.57894 0.352602 0)
(2.59704 0.343966 0)
(2.62012 0.345871 0)
(2.64482 0.34873 0)
(2.6723 0.334364 0)
(2.69745 0.326934 0)
(2.71551 0.333732 0)
(2.73567 0.33855 0)
(2.73109 0.332552 0)
(2.73394 0.290543 0)
(2.71577 0.224995 0)
(2.64445 0.0743148 0)
(2.48097 -0.209571 0)
(2.42467 -0.338569 0)
(2.3487 -0.433165 0)
(2.32935 -0.458697 0)
(2.32501 -0.469916 0)
(2.33507 -0.474445 0)
(2.35665 -0.463391 0)
(2.38015 -0.454097 0)
(2.40054 -0.449474 0)
(2.41993 -0.450958 0)
(2.42987 -0.454426 0)
(2.43925 -0.438101 0)
(2.42382 -0.382557 0)
(2.37064 -0.261723 0)
(2.30108 -0.129589 0)
(2.21323 0.0261259 0)
(2.18214 0.0622864 0)
(2.19206 0.0917804 0)
(2.2029 0.104858 0)
(2.21953 0.125784 0)
(2.23276 0.127323 0)
(2.24441 0.119136 0)
(2.26081 0.111106 0)
(2.28071 0.111804 0)
(2.29425 0.117908 0)
(2.29829 0.121553 0)
(2.30722 0.124172 0)
(2.32345 0.124165 0)
(2.3413 0.11911 0)
(2.35422 0.110294 0)
(2.36177 0.104608 0)
(2.37075 0.106847 0)
(2.38248 0.111229 0)
(2.39489 0.114075 0)
(2.40706 0.116896 0)
(2.41937 0.120803 0)
(2.43159 0.125082 0)
(2.44292 0.125436 0)
(2.45236 0.121004 0)
(2.46153 0.115002 0)
(2.47307 0.112211 0)
(2.48516 0.109731 0)
(2.4963 0.115932 0)
(2.50136 0.121504 0)
(2.4988 0.122211 0)
(2.4981 0.110406 0)
(2.49861 0.0941771 0)
(2.4902 0.0655336 0)
(2.45728 -0.00767897 0)
(2.42085 -0.106823 0)
(2.42417 -0.180726 0)
(2.38179 -0.225276 0)
(2.37063 -0.225786 0)
(2.30243 -0.879212 0)
(2.29369 -0.8541 0)
(2.31163 -0.830698 0)
(2.32906 -0.826256 0)
(2.33482 -0.830447 0)
(2.33879 -0.836538 0)
(2.34484 -0.833599 0)
(2.36008 -0.81418 0)
(2.38744 -0.789308 0)
(2.42765 -0.753369 0)
(2.47176 -0.701275 0)
(2.45597 -0.566169 0)
(2.3274 -0.257304 0)
(2.19011 0.082393 0)
(2.09766 0.304863 0)
(2.08382 0.385205 0)
(2.11118 0.395863 0)
(2.14942 0.403202 0)
(2.18885 0.413308 0)
(2.22849 0.420549 0)
(2.2674 0.426476 0)
(2.30356 0.436447 0)
(2.33502 0.449848 0)
(2.36301 0.458441 0)
(2.39148 0.454544 0)
(2.41938 0.449418 0)
(2.44559 0.448559 0)
(2.47059 0.441089 0)
(2.4908 0.434143 0)
(2.50605 0.437746 0)
(2.52474 0.433243 0)
(2.55533 0.418799 0)
(2.59211 0.416344 0)
(2.62889 0.420977 0)
(2.6586 0.425463 0)
(2.68009 0.417777 0)
(2.68614 0.397159 0)
(2.68633 0.386933 0)
(2.69433 0.391843 0)
(2.68633 0.340311 0)
(2.64953 0.232387 0)
(2.53601 0.00891427 0)
(2.39527 -0.237748 0)
(2.33423 -0.369947 0)
(2.29303 -0.416126 0)
(2.30321 -0.414155 0)
(2.32154 -0.411836 0)
(2.3339 -0.415463 0)
(2.34293 -0.420203 0)
(2.36277 -0.416213 0)
(2.38655 -0.407288 0)
(2.40986 -0.405578 0)
(2.43136 -0.407717 0)
(2.44295 -0.418106 0)
(2.45036 -0.413973 0)
(2.45823 -0.414524 0)
(2.44496 -0.377016 0)
(2.42063 -0.298813 0)
(2.35481 -0.172365 0)
(2.2438 0.0121067 0)
(2.21656 0.0901152 0)
(2.19386 0.160853 0)
(2.20886 0.168127 0)
(2.21963 0.162142 0)
(2.2366 0.150418 0)
(2.25554 0.136071 0)
(2.27813 0.137327 0)
(2.29502 0.14967 0)
(2.29936 0.154507 0)
(2.30336 0.145843 0)
(2.31344 0.137968 0)
(2.32739 0.133033 0)
(2.34155 0.130351 0)
(2.35533 0.130192 0)
(2.36893 0.132764 0)
(2.38215 0.137555 0)
(2.39286 0.144187 0)
(2.40297 0.151302 0)
(2.4123 0.155298 0)
(2.42022 0.152457 0)
(2.42731 0.144447 0)
(2.43637 0.137257 0)
(2.44952 0.133714 0)
(2.46592 0.133436 0)
(2.48138 0.134519 0)
(2.49429 0.139626 0)
(2.49641 0.142819 0)
(2.48855 0.130837 0)
(2.47423 0.104046 0)
(2.45273 0.0747548 0)
(2.39846 -0.0106507 0)
(2.35602 -0.115461 0)
(2.35785 -0.181773 0)
(2.35699 -0.216215 0)
(2.35679 -0.213588 0)
(2.36001 -0.205927 0)
(2.32317 -0.831719 0)
(2.32472 -0.83524 0)
(2.329 -0.834567 0)
(2.33223 -0.832961 0)
(2.33614 -0.834475 0)
(2.34047 -0.835817 0)
(2.35774 -0.822454 0)
(2.37656 -0.80287 0)
(2.43201 -0.750274 0)
(2.47309 -0.713163 0)
(2.53236 -0.649649 0)
(2.58011 -0.632562 0)
(2.56368 -0.507135 0)
(2.5106 -0.282024 0)
(2.31534 0.0928077 0)
(2.22048 0.319727 0)
(2.16735 0.466451 0)
(2.17407 0.494141 0)
(2.20663 0.508657 0)
(2.24485 0.510059 0)
(2.28134 0.512153 0)
(2.31449 0.524771 0)
(2.34361 0.541806 0)
(2.36947 0.550897 0)
(2.3954 0.542499 0)
(2.41871 0.530226 0)
(2.43963 0.525005 0)
(2.46142 0.5188 0)
(2.48679 0.514575 0)
(2.51437 0.52273 0)
(2.54429 0.51696 0)
(2.56895 0.501409 0)
(2.58758 0.488271 0)
(2.60407 0.484822 0)
(2.62375 0.479613 0)
(2.64616 0.468775 0)
(2.6475 0.458537 0)
(2.65589 0.426774 0)
(2.63889 0.361762 0)
(2.56606 0.207354 0)
(2.39717 -0.0908333 0)
(2.31181 -0.273248 0)
(2.25399 -0.374425 0)
(2.26301 -0.383069 0)
(2.27804 -0.379686 0)
(2.30341 -0.373786 0)
(2.32227 -0.367047 0)
(2.32517 -0.367101 0)
(2.32737 -0.369657 0)
(2.34147 -0.369628 0)
(2.36562 -0.365209 0)
(2.39079 -0.362992 0)
(2.41343 -0.363736 0)
(2.43518 -0.372166 0)
(2.45195 -0.379824 0)
(2.46678 -0.377725 0)
(2.46987 -0.372165 0)
(2.46739 -0.35623 0)
(2.45076 -0.293598 0)
(2.41019 -0.210176 0)
(2.32904 -0.0745638 0)
(2.2516 0.0643426 0)
(2.2525 0.124881 0)
(2.24286 0.164253 0)
(2.2461 0.169932 0)
(2.25873 0.16981 0)
(2.27465 0.172262 0)
(2.28746 0.180463 0)
(2.29446 0.177934 0)
(2.29722 0.163149 0)
(2.30349 0.153787 0)
(2.31866 0.154292 0)
(2.33691 0.156837 0)
(2.35501 0.158746 0)
(2.37261 0.160465 0)
(2.38892 0.164424 0)
(2.401 0.17338 0)
(2.40607 0.181966 0)
(2.40452 0.17772 0)
(2.40319 0.167353 0)
(2.41252 0.162159 0)
(2.42846 0.160136 0)
(2.44647 0.159002 0)
(2.46173 0.156596 0)
(2.47558 0.157923 0)
(2.48647 0.158803 0)
(2.48827 0.15117 0)
(2.46192 0.106385 0)
(2.4277 0.0666254 0)
(2.35423 -0.0203192 0)
(2.30556 -0.0916311 0)
(2.30466 -0.150688 0)
(2.32196 -0.200113 0)
(2.32971 -0.206707 0)
(2.33687 -0.203893 0)
(2.35516 -0.19485 0)
(2.31653 -0.841989 0)
(2.32148 -0.841094 0)
(2.33085 -0.840915 0)
(2.33726 -0.838696 0)
(2.34195 -0.836442 0)
(2.35563 -0.827161 0)
(2.38329 -0.804183 0)
(2.43994 -0.752454 0)
(2.47914 -0.714583 0)
(2.51965 -0.668552 0)
(2.58308 -0.594363 0)
(2.6506 -0.509201 0)
(2.67412 -0.481588 0)
(2.69636 -0.387979 0)
(2.65072 -0.26393 0)
(2.46487 0.104773 0)
(2.33452 0.409809 0)
(2.21945 0.607931 0)
(2.21694 0.631912 0)
(2.25339 0.627209 0)
(2.29081 0.612801 0)
(2.31795 0.606034 0)
(2.34221 0.611841 0)
(2.36481 0.616829 0)
(2.38778 0.609687 0)
(2.41162 0.603976 0)
(2.43881 0.60804 0)
(2.46802 0.607785 0)
(2.49322 0.600002 0)
(2.5069 0.59922 0)
(2.52201 0.582411 0)
(2.53992 0.562411 0)
(2.56635 0.543537 0)
(2.59391 0.544214 0)
(2.61625 0.534077 0)
(2.63498 0.53208 0)
(2.61197 0.467878 0)
(2.56873 0.348613 0)
(2.45313 0.121116 0)
(2.29674 -0.156061 0)
(2.23239 -0.292753 0)
(2.23072 -0.322491 0)
(2.24319 -0.316859 0)
(2.26578 -0.31244 0)
(2.29211 -0.313666 0)
(2.31524 -0.324612 0)
(2.32579 -0.32734 0)
(2.32855 -0.32751 0)
(2.33538 -0.330042 0)
(2.34965 -0.331357 0)
(2.37039 -0.328897 0)
(2.39338 -0.323849 0)
(2.41316 -0.322336 0)
(2.43178 -0.328226 0)
(2.45201 -0.335703 0)
(2.4756 -0.33769 0)
(2.49326 -0.336864 0)
(2.49362 -0.332504 0)
(2.48415 -0.323445 0)
(2.48074 -0.286492 0)
(2.4562 -0.238617 0)
(2.3959 -0.125255 0)
(2.3247 0.0329444 0)
(2.2947 0.150154 0)
(2.27171 0.206488 0)
(2.26616 0.212135 0)
(2.26875 0.209716 0)
(2.27913 0.208248 0)
(2.29044 0.204464 0)
(2.29709 0.19222 0)
(2.30244 0.182584 0)
(2.31797 0.183744 0)
(2.33874 0.18636 0)
(2.35718 0.188587 0)
(2.37555 0.190531 0)
(2.39366 0.19383 0)
(2.40977 0.198465 0)
(2.41549 0.20332 0)
(2.40147 0.198816 0)
(2.39387 0.191397 0)
(2.40725 0.187866 0)
(2.42554 0.187466 0)
(2.44149 0.184441 0)
(2.45576 0.181472 0)
(2.473 0.177486 0)
(2.47344 0.156836 0)
(2.4477 0.0987189 0)
(2.40992 0.029576 0)
(2.33818 -0.048902 0)
(2.28218 -0.0979704 0)
(2.26583 -0.128304 0)
(2.28711 -0.153413 0)
(2.31074 -0.178077 0)
(2.32387 -0.177841 0)
(2.3372 -0.174705 0)
(2.35711 -0.174369 0)
(2.32896 -0.840264 0)
(2.33384 -0.84072 0)
(2.3414 -0.839337 0)
(2.34562 -0.83693 0)
(2.35875 -0.829772 0)
(2.39084 -0.805402 0)
(2.44245 -0.754916 0)
(2.48114 -0.721545 0)
(2.52884 -0.666338 0)
(2.61102 -0.563868 0)
(2.65299 -0.49137 0)
(2.68495 -0.478722 0)
(2.70066 -0.437377 0)
(2.77112 -0.348508 0)
(2.79779 -0.265238 0)
(2.7746 -0.128888 0)
(2.6591 0.140904 0)
(2.42933 0.497791 0)
(2.29719 0.666015 0)
(2.26775 0.724158 0)
(2.28857 0.721189 0)
(2.32265 0.709014 0)
(2.3578 0.705919 0)
(2.38463 0.706722 0)
(2.40294 0.694324 0)
(2.4172 0.678313 0)
(2.43244 0.674721 0)
(2.45363 0.66829 0)
(2.47357 0.663202 0)
(2.48692 0.659229 0)
(2.51449 0.639297 0)
(2.54693 0.604107 0)
(2.56855 0.589144 0)
(2.57937 0.589429 0)
(2.5974 0.56837 0)
(2.57536 0.499171 0)
(2.47726 0.303423 0)
(2.31412 -0.00350492 0)
(2.23267 -0.18576 0)
(2.1742 -0.308838 0)
(2.18238 -0.312936 0)
(2.20663 -0.302281 0)
(2.23992 -0.279788 0)
(2.267 -0.265127 0)
(2.28916 -0.270154 0)
(2.3049 -0.283774 0)
(2.31645 -0.292695 0)
(2.33185 -0.297202 0)
(2.34757 -0.298221 0)
(2.36234 -0.296926 0)
(2.3775 -0.293654 0)
(2.39524 -0.285393 0)
(2.41337 -0.279692 0)
(2.43195 -0.282033 0)
(2.45 -0.288059 0)
(2.47182 -0.290345 0)
(2.49539 -0.292594 0)
(2.50856 -0.291039 0)
(2.50171 -0.292521 0)
(2.49255 -0.287287 0)
(2.50702 -0.271276 0)
(2.50167 -0.241558 0)
(2.47102 -0.163754 0)
(2.39236 0.00351685 0)
(2.37418 0.103115 0)
(2.32461 0.186089 0)
(2.30146 0.212299 0)
(2.29113 0.212835 0)
(2.29211 0.225283 0)
(2.29903 0.22564 0)
(2.31049 0.220013 0)
(2.32616 0.217012 0)
(2.34522 0.217634 0)
(2.36491 0.217132 0)
(2.3842 0.21775 0)
(2.40283 0.21955 0)
(2.41842 0.22028 0)
(2.41974 0.219461 0)
(2.39922 0.220458 0)
(2.39565 0.220157 0)
(2.41108 0.219163 0)
(2.42923 0.218017 0)
(2.44023 0.21239 0)
(2.45346 0.199406 0)
(2.45407 0.163992 0)
(2.42323 0.0819749 0)
(2.38116 -0.0253292 0)
(2.32825 -0.103486 0)
(2.27583 -0.138244 0)
(2.26377 -0.137588 0)
(2.26338 -0.143711 0)
(2.28667 -0.148391 0)
(2.30308 -0.149777 0)
(2.319 -0.148985 0)
(2.3351 -0.145817 0)
(2.36192 -0.149395 0)
(2.34254 -0.837694 0)
(2.34642 -0.841982 0)
(2.35194 -0.840397 0)
(2.36162 -0.834985 0)
(2.39266 -0.809532 0)
(2.43742 -0.767143 0)
(2.47803 -0.725141 0)
(2.56327 -0.639042 0)
(2.63505 -0.53625 0)
(2.66189 -0.499379 0)
(2.68453 -0.485133 0)
(2.7582 -0.403187 0)
(2.82843 -0.267185 0)
(2.83671 -0.206645 0)
(2.85348 -0.22246 0)
(2.88801 -0.163248 0)
(2.86422 -0.0681613 0)
(2.77515 0.143565 0)
(2.51274 0.534168 0)
(2.37962 0.737016 0)
(2.27722 0.818186 0)
(2.29779 0.812199 0)
(2.33801 0.791073 0)
(2.36886 0.777472 0)
(2.38962 0.75783 0)
(2.40444 0.734371 0)
(2.41286 0.730737 0)
(2.43274 0.720407 0)
(2.45286 0.714666 0)
(2.47804 0.699002 0)
(2.4972 0.680511 0)
(2.52017 0.641012 0)
(2.54181 0.635549 0)
(2.53898 0.594948 0)
(2.49539 0.471316 0)
(2.37372 0.220925 0)
(2.21559 -0.0761926 0)
(2.1626 -0.200976 0)
(2.15815 -0.248572 0)
(2.17366 -0.251084 0)
(2.19507 -0.24858 0)
(2.22428 -0.24261 0)
(2.25855 -0.234124 0)
(2.28346 -0.22956 0)
(2.29638 -0.23634 0)
(2.30252 -0.24997 0)
(2.31703 -0.256976 0)
(2.33921 -0.256981 0)
(2.3612 -0.256331 0)
(2.3799 -0.25703 0)
(2.39541 -0.257414 0)
(2.41095 -0.250119 0)
(2.42627 -0.240697 0)
(2.44188 -0.240204 0)
(2.46316 -0.250634 0)
(2.48264 -0.258008 0)
(2.50471 -0.260178 0)
(2.52128 -0.255416 0)
(2.52422 -0.261345 0)
(2.51166 -0.2621 0)
(2.51722 -0.247623 0)
(2.5325 -0.243073 0)
(2.54071 -0.225083 0)
(2.52632 -0.169451 0)
(2.49089 -0.0607224 0)
(2.40962 0.102293 0)
(2.3611 0.204962 0)
(2.3166 0.232999 0)
(2.29635 0.254365 0)
(2.29313 0.263372 0)
(2.31153 0.261096 0)
(2.32814 0.256507 0)
(2.34977 0.250458 0)
(2.36987 0.246341 0)
(2.38801 0.245093 0)
(2.40515 0.242412 0)
(2.41965 0.23997 0)
(2.42079 0.241142 0)
(2.39937 0.245728 0)
(2.39901 0.248481 0)
(2.4097 0.24782 0)
(2.41871 0.239964 0)
(2.42732 0.219727 0)
(2.41885 0.17443 0)
(2.38289 0.0753603 0)
(2.33837 -0.0483782 0)
(2.32473 -0.120397 0)
(2.28595 -0.124929 0)
(2.27971 -0.118292 0)
(2.27746 -0.114943 0)
(2.28062 -0.129158 0)
(2.28906 -0.132161 0)
(2.30264 -0.127198 0)
(2.31801 -0.123213 0)
(2.33342 -0.121557 0)
(2.35838 -0.123524 0)
(2.34658 -0.849 0)
(2.35408 -0.846967 0)
(2.35981 -0.841394 0)
(2.38706 -0.816852 0)
(2.42435 -0.783307 0)
(2.50067 -0.708633 0)
(2.58545 -0.602929 0)
(2.61949 -0.570645 0)
(2.65631 -0.507459 0)
(2.74846 -0.379136 0)
(2.80231 -0.327953 0)
(2.83767 -0.275488 0)
(2.85941 -0.162041 0)
(2.86801 -0.135752 0)
(2.88977 -0.118677 0)
(2.93407 -0.0358636 0)
(2.92381 0.038376 0)
(2.91908 0.0816871 0)
(2.86071 0.194651 0)
(2.58841 0.564906 0)
(2.4221 0.790809 0)
(2.30323 0.856692 0)
(2.31998 0.851349 0)
(2.35209 0.837725 0)
(2.37527 0.81299 0)
(2.39053 0.783458 0)
(2.40252 0.770531 0)
(2.43018 0.751114 0)
(2.45001 0.739625 0)
(2.46812 0.730315 0)
(2.48374 0.713619 0)
(2.49591 0.669109 0)
(2.48245 0.592452 0)
(2.39423 0.399382 0)
(2.24802 0.0956577 0)
(2.14663 -0.114187 0)
(2.10758 -0.237934 0)
(2.11781 -0.239 0)
(2.14635 -0.226609 0)
(2.18061 -0.200184 0)
(2.21016 -0.193708 0)
(2.24185 -0.197772 0)
(2.26822 -0.195836 0)
(2.28557 -0.193874 0)
(2.29436 -0.206567 0)
(2.30264 -0.221185 0)
(2.32331 -0.222901 0)
(2.35086 -0.216374 0)
(2.37606 -0.21168 0)
(2.39797 -0.213929 0)
(2.41564 -0.219495 0)
(2.42917 -0.217305 0)
(2.44169 -0.208502 0)
(2.45479 -0.202942 0)
(2.46906 -0.207378 0)
(2.48259 -0.219782 0)
(2.49492 -0.227017 0)
(2.50439 -0.222946 0)
(2.50997 -0.217543 0)
(2.51793 -0.221903 0)
(2.53378 -0.220758 0)
(2.54293 -0.2143 0)
(2.56315 -0.205291 0)
(2.57093 -0.195738 0)
(2.57253 -0.16654 0)
(2.5354 -0.0780297 0)
(2.46811 0.0573717 0)
(2.41143 0.14815 0)
(2.3343 0.227164 0)
(2.31483 0.279517 0)
(2.32452 0.284364 0)
(2.33675 0.287844 0)
(2.35826 0.286746 0)
(2.38286 0.282184 0)
(2.4034 0.278641 0)
(2.41961 0.272479 0)
(2.43058 0.268646 0)
(2.42625 0.269993 0)
(2.40632 0.273836 0)
(2.40834 0.270547 0)
(2.40949 0.264195 0)
(2.40278 0.234513 0)
(2.37658 0.172942 0)
(2.32254 0.061422 0)
(2.30561 -0.0300506 0)
(2.28994 -0.116745 0)
(2.27715 -0.142261 0)
(2.2757 -0.138571 0)
(2.2791 -0.129267 0)
(2.28629 -0.12379 0)
(2.29396 -0.120632 0)
(2.29846 -0.109064 0)
(2.31047 -0.0980871 0)
(2.32815 -0.0946338 0)
(2.34312 -0.0947953 0)
(2.3662 -0.100247 0)
(2.35324 -0.853206 0)
(2.35823 -0.846422 0)
(2.38348 -0.820856 0)
(2.42545 -0.779599 0)
(2.5048 -0.699553 0)
(2.59184 -0.59276 0)
(2.63847 -0.553482 0)
(2.68737 -0.463937 0)
(2.7712 -0.306006 0)
(2.81053 -0.257139 0)
(2.82961 -0.28088 0)
(2.85905 -0.179525 0)
(2.87072 -0.0498046 0)
(2.89207 -0.0493055 0)
(2.89637 -0.0652431 0)
(2.90448 0.00329147 0)
(2.90361 0.033139 0)
(2.92425 0.0343724 0)
(2.9255 0.0445823 0)
(2.85058 0.17176 0)
(2.64512 0.512882 0)
(2.4782 0.743789 0)
(2.3215 0.861305 0)
(2.32137 0.867152 0)
(2.34742 0.847447 0)
(2.36912 0.808168 0)
(2.39104 0.771464 0)
(2.42307 0.742189 0)
(2.44293 0.726684 0)
(2.46219 0.731591 0)
(2.4511 0.677507 0)
(2.41871 0.556837 0)
(2.28693 0.284445 0)
(2.14625 0.00264741 0)
(2.09993 -0.121771 0)
(2.09691 -0.161714 0)
(2.11242 -0.171261 0)
(2.13603 -0.176807 0)
(2.16824 -0.158513 0)
(2.19846 -0.147424 0)
(2.2289 -0.155286 0)
(2.25326 -0.161471 0)
(2.2687 -0.162076 0)
(2.27852 -0.167865 0)
(2.29382 -0.182723 0)
(2.3096 -0.191618 0)
(2.32667 -0.185997 0)
(2.34526 -0.174026 0)
(2.36432 -0.165267 0)
(2.38599 -0.165589 0)
(2.40686 -0.171399 0)
(2.42413 -0.172307 0)
(2.43619 -0.165746 0)
(2.44763 -0.162645 0)
(2.4648 -0.168635 0)
(2.47986 -0.181537 0)
(2.48993 -0.189736 0)
(2.50024 -0.188922 0)
(2.50992 -0.183872 0)
(2.51694 -0.178455 0)
(2.52368 -0.171587 0)
(2.53879 -0.172151 0)
(2.55888 -0.163335 0)
(2.57674 -0.162294 0)
(2.59167 -0.168147 0)
(2.58301 -0.146715 0)
(2.55988 -0.0879115 0)
(2.51367 0.00252719 0)
(2.42804 0.126123 0)
(2.37064 0.234496 0)
(2.34833 0.305485 0)
(2.3496 0.332589 0)
(2.35849 0.333836 0)
(2.37664 0.326784 0)
(2.39609 0.315944 0)
(2.41229 0.303697 0)
(2.4194 0.291126 0)
(2.41756 0.299525 0)
(2.41584 0.278174 0)
(2.40857 0.260437 0)
(2.38753 0.214381 0)
(2.35433 0.137403 0)
(2.29397 0.0439168 0)
(2.26701 -0.0160047 0)
(2.26445 -0.0638778 0)
(2.26883 -0.0983494 0)
(2.27231 -0.106423 0)
(2.28511 -0.106047 0)
(2.29412 -0.10774 0)
(2.30244 -0.110846 0)
(2.31086 -0.103175 0)
(2.3153 -0.0903606 0)
(2.31781 -0.0761661 0)
(2.33129 -0.0699809 0)
(2.34401 -0.0718193 0)
(2.36628 -0.0770548 0)
(2.35587 -0.847503 0)
(2.37771 -0.826546 0)
(2.42833 -0.77812 0)
(2.50811 -0.69167 0)
(2.59636 -0.575979 0)
(2.65985 -0.508355 0)
(2.73908 -0.394628 0)
(2.79193 -0.230343 0)
(2.80078 -0.189603 0)
(2.83286 -0.170857 0)
(2.90268 -0.0430815 0)
(2.88128 0.0548887 0)
(2.87499 0.0487638 0)
(2.89868 0.0455001 0)
(2.91986 0.0679715 0)
(2.91379 0.0968985 0)
(2.91132 0.107224 0)
(2.92244 0.0930273 0)
(2.92475 0.0690404 0)
(2.91838 0.0612275 0)
(2.8574 0.140053 0)
(2.70801 0.402377 0)
(2.41551 0.727499 0)
(2.32679 0.841295 0)
(2.32398 0.817391 0)
(2.35179 0.791051 0)
(2.37252 0.775415 0)
(2.40762 0.748148 0)
(2.42745 0.727158 0)
(2.42151 0.669747 0)
(2.36729 0.484471 0)
(2.19438 0.157025 0)
(2.07552 -0.0417417 0)
(2.04037 -0.151846 0)
(2.05132 -0.151318 0)
(2.08819 -0.141919 0)
(2.12576 -0.122221 0)
(2.15657 -0.118585 0)
(2.18506 -0.111596 0)
(2.21143 -0.10704 0)
(2.23596 -0.115418 0)
(2.24953 -0.126574 0)
(2.25917 -0.132193 0)
(2.27344 -0.138734 0)
(2.28941 -0.145819 0)
(2.30729 -0.15037 0)
(2.33022 -0.148829 0)
(2.35578 -0.140045 0)
(2.37668 -0.129496 0)
(2.39454 -0.12698 0)
(2.41287 -0.131423 0)
(2.42972 -0.132384 0)
(2.44242 -0.126712 0)
(2.44895 -0.125753 0)
(2.45553 -0.137302 0)
(2.46763 -0.150724 0)
(2.48081 -0.154325 0)
(2.49573 -0.150456 0)
(2.51247 -0.146763 0)
(2.52782 -0.142904 0)
(2.53839 -0.132913 0)
(2.54711 -0.126148 0)
(2.56248 -0.12521 0)
(2.58228 -0.125752 0)
(2.59698 -0.130596 0)
(2.58853 -0.139778 0)
(2.59167 -0.123451 0)
(2.58406 -0.0982979 0)
(2.5531 -0.032971 0)
(2.46869 0.11818 0)
(2.42024 0.239486 0)
(2.39973 0.30795 0)
(2.38461 0.348011 0)
(2.37752 0.353718 0)
(2.38378 0.352004 0)
(2.39387 0.335571 0)
(2.40433 0.315122 0)
(2.40394 0.290325 0)
(2.39449 0.245932 0)
(2.36841 0.168082 0)
(2.33288 0.062798 0)
(2.30479 0.00313346 0)
(2.25027 -0.0440154 0)
(2.23156 -0.0689274 0)
(2.24191 -0.079883 0)
(2.25422 -0.0820101 0)
(2.26937 -0.0750359 0)
(2.28306 -0.0682282 0)
(2.30126 -0.0758853 0)
(2.31504 -0.0871252 0)
(2.32577 -0.0847155 0)
(2.33032 -0.0707616 0)
(2.32929 -0.0563459 0)
(2.3371 -0.0489013 0)
(2.34969 -0.0525138 0)
(2.3703 -0.0609622 0)
(2.3666 -0.83266 0)
(2.42672 -0.781303 0)
(2.50308 -0.702255 0)
(2.62352 -0.539874 0)
(2.69938 -0.42476 0)
(2.72643 -0.395715 0)
(2.77723 -0.248577 0)
(2.80427 -0.124176 0)
(2.82435 -0.131164 0)
(2.84009 -0.103493 0)
(2.86639 -0.0110636 0)
(2.87348 0.0422625 0)
(2.89421 0.0425567 0)
(2.90757 0.0396165 0)
(2.90881 0.0486824 0)
(2.91338 0.0799955 0)
(2.91783 0.0876172 0)
(2.91597 0.0757763 0)
(2.91697 0.0462066 0)
(2.91351 0.0341718 0)
(2.90965 0.0183691 0)
(2.87034 0.0841218 0)
(2.74056 0.303879 0)
(2.41237 0.686167 0)
(2.34309 0.747155 0)
(2.34924 0.770895 0)
(2.36213 0.763155 0)
(2.37175 0.735287 0)
(2.36573 0.650529 0)
(2.29007 0.401186 0)
(2.17348 0.11993 0)
(2.02183 -0.0578627 0)
(1.99446 -0.074303 0)
(2.01322 -0.0784315 0)
(2.05967 -0.0860462 0)
(2.0984 -0.0825252 0)
(2.1256 -0.0728155 0)
(2.14745 -0.0723049 0)
(2.16772 -0.0730292 0)
(2.18848 -0.0772764 0)
(2.20726 -0.0903969 0)
(2.22156 -0.103546 0)
(2.23627 -0.104462 0)
(2.25571 -0.10164 0)
(2.28055 -0.104297 0)
(2.30672 -0.108071 0)
(2.33127 -0.104207 0)
(2.35249 -0.092326 0)
(2.3706 -0.0832545 0)
(2.38575 -0.0859382 0)
(2.39633 -0.093026 0)
(2.40658 -0.0962263 0)
(2.41818 -0.09426 0)
(2.42995 -0.0941646 0)
(2.44557 -0.10282 0)
(2.46091 -0.112623 0)
(2.47675 -0.114149 0)
(2.4949 -0.107531 0)
(2.51316 -0.0988804 0)
(2.53065 -0.0897339 0)
(2.54313 -0.0797602 0)
(2.54572 -0.0777796 0)
(2.54435 -0.0833501 0)
(2.55555 -0.0905987 0)
(2.57062 -0.0980653 0)
(2.5783 -0.107912 0)
(2.59722 -0.103635 0)
(2.60582 -0.0987612 0)
(2.60846 -0.0819343 0)
(2.59207 -0.0226742 0)
(2.52741 0.114322 0)
(2.48971 0.227342 0)
(2.41952 0.345139 0)
(2.37229 0.383329 0)
(2.37353 0.378232 0)
(2.37236 0.352991 0)
(2.3705 0.309433 0)
(2.35539 0.249222 0)
(2.3203 0.143555 0)
(2.30178 0.0467878 0)
(2.28934 -0.024826 0)
(2.24665 -0.0270452 0)
(2.23696 -0.0228368 0)
(2.23469 -0.0387416 0)
(2.24192 -0.0533188 0)
(2.24013 -0.0596768 0)
(2.25342 -0.0545788 0)
(2.2685 -0.0494766 0)
(2.28739 -0.0530168 0)
(2.30225 -0.0584675 0)
(2.31436 -0.0553416 0)
(2.32812 -0.0492364 0)
(2.33987 -0.0416477 0)
(2.34172 -0.0289196 0)
(2.34387 -0.0313294 0)
(2.35587 -0.0419135 0)
(2.44596 -0.790038 0)
(2.58677 -0.664174 0)
(2.71269 -0.472729 0)
(2.79887 -0.281269 0)
(2.85375 -0.158306 0)
(2.90031 -0.0222715 0)
(2.93564 0.099946 0)
(2.95308 0.178827 0)
(2.99188 0.158883 0)
(2.97267 0.137498 0)
(2.94535 0.152906 0)
(2.96745 0.133029 0)
(2.9653 0.0797805 0)
(2.96652 0.0455574 0)
(2.95108 0.03568 0)
(2.94111 0.0391197 0)
(2.9383 0.0328225 0)
(2.93174 0.0211485 0)
(2.92785 -0.00150001 0)
(2.91931 -0.00992357 0)
(2.92481 -0.0215236 0)
(2.93035 -0.0157227 0)
(2.9203 0.0276847 0)
(2.71543 0.310343 0)
(2.55091 0.535734 0)
(2.37756 0.769639 0)
(2.3002 0.721493 0)
(2.20562 0.521056 0)
(2.07815 0.205052 0)
(1.9312 -0.0444152 0)
(1.87387 -0.146267 0)
(1.89584 -0.13007 0)
(1.95445 -0.088557 0)
(2.00867 -0.0439288 0)
(2.04616 -0.028694 0)
(2.08359 -0.0331635 0)
(2.11705 -0.0367923 0)
(2.14493 -0.0393962 0)
(2.16706 -0.0392859 0)
(2.18526 -0.0392345 0)
(2.20125 -0.0472593 0)
(2.21576 -0.0596687 0)
(2.2333 -0.0643897 0)
(2.25704 -0.0618227 0)
(2.28514 -0.0600341 0)
(2.31333 -0.060017 0)
(2.3392 -0.0580335 0)
(2.36223 -0.0539885 0)
(2.38104 -0.0505432 0)
(2.39318 -0.0490302 0)
(2.40022 -0.0463758 0)
(2.40497 -0.0440742 0)
(2.41283 -0.047733 0)
(2.42775 -0.0575203 0)
(2.44543 -0.0669658 0)
(2.46247 -0.0715278 0)
(2.48222 -0.0679763 0)
(2.50294 -0.0618068 0)
(2.52491 -0.0562041 0)
(2.54564 -0.0518555 0)
(2.55972 -0.0472252 0)
(2.55961 -0.0402442 0)
(2.54538 -0.0327 0)
(2.54631 -0.0413331 0)
(2.56382 -0.0556736 0)
(2.57876 -0.0688553 0)
(2.59654 -0.0712637 0)
(2.61419 -0.0672566 0)
(2.63548 -0.056028 0)
(2.64618 -0.0400197 0)
(2.63139 0.00657821 0)
(2.58304 0.114944 0)
(2.52444 0.220025 0)
(2.44513 0.316076 0)
(2.39096 0.338488 0)
(2.33364 0.302123 0)
(2.26544 0.205403 0)
(2.24128 0.106144 0)
(2.21633 -0.00625446 0)
(2.2005 -0.0790978 0)
(2.18597 -0.0775531 0)
(2.19383 -0.0542774 0)
(2.20986 -0.0321771 0)
(2.22676 -0.0330146 0)
(2.23078 -0.0330344 0)
(2.22826 -0.028613 0)
(2.24342 -0.0234072 0)
(2.26247 -0.0230479 0)
(2.28161 -0.0257822 0)
(2.29729 -0.0310273 0)
(2.31062 -0.030613 0)
(2.32628 -0.0263807 0)
(2.34154 -0.0208812 0)
(2.3477 -0.0149019 0)
(2.33938 -0.0110916 0)
(2.33925 -0.0228462 0)
(2.42389 -0.83031 0)
(2.52383 -0.791088 0)
(2.66683 -0.716577 0)
(2.76698 -0.691422 0)
(2.84766 -0.532608 0)
(2.88007 -0.357852 0)
(2.97427 -0.253114 0)
(2.99462 -0.081226 0)
(3.02493 -0.00897238 0)
(3.01774 0.0305073 0)
(2.98406 0.0603538 0)
(2.97076 0.0594606 0)
(2.97665 0.0578305 0)
(2.9832 0.0460096 0)
(2.97556 0.0409892 0)
(2.97032 0.0427742 0)
(2.9698 0.0406091 0)
(2.9606 0.0282028 0)
(2.94921 0.0189414 0)
(2.93563 0.0131135 0)
(2.93935 0.00679432 0)
(2.95068 -0.00192386 0)
(2.95165 0.000806995 0)
(2.91966 0.0303693 0)
(2.76907 0.152665 0)
(2.45667 0.373865 0)
(2.21711 0.404552 0)
(2.02649 0.425304 0)
(1.88984 0.255619 0)
(1.82015 0.11523 0)
(1.84535 0.00989228 0)
(1.91957 -0.0324264 0)
(1.97836 -0.03025 0)
(2.01111 -0.0222924 0)
(2.03843 -0.0249167 0)
(2.06411 -0.0248853 0)
(2.09371 -0.024361 0)
(2.1217 -0.0229046 0)
(2.14361 -0.02097 0)
(2.16075 -0.0209772 0)
(2.17484 -0.0245952 0)
(2.18872 -0.0284633 0)
(2.21167 -0.0287856 0)
(2.24166 -0.02763 0)
(2.27218 -0.0279339 0)
(2.29997 -0.029262 0)
(2.32339 -0.0288466 0)
(2.34354 -0.0260094 0)
(2.36049 -0.023571 0)
(2.37212 -0.0253938 0)
(2.3763 -0.0284792 0)
(2.37809 -0.0289068 0)
(2.38754 -0.0282168 0)
(2.40613 -0.0306634 0)
(2.42539 -0.0333934 0)
(2.44543 -0.032991 0)
(2.46682 -0.0308359 0)
(2.48888 -0.0286546 0)
(2.51171 -0.0265763 0)
(2.53115 -0.0250943 0)
(2.54194 -0.0242722 0)
(2.53941 -0.0248459 0)
(2.52497 -0.0278845 0)
(2.52262 -0.0320778 0)
(2.53958 -0.033361 0)
(2.55843 -0.0348018 0)
(2.5798 -0.0343668 0)
(2.59941 -0.0315698 0)
(2.62315 -0.0284301 0)
(2.64607 -0.0289547 0)
(2.66002 -0.0281762 0)
(2.6223 0.00608131 0)
(2.57598 0.0420122 0)
(2.48203 0.0971401 0)
(2.35555 0.136437 0)
(2.25415 0.12334 0)
(2.1944 0.15186 0)
(2.18611 0.150781 0)
(2.17495 0.0690307 0)
(2.17129 0.0128095 0)
(2.16966 -0.0110625 0)
(2.18861 -0.0125503 0)
(2.2191 -0.0107978 0)
(2.2304 -0.0131498 0)
(2.21847 -0.0186827 0)
(2.21043 -0.0197346 0)
(2.22686 -0.0179201 0)
(2.24574 -0.0156991 0)
(2.26674 -0.0143967 0)
(2.28504 -0.0156593 0)
(2.29987 -0.0151973 0)
(2.31567 -0.0134614 0)
(2.33074 -0.0113223 0)
(2.33647 -0.0101146 0)
(2.3258 -0.0148118 0)
(2.32238 -0.0178459 0)
)
;

boundaryField
{
    inlet
    {
        type            fixedValue;
        value           uniform (3 0 0);
    }
    outlet
    {
        type            inletOutlet;
        inletValue      uniform (3 0 0);
        value           nonuniform List<vector> 
32
(
(2.35437 0.0140888 0)
(2.36196 0.0274011 0)
(2.35863 0.046333 0)
(2.36878 0.071748 0)
(2.36253 0.0909317 0)
(2.35794 0.112808 0)
(2.345 0.127565 0)
(2.33437 0.146572 0)
(2.32805 0.169255 0)
(2.32838 0.189854 0)
(2.33556 0.209262 0)
(2.3543 0.224399 0)
(2.3889 0.219864 0)
(2.45295 0.177211 0)
(2.53374 0.0816223 0)
(2.57182 0.0102615 0)
(2.56398 -0.00955553 0)
(2.5219 -0.0699129 0)
(2.45364 -0.160258 0)
(2.39695 -0.209129 0)
(2.37063 -0.225786 0)
(2.36001 -0.205927 0)
(2.35516 -0.19485 0)
(2.35711 -0.174369 0)
(2.36192 -0.149395 0)
(2.35838 -0.123524 0)
(2.3662 -0.100247 0)
(2.36628 -0.0770548 0)
(2.3703 -0.0609622 0)
(2.35587 -0.0419135 0)
(2.33925 -0.0228462 0)
(2.32238 -0.0178459 0)
)
;
    }
    bottom
    {
        type            symmetryPlane;
    }
    top
    {
        type            symmetryPlane;
    }
    obstacle
    {
        type            slip;
    }
    defaultFaces
    {
        type            empty;
    }
}


// ************************************************************************* //
